#Insight Transform File V1.0
#Transform 0
Transform: MatrixOffsetTransformBase_double_3_3
Parameters: 0.9999996087410156 -0.0005989041707412868 -0.00018133865305845737 0.0005976877298190748 0.9999962109740286 -0.0027261099471330708 0.00018362542758787754 0.0027258915644078896 0.9999965355818528 0.007088140077684102 -0.5567912314457288 0.002911959551624932
FixedParameters: 0 0 0
#Transform 1
Transform: MatrixOffsetTransformBase_double_3_3
Parameters: 0.9999997611564891 -0.0004882816332748117 0.000022607736386822853 0.0004881402367372614 0.999998507246166 -0.0018039903174575933 -0.000021821414161535725 0.0018040119918469044 0.9999987450686617 0.029933969895225232 -0.5472951788673868 0.046610589750883946
FixedParameters: 0 0 0
#Transform 2
Transform: MatrixOffsetTransformBase_double_3_3
Parameters: 0.9999999528451178 -0.0009916522733823456 -0.0002544553463043176 0.0009899590073971253 0.9999928870136161 -0.003483251458759634 0.0002572351775691582 0.0034827444389437523 0.9999938031879781 0.01568810294449463 -0.6101780096666971 -0.05552354887100819
FixedParameters: 0 0 0
#Transform 3
Transform: MatrixOffsetTransformBase_double_3_3
Parameters: 0.9999986848706572 -0.0009155405512732268 -0.001214957547294616 0.0009093259099670107 0.999984374592716 -0.005482943023182085 0.001220264630271774 0.00548205489595141 0.9999841941903461 0.017761695014044676 -0.9468589361028563 -0.28221700021515517
FixedParameters: 0 0 0
#Transform 4
Transform: MatrixOffsetTransformBase_double_3_3
Parameters: 0.9999989004554162 -0.0017588798372729717 0.00007580591882778813 0.0017591897165638666 0.9999938948755935 -0.003029137302846735 -0.00007024517285503923 0.0030298639331023114 0.9999956497792731 0.08200672205519766 -0.7216624324994854 0.026734104299833916
FixedParameters: 0 0 0
#Transform 5
Transform: MatrixOffsetTransformBase_double_3_3
Parameters: 0.999997909248967 -0.0021531321249741112 0.0006743513684162516 0.0021567478249322927 0.9999818215881655 -0.005586944151734191 -0.0006627250713578941 0.005588059438648096 0.9999846467615523 0.1809238651481735 -0.9265841999336999 -0.37832213071263254
FixedParameters: 0 0 0
#Transform 6
Transform: MatrixOffsetTransformBase_double_3_3
Parameters: 0.9999960779600966 -0.0025585168337490427 -0.0006131410160205035 0.002556315161013769 0.9999907280021315 -0.0035051597685072933 0.0006223786689463588 0.0035038413092849663 0.9999937867956173 0.05357723865479613 -0.7405772367875869 -0.11229904914549138
FixedParameters: 0 0 0
#Transform 7
Transform: MatrixOffsetTransformBase_double_3_3
Parameters: 0.9999956403005982 -0.0028366177202300167 -0.0005581989922704461 0.0028345792778280204 0.9999850185616685 -0.004631394141383194 0.0005714286052750009 0.0046296001469688375 0.9999887383855707 0.1291246817286691 -0.9681670036966921 -0.02144273319956369
FixedParameters: 0 0 0
#Transform 8
Transform: MatrixOffsetTransformBase_double_3_3
Parameters: 0.9999923017884055 -0.0038167440563688882 0.00036128557805949397 0.003818112167532782 0.9999855309079438 -0.003870262077841885 -0.00034680111942554475 0.0038717441985373913 0.9999928013518786 0.2649747980626671 -0.8584099969821466 0.01188419789050954
FixedParameters: 0 0 0
#Transform 9
Transform: MatrixOffsetTransformBase_double_3_3
Parameters: 0.9999938877470697 -0.0034761190063668512 -0.00017351454393648585 0.0034751357294244686 0.999988187831546 -0.003483854384712548 0.000185362987624259 0.003483152087674468 0.9999944302017103 0.2023196215444898 -0.7766093891148529 -0.0013666894287780451
FixedParameters: 0 0 0
#Transform 10
Transform: MatrixOffsetTransformBase_double_3_3
Parameters: 0.9999948300213156 -0.0033417633224688353 -0.00006456350691507384 0.0033410836690316295 0.9999903302907056 -0.002984461374487185 0.00007431400187244852 0.0029845423652888614 0.9999956851495626 0.1595527747735872 -0.71695910785904 0.020392992015246136
FixedParameters: 0 0 0
#Transform 11
Transform: MatrixOffsetTransformBase_double_3_3
Parameters: 0.9999948620118442 -0.003316052023748417 0.00037656460769553877 0.0033171706292721673 0.9999906473182067 -0.0028761126935194226 -0.00036648191594507824 0.0028768863905986874 0.9999956661114768 0.1922885151162177 -0.6856569511353996 0.018197994700585696
FixedParameters: 0 0 0
#Transform 12
Transform: MatrixOffsetTransformBase_double_3_3
Parameters: 0.9999945287101949 -0.003195956556920363 -0.0005059258674212442 0.0031949452042895365 0.9999910640832178 -0.0028606444987056 0.0005145382322931295 0.0028583607679414924 0.9999961110555095 0.12624016043793063 -0.6127447190387159 -0.05959153745862977
FixedParameters: 0 0 0
#Transform 13
Transform: MatrixOffsetTransformBase_double_3_3
Parameters: 0.9999938831704154 -0.0035948422605007542 0.0004400569321055729 0.0035961627463702676 0.9999897604171979 -0.0026887810316666982 -0.00042971448472804854 0.0026902176051281923 0.9999966558627553 0.1819507932395794 -0.6794873548102345 0.017625105585892697
FixedParameters: 0 0 0
#Transform 14
Transform: MatrixOffsetTransformBase_double_3_3
Parameters: 0.9999935675989112 -0.0035049034797084875 -0.00038831834138364826 0.0035028300168555198 0.9999887725672413 -0.00325165768843938 0.00039970935902994563 0.003250343395991284 0.9999946569045862 0.14599441497713883 -0.6601326175768207 -0.10189747340081112
FixedParameters: 0 0 0
#Transform 15
Transform: MatrixOffsetTransformBase_double_3_3
Parameters: 0.9999921945777719 -0.0038470398804993076 0.00006452695166167522 0.0038476913832431463 0.9999815949474635 -0.0046804444897219355 -0.0000459751237122713 0.004680550493592922 0.9999887850910648 0.1958570447003325 -0.9411759876105066 -0.22432854295541915
FixedParameters: 0 0 0
#Transform 16
Transform: MatrixOffsetTransformBase_double_3_3
Parameters: 0.9999936305279257 -0.003656291123010847 -0.00001643740513371456 0.0036564072706369707 0.9999877654709902 -0.0033495263379033358 0.000028565032405381044 0.00334947474640368 0.9999944266147762 0.1603993722565633 -0.7820101902634775 -0.02765814386970078
FixedParameters: 0 0 0
#Transform 17
Transform: MatrixOffsetTransformBase_double_3_3
Parameters: 0.9999906669041508 -0.004268778327258822 0.0003286091638686878 0.004270682428145874 0.9999832043452485 -0.003943676433008442 -0.00031119623465049377 0.003944323109472514 0.9999923520254081 0.23848067269108242 -0.8910274697182246 -0.1930623569811587
FixedParameters: 0 0 0
#Transform 18
Transform: MatrixOffsetTransformBase_double_3_3
Parameters: 0.9999898971509422 -0.0045935806361047625 0.000010240696642497714 0.00459394946292968 0.9999830571829028 -0.0036353489482946477 0.00000666771357998885 0.003634651796966787 0.9999934132887084 0.23363284794625372 -0.9443742015429564 -0.08881232252778659
FixedParameters: 0 0 0
#Transform 19
Transform: MatrixOffsetTransformBase_double_3_3
Parameters: 0.9999909457181814 -0.004237111559299544 0.00031473557232010734 0.0042383480479625864 0.9999883648554838 -0.0024247797958299455 -0.0003043727735554791 0.002426220132924678 0.9999968146920845 0.21453484769089926 -0.7296226471451206 0.011812388025475684
FixedParameters: 0 0 0
#Transform 20
Transform: MatrixOffsetTransformBase_double_3_3
Parameters: 0.9999899179168446 -0.004479459479561231 -0.00011628740059690598 0.004479732056109136 0.9999853450918367 -0.0030377404443843736 0.00012993804748556652 0.0030372578140464845 0.999995119882658 0.1820955741780068 -0.7454336934829229 -0.09500820161613888
FixedParameters: 0 0 0
#Transform 21
Transform: MatrixOffsetTransformBase_double_3_3
Parameters: 0.9999910875378986 -0.004347926896667978 -0.00006647023825687951 0.0043484356211625505 0.9999825405472184 -0.004003253673210444 0.00008359684042895801 0.004002751762198775 0.9999924986709907 0.21104491808095815 -0.8607037698802458 -0.12858560794089158
FixedParameters: 0 0 0
#Transform 22
Transform: MatrixOffsetTransformBase_double_3_3
Parameters: 0.9999910622045071 -0.004322035178772144 0.0005107798234380865 0.004323306122847539 0.9999836325641407 -0.0038230862057663517 -0.0004935436717889056 0.0038249103644900917 0.9999921834561031 0.21382457668876498 -0.7639442547003483 -0.15874076123597547
FixedParameters: 0 0 0
#Transform 23
Transform: MatrixOffsetTransformBase_double_3_3
Parameters: 0.999988716676237 -0.004701189035416828 0.00043046076087522537 0.00470234026854892 0.9999793663048752 -0.004321332426024005 -0.00040975961526065996 0.004323667583581159 0.9999909819763688 0.24456461456948375 -0.905311548790479 -0.1693322936981474
FixedParameters: 0 0 0
#Transform 24
Transform: MatrixOffsetTransformBase_double_3_3
Parameters: 0.9999890823334568 -0.00452803944489846 0.0006455492822325089 0.004530143302242757 0.999981259828339 -0.004019373696708878 -0.0006269001788452513 0.004022619565464652 0.9999914853504618 0.2493352362263721 -0.8594493326244503 -0.053837453171865945
FixedParameters: 0 0 0
#Transform 25
Transform: MatrixOffsetTransformBase_double_3_3
Parameters: 0.999990693501368 -0.004352110075487351 0.0006018155261803123 0.004354938667405985 0.9999846084649449 -0.0033474053789859792 -0.0005867548968150946 0.0033495929199229835 0.9999946599667721 0.2220692618075617 -0.7454553768716465 -0.08244126182776768
FixedParameters: 0 0 0
#Transform 26
Transform: MatrixOffsetTransformBase_double_3_3
Parameters: 0.9999889845989992 -0.004505706656670084 0.000844395208574334 0.004509602816919633 0.9999799974492888 -0.004403448282438188 -0.0008244023357982432 0.004407551666268716 0.9999901698970179 0.24891060841882506 -0.9227355526728189 -0.23160499866594364
FixedParameters: 0 0 0
#Transform 27
Transform: MatrixOffsetTransformBase_double_3_3
Parameters: 0.9999884360116866 -0.004738093643126531 0.00033531623768690596 0.00474010598063101 0.999976120893212 -0.004956774888491944 -0.0003116420738567329 0.004958225524450965 0.9999881609249373 0.24029694841502192 -0.9928828873713229 -0.14699209898671484
FixedParameters: 0 0 0
#Transform 28
Transform: MatrixOffsetTransformBase_double_3_3
Parameters: 0.9999873126959782 -0.004945870869930123 0.0004722134338983555 0.004948287102974028 0.9999795491322564 -0.004003451031171251 -0.00045178430988389605 0.004005542606267926 0.9999916912221488 0.2562094953696459 -0.8527856825890154 -0.12055988479232838
FixedParameters: 0 0 0
#Transform 29
Transform: MatrixOffsetTransformBase_double_3_3
Parameters: 0.9999847768442598 -0.005271840307297614 0.0015597274603027446 0.005278791096971425 0.9999745534413679 -0.004733977900695546 -0.0015346486423943942 0.004742016932378662 0.9999873255483094 0.35841888081921525 -0.9729827050178415 -0.23844165503410863
FixedParameters: 0 0 0
#Transform 30
Transform: MatrixOffsetTransformBase_double_3_3
Parameters: 0.9999862665413523 -0.00517954501206861 0.0009491675227581519 0.005184882506069917 0.9999749820319433 -0.004761215747519365 -0.0009246177410764908 0.0047657788224948205 0.9999879020988589 0.28894144849247994 -0.9837896855541715 -0.0922645237484403
FixedParameters: 0 0 0
#Transform 31
Transform: MatrixOffsetTransformBase_double_3_3
Parameters: 0.9999855685751481 -0.004997220753817707 0.0021113068774604666 0.00500902587338911 0.9999722814221068 -0.00555528739870334 -0.0020838129920014554 0.0055657179931353495 0.9999824478695413 0.348182955842276 -0.9213706577880885 -0.4678410146896965
FixedParameters: 0 0 0
#Transform 32
Transform: MatrixOffsetTransformBase_double_3_3
Parameters: 0.9999868894133511 -0.004898664291539277 0.0010538394374615245 0.004904991428490979 0.9999722976319576 -0.005657712855166919 -0.0010268507698230891 0.005662295020597785 0.9999835196213787 0.2536601121380926 -1.0781290606288252 -0.03443317365707799
FixedParameters: 0 0 0
#Transform 33
Transform: MatrixOffsetTransformBase_double_3_3
Parameters: 0.9999858986541688 -0.005254072175337576 0.001225070694926698 0.005259956016153879 0.9999704664541935 -0.005667880962875432 -0.0011954527675228127 0.005674124521555246 0.9999831107016992 0.2925737349636961 -1.0091217925650113 -0.234876659590185
FixedParameters: 0 0 0
#Transform 34
Transform: MatrixOffsetTransformBase_double_3_3
Parameters: 0.9999860924897789 -0.005006890360957967 0.0013554612120124426 0.005015627610325333 0.9999677004108665 -0.00626804668116035 -0.001323587100771987 0.006274953318809978 0.9999797273516295 0.2900772305605983 -1.0931748472696654 -0.23889339256498943
FixedParameters: 0 0 0
#Transform 35
Transform: MatrixOffsetTransformBase_double_3_3
Parameters: 0.9999834830881201 -0.005408770354514394 0.0020639878447849805 0.00542043679539237 0.9999707964097532 -0.005469332764498597 -0.002034045803733 0.005479667661404036 0.9999827454246074 0.3877668181873304 -1.015212168772834 -0.13688889523132275
FixedParameters: 0 0 0
#Transform 36
Transform: MatrixOffsetTransformBase_double_3_3
Parameters: 0.9999840210663445 -0.005405079254795084 0.0016626416706261252 0.005412489132378404 0.9999745905169326 -0.0045762167510835505 -0.0016379964501499632 0.0045857844414358695 0.9999884588665803 0.34585809842413084 -0.865516278843657 -0.15266664963169774
FixedParameters: 0 0 0
#Transform 37
Transform: MatrixOffsetTransformBase_double_3_3
Parameters: 0.9999818283793914 -0.00587071608741852 0.0008408302234592006 0.005873996598812654 0.9999739738155349 -0.004276172669666373 -0.0008163767048219388 0.004280832421768049 0.9999902429279799 0.33488280537602577 -0.8624143606943449 -0.026441530453922724
FixedParameters: 0 0 0
#Transform 38
Transform: MatrixOffsetTransformBase_double_3_3
Parameters: 0.9999822132396402 -0.005719040247396594 0.0017538684164977074 0.005729852438390004 0.999966082221228 -0.0059006320951883184 -0.0017199371211920633 0.005911368903610409 0.9999813681084199 0.3658899801379647 -0.9343918800966122 -0.29016789890641803
FixedParameters: 0 0 0
#Transform 39
Transform: MatrixOffsetTransformBase_double_3_3
Parameters: 0.9999783380058276 -0.006531140658692238 0.0010025249476856785 0.00653724909647923 0.9999606728085321 -0.006013477567343911 -0.0009625928312797471 0.006019517838246946 0.9999812672350744 0.3688441173066934 -1.0554314892994654 -0.20863085902257694
FixedParameters: 0 0 0
#Transform 40
Transform: MatrixOffsetTransformBase_double_3_3
Parameters: 0.9999782223099715 -0.006464787945527092 0.0014092972648876558 0.006471184544444924 0.9999678892291921 -0.0048337914219031 -0.0013779102180012063 0.004843215242349541 0.999987510097903 0.3582426763465776 -0.8973488928348559 -0.20063654817045062
FixedParameters: 0 0 0
#Transform 41
Transform: MatrixOffsetTransformBase_double_3_3
Parameters: 0.9999511955370819 -0.009745384387039075 0.0013505372768529021 0.009754130811304699 0.9999327452980398 -0.006207673748205272 -0.0012901764399174142 0.006220327527456548 0.999980220024687 0.5145845033369341 -1.139277045676991 -0.2952221145077658
FixedParameters: 0 0 0
#Transform 42
Transform: MatrixOffsetTransformBase_double_3_3
Parameters: 0.9999653738281863 -0.008294246881708463 0.0009093335402439502 0.008298890134278928 0.9999548987992135 -0.004721360127053292 -0.000870067645892648 0.004728647088397875 0.9999888227187519 0.3772494668278341 -1.0146643133633972 -0.09588455926461847
FixedParameters: 0 0 0
#Transform 43
Transform: MatrixOffsetTransformBase_double_3_3
Parameters: 0.999977999820312 -0.006452331789552145 0.0015379261945072382 0.006461181895603264 0.9999635577997541 -0.005603893404424021 -0.0015015798347564066 0.005613111343860444 0.999983530263022 0.38626405281380016 -1.0133628170736557 -0.2670551863200785
FixedParameters: 0 0 0
#Transform 44
Transform: MatrixOffsetTransformBase_double_3_3
Parameters: 0.9999587678071803 -0.008954276222530595 0.0014332288508479714 0.008963687988856099 0.9999358249835735 -0.006935588291434952 -0.0013711588096239843 0.006948408992701244 0.999974556971828 0.4799392905771924 -1.2199269161295092 -0.278191174361865
FixedParameters: 0 0 0
#Transform 45
Transform: MatrixOffsetTransformBase_double_3_3
Parameters: 0.9999552226147328 -0.00939879637866784 0.0011975852523625572 0.009406026774070863 0.9999386776091226 -0.005884949747628793 -0.0011427495379290045 0.00589605989488276 0.9999821468087768 0.4439747123743416 -1.050771918365129 -0.17718543108128415
FixedParameters: 0 0 0
#Transform 46
Transform: MatrixOffsetTransformBase_double_3_3
Parameters: 0.9999557076574386 -0.009236270006450472 0.0017287169991758874 0.009247477073406103 0.9999324419742501 -0.006965968988777077 -0.0016636439029673654 0.006981015466716062 0.9999740030582179 0.4689860411586153 -1.1194991558625134 -0.3616473067701236
FixedParameters: 0 0 0
#Transform 47
Transform: MatrixOffsetTransformBase_double_3_3
Parameters: 0.9999512436521993 -0.009834182055431556 0.0010203276967015301 0.009841522395915188 0.9999248036055512 -0.007254051877386508 -0.0009487258502906096 0.007263937778505591 0.9999730499959392 0.46474005764954995 -1.2165138868038383 -0.3136302347795379
FixedParameters: 0 0 0
#Transform 48
Transform: MatrixOffsetTransformBase_double_3_3
Parameters: 0.9999566838501838 -0.009183368490322983 0.001406221766099381 0.009192906078610369 0.9999349401857935 -0.006762949128834572 -0.001344370702942278 0.00677505401766601 0.9999761018938929 0.44548570203627946 -1.069600954645395 -0.2194608172818846
FixedParameters: 0 0 0
#Transform 49
Transform: MatrixOffsetTransformBase_double_3_3
Parameters: 0.9999247860306613 -0.012071791994374827 0.002114679664309025 0.012086069821836333 0.999905722493211 -0.006576534833131947 -0.002035590490452457 0.006601476260029715 0.9999762294190601 0.6185729208741009 -1.1216160014471228 -0.36800689403386855
FixedParameters: 0 0 0
#Transform 50
Transform: MatrixOffsetTransformBase_double_3_3
Parameters: 0.9999374909982115 -0.01114414422554872 0.0005573112759222321 0.011147962557127881 0.9999139087096847 -0.0069609995499001764 -0.00048026150996125785 0.006966010212523688 0.9999755973617175 0.4881971136425136 -1.2017842129571648 -0.3147034165230025
FixedParameters: 0 0 0
#Transform 51
Transform: MatrixOffsetTransformBase_double_3_3
Parameters: 0.9999499974588135 -0.00990653196705459 0.0016918499983680354 0.009918262222364017 0.9999250428111709 -0.007170678307111045 -0.0016206192525419383 0.007187320702767647 0.9999728746415053 0.47953973747141276 -1.1415933431310066 -0.3877682302326093
FixedParameters: 0 0 0
#Transform 52
Transform: MatrixOffsetTransformBase_double_3_3
Parameters: 0.9999441052252125 -0.01057704055489044 0.0001401003949263891 0.01057764021755165 0.9999147418061581 -0.007670095975991165 -0.00005862951670998311 0.0076709037844228944 0.9999706852575263 0.4153338746686046 -1.3070878025252455 -0.28187441600707075
FixedParameters: 0 0 0
#Transform 53
Transform: MatrixOffsetTransformBase_double_3_3
Parameters: 0.9999509486189619 -0.009872091249180504 0.0007685806570007121 0.009877600750048891 0.9999231141093226 -0.007485615629575143 -0.0006942923620112427 0.007492379370028446 0.999971659982589 0.3938225367798225 -1.2103408679328282 -0.29010942750852564
FixedParameters: 0 0 0
#Transform 54
Transform: MatrixOffsetTransformBase_double_3_3
Parameters: 0.9999804861233248 -0.006219385392405159 0.0009125705848085302 0.006226323406575452 0.999949828956033 -0.007817725233491696 -0.0008639049154886673 0.007823276054639644 0.9999693336380551 0.3366509520691352 -1.2551361291649954 -0.3398049011324815
FixedParameters: 0 0 0
#Transform 55
Transform: MatrixOffsetTransformBase_double_3_3
Parameters: 0.9999583870568707 -0.009073384475126834 0.0011352862905612852 0.009081635116511205 0.9999278679015343 -0.007897276294788758 -0.0010635815700465669 0.0079067362916867 0.9999686312880842 0.4297419439747472 -1.318409649137891 -0.3788809426797002
FixedParameters: 0 0 0
#Transform 56
Transform: MatrixOffsetTransformBase_double_3_3
Parameters: 0.9999741307985223 -0.007202157327589981 0.000018171879037028917 0.007201714458761779 0.9999497051714412 -0.006991609709951163 0.000031348098626592846 0.006992398779976566 0.9999756469770709 0.27007451180018904 -1.1558280746935026 -0.3062693353092527
FixedParameters: 0 0 0
#Transform 57
Transform: MatrixOffsetTransformBase_double_3_3
Parameters: 0.9999749667052935 -0.007015729062966521 0.0009034786953809573 0.007022059643496249 0.999944010739751 -0.007910286925983417 -0.0008481035367667119 0.00791672046381961 0.9999687054151281 0.33806127959874743 -1.273566796820262 -0.3760624092068099
FixedParameters: 0 0 0
#Transform 58
Transform: MatrixOffsetTransformBase_double_3_3
Parameters: 0.9999729669000865 -0.0073464019792064015 0.0002551018412917192 0.0073477707809370164 0.9999456338987038 -0.007369214135005658 -0.00020070118998735068 0.007370779154089041 0.9999726963081709 0.26929229328631266 -1.1552788187992746 -0.24879448701884144
FixedParameters: 0 0 0
#Transform 59
Transform: MatrixOffsetTransformBase_double_3_3
Parameters: 0.9999664780543027 -0.008011696680058945 0.0018262538881744226 0.008025432465835432 0.9999375792584477 -0.007767949611251046 -0.0017639707200902911 0.007782047973080103 0.9999679936964587 0.41603358775552124 -1.2002344553126534 -0.43571033441602935
FixedParameters: 0 0 0
#Transform 60
Transform: MatrixOffsetTransformBase_double_3_3
Parameters: 0.9999302082070535 -0.011754767181918691 0.001270630658048853 0.01176504971011795 0.9998940757424035 -0.008580130104095668 -0.0011698037384462482 0.008593878271591832 0.9999626513819774 0.5665781191706856 -1.3656654461560152 -0.37240501204530574
FixedParameters: 0 0 0
#Transform 61
Transform: MatrixOffsetTransformBase_double_3_3
Parameters: 0.9999447714637405 -0.010498688836694565 0.00004153168473056785 0.010498802777214489 0.9999119301632808 -0.008158996392771928 0.000044647700466915904 0.008159003302936563 0.9999666968560252 0.382213121643332 -1.2142401761783503 -0.28914052704206483
FixedParameters: 0 0 0
#Transform 62
Transform: MatrixOffsetTransformBase_double_3_3
Parameters: 0.9999571425765887 -0.009209528154632699 0.00017806874478100226 0.009211622014127757 0.9999213189834779 -0.008463762224013544 -0.00010001434530811765 0.008465235492281453 0.9999645224851494 0.34756162675174096 -1.3589331958676638 -0.19936666016113236
FixedParameters: 0 0 0
#Transform 63
Transform: MatrixOffsetTransformBase_double_3_3
Parameters: 0.9999465702861194 -0.010309210037581491 0.00038315576706982003 0.010312152769460112 0.9999094838870961 -0.008650243356909504 -0.00029432131774824195 0.0086527593257118 0.9999623826871327 0.4152575298402468 -1.3066493744683925 -0.23742301256348242
FixedParameters: 0 0 0
#Transform 64
Transform: MatrixOffsetTransformBase_double_3_3
Parameters: 0.9999398695655718 -0.010959167269768299 -0.0001492000840053443 0.010957667098133051 0.9999051794741812 -0.008317957155899225 0.00023982878012358477 0.00831604452214496 0.999965338551786 0.34079406986317906 -1.251458741362896 -0.2629984293600103
FixedParameters: 0 0 0
#Transform 65
Transform: MatrixOffsetTransformBase_double_3_3
Parameters: 0.9999461185197247 -0.010255221756249832 0.0013059766292631354 0.010267289532651254 0.9999043195839106 -0.00927786444382761 -0.0012102806813876642 0.009291137311622233 0.9999563867163013 0.4622202403498221 -1.414058355602549 -0.4159130711861394
FixedParameters: 0 0 0
#Transform 66
Transform: MatrixOffsetTransformBase_double_3_3
Parameters: 0.9999269612839171 -0.012023218393063964 0.0006884445811076189 0.012028689013224687 0.9998931894497267 -0.008304193862132353 -0.0005879414120786883 0.008311806526692417 0.9999657187147818 0.5250878986519041 -1.3335820629256006 -0.22406982636840667
FixedParameters: 0 0 0
#Transform 67
Transform: MatrixOffsetTransformBase_double_3_3
Parameters: 0.9999065454931358 -0.01352246126234974 0.0018956615950099561 0.013543528394673748 0.9998391988094013 -0.011727912873177315 -0.0017360178044672704 0.01175307565542838 0.9999296457853684 0.764796659405377 -1.5816064045089746 -0.741626430116213
FixedParameters: 0 0 0
#Transform 68
Transform: MatrixOffsetTransformBase_double_3_3
Parameters: 0.9999376623535388 -0.011159741901272606 0.0008933072877128408 0.011167159995101431 0.999894321593943 -0.00926844512168104 -0.0007900225484544502 0.009277545601697107 0.9999563547012853 0.5859154740810482 -1.504896353869512 -0.49115988305243263
FixedParameters: 0 0 0
#Transform 69
Transform: MatrixOffsetTransformBase_double_3_3
Parameters: 0.9999342865837823 -0.011459729641846318 -0.0006189881660994263 0.01145375012869998 0.9998931160301625 -0.009030281712935406 0.0007218879947695685 0.009022718177634365 0.9999592064645783 0.43331752873068297 -1.5655414931844405 -0.2303495401434077
FixedParameters: 0 0 0
#Transform 70
Transform: MatrixOffsetTransformBase_double_3_3
Parameters: 0.9999353190615821 -0.011386868960918275 -0.00016258478282808134 0.01138409214308181 0.9998967411151594 -0.008748251024050607 0.00026209900367648925 0.008746743399914575 0.9999615325935219 0.427552139771322 -1.335374871684337 -0.24086927392727375
FixedParameters: 0 0 0
#Transform 71
Transform: MatrixOffsetTransformBase_double_3_3
Parameters: 0.9999280781805218 -0.011994875175498014 -0.0002056358339267996 0.011992525886880297 0.9998938550903524 -0.008337566255869289 0.00030569893391281527 0.008334441861574698 0.9999652378154108 0.4500168266733908 -1.2951900881804619 -0.3170535657241942
FixedParameters: 0 0 0
#Transform 72
Transform: MatrixOffsetTransformBase_double_3_3
Parameters: 0.9999210146314956 -0.012559146836973319 0.0004952149180612181 0.012562654574023011 0.9998925782963695 -0.0075647849950479795 -0.00040074725261008944 0.007570218412349089 0.9999708960331425 0.5433470551911626 -1.2396233970797397 -0.2845233389620887
FixedParameters: 0 0 0
#Transform 73
Transform: MatrixOffsetTransformBase_double_3_3
Parameters: 0.9999173873789204 -0.012847573336248516 0.0007380025693304636 0.012853502953241993 0.9998805437130784 -0.008613619412020546 -0.0006279860143403659 0.008621388693032805 0.999962312076745 0.5593429988184226 -1.3087998999615138 -0.32639011341046853
FixedParameters: 0 0 0
#Transform 74
Transform: MatrixOffsetTransformBase_double_3_3
Parameters: 0.9999214157147256 -0.012495938803520413 0.0006590808067639276 0.012500704777088914 0.9998864168529216 -0.008455736703553485 -0.0005530129231809908 0.008463261742262085 0.9999638644304008 0.5656297317960508 -1.2763214987892582 -0.2712884728516656
FixedParameters: 0 0 0
#Transform 75
Transform: MatrixOffsetTransformBase_double_3_3
Parameters: 0.9999155798139265 -0.012981639348854474 0.0009442990288907245 0.0129883777569398 0.9998872277848649 -0.007596158022547789 -0.0008447763980179389 0.0076078391255853806 0.9999707646770836 0.5813117477580505 -1.1697504220493755 -0.29653970578362987
FixedParameters: 0 0 0
#Transform 76
Transform: MatrixOffsetTransformBase_double_3_3
Parameters: 0.9999110324360344 -0.01296787872337069 0.003129289283421353 0.01299718752165892 0.9998702805127898 -0.009538312759226203 -0.003005695838560313 0.009577706312212164 0.9999500287101009 0.7545248550364789 -1.461244650061218 -0.46141523907959936
FixedParameters: 0 0 0
#Transform 77
Transform: MatrixOffsetTransformBase_double_3_3
Parameters: 0.9999131688008497 -0.013043140839339851 0.0016447660116820596 0.013056302166848463 0.9998791056003925 -0.008492508879977934 -0.0015335073053260716 0.008513492638216796 0.9999624523072266 0.6067454832131887 -1.3818377556515742 -0.3563944325197781
FixedParameters: 0 0 0
#Transform 78
Transform: MatrixOffsetTransformBase_double_3_3
Parameters: 0.9999150277778391 -0.01283384722073104 0.002502042737506056 0.01285608341924392 0.9998754294152652 -0.009132270792201885 -0.0023839451992716323 0.00916371873591787 0.9999552159936114 0.6990824632230925 -1.5507917485995506 -0.43013080230358014
FixedParameters: 0 0 0
#Transform 79
Transform: MatrixOffsetTransformBase_double_3_3
Parameters: 0.9999156591631068 -0.012898712478673384 0.001398267572634594 0.01291177372392752 0.9998703241282877 -0.009604445886931934 -0.0012734017240953715 0.009621532230209034 0.9999525036583496 0.6119942433180938 -1.5532593067368765 -0.25161551810117544
FixedParameters: 0 0 0
#Transform 80
Transform: MatrixOffsetTransformBase_double_3_3
Parameters: 0.9999027991066338 -0.013772253280200299 0.0021226975990145847 0.013791458241332075 0.999865298417047 -0.008889061074099203 -0.0019994260915052716 0.008917922765831698 0.9999579453687748 0.7505750062480416 -1.476976420871452 -0.32156272702468414
FixedParameters: 0 0 0
#Transform 81
Transform: MatrixOffsetTransformBase_double_3_3
Parameters: 0.9999061020761767 -0.013360662488173245 0.0028954121752147823 0.013389670486991093 0.9998576431953444 -0.01025342902162607 -0.002757563083982722 0.01029156553294186 0.9999433949938094 0.7846193792608744 -1.6320107250428464 -0.44964193970596966
FixedParameters: 0 0 0
#Transform 82
Transform: MatrixOffsetTransformBase_double_3_3
Parameters: 0.9999095004411606 -0.01339692407308907 0.0010043606238004865 0.013406198455998018 0.999864672693159 -0.009508340007557597 -0.0008775864395636691 0.009521654691588832 0.9999537450787688 0.5993248813013281 -1.5082207578692106 -0.31590456174760106
FixedParameters: 0 0 0
#Transform 83
Transform: MatrixOffsetTransformBase_double_3_3
Parameters: 0.9998968987270241 -0.014061587313582896 0.003059957422247909 0.014091888950131729 0.9998500020402217 -0.010096541486521254 -0.0029169323170591516 0.010138451551703481 0.9999441533040154 0.7803330284411061 -1.5756844599096809 -0.4719285704066749
FixedParameters: 0 0 0
#Transform 84
Transform: MatrixOffsetTransformBase_double_3_3
Parameters: 0.9998912335879695 -0.01459609645389878 0.0019251622664977353 0.014614365310019804 0.9998462851018227 -0.009716064890305576 -0.0017825097210562464 0.00974292575179353 0.9999506074948131 0.6997925404858165 -1.5522387516501084 -0.32189569263380235
FixedParameters: 0 0 0
#Transform 85
Transform: MatrixOffsetTransformBase_double_3_3
Parameters: 0.9998786139209372 -0.01515152074995955 0.0035768917556471907 0.015183488889032794 0.9998446674739688 -0.008978876951166587 -0.0034411834865030484 0.009032147959755488 0.9999537350438351 0.8422436493617909 -1.4337458257178923 -0.3473909883343822
FixedParameters: 0 0 0
#Transform 86
Transform: MatrixOffsetTransformBase_double_3_3
Parameters: 0.9998811150530752 -0.01511616630912871 0.0030601191981041585 0.015146904702439271 0.9998341541496109 -0.010102898227339063 -0.0029068953563191786 0.010148090598055992 0.9999438920639059 0.8143790944051119 -1.5822180303673576 -0.47071297126720424
FixedParameters: 0 0 0
#Transform 87
Transform: MatrixOffsetTransformBase_double_3_3
Parameters: 0.9998900608131601 -0.014582757626500523 0.002505198170968997 0.01460616134168706 0.999846207677499 -0.009740664647810954 -0.002362529421631946 0.009776338486144481 0.9999493815001137 0.6995445118828201 -1.5221884812858235 -0.41097028902888155
FixedParameters: 0 0 0
#Transform 88
Transform: MatrixOffsetTransformBase_double_3_3
Parameters: 0.9998778633706208 -0.015304641624128168 0.0029807994533272548 0.015334366138884156 0.9998314793557674 -0.010117110444357535 -0.0028255109456299 0.010161902040708659 0.9999447471823957 0.7956486676052066 -1.656709864883723 -0.49227369262268894
FixedParameters: 0 0 0
#Transform 89
Transform: MatrixOffsetTransformBase_double_3_3
Parameters: 0.9998908499712692 -0.014547897116610947 0.00254946701396147 0.01457273336189262 0.9998430833537184 -0.010088083206057002 -0.002402219897274611 0.010123911630049526 0.9999454878408311 0.7140860617757312 -1.600535838916997 -0.33704286216303103
FixedParameters: 0 0 0
#Transform 90
Transform: MatrixOffsetTransformBase_double_3_3
Parameters: 0.999881751793683 -0.015051378451412977 0.003112944373715179 0.015083346811467332 0.9998313369914875 -0.010518084384519177 -0.002954126803528309 0.010563931858362852 0.999940169968916 0.7952600012312274 -1.6408659119563396 -0.5159474772200667
FixedParameters: 0 0 0
#Transform 91
Transform: MatrixOffsetTransformBase_double_3_3
Parameters: 0.9998812570233487 -0.015176183835332941 0.0027241690154385253 0.015204354965052276 0.9998260803046544 -0.01083816969281065 -0.0025588900352901778 0.010877831494002538 0.9999373634113687 0.771985876945152 -1.7436123234985956 -0.4366365243013206
FixedParameters: 0 0 0
#Transform 92
Transform: MatrixOffsetTransformBase_double_3_3
Parameters: 0.9998729988464536 -0.015631072503151846 0.0031074485878411114 0.015660906114490183 0.9998280626543599 -0.009906416707474941 -0.002952848175138591 0.00995358405146865 0.9999457089984733 0.8262279644037136 -1.6181583242003228 -0.34451209183717424
FixedParameters: 0 0 0
#Transform 93
Transform: MatrixOffsetTransformBase_double_3_3
Parameters: 0.9998842112987533 -0.014954075696863545 0.002854836847833069 0.014985386452929959 0.9998235870584656 -0.011274807001522308 -0.002685901640910624 0.011316184347609726 0.999932424768862 0.7568068499404035 -1.6843403473266534 -0.5775922944967817
FixedParameters: 0 0 0
#Transform 94
Transform: MatrixOffsetTransformBase_double_3_3
Parameters: 0.999916218408335 -0.012917516692296554 0.0009536152576796193 0.012926961785582454 0.9998623840285867 -0.010391055089410545 -0.0008192518681528895 0.010401944906817395 0.9999456450450623 0.5585312891091405 -1.6275044685731928 -0.3454262354360651
FixedParameters: 0 0 0
#Transform 95
Transform: MatrixOffsetTransformBase_double_3_3
Parameters: 0.9999176451639419 -0.012794307746614048 0.0008038837450406251 0.012802402560554371 0.9998662053551867 -0.010145500491203469 -0.0006737399916818019 0.010155491781048548 0.9999483608108707 0.5261382705007946 -1.5400964561908665 -0.2538982104105969
FixedParameters: 0 0 0
#Transform 96
Transform: MatrixOffsetTransformBase_double_3_3
Parameters: 0.9999099765122884 -0.013204248245584015 0.002581169253976403 0.01323051139614684 0.9998583111189366 -0.010368522883835413 -0.002443277902415747 0.010401460865644196 0.9999429535333878 0.6583302521834327 -1.5461579714713878 -0.4735365111995975
FixedParameters: 0 0 0
#Transform 97
Transform: MatrixOffsetTransformBase_double_3_3
Parameters: 0.9998937900814239 -0.014445233790765318 0.0021297501901163043 0.014467370617893358 0.9998358824646923 -0.010876864016809401 -0.0019727511973032185 0.010906137909297398 0.9999386383671244 0.7177267309606066 -1.6534865904069846 -0.36763155089869315
FixedParameters: 0 0 0
#Transform 98
Transform: MatrixOffsetTransformBase_double_3_3
Parameters: 0.9998953378820745 -0.014311128449489572 0.002201143804345291 0.014334305410569056 0.9998371629635469 -0.010985855154559104 -0.002043696554399495 0.01101615009003723 0.9999371108465844 0.6612543014135497 -1.5515796387289242 -0.6541454954522692
FixedParameters: 0 0 0
#Transform 99
Transform: MatrixOffsetTransformBase_double_3_3
Parameters: 0.9999793139226953 -0.005890917455371148 0.0024466430577433605 0.005916665582932494 0.9999233878449368 -0.010913727680639834 -0.0023823198396633826 0.010927283336874843 0.9999374017793845 0.41061142977279985 -1.3645803805331553 0.028321972836238274
FixedParameters: 0 0 0
#Transform 100
Transform: MatrixOffsetTransformBase_double_3_3
Parameters: 0.9999595822350178 -0.008643842504182852 0.0023874568883762316 0.008669757227055354 0.9999009209425924 -0.011049185312039828 -0.002291629576668459 0.011068802416436124 0.9999360460690717 0.4604756144696296 -1.3886731083808854 -0.1974837768388511
FixedParameters: 0 0 0
#Transform 101
Transform: MatrixOffsetTransformBase_double_3_3
Parameters: 0.9999240493805458 -0.012053176304288564 0.0023803414112831714 0.01208054562792235 0.9998567413595998 -0.011861593897912498 -0.0022371997690666568 0.01188941982093969 0.9999272322667527 0.5891710561154611 -1.60419648932438 -0.4145368509438754
FixedParameters: 0 0 0
#Transform 102
Transform: MatrixOffsetTransformBase_double_3_3
Parameters: 0.9999250920087481 -0.01210548331661455 0.001534453902543228 0.012124012515077378 0.9998494418475284 -0.012379610101087263 -0.0013840810184837307 0.012397387349214972 0.9999226771217721 0.536876228240132 -1.6755538363869107 -0.3643946097539015
FixedParameters: 0 0 0
#Transform 103
Transform: MatrixOffsetTransformBase_double_3_3
Parameters: 0.9999127076315592 -0.013034183641534207 0.002321783053300922 0.013059130790940144 0.9998545363897506 -0.0109808843955011 -0.0021789968174119314 0.011010133771228198 0.9999373510946231 0.6617544449707395 -1.5502936111243457 -0.32715031449606613
FixedParameters: 0 0 0
#Transform 104
Transform: MatrixOffsetTransformBase_double_3_3
Parameters: 0.9999054102300182 -0.013435479654397932 0.0028401467415544532 0.013471314118981335 0.9998252378526749 -0.012942460452232046 -0.0026658392919994465 0.012979532471310395 0.9999121674728451 0.6538171706708482 -1.708598496500798 -0.6008552765085255
FixedParameters: 0 0 0
#Transform 105
Transform: MatrixOffsetTransformBase_double_3_3
Parameters: 0.9999036349012003 -0.013699608148892015 0.0023825461537581205 0.013725901483379125 0.9998407418602412 -0.01137967144010879 -0.002226060991425308 0.011411313076124613 0.9999321573881665 0.5588305462519827 -1.6077325784041392 -0.5331079436760433
FixedParameters: 0 0 0
#Transform 106
Transform: MatrixOffsetTransformBase_double_3_3
Parameters: 0.9999282686139037 -0.011915774291859716 0.001319247048529872 0.011929793238815206 0.9998662338481998 -0.011210028044771864 -0.0011859560437795479 0.011224984088971102 0.9999363530555253 0.47067999964795604 -1.5811965134282246 -0.18257545476888026
FixedParameters: 0 0 0
#Transform 107
Transform: MatrixOffsetTransformBase_double_3_3
Parameters: 0.9999101956636502 -0.013232238002219657 0.0021686571486293315 0.013255402693499943 0.9998511472189073 -0.011061069665128709 -0.002022796902273963 0.011088950966287064 0.9999367184151294 0.5843578139415371 -1.537351447961143 -0.3367901146638417
FixedParameters: 0 0 0
#Transform 108
Transform: MatrixOffsetTransformBase_double_3_3
Parameters: 0.9999107623908209 -0.013238138855438106 0.0019983440134750344 0.013258824413360865 0.9998493602180138 -0.01121046642050133 -0.001849642100183639 0.01123652201666872 0.9999344491737028 0.6078902470985525 -1.6273011719694352 -0.43665919161639977
FixedParameters: 0 0 0
#Transform 109
Transform: MatrixOffsetTransformBase_double_3_3
Parameters: 0.9999019001464445 -0.013881357405930937 0.0018403728057252418 0.013901686163393592 0.9998413269262346 -0.011126177986990199 -0.0016865545032062677 0.01115083084569421 0.999936420894239 0.6348194392325013 -1.6323479338682034 -0.3292461139652403
FixedParameters: 0 0 0
#Transform 110
Transform: MatrixOffsetTransformBase_double_3_3
Parameters: 0.9999061438503102 -0.013590119825369324 0.0017774286478507038 0.013607744972906165 0.9998521235784606 -0.0105006033662296 -0.0016350128387095076 0.01052439525755669 0.9999429784856391 0.5671758453206053 -1.491260781326119 -0.3821974649787876
FixedParameters: 0 0 0
#Transform 111
Transform: MatrixOffsetTransformBase_double_3_3
Parameters: 0.9998984530455307 -0.014063777598763752 0.0021786844386477403 0.014087234147975369 0.9998380929294769 -0.011169775931078846 -0.002021510803707722 0.011199219467904226 0.9999351535919695 0.6470460879576336 -1.6248412107972996 -0.44294105298300224
FixedParameters: 0 0 0
#Transform 112
Transform: MatrixOffsetTransformBase_double_3_3
Parameters: 0.9999029239570946 -0.013817621596395548 0.0020349049168927737 0.013838161587558127 0.9998494081832769 -0.010479391995703191 -0.001889720918175501 0.010506614401233155 0.9999432928062296 0.6190965826175159 -1.5206093857255922 -0.35467284703679525
FixedParameters: 0 0 0
#Transform 113
Transform: MatrixOffsetTransformBase_double_3_3
Parameters: 0.9998867210124786 -0.014784360700554198 0.0029477321764316503 0.014819246206491632 0.9998158966262392 -0.012191510167774283 -0.0027669059419158887 0.012234493978094646 0.9999214815198965 0.7589522537810325 -1.7312052902576909 -0.6034705584411881
FixedParameters: 0 0 0
#Transform 114
Transform: MatrixOffsetTransformBase_double_3_3
Parameters: 0.9998744190497959 -0.015566103601717847 0.0028748987279285415 0.01559703588688175 0.9998164176092408 -0.011159111327560756 -0.002700820073048948 0.011201907165421243 0.9999339705959766 0.7896765527128053 -1.7090314463437863 -0.3740995031691057
FixedParameters: 0 0 0
#Transform 115
Transform: MatrixOffsetTransformBase_double_3_3
Parameters: 0.999881419980699 -0.015068638845658044 0.003241429814682847 0.015106542102134229 0.9998126414579356 -0.012138432997652354 -0.0030583813975644464 0.012186581973435695 0.9999208970114164 0.8022375236652124 -1.7003225640573447 -0.526986006337296
FixedParameters: 0 0 0
#Transform 116
Transform: MatrixOffsetTransformBase_double_3_3
Parameters: 0.9998815845950579 -0.015220279715998854 0.00239694768030331 0.015248946190444576 0.9998067098033468 -0.012434255624716284 -0.002206878025234005 0.012468744838431828 0.9999197646543354 0.7180482151799765 -1.8178335773673098 -0.41791349411070655
FixedParameters: 0 0 0
#Transform 117
Transform: MatrixOffsetTransformBase_double_3_3
Parameters: 0.9998865619080232 -0.0148402907792115 0.0024858181540925303 0.014869375515764206 0.999819611895207 -0.011781250022417478 -0.0023105016010356674 0.01181673709541567 0.9999274919072012 0.7180847612078765 -1.6762410978020768 -0.3722126682092437
FixedParameters: 0 0 0
#Transform 118
Transform: MatrixOffsetTransformBase_double_3_3
Parameters: 0.9998781404089783 -0.01531770013220685 0.002865618525973676 0.015353077222578154 0.9998011881953711 -0.012747239619401413 -0.0026700073275448617 0.012789776899534672 0.9999148497259951 0.800086720155619 -1.7700362921283386 -0.5457729686830533
FixedParameters: 0 0 0
#Transform 119
Transform: MatrixOffsetTransformBase_double_3_3
Parameters: 0.9998785089294567 -0.015370602774182984 0.002686966019972263 0.015405284976070108 0.9997913293002926 -0.013386009221447087 -0.0024808209177241947 0.013424980480565202 0.9999067268754434 0.7875728977953571 -1.8818834159191766 -0.49187626997047573
FixedParameters: 0 0 0
#Transform 120
Transform: MatrixOffsetTransformBase_double_3_3
Parameters: 0.9998586915166209 -0.016395299848272808 0.0036735759400861327 0.016436494668284545 0.9997968328771765 -0.011690884266822077 -0.003481056222572845 0.011750127592961124 0.9999250894304589 0.8918214016410673 -1.6998388406153566 -0.3991908874352248
FixedParameters: 0 0 0
#Transform 121
Transform: MatrixOffsetTransformBase_double_3_3
Parameters: 0.9998669899211337 -0.016045620347135837 0.0029203697553135625 0.01608896087089272 0.9997509582076738 -0.015442221116220511 -0.0026719793217876535 0.015486774695023492 0.999876669841913 0.8190337072041842 -1.9329553730237166 -0.7924451002101875
FixedParameters: 0 0 0
#Transform 122
Transform: MatrixOffsetTransformBase_double_3_3
Parameters: 0.9998909870221988 -0.014592975457602075 0.002246202318341288 0.01461794654036475 0.9998275329816793 -0.011485543320941177 -0.002077898264145359 0.011516468208389946 0.9999318847368741 0.7001873341329343 -1.710415118547857 -0.31785133106728836
FixedParameters: 0 0 0
#Transform 123
Transform: MatrixOffsetTransformBase_double_3_3
Parameters: 0.9998842179859827 -0.014924608154596635 0.0030057698745896743 0.014964036640695424 0.9997920700360018 -0.013813806425004432 -0.0027992873824567405 0.013857191016627274 0.9999002653539597 0.740294168341677 -1.8517981249196112 -0.6330699637854025
FixedParameters: 0 0 0
#Transform 124
Transform: MatrixOffsetTransformBase_double_3_3
Parameters: 0.9998902436669391 -0.014698698902948198 0.0016399790884007626 0.01471971467170272 0.999799668760772 -0.013521459506734945 -0.0014412060615327444 0.013543530429280137 0.9999072811265352 0.591828138491465 -1.9066539330682275 -0.46212101288594454
FixedParameters: 0 0 0
#Transform 125
Transform: MatrixOffsetTransformBase_double_3_3
Parameters: 0.9998950658443949 -0.01435189733356601 0.0022227900731191753 0.014378897126110212 0.999819623669676 -0.012407603533515749 -0.002043488170228948 0.012438388233845465 0.9999207522292466 0.6096497836102941 -1.7473244155240053 -0.49748558391539177
FixedParameters: 0 0 0
#Transform 126
Transform: MatrixOffsetTransformBase_double_3_3
Parameters: 0.9998905603255991 -0.014582126860998749 0.002605674412825449 0.014619657892855612 0.999780227047007 -0.0150076824220719 -0.002385981251038248 0.015044297695207626 0.999883721955948 0.6974364450377522 -2.027025135341759 -0.6771320602431388
FixedParameters: 0 0 0
#Transform 127
Transform: MatrixOffsetTransformBase_double_3_3
Parameters: 0.9998876923829931 -0.01493116125348511 0.0011642367306677406 0.014946091260263028 0.9997896351700318 -0.014064924182520727 -0.0009536650304572421 0.01408009316087866 0.9999009446310053 0.5893305308159569 -1.9188848054367327 -0.4867612286798533
FixedParameters: 0 0 0
#Transform 128
Transform: MatrixOffsetTransformBase_double_3_3
Parameters: 0.9998687731383038 -0.01585400203389066 0.003296218661490331 0.01589547853120381 0.9997887464965456 -0.013061970559045427 -0.0030884914582513107 0.013113046636420655 0.9999094239724806 0.7818389980589302 -1.8055818450074668 -0.5471175131221457
FixedParameters: 0 0 0
#Transform 129
Transform: MatrixOffsetTransformBase_double_3_3
Parameters: 0.9998777971622176 -0.015390858192290902 0.0028826528779433854 0.015430090667314591 0.999780931648584 -0.014118140767197251 -0.0026645350388898063 0.014160840635924932 0.9998959703526932 0.7672833506611454 -1.9418118235094397 -0.6498285926213612
FixedParameters: 0 0 0
#Transform 130
Transform: MatrixOffsetTransformBase_double_3_3
Parameters: 0.9998887540705536 -0.014725153672055617 0.002529184272247926 0.0147547160080201 0.9998197024695412 -0.011915414980592398 -0.0023533675495810502 0.011951584368961987 0.9999262087250558 0.6810273853607498 -1.7194020328719688 -0.4141439465796566
FixedParameters: 0 0 0
#Transform 131
Transform: MatrixOffsetTransformBase_double_3_3
Parameters: 0.9998623189156589 -0.016182905665512292 0.0037117338240500717 0.016247126395032015 0.999705959555801 -0.01799007657766405 -0.0034193020844214303 0.018047899482516894 0.9998308935822788 0.8439525129387562 -2.1975506943490615 -0.8110475333982379
FixedParameters: 0 0 0
#Transform 132
Transform: MatrixOffsetTransformBase_double_3_3
Parameters: 0.9998600946289254 -0.01643720273764929 0.003114507655999852 0.016491199677186767 0.9997001170721636 -0.018132065996072255 -0.002816098989513525 0.018180955227954126 0.9998305596895529 0.8188536199335914 -2.2057226716461997 -0.8828535224197651
FixedParameters: 0 0 0
#Transform 133
Transform: MatrixOffsetTransformBase_double_3_3
Parameters: 0.9998688991246042 -0.016073178266698795 0.0019348546253770257 0.016101250791422973 0.9997463475964253 -0.015757990804436156 -0.0016812097367308572 0.01578701659452178 0.999873944341551 0.7188275367599033 -2.2020685452698388 -0.4763710401099104
FixedParameters: 0 0 0
#Transform 134
Transform: MatrixOffsetTransformBase_double_3_3
Parameters: 0.999849382656136 -0.01690392565504638 0.003981142988621785 0.016960978188929703 0.9997466164558023 -0.014774109242076006 -0.0037312283377513747 0.014839902633797392 0.9998832144171058 0.9107903701724638 -2.0478884589404345 -0.5368399689211287
FixedParameters: 0 0 0
#Transform 135
Transform: MatrixOffsetTransformBase_double_3_3
Parameters: 0.9998524816055704 -0.016774577005119064 0.0037560326396386626 0.016840454371856182 0.9996917057134699 -0.018253612489135984 -0.0034493768402942978 0.018314395055167465 0.9998260611403896 0.8656033811750206 -2.314052104697666 -0.7888976907670155
FixedParameters: 0 0 0
#Transform 136
Transform: MatrixOffsetTransformBase_double_3_3
Parameters: 0.9998597732439483 -0.016437771080703805 0.0031641577803396635 0.016486845945769005 0.9997315220340068 -0.016281899479617 -0.002895851828287518 0.016331102723770113 0.9998623746666213 0.8381122923415631 -2.203601308432553 -0.59119314765843
FixedParameters: 0 0 0
#Transform 137
Transform: MatrixOffsetTransformBase_double_3_3
Parameters: 0.99984630102222 -0.01699844021636421 0.0042099824495665005 0.01706937291692855 0.9997033175715752 -0.017345648456963597 -0.003913574207551651 0.017414328879622826 0.9998407630810784 0.9027133916477936 -2.1941026892638575 -0.7420077546354946
FixedParameters: 0 0 0
#Transform 138
Transform: MatrixOffsetTransformBase_double_3_3
Parameters: 0.9998536773723408 -0.016625651512151757 0.004109482130756584 0.016701139329555255 0.9996791123455323 -0.019057818671156856 -0.0037913449549292965 0.019124174540818273 0.9998095126930694 0.9171089382821691 -2.4193837995648977 -0.8126356306872538
FixedParameters: 0 0 0
#Transform 139
Transform: MatrixOffsetTransformBase_double_3_3
Parameters: 0.9998431260814422 -0.017214184641841473 0.00406426757383923 0.0172763021418307 0.9997262275457581 -0.0157659518182707 -0.00379228270053805 0.015834053587581748 0.9998675482229076 0.9374744335800074 -2.159701881534673 -0.592039650058183
FixedParameters: 0 0 0
#Transform 140
Transform: MatrixOffsetTransformBase_double_3_3
Parameters: 0.9998375925609763 -0.017439452618830762 0.004499462812282659 0.017531255730530805 0.9996207099483377 -0.02122625670108061 -0.0041276324328341895 0.0213017248108453 0.9997643919950158 0.9852492783105191 -2.541920483693829 -1.0561940321626366
FixedParameters: 0 0 0
#Transform 141
Transform: MatrixOffsetTransformBase_double_3_3
Parameters: 0.999843387275904 -0.017150263174581775 0.004295667742641018 0.017230952335127572 0.9996626472785666 -0.01943753457753858 -0.00396061128752604 0.019508476767515298 0.9998022131167617 0.9140229771466579 -2.4568781906550328 -0.8127283362422588
FixedParameters: 0 0 0
#Transform 142
Transform: MatrixOffsetTransformBase_double_3_3
Parameters: 0.9998607692107921 -0.016342259223957212 0.0034851985962120733 0.01639944102005644 0.9997183388429134 -0.017149568635919654 -0.003203910622758792 0.017204441605767062 0.9998472467950108 0.8307934313681784 -2.3696098366840204 -0.5199309271613117
FixedParameters: 0 0 0
#Transform 143
Transform: MatrixOffsetTransformBase_double_3_3
Parameters: 0.9998773885578656 -0.015479048869147667 0.002447069645709248 0.015514666447572607 0.9997661440831769 -0.015074965020185294 -0.002213333578322466 0.015112047620978342 0.999883562863993 0.7420125597583365 -2.0553590346771244 -0.4319010006237818
FixedParameters: 0 0 0
#Transform 144
Transform: MatrixOffsetTransformBase_double_3_3
Parameters: 0.9998613764863209 -0.01631832274629316 0.003364567255783333 0.016378330179358684 0.9996901901925689 -0.01874491465555919 -0.003057937368161048 0.018797082861904124 0.9998183744453657 0.8235960942279377 -2.301251841444383 -0.730277093808354
FixedParameters: 0 0 0
#Transform 145
Transform: MatrixOffsetTransformBase_double_3_3
Parameters: 0.9998595883190288 -0.016384663907786857 0.0035978597795424797 0.016451483025520516 0.9996731510375197 -0.019552049239746266 -0.003275761260224838 0.01960893657662202 0.9998025181232183 0.8659243579176064 -2.457419766944753 -0.7438639763784636
FixedParameters: 0 0 0
#Transform 146
Transform: MatrixOffsetTransformBase_double_3_3
Parameters: 0.9998575244399589 -0.016628404630760048 0.0029918821036837304 0.016678357247134193 0.9997082551360669 -0.017492067751489315 -0.0026996081718424244 0.01753993738099996 0.9998425578220165 0.8524493632158254 -2.2544860090713 -0.594452511214854
FixedParameters: 0 0 0
#Transform 147
Transform: MatrixOffsetTransformBase_double_3_3
Parameters: 0.9998480986330269 -0.01709412822451502 0.003416845793025982 0.017157671072277045 0.9996595437111937 -0.019644521881015592 -0.0030800454164813013 0.019700481218583338 0.9998014066191009 0.8481615287339537 -2.347069307875273 -0.8259681977580158
FixedParameters: 0 0 0
#Transform 148
Transform: MatrixOffsetTransformBase_double_3_3
Parameters: 0.9998592281339616 -0.01643693948606603 0.003252911832227017 0.01649649628013816 0.999679357440384 -0.019232837162088262 -0.002935216173836067 0.019284179972354293 0.9998099698409 0.8251202966602875 -2.4371314416532215 -0.7231077024961792
FixedParameters: 0 0 0
#Transform 149
Transform: MatrixOffsetTransformBase_double_3_3
Parameters: 0.9998494045368354 -0.01696332213280432 0.0037189734582038225 0.017030578472481607 0.9996723809241104 -0.01910841052506357 -0.0033941049577157073 0.019168595190750454 0.999810336791325 0.8479924862958228 -2.378433172007263 -0.8148995836575921
FixedParameters: 0 0 0
#Transform 150
Transform: MatrixOffsetTransformBase_double_3_3
Parameters: 0.9998565306433106 -0.016561341545948148 0.0034870270650360345 0.016631415136568694 0.9996428663626715 -0.0209072750041418 -0.0031394289934488446 0.020962696558971594 0.9997749575619186 0.8656233172040118 -2.6683968204932853 -0.9123341326701393
FixedParameters: 0 0 0
#Transform 151
Transform: MatrixOffsetTransformBase_double_3_3
Parameters: 0.9998469015760345 -0.017177723984088147 0.003466077438559335 0.01724184181944979 0.9996581157177563 -0.01962478046742322 -0.003127400869196642 0.01968118134057989 0.9998011718574433 0.8333963675396774 -2.4638047212339416 -0.7019250907997332
FixedParameters: 0 0 0
#Transform 152
Transform: MatrixOffsetTransformBase_double_3_3
Parameters: 0.9998344942210239 -0.017650197355628745 0.00435303833178017 0.017739070715212333 0.9996159747493102 -0.021275833513543285 -0.003975356773222878 0.021350132551084366 0.9997638539683047 0.9359014164004122 -2.6444779544332846 -0.9316082566280386
FixedParameters: 0 0 0
#Transform 153
Transform: MatrixOffsetTransformBase_double_3_3
Parameters: 0.999855524824297 -0.01645671885373907 0.0043164653868087224 0.01654116481846507 0.9996569657518003 -0.020319571514003376 -0.0039803375535309715 0.02038842049758527 0.9997838427837505 0.937529081966062 -2.5819297579119933 -0.7295511713235214
FixedParameters: 0 0 0
#Transform 154
Transform: MatrixOffsetTransformBase_double_3_3
Parameters: 0.9998471632272773 -0.016996128146541594 0.004115483115363746 0.017075420184470343 0.9996561160301656 -0.019906735141677956 -0.003775107112180794 0.01997326811916611 0.9997937000486631 0.8488280582281931 -2.4055161395711906 -0.846572422590782
FixedParameters: 0 0 0
#Transform 155
Transform: MatrixOffsetTransformBase_double_3_3
Parameters: 0.9998652302568454 -0.016083728800072538 0.003326428331850668 0.016148609250269497 0.9996603730721657 -0.02046560518322932 -0.002995707125091311 0.0205163942443245 0.9997849502086049 0.7914035862947202 -2.5583223339839805 -0.7361676208326742
FixedParameters: 0 0 0
#Transform 156
Transform: MatrixOffsetTransformBase_double_3_3
Parameters: 0.9998531129546554 -0.016784430004437773 0.0033392052019635644 0.016849554101700536 0.9996475384600075 -0.020533840548654786 -0.0029927069668166393 0.020587178818377655 0.9997839544740664 0.7759817911217652 -2.443064799305944 -0.8542656464078959
FixedParameters: 0 0 0
#Transform 157
Transform: MatrixOffsetTransformBase_double_3_3
Parameters: 0.9998557332925321 -0.0165522552263481 0.0037765069169354583 0.016630221093846247 0.9996305012279039 -0.021498509938300048 -0.0034188356270957463 0.02155749514302152 0.9997621481401687 0.8463866968464089 -2.6324062953072627 -0.8595350255039307
FixedParameters: 0 0 0
#Transform 158
Transform: MatrixOffsetTransformBase_double_3_3
Parameters: 0.9998644968546222 -0.016125335459265977 0.0032343808268715636 0.016188771467228833 0.9996544253006626 -0.020686871441617016 -0.0028991829558275093 0.020737107873120636 0.9997809480165288 0.7689525035099223 -2.4861704202704544 -0.7153217462767714
FixedParameters: 0 0 0
#Transform 159
Transform: MatrixOffsetTransformBase_double_3_3
Parameters: 0.99986415636934 -0.016044574201504447 0.003659122527494533 0.01612005313945608 0.9996391198530692 -0.021514466354954603 -0.0033131527086992453 0.02157055898951743 0.9997617067753326 0.8064239241934104 -2.537211412916406 -0.8559043420277703
FixedParameters: 0 0 0
#Transform 160
Transform: MatrixOffsetTransformBase_double_3_3
Parameters: 0.9998637216365309 -0.016101055340336855 0.003608790981093987 0.01617923251481424 0.9996061357563188 -0.022937321832891794 -0.0032380149495619456 0.022992695752868136 0.9997305920868916 0.8390160630208499 -2.741819713955124 -0.9180903091812525
FixedParameters: 0 0 0
#Transform 161
Transform: MatrixOffsetTransformBase_double_3_3
Parameters: 0.9998630345805285 -0.016328881455627456 0.0025108273129062575 0.016378843962392503 0.9996435373632275 -0.02110001002621148 -0.002165725228934077 0.021138012100498454 0.99977431204467 0.729783220877593 -2.536525532569641 -0.7463051658448023
FixedParameters: 0 0 0
#Transform 162
Transform: MatrixOffsetTransformBase_double_3_3
Parameters: 0.9998314154972439 -0.0179657778154187 0.003712765078394066 0.018049707306397086 0.9995508767138513 -0.023917797529056123 -0.0032812257819908224 0.023980199864650303 0.999707168539811 0.890087197517488 -2.8188497028998682 -1.075804822486731
FixedParameters: 0 0 0
#Transform 163
Transform: MatrixOffsetTransformBase_double_3_3
Parameters: 0.9998555757828178 -0.01642503905793997 0.004314909319541559 0.01651148327802014 0.9996472910093369 -0.020798563252054453 -0.0039720491135853365 0.020867428315582998 0.9997741003519622 0.9198997648057201 -2.650680548221743 -0.6501597870011153
FixedParameters: 0 0 0
#Transform 164
Transform: MatrixOffsetTransformBase_double_3_3
Parameters: 0.9998582932569355 -0.016331750091312113 0.003995123803170797 0.01641765935020046 0.9996124791863042 -0.02248216084354282 -0.003625853918312794 0.02254381669713862 0.9997389440899782 0.8570464369620794 -2.6441980135624163 -0.884880268088466
FixedParameters: 0 0 0
#Transform 165
Transform: MatrixOffsetTransformBase_double_3_3
Parameters: 0.9998724247296866 -0.015591013461638268 0.0033890736696703563 0.01566318599436501 0.9996231975695329 -0.022520450395378144 -0.003035926850184125 0.022570507765945852 0.999740435017281 0.8198107841950559 -2.7652718399923373 -0.7965964642706638
FixedParameters: 0 0 0
#Transform 166
Transform: MatrixOffsetTransformBase_double_3_3
Parameters: 0.9998710082350792 -0.015768983839813684 0.003209474135446073 0.015833634060817888 0.9996553573696769 -0.020934159549113956 -0.0028783146766582237 0.020981846811709642 0.9997760218159624 0.7684511062550001 -2.557789292476656 -0.7087182649833039
FixedParameters: 0 0 0
#Transform 167
Transform: MatrixOffsetTransformBase_double_3_3
Parameters: 0.9998525659870511 -0.016793030105527334 0.0036610185023304765 0.016877521993116894 0.999560415013982 -0.02438408580271728 -0.0032503927826935835 0.02444192925203348 0.9996958957252742 0.8629005123159175 -2.867714784658233 -1.1270856778462246
FixedParameters: 0 0 0
#Transform 168
Transform: MatrixOffsetTransformBase_double_3_3
Parameters: 0.9998727217955522 -0.015617323710088374 0.0033704857647819035 0.01568357410169992 0.9996653633414332 -0.020552442032010843 -0.0030476818683416083 0.020602540380851575 0.999783348069442 0.8532812135425729 -2.613527374561457 -0.7030098058453689
FixedParameters: 0 0 0
#Transform 169
Transform: MatrixOffsetTransformBase_double_3_3
Parameters: 0.9998714989612287 -0.015734088849591724 0.0029865156189436805 0.01579685187395945 0.9996273106611905 -0.02225590480495429 -0.002635831717031288 0.0223000752886581 0.999747383304085 0.8315873606840114 -2.72326962283816 -0.905438885210657
FixedParameters: 0 0 0
#Transform 170
Transform: MatrixOffsetTransformBase_double_3_3
Parameters: 0.9998756085882036 -0.015526702283208987 0.002704174807646797 0.015580449101952797 0.9996468910797918 -0.021531905636222343 -0.002368640246491778 0.02157210264253731 0.9997645743110427 0.7868098707015889 -2.6616665844523197 -0.6824853422772605
FixedParameters: 0 0 0
#Transform 171
Transform: MatrixOffsetTransformBase_double_3_3
Parameters: 0.9998678527094512 -0.01597979227465398 0.002962602058053488 0.016040442547281188 0.9996344188641548 -0.021765344718512658 -0.0026140067982742543 0.02181066566370063 0.9997588243023094 0.8247764164035658 -2.569247253386706 -0.8607615395767994
FixedParameters: 0 0 0
#Transform 172
Transform: MatrixOffsetTransformBase_double_3_3
Parameters: 0.9998646426035771 -0.016178334850671692 0.0029329295292529643 0.016241565207538743 0.9996025370583721 -0.02304637196887796 -0.0025591350889627267 0.023090611597832794 0.999729580937939 0.8545265161229878 -2.821569041026592 -0.9277973005720241
FixedParameters: 0 0 0
#Transform 173
Transform: MatrixOffsetTransformBase_double_3_3
Parameters: 0.9998541377665799 -0.016857280183676358 0.0027705931754356096 0.016914552674942487 0.9996094973792745 -0.02221950434440692 -0.0023948725273569586 0.022263463098926045 0.9997490778590066 0.8755300860532174 -2.7389208119797246 -0.805886392635017
FixedParameters: 0 0 0
#Transform 174
Transform: MatrixOffsetTransformBase_double_3_3
Parameters: 0.9998469949879609 -0.017174131366868295 0.0031671805146919092 0.017239867048241243 0.9996086464368176 -0.02202236489002718 -0.0027871586690128396 0.02207359367714226 0.9997519285083445 0.9008018909965614 -2.688047769678178 -0.8667403929493673
FixedParameters: 0 0 0
#Transform 175
Transform: MatrixOffsetTransformBase_double_3_3
Parameters: 0.9998696109539484 -0.015819389313147306 0.003181249424729308 0.015886529732431837 0.9996230669740023 -0.022386939962313862 -0.0028264367301982438 0.022435044760525907 0.9997438469005345 0.8571677198360703 -2.7562218683508632 -0.9377847490142415
FixedParameters: 0 0 0
#Transform 176
Transform: MatrixOffsetTransformBase_double_3_3
Parameters: 0.9998884079376363 -0.014891837782090162 0.0013460037314588355 0.014914597310924026 0.9997117978750709 -0.018791658250210896 -0.001065500325158228 0.018809326047837888 0.9998225907518875 0.637339349241941 -2.4093744400239245 -0.6226013588195372
FixedParameters: 0 0 0
#Transform 177
Transform: MatrixOffsetTransformBase_double_3_3
Parameters: 0.9998860162731433 -0.015027523562316195 0.0017736299305853736 0.015062120469757254 0.9996543452601911 -0.021559229395020668 -0.0014497960620399374 0.02158278738280653 0.9997658929923414 0.7291418623826331 -2.6682694624272187 -0.9518342976344343
FixedParameters: 0 0 0
#Transform 178
Transform: MatrixOffsetTransformBase_double_3_3
Parameters: 0.9998885301289165 -0.014886351840372066 0.001361372994806093 0.014913260631719927 0.9996363854920935 -0.022461851166607955 -0.0010260225124167366 0.022479152757481108 0.9997471138601558 0.7476565054983553 -2.831931012136735 -0.8466091040270101
FixedParameters: 0 0 0
#Transform 179
Transform: MatrixOffsetTransformBase_double_3_3
Parameters: 0.9998822396149718 -0.015201581342247153 0.002158947720581922 0.015245890027978786 0.9996335811474182 -0.022380874109036053 -0.0018184861105248768 0.0224111547672661 0.999747311213319 0.7794081321759592 -2.7413468733964095 -0.8043156781262439
FixedParameters: 0 0 0
#Transform 180
Transform: MatrixOffsetTransformBase_double_3_3
Parameters: 0.9998839745938373 -0.015064827809342159 0.0024622821536883378 0.01511967758905326 0.999596602245625 -0.024054467637897953 -0.0020994100720286004 0.02408853672734515 0.9997072625511976 0.7581118300520444 -2.903779788100209 -1.1078919196972947
FixedParameters: 0 0 0
#Transform 181
Transform: MatrixOffsetTransformBase_double_3_3
Parameters: 0.9998875537189876 -0.014847996579275763 0.0022283915037637414 0.014894486911892825 0.9996396036666995 -0.02234025032191489 -0.0018954874190159486 0.02237076176720429 0.9997482317462593 0.7264147838874067 -2.7847770624950243 -0.7977461942379875
FixedParameters: 0 0 0
#Transform 182
Transform: MatrixOffsetTransformBase_double_3_3
Parameters: 0.9998929523497744 -0.014518575304204752 0.0018007201840774415 0.014555085865603003 0.9996520928737043 -0.022022018542318667 -0.0014800224633168347 0.02204599333151358 0.9997556950388575 0.7060812511154637 -2.698268809367292 -0.874871589056653
FixedParameters: 0 0 0
#Transform 183
Transform: MatrixOffsetTransformBase_double_3_3
Parameters: 0.9998944723026544 -0.014361393544274677 0.0020680765115725303 0.014404548771208345 0.9996311291136345 -0.023027030122285186 -0.0017365429745277413 0.023053959554811126 0.9997324172944251 0.7410754112038092 -2.8746829184869256 -1.0105749624007956
FixedParameters: 0 0 0
#Transform 184
Transform: MatrixOffsetTransformBase_double_3_3
Parameters: 0.9999016702287964 -0.013901126835245914 0.0020216510458827713 0.013942568350493954 0.9996482777586706 -0.02254586228779676 -0.0017077648472067519 0.022572112204137462 0.9997433963239339 0.7402002701176826 -2.8801370681335783 -0.8641164085767628
FixedParameters: 0 0 0
#Transform 185
Transform: MatrixOffsetTransformBase_double_3_3
Parameters: 0.9999170363978538 -0.012822388702404824 0.0015931797639443322 0.012855015520339703 0.9996713918695436 -0.02216679436406005 -0.0013076828959424516 0.022186179609619855 0.9997528887662799 0.650176352732359 -2.7421312199001022 -0.9017796331208388
FixedParameters: 0 0 0
#Transform 186
Transform: MatrixOffsetTransformBase_double_3_3
Parameters: 0.9999014133427777 -0.013962399647203952 0.0012717604799863896 0.013990382477907187 0.9995949332949919 -0.02477131459726764 -0.0009257283085440075 0.02478666895156867 0.9996922338356294 0.6820544510163558 -3.0647401118903588 -1.0698988012068469
FixedParameters: 0 0 0
#Transform 187
Transform: MatrixOffsetTransformBase_double_3_3
Parameters: 0.9999184807640087 -0.012718268141137521 0.0008694802389747015 0.012734624938469526 0.9996728389457193 -0.022197659070398806 -0.0005867616078150045 0.022206371713802964 0.9997536219359552 0.5818094432313501 -2.8102495082235492 -0.805131474273935
FixedParameters: 0 0 0
#Transform 188
Transform: MatrixOffsetTransformBase_double_3_3
Parameters: 0.9999186832551016 -0.012693718385125423 0.0010884244387285953 0.01271646217878101 0.9996101628182374 -0.02484699028552173 -0.0007724162555524441 0.024859010159334477 0.9996909362353575 0.5959930275216578 -3.0850800863345853 -1.1750443761475537
FixedParameters: 0 0 0
#Transform 189
Transform: MatrixOffsetTransformBase_double_3_3
Parameters: 0.9999197947064181 -0.012693961702600488 -0.0002270090815235052 0.012683735944250322 0.9995406291658767 -0.02753635582293812 0.0005765882452119592 0.0275306499858953 0.9996206295326238 0.482879774053103 -3.2604852582888384 -1.4277098879039727
FixedParameters: 0 0 0
#Transform 190
Transform: MatrixOffsetTransformBase_double_3_3
Parameters: 0.9999814726151716 -0.005663167160982885 0.002110953462429707 0.005710024713803265 0.9997200315077519 -0.022968055141085048 -0.001980433133442109 0.022979939404304178 0.9997336829115999 0.39046176714836633 -2.7777334539219822 -0.5020932649868257
FixedParameters: 0 0 0
#Transform 191
Transform: MatrixOffsetTransformBase_double_3_3
Parameters: 0.9999773060565766 -0.006330179862746805 0.0023715737562289133 0.0063844267662832915 0.9996980989480672 -0.023720860532483956 -0.002220453288384491 0.02373514076439137 0.9997159997017085 0.4262714319489618 -2.792824717570383 -0.7537818475242659
FixedParameters: 0 0 0
#Transform 192
Transform: MatrixOffsetTransformBase_double_3_3
Parameters: 0.9999593007853924 -0.008866419104420313 0.0014434313508944105 0.008898364008241682 0.9996746420589916 -0.023904053531596414 -0.0012318080307607904 0.023915947273550453 0.9997130959689051 0.4676136713169967 -2.8711437584298665 -0.802078808631336
FixedParameters: 0 0 0
#Transform 193
Transform: MatrixOffsetTransformBase_double_3_3
Parameters: 0.9999390072502586 -0.010814121382236785 0.0024585791132422934 0.010869168909455109 0.9996609423791946 -0.023668216695769212 -0.0022021384601069874 0.023693769289329564 0.9997162938923588 0.6090922883136898 -2.818056428341336 -0.7690356045553131
FixedParameters: 0 0 0
#Transform 194
Transform: MatrixOffsetTransformBase_double_3_3
Parameters: 0.9999358267694409 -0.01115143069385243 0.001953262735321662 0.01119550779767387 0.999643114244988 -0.024248889013915947 -0.0016820084182413402 0.024269075845974847 0.9997035042661593 0.6258231256548044 -2.8215531269435843 -0.797559161171165
FixedParameters: 0 0 0
#Transform 195
Transform: MatrixOffsetTransformBase_double_3_3
Parameters: 0.9999316430306371 -0.01149617738397089 0.0022795197330054457 0.011548225345543612 0.9996314966356898 -0.024570513345960443 -0.001996205711777462 0.024594483144076668 0.9996953237022828 0.611645386884689 -2.9082891272298212 -1.01462322735307
FixedParameters: 0 0 0
#Transform 196
Transform: MatrixOffsetTransformBase_double_3_3
Parameters: 0.9999323900212547 -0.011469270766303712 0.001748804494469051 0.011507186669776329 0.9996603475732309 -0.023372245932507557 -0.0014808499196541033 0.0233907575661918 0.999725466991752 0.6032270963077053 -2.867573382286764 -0.8720971152211803
FixedParameters: 0 0 0
#Transform 197
Transform: MatrixOffsetTransformBase_double_3_3
Parameters: 0.9999336906222932 -0.011448961355505306 0.0014917790124682148 0.011482160135589631 0.9996344319622316 -0.024483243593900805 -0.0012107332295599178 0.024498774954838626 0.9996994201047501 0.5970877277106013 -2.939193902047137 -1.0161845223776425
FixedParameters: 0 0 0
#Transform 198
Transform: MatrixOffsetTransformBase_double_3_3
Parameters: 0.9999317994842566 -0.011571032678529245 0.0015184431971806184 0.011606572190606441 0.9995986214116215 -0.025854345326587674 -0.0012185259858340514 0.025870647474250996 0.9996641711044859 0.6315745633056338 -3.2026248626284257 -1.1541603016517854
FixedParameters: 0 0 0
#Transform 199
Transform: MatrixOffsetTransformBase_double_3_3
Parameters: 0.9999211591181916 -0.012444555864826725 0.0017212803702835275 0.012484905864960833 0.9995962041868113 -0.025538120137625464 -0.0014024278883459811 0.02555688879357143 0.9996723405925972 0.6820350312429042 -3.150141859226224 -0.9101934770494893
FixedParameters: 0 0 0
#Transform 200
Transform: MatrixOffsetTransformBase_double_3_3
Parameters: 0.9999259428337494 -0.012050398279877781 0.0019598007982601995 0.012096115986130498 0.9996064951722436 -0.025313708200925406 -0.0016536231083889958 0.025335288165826336 0.9996775336123869 0.6768858517982892 -3.125092017831804 -1.06979120646659
FixedParameters: 0 0 0
#Transform 201
Transform: MatrixOffsetTransformBase_double_3_3
Parameters: 0.9999231267764358 -0.012294444704870061 0.0013113068390358032 0.012322049077602107 0.9996325643097074 -0.02412358590306224 -0.001014252234984069 0.024137374890696756 0.9997077872491734 0.6328704553665574 -3.093273189041412 -0.8957236838207905
FixedParameters: 0 0 0
#Transform 202
Transform: MatrixOffsetTransformBase_double_3_3
Parameters: 0.9999295282161299 -0.011841952589157564 0.0011139634398777026 0.011864845485456875 0.9996399253752446 -0.02408617716045447 -0.000828520420669023 0.024097860877172278 0.9997095434250376 0.6358003622035397 -3.023688859671765 -0.8017183659163436
FixedParameters: 0 0 0
#Transform 203
Transform: MatrixOffsetTransformBase_double_3_3
Parameters: 0.9999277800216133 -0.011983326200138936 0.001270889714939442 0.012011887481380578 0.9996012794472178 -0.025552644579198508 -0.00096374395445429 0.025566348790326293 0.9996726637407227 0.6724089230994679 -3.0919721261306137 -1.1959296944983464
FixedParameters: 0 0 0
#Transform 204
Transform: MatrixOffsetTransformBase_double_3_3
Parameters: 0.9999070593343301 -0.013475117253412869 0.0018300076611600378 0.01351740817820456 0.9995890124070905 -0.025273977731093994 -0.001488602346381714 0.025297022805130548 0.9996790702868497 0.7619203774352172 -3.2045466871859105 -0.9535030652403407
FixedParameters: 0 0 0
#Transform 205
Transform: MatrixOffsetTransformBase_double_3_3
Parameters: 0.9999198002201715 -0.012510164940904579 0.0019183521882559069 0.012553354430466247 0.9996324782696575 -0.024015535956880135 -0.0016172829232751873 0.024037440788390124 0.9997095641736912 0.7054987818711282 -2.9698979985463723 -0.8876770658485214
FixedParameters: 0 0 0
#Transform 206
Transform: MatrixOffsetTransformBase_double_3_3
Parameters: 0.9999107032793558 -0.013238835531325611 0.0020071645959763643 0.013288115011964977 0.9995415137975322 -0.027213731162358423 -0.0016456360461943236 0.027237262604248108 0.9996273926502628 0.7627740877957763 -3.2623438749055538 -1.2375596769805668
FixedParameters: 0 0 0
#Transform 207
Transform: MatrixOffsetTransformBase_double_3_3
Parameters: 0.9999216547212517 -0.012414683977048499 0.00148568535636418 0.01244912334901623 0.9995966400058924 -0.02554182688137202 -0.0011688027375502854 0.025558228188033077 0.9996731441047605 0.6550883440663995 -3.081286304615446 -1.0401179713825002
FixedParameters: 0 0 0
#Transform 208
Transform: MatrixOffsetTransformBase_double_3_3
Parameters: 0.9999262084651002 -0.012049427052030794 0.0016126370219756599 0.01208762391828626 0.9995765614979772 -0.02645474385157867 -0.001293109468592855 0.0264722363988599 0.9996487167382737 0.6576679708132644 -3.211615301962624 -0.8897909683158503
FixedParameters: 0 0 0
#Transform 209
Transform: MatrixOffsetTransformBase_double_3_3
Parameters: 0.9999174300074143 -0.012679148269013922 0.001950737739563993 0.012723188816775446 0.9996155207239354 -0.02464255694922432 -0.0016372924160840178 0.02466443041241906 0.9996940846702741 0.6474910525398911 -3.0064908155470533 -0.852235842022651
FixedParameters: 0 0 0
#Transform 210
Transform: MatrixOffsetTransformBase_double_3_3
Parameters: 0.9999191599189511 -0.012601884508091379 0.0017420241202541727 0.012642184258077638 0.9995826485586823 -0.025959917496186313 -0.001414212167415831 0.025980058171649723 0.999661348074963 0.6851205623524663 -3.13164898707511 -1.0127341579438678
FixedParameters: 0 0 0
#Transform 211
Transform: MatrixOffsetTransformBase_double_3_3
Parameters: 0.9999065135368697 -0.013445534647265235 0.0023874117390193534 0.01350439757626394 0.999550385158712 -0.026777930162663083 -0.0020259823166783528 0.026808051739031225 0.9996380744328001 0.7571913466940288 -3.283784130762726 -1.111702126700834
FixedParameters: 0 0 0
#Transform 212
Transform: MatrixOffsetTransformBase_double_3_3
Parameters: 0.999957932649153 -0.008299275803264543 0.004024130335247471 0.008388838560140647 0.9997024348492665 -0.02289854904635555 -0.0038323531498973525 0.022931461489978405 0.9997301428650405 0.6364246084264948 -2.567837352214738 -0.5589182256294976
FixedParameters: 0 0 0
#Transform 213
Transform: MatrixOffsetTransformBase_double_3_3
Parameters: 0.9999536980294205 -0.008974981926554096 0.0035704907073425126 0.009055144868217074 0.9996914834433916 -0.023138835194612822 -0.0033623401572267266 0.023170176991956115 0.9997257837848355 0.6258542207595355 -2.539263736460569 -0.7341291722447068
FixedParameters: 0 0 0
#Transform 214
Transform: MatrixOffsetTransformBase_double_3_3
Parameters: 0.9999533977131929 -0.009402033489666397 0.0022794919756688146 0.009453876597180874 0.9996762836650915 -0.023641726883120495 -0.0020567483310241687 0.023662307231963914 0.9997180963227105 0.5737658495874314 -2.750652802616713 -0.7549947496568734
FixedParameters: 0 0 0
#Transform 215
Transform: MatrixOffsetTransformBase_double_3_3
Parameters: 0.9999469196671419 -0.010034181227882846 0.0023235741260764337 0.010082875092712424 0.9997005319861395 -0.022296210962676283 -0.002099260948720418 0.022317804028753524 0.9997490326105261 0.5473256149392967 -2.6464505982243764 -0.67106616339467
FixedParameters: 0 0 0
#Transform 216
Transform: MatrixOffsetTransformBase_double_3_3
Parameters: 0.9999341381130973 -0.011055656510140208 0.00326098726422359 0.011132954594114628 0.9996283886121199 -0.024875258856319304 -0.0029850980761918083 0.024909737042925262 0.9996852432725176 0.6811959132027994 -2.90225944554642 -0.954683795139232
FixedParameters: 0 0 0
#Transform 217
Transform: MatrixOffsetTransformBase_double_3_3
Parameters: 0.9999378533025397 -0.011027970393509518 0.0018780875797587539 0.011069889503689466 0.9996479973258992 -0.024104501638656628 -0.0016124040089517818 0.024123499704823498 0.9997076804380518 0.5678298682855143 -2.926212864337373 -0.7513342579783
FixedParameters: 0 0 0
#Transform 218
Transform: MatrixOffsetTransformBase_double_3_3
Parameters: 0.9999065772778096 -0.013303257313322754 0.003073191198857003 0.013379749360505403 0.9995569466632116 -0.026601766101059604 -0.002718322903480761 0.02664023814544278 0.9996409579237441 0.8489024754703536 -3.130437959029024 -1.2654787199778355
FixedParameters: 0 0 0
#Transform 219
Transform: MatrixOffsetTransformBase_double_3_3
Parameters: 0.9999349822198832 -0.011250300483327725 0.0021068709065491967 0.011294475548204307 0.9996913565068953 -0.02212003094768275 -0.0018584120467946576 0.022142963185568187 0.999752867176021 0.7268156771123273 -2.886495518346308 -0.7479161603859836
FixedParameters: 0 0 0
#Transform 220
Transform: MatrixOffsetTransformBase_double_3_3
Parameters: 0.9999424572498555 -0.010601337239536013 0.0017766984027609328 0.010636154720145874 0.9997178280581959 -0.0212340345619067 -0.0015511436349305253 0.02125196260700915 0.9997729712309629 0.6276093454068388 -2.6939814188493614 -0.8483314297462812
FixedParameters: 0 0 0
#Transform 221
Transform: MatrixOffsetTransformBase_double_3_3
Parameters: 0.999971067449157 -0.006930813628149111 0.003146447648152412 0.006994187002836574 0.9997582695968257 -0.020833879272907113 -0.0030014075142575235 0.02085510227459167 0.9997777048740902 0.5525567746319808 -2.583007011613347 -0.580383873492849
FixedParameters: 0 0 0
#Transform 222
Transform: MatrixOffsetTransformBase_double_3_3
Parameters: 0.9999529093186569 -0.009601583592211554 0.0017037048794673383 0.009633522462467889 0.9997483664740093 -0.02024198498967114 -0.0015096615450979221 0.02025799634873421 0.9997933146268947 0.5895854509279701 -2.4824971103581532 -0.6589538584948684
FixedParameters: 0 0 0
#Transform 223
Transform: MatrixOffsetTransformBase_double_3_3
Parameters: 0.9999355252494234 -0.011226598241323892 0.0018545636942210513 0.01126390850433726 0.9996998662856947 -0.021770805797454967 -0.0016092632297771995 0.021790226023531617 0.9997617346377913 0.6140379182490392 -2.6335402831099657 -1.004996999792894
FixedParameters: 0 0 0
#Transform 224
Transform: MatrixOffsetTransformBase_double_3_3
Parameters: 0.9999260274614455 -0.012068247490020141 0.0015271119986140413 0.012098079219329675 0.9996892809892067 -0.021775463355628355 -0.0012632582560830165 0.021792504010076902 0.9997615141260081 0.6707684142473767 -2.7765412968489898 -0.8508882257907544
FixedParameters: 0 0 0
#Transform 225
Transform: MatrixOffsetTransformBase_double_3_3
Parameters: 0.9999407095758672 -0.010774004447952054 0.0017918794225185082 0.010807821326328362 0.999735578364689 -0.020306995581682474 -0.0015731710731427821 0.02032503371595576 0.9997925410828722 0.6383319089485155 -2.602035169343452 -0.7483138562579654
FixedParameters: 0 0 0
#Transform 226
Transform: MatrixOffsetTransformBase_double_3_3
Parameters: 0.9999295897727944 -0.011751985103719949 0.0018176076330662632 0.011789139627054657 0.9996794778683651 -0.022413828756385118 -0.00155369034994621 0.022433191033518374 0.9997473227475665 0.7085984934055318 -2.76687194957384 -1.2183852125263854
FixedParameters: 0 0 0
#Transform 227
Transform: MatrixOffsetTransformBase_double_3_3
Parameters: 0.9999631076158453 -0.00835352366615354 0.002259666955434951 0.008399044860195468 0.9997512784588809 -0.020660695338189067 -0.002085816564777149 0.020679307947462866 0.9997842239942728 0.569367557876518 -2.625327630126492 -0.6486249256421104
FixedParameters: 0 0 0
#Transform 228
Transform: MatrixOffsetTransformBase_double_3_3
Parameters: 0.9999450299657877 -0.01039200232413533 0.0014035413804077072 0.010419328105379724 0.9997284365589091 -0.02081966209824518 -0.0011865470868752544 0.020832302868004055 0.99978203165079 0.6562833141998254 -2.6540938256314064 -0.8064879775284339
FixedParameters: 0 0 0
#Transform 229
Transform: MatrixOffsetTransformBase_double_3_3
Parameters: 0.9999412473025734 -0.010677083758515435 0.0016594011101957774 0.010711048288817108 0.9996934080075718 -0.02233550930947839 -0.0014206620221739576 0.022351508019936267 0.9997492211207024 0.6923814617070576 -2.865893821119542 -0.8248381249939882
FixedParameters: 0 0 0
#Transform 230
Transform: MatrixOffsetTransformBase_double_3_3
Parameters: 0.9999396149388188 -0.010780735547340442 0.0022706748905313586 0.010825088253262236 0.999731649138697 -0.02048798961128584 -0.002049419392223679 0.020511013579331744 0.9997873929056003 0.695727317305753 -2.6666958478193834 -0.785410765972216
FixedParameters: 0 0 0
#Transform 231
Transform: MatrixOffsetTransformBase_double_3_3
Parameters: 0.9999314943732541 -0.011504907274503977 0.0022679282516273264 0.011552173425000081 0.9996842286877501 -0.0223185252334909 -0.0020106634052992687 0.022343455820101638 0.9997477603191189 0.7246711973025697 -2.851158753488477 -0.9266580220133278
FixedParameters: 0 0 0
#Transform 232
Transform: MatrixOffsetTransformBase_double_3_3
Parameters: 0.9999187874694511 -0.012434324710734445 0.002754817065710419 0.012492833488688205 0.99967579128439 -0.022169971390908816 -0.002477792283070768 0.02220200367213382 0.9997503984389804 0.8324224515165639 -2.8897071616756307 -0.8932683782317099
FixedParameters: 0 0 0
#Transform 233
Transform: MatrixOffsetTransformBase_double_3_3
Parameters: 0.9999250719635319 -0.012052268753479145 0.0019136500082466618 0.012088725590405695 0.9997225953988097 -0.02019868273238226 -0.0016698004444399915 0.020220320550817156 0.9997945148724365 0.6573047646461703 -2.613255562346822 -0.7773650119853812
FixedParameters: 0 0 0
#Transform 234
Transform: MatrixOffsetTransformBase_double_3_3
Parameters: 0.9999164647740302 -0.012705644933876001 0.0024679084166437833 0.012758841732633206 0.9996590781224317 -0.02276969518893565 -0.002178162317879214 0.02279930976937075 0.999737941368057 0.7592092514605042 -2.91127378050156 -0.9405039093493031
FixedParameters: 0 0 0
#Transform 235
Transform: MatrixOffsetTransformBase_double_3_3
Parameters: 0.9999285920634107 -0.011792044965393716 0.002086542818544097 0.011834128472855853 0.9996972092186337 -0.021583800518543667 -0.0018311695803724774 0.02160619205343478 0.9997645527401969 0.6328768729760981 -2.7727787155955212 -0.7679404971068493
FixedParameters: 0 0 0
#Transform 236
Transform: MatrixOffsetTransformBase_double_3_3
Parameters: 0.9999181857068928 -0.012478916443359684 0.002842070269700004 0.012543527041799628 0.9996378298674663 -0.02379389766404763 -0.002544458574614362 0.02382810663350876 0.9997132210658879 0.771878703024754 -3.006993506731476 -1.133408762031678
FixedParameters: 0 0 0
#Transform 237
Transform: MatrixOffsetTransformBase_double_3_3
Parameters: 0.9999286349223838 -0.011956286394566125 0.0006341397017355257 0.011969285310902912 0.9995805624507317 -0.026369042977731683 -0.00031818822013977415 0.026374935608004052 0.9996518164548122 0.6738400848227997 -3.2395376920257064 -1.4754668312890828
FixedParameters: 0 0 0
#Transform 238
Transform: MatrixOffsetTransformBase_double_3_3
Parameters: 0.9999316625510996 -0.011612135388492274 0.0012185462176752032 0.011636873156505039 0.9996872232661581 -0.02215648506230028 -0.0009603681852079451 0.02216953306736194 0.9997538875797372 0.7656551238125928 -3.1426363514472655 -0.8363535285229489
FixedParameters: 0 0 0
#Transform 239
Transform: MatrixOffsetTransformBase_double_3_3
Parameters: 0.9999382613001019 -0.011045051371247151 0.001320353879744368 0.01107039347245215 0.999713351172928 -0.021215339063243632 -0.0010860944340788548 0.02122865301128521 0.9997740344119898 0.7314257220884599 -2.9123615059905887 -0.6895484473535589
FixedParameters: 0 0 0
#Transform 240
Transform: MatrixOffsetTransformBase_double_3_3
Parameters: 0.9999335648336587 -0.011463032419216628 0.0010146633212107187 0.011482196699807308 0.9997029888076325 -0.02149632484072947 -0.0007681202022009315 0.021506694299174234 0.9997688090929457 0.7308750376155189 -2.8137340194792273 -0.781582571622863
FixedParameters: 0 0 0
#Transform 241
Transform: MatrixOffsetTransformBase_double_3_3
Parameters: 0.9999287983287212 -0.011902035507367539 0.0007341812590219601 0.011914934621515758 0.9996987199419508 -0.021450420868566827 -0.0004795959927102133 0.02145757131272713 0.9997693916337805 0.7086347844832943 -2.8146556747585976 -0.8605980182054509
FixedParameters: 0 0 0
#Transform 242
Transform: MatrixOffsetTransformBase_double_3_3
Parameters: 0.9999283308232213 -0.011925603362090656 0.0006680948396113088 0.011936986464953737 0.9997004126714636 -0.02138025950248626 -0.00041248447903996646 0.021386750006935018 0.9997712726088718 0.731589577018326 -2.7452612327573434 -0.7944132690860215
FixedParameters: 0 0 0
#Transform 243
Transform: MatrixOffsetTransformBase_double_3_3
Parameters: 0.9999248384653121 -0.012233647272521722 0.0006997572128409359 0.012246437515463034 0.9996818779071682 -0.022049690424741253 -0.00042983603645544143 0.022056288277669422 0.9997561365916006 0.7685322942046753 -2.8941168195846814 -1.0155323756991095
FixedParameters: 0 0 0
#Transform 244
Transform: MatrixOffsetTransformBase_double_3_3
Parameters: 0.9999270805122644 -0.012042330801727119 0.0009496446035943003 0.012059613098492915 0.9996934488648356 -0.021619119903810574 -0.0006888344236816896 0.021628894333677873 0.9997662931094659 0.7375250821768873 -2.7985985542877643 -0.8916363280754354
FixedParameters: 0 0 0
#Transform 245
Transform: MatrixOffsetTransformBase_double_3_3
Parameters: 0.9999068395003468 -0.013547721209633035 0.0019021029034967203 0.013586738100403114 0.9996514188109746 -0.02262797972797373 -0.001595430966017339 0.022651018755904168 0.9997421474324617 0.8996823958800633 -2.993080399063004 -1.112841328127132
FixedParameters: 0 0 0
#Transform 246
Transform: MatrixOffsetTransformBase_double_3_3
Parameters: 0.9999134302955289 -0.01302807906950732 0.0019565317938269695 0.013068395490321334 0.9996721212776353 -0.0220456738217025 -0.001668170507472995 0.022069345553563297 0.9997550813510634 0.8591988182189709 -3.0382187631755215 -1.0323977841444787
FixedParameters: 0 0 0
#Transform 247
Transform: MatrixOffsetTransformBase_double_3_3
Parameters: 0.9999218158076797 -0.012414297277762679 0.001439175481962409 0.012442334283122755 0.9996805494167272 -0.021993108949731666 -0.001165522343434376 0.022008880300123573 0.9997570236327449 0.7320601406807867 -2.978324637381988 -1.0167567570340168
FixedParameters: 0 0 0
#Transform 248
Transform: MatrixOffsetTransformBase_double_3_3
Parameters: 0.9999259258357718 -0.01212615451931463 0.001009226003897769 0.012145180086479542 0.9997060331587775 -0.020991716419086842 -0.0007548788959097645 0.021002290249086786 0.9997790146595709 0.6863419823066295 -2.8816496072248867 -0.7858498108046206
FixedParameters: 0 0 0
#Transform 249
Transform: MatrixOffsetTransformBase_double_3_3
Parameters: 0.9999216574891927 -0.012445259851732794 0.0015644491042932068 0.01247818881941681 0.9996591134497222 -0.022955774290934844 -0.001278953987294801 0.02297327438840277 0.9997356257989257 0.7560314183956507 -3.070421313372009 -1.0148631731853754
FixedParameters: 0 0 0
#Transform 250
Transform: MatrixOffsetTransformBase_double_3_3
Parameters: 0.9999186302649337 -0.012689548027740567 0.001527561191035256 0.012720083048725466 0.9996836936737512 -0.021666277853995997 -0.0012519757760816406 0.021683695002303133 0.9997641771543228 0.7683870491437403 -2.948908008530765 -0.8858749076505319
FixedParameters: 0 0 0
#Transform 251
Transform: MatrixOffsetTransformBase_double_3_3
Parameters: 0.9999209605060373 -0.012394336951869917 0.002098953661060317 0.012439847807179463 0.999659659524992 -0.022935099970771977 -0.0018142474813866022 0.02295991624540461 0.9997349447837087 0.793085313599704 -3.0607157832587717 -1.0922991571070213
FixedParameters: 0 0 0
#Transform 252
Transform: MatrixOffsetTransformBase_double_3_3
Parameters: 0.9999160477331546 -0.012785073050843972 0.0018682137369559508 0.012822766201581588 0.9996771805633426 -0.021920314064246327 -0.0015870349888104358 0.021942658246184327 0.9997577305214242 0.8247306760874693 -2.9854148953538555 -0.9055684772970096
FixedParameters: 0 0 0
#Transform 253
Transform: MatrixOffsetTransformBase_double_3_3
Parameters: 0.9999215739054718 -0.012397636850583272 0.0016467941069113262 0.01243157004209226 0.9996765050059074 -0.02218863436938276 -0.0013720995895716104 0.0222063754779524 0.9997524506944089 0.7525624068309043 -2.90416280865243 -1.0366534243817966
FixedParameters: 0 0 0
#Transform 254
Transform: MatrixOffsetTransformBase_double_3_3
Parameters: 0.9999153824746421 -0.0129130909445551 0.0016935105603919345 0.012947356193036578 0.9996645005853826 -0.022418574980486217 -0.0014038037987210443 0.022439432421959254 0.9997475923933492 0.7981765370089704 -3.011340575024633 -1.0538893043107862
FixedParameters: 0 0 0
#Transform 255
Transform: MatrixOffsetTransformBase_double_3_3
Parameters: 0.9998837293427872 -0.015072638388466092 0.002253206240657583 0.015118880642725601 0.9996366625229193 -0.02230112851647406 -0.0019162993781487113 0.022332860535194732 0.999748788163314 1.0091468454878907 -2.99225329047151 -0.8697391646314259
FixedParameters: 0 0 0
#Transform 256
Transform: MatrixOffsetTransformBase_double_3_3
Parameters: 0.9998951831204883 -0.014149208635349018 0.0031004944403218567 0.01421691541524176 0.9996289894114744 -0.023226228038018354 -0.002770898054504501 0.02326775600251829 0.9997251452733313 0.9424765114029441 -3.0636983466234824 -1.1915008435648247
FixedParameters: 0 0 0
#Transform 257
Transform: MatrixOffsetTransformBase_double_3_3
Parameters: 0.9999120929236147 -0.013107359424015256 0.0022557691486414563 0.013153742826234605 0.9996784982596645 -0.02166678406277389 -0.0019713758316588026 0.02169419422709798 0.9997623548839277 0.870372051223228 -2.979981008590144 -0.8410189528869694
FixedParameters: 0 0 0
#Transform 258
Transform: MatrixOffsetTransformBase_double_3_3
Parameters: 0.9999041210849196 -0.01357020438097617 0.0025939137446905633 0.0136257222021479 0.9996424750030174 -0.023021835116365186 -0.0022804460744155113 0.023055196511669596 0.9997319088122196 0.9289235488430734 -3.065503423101532 -1.1414284577096794
FixedParameters: 0 0 0
#Transform 259
Transform: MatrixOffsetTransformBase_double_3_3
Parameters: 0.999900189172429 -0.013854757830457714 0.0026178660350373384 0.013910289444871519 0.9996429168963311 -0.022794467777359856 -0.0023017106918531917 0.022828547989015846 0.9997373556775629 0.9225739840946261 -3.1416952864486376 -1.004453286119741
FixedParameters: 0 0 0
#Transform 260
Transform: MatrixOffsetTransformBase_double_3_3
Parameters: 0.9998862851872932 -0.01490272192141507 0.0021495851832214084 0.014946250097336002 0.9996396826110321 -0.02229041053545827 -0.0018169895523378783 0.022320597068286235 0.9997493515210794 0.9700478804687549 -3.0623862850795547 -1.0126495373604598
FixedParameters: 0 0 0
#Transform 261
Transform: MatrixOffsetTransformBase_double_3_3
Parameters: 0.9998926501134879 -0.014341108271731712 0.0031082655864269086 0.01441022060854189 0.999626604201554 -0.023204065167141324 -0.002773698547414785 0.023246914242538858 0.9997259950525532 1.0051675750451636 -3.2095920696416016 -1.171016463906426
FixedParameters: 0 0 0
#Transform 262
Transform: MatrixOffsetTransformBase_double_3_3
Parameters: 0.9998983796254476 -0.014132159553542292 0.0019738603391851357 0.014171091858245739 0.9996682978338817 -0.021516768626843208 -0.0016692242612017735 0.02154225874426499 0.9997668878019601 0.9031720347275609 -2.9901724293044367 -0.9107986503968561
FixedParameters: 0 0 0
#Transform 263
Transform: MatrixOffsetTransformBase_double_3_3
Parameters: 0.999900920872503 -0.013869972404772505 0.0023852835635136856 0.013923070166251442 0.9996207509675767 -0.023774168459564093 -0.002054548582219758 0.02380482562141975 0.9997140731589805 0.9279270140052631 -3.1326410479162377 -1.2194386492639637
FixedParameters: 0 0 0
#Transform 264
Transform: MatrixOffsetTransformBase_double_3_3
Parameters: 0.9999052144256614 -0.01356165814419378 0.0024191178074992607 0.013612215943217185 0.9996643344858631 -0.02204601746409271 -0.002118977858773475 0.022076990691488857 0.9997542955190257 0.8593230481566962 -3.0045800508893734 -0.8937270513310978
FixedParameters: 0 0 0
#Transform 265
Transform: MatrixOffsetTransformBase_double_3_3
Parameters: 0.9999040757008922 -0.013494501607739214 0.0029681803397082185 0.01355900104104795 0.9996489818255557 -0.022760610936974318 -0.00265933132021149 0.022798403615072432 0.9997370980793958 0.9021508606907105 -2.9867716317657766 -1.0507969772790773
FixedParameters: 0 0 0
#Transform 266
Transform: MatrixOffsetTransformBase_double_3_3
Parameters: 0.9999055447306394 -0.013510942078742125 0.0026281338807700207 0.013566974776099076 0.999646785676003 -0.022850215929653445 -0.002318884927977227 0.022883803622111315 0.999735772926796 0.8824779802693428 -3.0763288244427542 -0.9872454864143947
FixedParameters: 0 0 0
#Transform 267
Transform: MatrixOffsetTransformBase_double_3_3
Parameters: 0.999908457642109 -0.013372329179983666 0.0021719157893124066 0.01341730705973654 0.9996615381832498 -0.02228619931232001 -0.0018728125149571001 0.022312790687508688 0.9997492149591857 0.8818055331530132 -2.9939548783877967 -1.0218228356237375
FixedParameters: 0 0 0
#Transform 268
Transform: MatrixOffsetTransformBase_double_3_3
Parameters: 0.9998995009058191 -0.013931048903827237 0.0025325796848752868 0.013988069938851877 0.9996135878283219 -0.02404719172886699 -0.0021963629664718738 0.02408083183830964 0.9997075345253242 0.9152488823876723 -3.253914681872459 -1.2077637925377758
FixedParameters: 0 0 0
#Transform 269
Transform: MatrixOffsetTransformBase_double_3_3
Parameters: 0.9998947396272106 -0.01428527400669419 0.0024864887466412287 0.014339092417759531 0.9996273060942732 -0.02325516684224127 -0.0021534950459968023 0.023288844084728783 0.9997260576505563 0.9837036700692465 -3.1773991025504102 -0.9933937704051061
FixedParameters: 0 0 0
#Transform 270
Transform: MatrixOffsetTransformBase_double_3_3
Parameters: 0.9998974833327786 -0.014132717656396291 0.0024004648294210285 0.014185672368972493 0.9996269633258819 -0.023313799072058883 -0.0020695071260187483 0.02334518520399137 0.9997257851275042 0.9520718962681514 -3.134168986494899 -1.2289927114541683
FixedParameters: 0 0 0
#Transform 271
Transform: MatrixOffsetTransformBase_double_3_3
Parameters: 0.9999000989526964 -0.013820302299034491 0.002809995324533633 0.013878114796741356 0.9996653712257229 -0.02185212700060543 -0.0025066757532992284 0.02188887519160293 0.9997569281283629 0.9456393611380207 -3.084540855280707 -0.8814835713834839
FixedParameters: 0 0 0
#Transform 272
Transform: MatrixOffsetTransformBase_double_3_3
Parameters: 0.999894289056658 -0.014127065931834895 0.0033354672304435613 0.014199374687893274 0.9996402461448213 -0.022760780628253152 -0.0030129696286491123 0.022806244021225358 0.9997356771316309 0.9607880671945281 -3.0532116740624673 -0.9936765953712268
FixedParameters: 0 0 0
#Transform 273
Transform: MatrixOffsetTransformBase_double_3_3
Parameters: 0.9998889859197937 -0.014559509033051005 0.0033210438439764674 0.014638411949949894 0.999573620685781 -0.025279551733347866 -0.002951596714846449 0.025325457071690788 0.999674655567438 1.0351634729616137 -3.4020981699409134 -1.2480102635209107
FixedParameters: 0 0 0
#Transform 274
Transform: MatrixOffsetTransformBase_double_3_3
Parameters: 0.9998900424076919 -0.014426374129188634 0.0034376573069974958 0.014504451928335204 0.9996139009523642 -0.02371457004375907 -0.0030942222861274665 0.023762447217087895 0.9997128874566623 1.0565302513938235 -3.256145401668121 -1.0488011549544751
FixedParameters: 0 0 0
#Transform 275
Transform: MatrixOffsetTransformBase_double_3_3
Parameters: 0.9998910427589373 -0.014055740285285005 0.004402079652554051 0.014158838138670013 0.9996063723152769 -0.024237909348191894 -0.004059079966838655 0.024297104535320524 0.9996966096186681 1.114106241807903 -3.259009227494346 -1.2343124851157086
FixedParameters: 0 0 0
#Transform 276
Transform: MatrixOffsetTransformBase_double_3_3
Parameters: 0.9998890652226059 -0.014583851111187082 0.0028704290468226546 0.014650490365995668 0.9995829254903292 -0.024895919008423223 -0.002506015476948181 0.024935110734129906 0.9996863133534348 1.0859634804930067 -3.4068286309264977 -1.2421091584436112
FixedParameters: 0 0 0
#Transform 277
Transform: MatrixOffsetTransformBase_double_3_3
Parameters: 0.9998894769425052 -0.014361910698839039 0.0037751874848471626 0.014445147923064998 0.9996265618078596 -0.023176525012227722 -0.0034413188986383704 0.023228449052909106 0.9997239993844536 1.1035070314108992 -3.1692509709581316 -1.030111420150746
FixedParameters: 0 0 0
#Transform 278
Transform: MatrixOffsetTransformBase_double_3_3
Parameters: 0.9998850786933431 -0.014657121398074404 0.0038834320400115245 0.01474943298539581 0.9995798930197021 -0.024949142933022056 -0.0035154293418270385 0.025002852509767803 0.9996813182612281 1.117839747552523 -3.317505477129231 -1.3283202316902987
FixedParameters: 0 0 0
#Transform 279
Transform: MatrixOffsetTransformBase_double_3_3
Parameters: 0.999894661317335 -0.014125415144405393 0.003436884094406084 0.014202190160528507 0.9996177799066471 -0.023706332437596456 -0.0031005371939561493 0.023752673902755622 0.9997134848109132 1.060537030798585 -3.2391957421466486 -1.0303423678570027
FixedParameters: 0 0 0
