#Insight Transform File V1.0
#Transform 0
Transform: MatrixOffsetTransformBase_double_3_3
Parameters: 0.999998368772777 -0.0010296626182163923 -0.001602895709387351 0.0010340981170273514 0.9999964195940099 0.002518317635663292 0.0016011270603678877 -0.0025206817585340935 0.9999952533884386 -0.006282197070348161 -0.026603474175104225 -0.5178570554860933
FixedParameters: 0 0 0
#Transform 1
Transform: MatrixOffsetTransformBase_double_3_3
Parameters: 0.9999993497715244 -0.000431077623772856 -0.0006814279825634853 0.0004327179878627304 0.9999975986473055 0.0020527046908688784 0.0006804698077791145 -0.0020532928962703756 0.9999973215010128 -0.0011554828284658925 -0.03182428147789551 -0.46774300999419083
FixedParameters: 0 0 0
#Transform 2
Transform: MatrixOffsetTransformBase_double_3_3
Parameters: 0.9999994987054089 -0.0006985046689994543 -0.00011572134164229743 0.000698705274896853 0.9999988876524057 0.0016110875212278497 0.00011445584436368504 -0.001610912875468773 0.9999984204065755 -0.01229020857813623 0.05740931023372298 -0.5579788947559976
FixedParameters: 0 0 0
#Transform 3
Transform: MatrixOffsetTransformBase_double_3_3
Parameters: 0.99999960810696 -0.0007478079318547129 -0.0009126448640167753 0.0007496679479759978 0.9999970389939439 0.002287288601513393 0.0009108497819264446 -0.002287711869134873 0.9999971037820709 -0.002305814501980308 -0.06735479022431434 -0.557571741389868
FixedParameters: 0 0 0
#Transform 4
Transform: MatrixOffsetTransformBase_double_3_3
Parameters: 0.9999992434705035 -0.000692533770891265 -0.0011302933784187136 0.0006941990324834899 0.999997526888886 0.0021961889599347306 0.0011287076044687889 -0.00219681322307283 0.9999970673364903 0.008773897072742898 0.020728288252072957 -0.5590367263921863
FixedParameters: 0 0 0
#Transform 5
Transform: MatrixOffsetTransformBase_double_3_3
Parameters: 0.9999992661509 -0.0007711163473950532 -0.0003736040609992007 0.0007715110176766041 0.9999970781946099 0.0023077133117129778 0.0003718442789525016 -0.0023082882909951086 0.9999975342084276 -0.022436486104894016 -0.05574068041214275 -0.5466837820758599
FixedParameters: 0 0 0
#Transform 6
Transform: MatrixOffsetTransformBase_double_3_3
Parameters: 0.9999996059401506 -0.0006075476411077453 -0.0001595785104449699 0.000607154615223498 0.9999949933832907 0.002938901234272595 0.00015780910065328274 -0.0029390940048290293 0.9999953370901745 -0.01730665835327727 -0.05788851707548304 -0.5753284621300168
FixedParameters: 0 0 0
#Transform 7
Transform: MatrixOffsetTransformBase_double_3_3
Parameters: 0.9999990368619868 -0.0006233713978853987 -0.000758125468089032 0.0006250473432584409 0.9999965125554762 0.0026324999787691594 0.0007564693970661363 -0.0026325033514813523 0.9999966641579742 0.006576340355039179 -0.008116204961183371 -0.560776924038521
FixedParameters: 0 0 0
#Transform 8
Transform: MatrixOffsetTransformBase_double_3_3
Parameters: 1.0000001613077814 -0.0006278914980265406 -0.000666943176577022 0.0006298257806795559 0.9999942702481451 0.00318855043687552 0.0006645633328375129 -0.0031884457166508617 0.9999945579514776 0.003739697216403215 -0.05680573434530345 -0.5501237982667675
FixedParameters: 0 0 0
#Transform 9
Transform: MatrixOffsetTransformBase_double_3_3
Parameters: 0.999999166829204 -0.0008110814991635555 -0.0004180571230618788 0.0008125649636244914 0.9999973678242221 0.0021857995425391963 0.000416479457699151 -0.0021851995349544406 0.9999972461734533 -0.01594280497231182 0.021061819243257673 -0.5806039741348776
FixedParameters: 0 0 0
#Transform 10
Transform: MatrixOffsetTransformBase_double_3_3
Parameters: 0.9999996237393646 -0.0007573397091089381 -0.000895678645130974 0.0007602310036355134 0.999995241478436 0.0030022930610262566 0.0008937379367579657 -0.0030027087942706143 0.9999953521960253 -0.0008921172451721304 -0.07849455057788646 -0.5773609927159455
FixedParameters: 0 0 0
#Transform 11
Transform: MatrixOffsetTransformBase_double_3_3
Parameters: 0.9999995557610447 -0.0006567977459920435 -0.00011044278628294594 0.0006581128899593632 0.9999952041175058 0.0030599292607978446 0.00010856017636252191 -0.003060073252076967 0.9999956243899922 -0.030267784773059248 -0.06465728984825603 -0.5876464909529346
FixedParameters: 0 0 0
#Transform 12
Transform: MatrixOffsetTransformBase_double_3_3
Parameters: 0.9999994204649237 -0.0009382750874669044 -0.0008362559288659032 0.0009410292097039959 0.9999950826838366 0.0031363554564894647 0.0008329772818752581 -0.0031366464554357376 0.9999946624547097 -0.013750300247707514 -0.06318269461428372 -0.573394544483147
FixedParameters: 0 0 0
#Transform 13
Transform: MatrixOffsetTransformBase_double_3_3
Parameters: 0.9999988704618733 -0.0010615081644202206 0.00004890584262628268 0.001061678058749916 0.99999474776457 0.003016219355091443 -0.0000521829532455112 -0.0030157765937944003 0.9999949301510601 -0.04186803527613847 -0.07323636368256814 -0.5517511535866788
FixedParameters: 0 0 0
#Transform 14
Transform: MatrixOffsetTransformBase_double_3_3
Parameters: 0.9999990717734761 -0.0011017383762620097 -0.0008448070998384531 0.0011042922451539607 0.999996824240398 0.002400208809249932 0.0008422975319848742 -0.0024007922099964496 0.9999967227081324 -0.019832275991248594 0.006632757090031305 -0.5809085902640057
FixedParameters: 0 0 0
#Transform 15
Transform: MatrixOffsetTransformBase_double_3_3
Parameters: 0.9999991206935681 -0.0013410571524986488 -0.0002840356379646419 0.0013422790703271428 0.9999937464969384 0.0033797917930726007 0.00027890756246910434 -0.0033802116335967802 0.9999945253092563 -0.060478597147607616 -0.07842407521370376 -0.5532599763448296
FixedParameters: 0 0 0
#Transform 16
Transform: MatrixOffsetTransformBase_double_3_3
Parameters: 0.9999993257063537 -0.00092026563512685 -0.0009101520328010568 0.0009223256429233259 0.9999947327313281 0.0030411338481703687 0.0009069933726871017 -0.0030418659278091398 0.9999950914807177 -0.00555275956705259 0.0023490150350369277 -0.5732485574564414
FixedParameters: 0 0 0
#Transform 17
Transform: MatrixOffsetTransformBase_double_3_3
Parameters: 0.9999993771942812 -0.001268912420478347 0.00010723487212802485 0.0012694284664070278 0.9999930564145246 0.0035313346871831686 -0.00011191699965394162 -0.00353166315949624 0.9999933777151999 -0.06736373118232564 -0.09780734991662143 -0.5507094240205461
FixedParameters: 0 0 0
#Transform 18
Transform: MatrixOffsetTransformBase_double_3_3
Parameters: 0.9999994815538796 -0.0012201595499532944 -0.00016910830966008946 0.0012215394746817175 0.9999941442891621 0.003214963284454503 0.00016537007080953117 -0.0032150361888189927 0.9999946647551217 -0.05497772066567563 -0.05590131345935845 -0.607175976101793
FixedParameters: 0 0 0
#Transform 19
Transform: MatrixOffsetTransformBase_double_3_3
Parameters: 0.9999990766667829 -0.0009277575762401795 -0.0002496786102812091 0.0009288662350650559 0.9999944620566387 0.0032629369559472043 0.00024657665482041586 -0.0032630621917563996 0.9999943202132734 -0.0307752938018524 -0.08410290024464473 -0.5611088220102154
FixedParameters: 0 0 0
#Transform 20
Transform: MatrixOffsetTransformBase_double_3_3
Parameters: 0.9999988588050702 -0.0014312493652236316 0.000303616492276079 0.0014306464085030459 0.9999943505359419 0.003094606507227732 -0.00030818917197696907 -0.0030933955961672532 0.9999953625349097 -0.05915461033059444 -0.015049769591058748 -0.5674698505044127
FixedParameters: 0 0 0
#Transform 21
Transform: MatrixOffsetTransformBase_double_3_3
Parameters: 0.9999984645862726 -0.0015907401659244133 -0.00007710762453769422 0.001590380331899731 0.9999934890993527 0.0033052163776967625 0.00007152102879242098 -0.003304781881789204 0.999994129369461 -0.07071322451665196 -0.06142826825808356 -0.5362563505255835
FixedParameters: 0 0 0
#Transform 22
Transform: MatrixOffsetTransformBase_double_3_3
Parameters: 0.9999995611358129 -0.0011873059077918172 -0.00017110070800431917 0.001187786202552237 0.9999949758338887 0.0029299657083371178 0.0001670978975193484 -0.00293003188928867 0.9999954154659446 -0.03858276479881795 0.004275665825360875 -0.5708795066944141
FixedParameters: 0 0 0
#Transform 23
Transform: MatrixOffsetTransformBase_double_3_3
Parameters: 0.9999990808435665 -0.0009587740002129852 -0.00002192921436461811 0.0009582405137910673 0.9999932347546973 0.003603175733569941 0.00001896286567019373 -0.0036038215403401685 0.9999928755843354 -0.04693952064677376 -0.09459688319820714 -0.5645126002813363
FixedParameters: 0 0 0
#Transform 24
Transform: MatrixOffsetTransformBase_double_3_3
Parameters: 0.9999986404455984 -0.0015183247600180638 0.00023190106586214876 0.001517817569001951 0.9999928036641754 0.0034685520403280046 -0.0002371645014073059 -0.0034684465756278926 0.9999937757151957 -0.0634585104183003 -0.07977625206275718 -0.5761645117556249
FixedParameters: 0 0 0
#Transform 25
Transform: MatrixOffsetTransformBase_double_3_3
Parameters: 0.9999984347942618 -0.0014313943677148773 0.0007185197752102281 0.001428818864632204 0.9999937803587857 0.003364229003480129 -0.0007236878759605091 -0.003362773095660271 0.9999940280856361 -0.0772679546875139 -0.07036079713263632 -0.5342484163829013
FixedParameters: 0 0 0
#Transform 26
Transform: MatrixOffsetTransformBase_double_3_3
Parameters: 0.9999983189998167 -0.0016368700571265898 0.00004070020410873611 0.0016367179417078653 0.999993438810775 0.003290405932556917 -0.000046373092992955565 -0.003289592512649986 0.9999942319213881 -0.06467839145308574 -0.04448253893673382 -0.5552470242967757
FixedParameters: 0 0 0
#Transform 27
Transform: MatrixOffsetTransformBase_double_3_3
Parameters: 0.9999982576344734 -0.0016249252289512162 0.00031914822558879255 0.0016239928919475088 0.9999933269317717 0.0031897176272897565 -0.0003242432214338084 -0.0031892790719718067 0.9999945848270497 -0.06959544286969788 -0.05776249509204945 -0.5485071903076033
FixedParameters: 0 0 0
#Transform 28
Transform: MatrixOffsetTransformBase_double_3_3
Parameters: 0.9999988072892104 -0.0017513481155909795 0.00035506016415553105 0.0017497034153052524 0.9999919663168411 0.003620824793776206 -0.00036148290191001986 -0.003620177073237446 0.9999936248181729 -0.07706473588572749 -0.07577491495045763 -0.5661649851548454
FixedParameters: 0 0 0
#Transform 29
Transform: MatrixOffsetTransformBase_double_3_3
Parameters: 0.99999871582193 -0.0018119362152929515 0.00003704324625730882 0.0018116250836292325 0.9999921357929814 0.0034232681829833855 -0.000043365891865580536 -0.0034237291107168943 0.9999941392459296 -0.08048557616571372 -0.06485889739535367 -0.5748749211469502
FixedParameters: 0 0 0
#Transform 30
Transform: MatrixOffsetTransformBase_double_3_3
Parameters: 0.9999990804802141 -0.0016839829022090047 0.00028974732821894245 0.001682803333474933 0.99999208073396 0.0036366907393207693 -0.00029573782262582376 -0.003636311746503529 0.9999935513657401 -0.06804495352146489 -0.07376307540629057 -0.5567740496016143
FixedParameters: 0 0 0
#Transform 31
Transform: MatrixOffsetTransformBase_double_3_3
Parameters: 0.9999982653426789 -0.0016243177919152813 0.0003083873940970674 0.001623985179901097 0.9999922184281864 0.00364470377046075 -0.00031380280291064955 -0.0036442998499484347 0.9999934820343563 -0.07018597769236123 -0.06772717346768786 -0.5785320336681821
FixedParameters: 0 0 0
#Transform 32
Transform: MatrixOffsetTransformBase_double_3_3
Parameters: 0.9999976373678227 -0.0017474064538062564 0.0015196798816195646 0.0017418891508030835 0.9999924230752943 0.0034745764943968083 -0.0015258517019426207 -0.0034724247240738304 0.9999930837787626 -0.11545661517223493 -0.07184283015929793 -0.5311406198148987
FixedParameters: 0 0 0
#Transform 33
Transform: MatrixOffsetTransformBase_double_3_3
Parameters: 0.9999988704189944 -0.0015699067998187041 0.0008155030416726169 0.0015673154063281212 0.9999940242493665 0.002975339510123909 -0.0008203840399020374 -0.0029746575525098073 0.9999951448754529 -0.08073535539671184 0.008476517473113176 -0.5732821434547368
FixedParameters: 0 0 0
#Transform 34
Transform: MatrixOffsetTransformBase_double_3_3
Parameters: 0.9999965548489917 -0.001893177195287455 0.0016911406349934932 0.0018878152432345449 0.999992624769376 0.00336812409511994 -0.001697750898925252 -0.0033648790100622716 0.999993263324008 -0.11777992219782618 -0.07031572072271786 -0.5316487383938195
FixedParameters: 0 0 0
#Transform 35
Transform: MatrixOffsetTransformBase_double_3_3
Parameters: 0.9999985218786777 -0.0014016178140148874 0.0007166598104747489 0.001399056947784418 0.9999929003259738 0.0033630339494838124 -0.0007216248508286419 -0.003361961920325035 0.9999940086763326 -0.08199458171463903 -0.03781472151302978 -0.574098478842604
FixedParameters: 0 0 0
#Transform 36
Transform: MatrixOffsetTransformBase_double_3_3
Parameters: 0.9999978503167346 -0.0019492912032602438 0.0005916052950165213 0.0019471427231209754 0.9999927101285188 0.003431552977129132 -0.0005985509319602512 -0.0034304475026002146 0.999993596571213 -0.09401154435808223 -0.07017800490397974 -0.5628458043475355
FixedParameters: 0 0 0
#Transform 37
Transform: MatrixOffsetTransformBase_double_3_3
Parameters: 0.9999975799291623 -0.0018137675394303116 0.0014593986855298785 0.0018089699815981737 0.9999928617829587 0.0033717358190334945 -0.0014656608710481062 -0.003369263615373763 0.9999929975123235 -0.10513332547294851 -0.03249563456689941 -0.584308278236005
FixedParameters: 0 0 0
#Transform 38
Transform: MatrixOffsetTransformBase_double_3_3
Parameters: 0.999997072028578 -0.0018468599265939304 0.0015860801402733688 0.0018411625871601926 0.9999914897310807 0.0036948518222560123 -0.0015935834148155161 -0.0036921500892862225 0.999992298272622 -0.1128490690204984 -0.08167450795880882 -0.5269154741751372
FixedParameters: 0 0 0
#Transform 39
Transform: MatrixOffsetTransformBase_double_3_3
Parameters: 0.9999962036926595 -0.0018202403685246907 0.0021177830075689895 0.0018135405573313143 0.999994362691526 0.0030078007641290705 -0.0021225876842522564 -0.003004200132591256 0.9999927688509089 -0.12306718044678178 0.015456671750087025 -0.5564990861826296
FixedParameters: 0 0 0
#Transform 40
Transform: MatrixOffsetTransformBase_double_3_3
Parameters: 0.9999966370332184 -0.001981676540376752 0.0015611783942832743 0.001975669145935031 0.9999906031107408 0.0037450147410638124 -0.0015679034673071331 -0.003741984910610563 0.9999920061967149 -0.13002031418709237 -0.0832796297459737 -0.5141963158299383
FixedParameters: 0 0 0
#Transform 41
Transform: MatrixOffsetTransformBase_double_3_3
Parameters: 0.99999669530725 -0.002163082116849317 0.0016200228642166453 0.002158612540798785 0.9999932166974078 0.002937593849971998 -0.0016267609489543581 -0.002933404194631145 0.9999942442266289 -0.1267533565920047 0.009077958730287605 -0.5368079929834089
FixedParameters: 0 0 0
#Transform 42
Transform: MatrixOffsetTransformBase_double_3_3
Parameters: 0.9999960247180497 -0.0021522912282109217 0.0018290627137581188 0.0021452396892031465 0.9999919362613197 0.0034830531835818024 -0.0018359331627177927 -0.0034789461620139406 0.999991853615545 -0.13912374338042355 -0.0547678037020205 -0.5322686910280545
FixedParameters: 0 0 0
#Transform 43
Transform: MatrixOffsetTransformBase_double_3_3
Parameters: 0.9999944966484278 -0.002194239143528103 0.002385005427581853 0.0021867802142641517 0.9999928960438192 0.0030360394549470704 -0.0023920065953754797 -0.0030309565016631845 0.9999921962817886 -0.14962413870304658 -0.011183012703654072 -0.5250680594888273
FixedParameters: 0 0 0
#Transform 44
Transform: MatrixOffsetTransformBase_double_3_3
Parameters: 0.9999964452578408 -0.002008843468372081 0.0015876064221576726 0.002003227602883276 0.9999925724207601 0.003304277471026934 -0.0015939226367578385 -0.003300721357106323 0.9999930597332697 -0.12242489808427592 -0.01952398634084318 -0.5396515815336258
FixedParameters: 0 0 0
#Transform 45
Transform: MatrixOffsetTransformBase_double_3_3
Parameters: 0.9999975520480482 -0.001766237857941933 0.0015259476486033812 0.0017615973760974357 0.9999933495809065 0.003174616587363066 -0.00153119497545938 -0.003172385652955939 0.9999940601774897 -0.1131561317114631 -0.02263941610250697 -0.49442314960695555
FixedParameters: 0 0 0
#Transform 46
Transform: MatrixOffsetTransformBase_double_3_3
Parameters: 0.9999965140055062 -0.0018432725779370883 0.0017572609226045835 0.0018385367883653751 0.9999937581225602 0.0030651610541492513 -0.0017624216839177676 -0.003061843259827335 0.9999939857307707 -0.12102793514675625 0.0007991983609514364 -0.5304658489032938
FixedParameters: 0 0 0
#Transform 47
Transform: MatrixOffsetTransformBase_double_3_3
Parameters: 0.9999954182658254 -0.0023614370948268864 0.0017337597120811478 0.0023558364883046364 0.9999915481005407 0.003256046975399024 -0.0017410204729128077 -0.0032519548782706797 0.9999936930260629 -0.141451845443882 -0.03298691569854384 -0.5371284736477087
FixedParameters: 0 0 0
#Transform 48
Transform: MatrixOffsetTransformBase_double_3_3
Parameters: 0.9999946892716127 -0.0026161608181737538 0.0018618768146753835 0.002610302108094612 0.9999915734927197 0.003101047523052375 -0.0018699843717870103 -0.0030969476054205636 0.9999929080969843 -0.1468699730231009 0.026707512310608195 -0.5491851899567806
FixedParameters: 0 0 0
#Transform 49
Transform: MatrixOffsetTransformBase_double_3_3
Parameters: 0.9999932339508175 -0.002494792455998055 0.002557825995587521 0.002486038533746898 0.9999913088087292 0.003402219162321418 -0.0025661559910028033 -0.003395781489911487 0.9999908185972921 -0.1719604024430339 -0.06406897557174318 -0.540954913594824
FixedParameters: 0 0 0
#Transform 50
Transform: MatrixOffsetTransformBase_double_3_3
Parameters: 0.9999966729295208 -0.0021224029726169148 0.0013503118193694587 0.0021173659950780304 0.9999921026869171 0.0033039562365557718 -0.0013575502199453988 -0.0033010420313578925 0.9999937571418732 -0.11776922224073871 -0.026841614313710238 -0.5511578669426918
FixedParameters: 0 0 0
#Transform 51
Transform: MatrixOffsetTransformBase_double_3_3
Parameters: 0.9999958662318088 -0.00220526350127357 0.0020665244128971385 0.002197824548911429 0.9999920940459219 0.0034555365122748982 -0.0020744564263833606 -0.0034514656639027808 0.9999919187284431 -0.15207196832233194 -0.031447551907945126 -0.5354508792845714
FixedParameters: 0 0 0
#Transform 52
Transform: MatrixOffsetTransformBase_double_3_3
Parameters: 0.9999945257558315 -0.0023717078734031886 0.0024187663434203054 0.002361385088371917 0.9999887763751074 0.004087571728119632 -0.002428345582418562 -0.004082423988758382 0.9999883747134786 -0.16989036342769737 -0.09488523266084314 -0.5459987181088692
FixedParameters: 0 0 0
#Transform 53
Transform: MatrixOffsetTransformBase_double_3_3
Parameters: 0.9999968578333873 -0.0024086187958048725 0.0011585711369178563 0.002404305646189054 0.9999913654666144 0.0033900810808766557 -0.0011661478905506733 -0.0033879194946713487 0.999993521615872 -0.12719792291571252 -0.006952506238647516 -0.5790818654096057
FixedParameters: 0 0 0
#Transform 54
Transform: MatrixOffsetTransformBase_double_3_3
Parameters: 0.9999952719270582 -0.0023893929998344728 0.0017370283754567111 0.0023831679205424967 0.9999902271840615 0.0037102712852399578 -0.0017464656017367188 -0.0037057268752416217 0.9999915460672419 -0.13604159338011357 -0.0851836816870275 -0.5615417067891997
FixedParameters: 0 0 0
#Transform 55
Transform: MatrixOffsetTransformBase_double_3_3
Parameters: 0.9999950133979335 -0.0025953620619714656 0.0020617134679212093 0.0025885786573778876 0.9999901879557934 0.0034613314754304847 -0.002070227072820284 -0.003455667296014986 0.9999919028646604 -0.15024601138621563 0.0023995062150277136 -0.5547844561864181
FixedParameters: 0 0 0
#Transform 56
Transform: MatrixOffsetTransformBase_double_3_3
Parameters: 0.9999921388512356 -0.0025592780022849707 0.002882895140624108 0.0025491808501931015 0.9999896486585249 0.003735046116295049 -0.002891858953805442 -0.003726954661284476 0.9999886492676203 -0.18463643282449027 -0.0789413014004623 -0.5765935344653812
FixedParameters: 0 0 0
#Transform 57
Transform: MatrixOffsetTransformBase_double_3_3
Parameters: 0.9999933507825411 -0.002408195125860672 0.0026175373398257132 0.0023984166447109235 0.9999909479765008 0.0035199719321220013 -0.0026258423465252345 -0.0035140291121411316 0.9999906640696763 -0.1752606968591408 -0.05136634186150957 -0.5564224426897084
FixedParameters: 0 0 0
#Transform 58
Transform: MatrixOffsetTransformBase_double_3_3
Parameters: 0.9999943957252331 -0.0024731822774191215 0.002118255584751883 0.0024638450356171283 0.999988154854948 0.004200218782429127 -0.00212939354876181 -0.004194779065058357 0.9999890026181173 -0.14674060126333188 -0.10442082946786968 -0.5505651714489836
FixedParameters: 0 0 0
#Transform 59
Transform: MatrixOffsetTransformBase_double_3_3
Parameters: 0.9999962141941271 -0.0025178251240111824 0.0012023479422973349 0.002514269186564343 0.9999910217477289 0.0033613191062174252 -0.0012103513324373768 -0.0033586814007077193 0.9999936131371131 -0.1268364373289188 -0.006557655683408825 -0.6077948820865693
FixedParameters: 0 0 0
#Transform 60
Transform: MatrixOffsetTransformBase_double_3_3
Parameters: 0.9999918652900496 -0.0029538017421510024 0.0027225560586713895 0.002942897173282053 0.9999878824472251 0.0038577722195378417 -0.002733385514079921 -0.003850228897877034 0.9999892759767961 -0.19022230665008522 -0.08298935049988643 -0.5831180666912488
FixedParameters: 0 0 0
#Transform 61
Transform: MatrixOffsetTransformBase_double_3_3
Parameters: 0.9999908234368599 -0.0030129818352956257 0.0031774371631287344 0.003003168434890328 0.9999894178044011 0.0033451617921491372 -0.0031874382701618242 -0.003335835959817901 0.9999890875903729 -0.20178348048862915 -0.014662098537669976 -0.5953634298980184
FixedParameters: 0 0 0
#Transform 62
Transform: MatrixOffsetTransformBase_double_3_3
Parameters: 0.999991700043448 -0.0028578656409844437 0.0030222289960190373 0.0028468881027510448 0.9999888084881883 0.0036801960435747516 -0.003032118429354499 -0.003671804913007004 0.9999888653916369 -0.19450633098780656 -0.08805990179229184 -0.5800594258857821
FixedParameters: 0 0 0
#Transform 63
Transform: MatrixOffsetTransformBase_double_3_3
Parameters: 0.9999912628810449 -0.002847975367553014 0.0029365362154587966 0.002837523050681111 0.9999894940244198 0.003726095156504794 -0.0029476018212100255 -0.0037179107227078845 0.9999890620550446 -0.2025913713767551 -0.07426153029132365 -0.5902193364340818
FixedParameters: 0 0 0
#Transform 64
Transform: MatrixOffsetTransformBase_double_3_3
Parameters: 0.9999930073946357 -0.0025219845444981494 0.00257515491721453 0.0025118314268642193 0.9999887692775609 0.003998330883191709 -0.002585339379704835 -0.003991665544348072 0.9999883178502164 -0.15979660012786212 -0.06022635799062925 -0.5877852641920036
FixedParameters: 0 0 0
#Transform 65
Transform: MatrixOffsetTransformBase_double_3_3
Parameters: 0.9999923133495996 -0.0028275154715940564 0.0027737956802031238 0.0028159529725785173 0.9999876644319243 0.004082544644240654 -0.0027847459477015604 -0.0040744605607751505 0.9999883803034472 -0.18254373420110426 -0.10240907416613254 -0.5832343350871589
FixedParameters: 0 0 0
#Transform 66
Transform: MatrixOffsetTransformBase_double_3_3
Parameters: 0.999992850820106 -0.0029540075033768053 0.0023287550030196887 0.0029447900986036618 0.9999883926382813 0.0037599186669339812 -0.002340343222194677 -0.003753077390389964 0.999990235412774 -0.18162367862377948 -0.05894595195046293 -0.5865827379770856
FixedParameters: 0 0 0
#Transform 67
Transform: MatrixOffsetTransformBase_double_3_3
Parameters: 0.9999908902142118 -0.0031787762818975213 0.002829266164228268 0.0031671877827964172 0.9999863142414208 0.00414992268640943 -0.0028423511633203706 -0.004141076014857581 0.9999872053344411 -0.19574787684419448 -0.09643265598364792 -0.5817782257262145
FixedParameters: 0 0 0
#Transform 68
Transform: MatrixOffsetTransformBase_double_3_3
Parameters: 0.9999907900286829 -0.0030557938221046146 0.0028052698273468538 0.003044433399399705 0.9999868709669866 0.004174501677599141 -0.0028184740329892247 -0.004166497893146409 0.999987132621949 -0.18018594657765163 -0.05034956299334681 -0.6110033853640644
FixedParameters: 0 0 0
#Transform 69
Transform: MatrixOffsetTransformBase_double_3_3
Parameters: 0.9999909193706282 -0.003091148584388483 0.0030865754763356934 0.003078651855453511 0.9999872080298802 0.0041123016924644595 -0.003098525520052969 -0.004102706000095602 0.9999869678933482 -0.21740523437641457 -0.1299723958466643 -0.5670732007937787
FixedParameters: 0 0 0
#Transform 70
Transform: MatrixOffsetTransformBase_double_3_3
Parameters: 0.9999895677986514 -0.0033128156725873307 0.003075634864199888 0.0032999132089317346 0.9999853626814913 0.004164947289384741 -0.0030887627321882654 -0.004154050218053568 0.9999866019210738 -0.2002170946488775 -0.09201436919623518 -0.5935942418878035
FixedParameters: 0 0 0
#Transform 71
Transform: MatrixOffsetTransformBase_double_3_3
Parameters: 0.9999930082673731 -0.0026313293125137314 0.0028405227818511206 0.002620003506549419 0.9999897092863569 0.003832173757634283 -0.0028507018743663313 -0.0038248311650325717 0.9999889839204975 -0.1852619911678488 -0.07347600587766578 -0.5750901607678998
FixedParameters: 0 0 0
#Transform 72
Transform: MatrixOffsetTransformBase_double_3_3
Parameters: 0.9999914928681183 -0.003200330692035732 0.0026959150230781203 0.0031887763954609105 0.9999865256693637 0.003983554479150775 -0.0027084586686274004 -0.003975439200517045 0.9999882941196795 -0.18607674758459325 -0.1049754089244459 -0.5669528846753806
FixedParameters: 0 0 0
#Transform 73
Transform: MatrixOffsetTransformBase_double_3_3
Parameters: 0.9999897439167941 -0.0033529996608439566 0.0031647098336803677 0.0033401878642185007 0.9999863542454918 0.0039053954956211057 -0.003177591066267809 -0.003894597128881988 0.9999869694229698 -0.195338071435458 -0.08490321048302008 -0.6052479722959418
FixedParameters: 0 0 0
#Transform 74
Transform: MatrixOffsetTransformBase_double_3_3
Parameters: 0.9999899557990527 -0.0033705354349054806 0.003111721057880589 0.0033573895396134088 0.999985060800946 0.004312307801653564 -0.0031261536169846847 -0.004302692632550148 0.9999857855165241 -0.2093980494330907 -0.11330154726364583 -0.5771577540131219
FixedParameters: 0 0 0
#Transform 75
Transform: MatrixOffsetTransformBase_double_3_3
Parameters: 0.9999884649305174 -0.003663337692270708 0.003018580143220077 0.0036507334548748823 0.999984972939911 0.004192219084257209 -0.0030348227702468684 -0.004180779430340981 0.9999864380814667 -0.22483516086711575 -0.06425236543259416 -0.5966544407043095
FixedParameters: 0 0 0
#Transform 76
Transform: MatrixOffsetTransformBase_double_3_3
Parameters: 0.9999883577153558 -0.003395227189450272 0.0033341704742390448 0.0033810162901027527 0.9999859756477645 0.0041861366269166644 -0.0033479505905323207 -0.004174865550744783 0.9999854285475797 -0.2200662622658882 -0.09510782775402049 -0.5744755942108384
FixedParameters: 0 0 0
#Transform 77
Transform: MatrixOffsetTransformBase_double_3_3
Parameters: 0.9999874409106281 -0.0034714163263462145 0.003536468461394614 0.0034561633210318417 0.9999840974219651 0.004371783832436749 -0.0035518259343983167 -0.004360213154790127 0.9999842191743695 -0.2194585123130821 -0.0936552229607912 -0.5813295401965952
FixedParameters: 0 0 0
#Transform 78
Transform: MatrixOffsetTransformBase_double_3_3
Parameters: 0.9999902249108978 -0.003281089931137101 0.0030012409126881122 0.00326944492222306 0.9999862101545135 0.004086612207339191 -0.0030145845405838137 -0.004076393476850904 0.9999876971455786 -0.2075239657137331 -0.11087551385023175 -0.5619413533944666
FixedParameters: 0 0 0
#Transform 79
Transform: MatrixOffsetTransformBase_double_3_3
Parameters: 0.9999891099769396 -0.0034249236336935623 0.0031867915675626093 0.0034122255398182045 0.9999859185360984 0.004167738197837528 -0.0032016886417601718 -0.004157267495976558 0.9999865382652661 -0.2150461007579878 -0.0973565841263877 -0.572703261363511
FixedParameters: 0 0 0
#Transform 80
Transform: MatrixOffsetTransformBase_double_3_3
Parameters: 0.9999874128415446 -0.0034367668316058393 0.0035746210766527393 0.0034215553469855347 0.9999859218051773 0.004182960019349008 -0.0035885501232057007 -0.004171042597979957 0.9999845960010614 -0.22390578094292835 -0.0801889854465685 -0.5920518829572323
FixedParameters: 0 0 0
#Transform 81
Transform: MatrixOffsetTransformBase_double_3_3
Parameters: 0.9999876600617402 -0.0036281256992713035 0.003489808428819581 0.0036130776663965223 0.9999841266039337 0.00423633698927775 -0.003504735169821309 -0.004223658764312577 0.9999847472890493 -0.22947440209296133 -0.09337746301220307 -0.582882076329831
FixedParameters: 0 0 0
#Transform 82
Transform: MatrixOffsetTransformBase_double_3_3
Parameters: 0.9999857172056884 -0.003757381816357369 0.0037638175910450996 0.0037418719693779476 0.9999843361143508 0.00412167971550792 -0.0037787995449134757 -0.004107321403114261 0.999984522483572 -0.23882006667993494 -0.07711782797285593 -0.605495164743413
FixedParameters: 0 0 0
#Transform 83
Transform: MatrixOffsetTransformBase_double_3_3
Parameters: 0.9999864479115687 -0.003638472690489982 0.0036488107886249403 0.00362317776354306 0.999985110755945 0.004109951152164892 -0.003663887205561602 -0.004096046218022703 0.9999846675833984 -0.23627206407299184 -0.12423762899828716 -0.5739334112602918
FixedParameters: 0 0 0
#Transform 84
Transform: MatrixOffsetTransformBase_double_3_3
Parameters: 0.9999861621222672 -0.003760509318397261 0.0037013435810020444 0.0037445869677231684 0.9999843799766581 0.004113456142606331 -0.003716459732312042 -0.004099544181722703 0.9999850550830136 -0.23421557907953172 -0.05955636040582135 -0.5925939087974115
FixedParameters: 0 0 0
#Transform 85
Transform: MatrixOffsetTransformBase_double_3_3
Parameters: 0.9999877376747094 -0.0036965893259161275 0.003405490446248815 0.0036820532816889103 0.9999843490977637 0.0042654385205924406 -0.0034212125523794545 -0.004252563406562437 0.999985110013055 -0.22600576759454327 -0.12128730974097834 -0.5781385222272242
FixedParameters: 0 0 0
#Transform 86
Transform: MatrixOffsetTransformBase_double_3_3
Parameters: 0.9999870730346817 -0.0035554002372706036 0.0035052274779966363 0.00353999685406876 0.9999841644543115 0.0044081408866988026 -0.0035205876884357584 -0.004395861634925086 0.9999841529318283 -0.2374484845560687 -0.05591168647057998 -0.6018798389055853
FixedParameters: 0 0 0
#Transform 87
Transform: MatrixOffsetTransformBase_double_3_3
Parameters: 0.9999871816826591 -0.0036571458705741385 0.0035272902066449583 0.0036418747272617753 0.9999838317269752 0.00424657376097376 -0.003543519925454586 -0.004233414966990756 0.999984394410229 -0.24273303475864338 -0.11555023816005416 -0.5687593253580125
FixedParameters: 0 0 0
#Transform 88
Transform: MatrixOffsetTransformBase_double_3_3
Parameters: 0.9999860191243032 -0.003678431123468158 0.0036670058289941833 0.0036636653811166113 0.9999846714545807 0.004151030057862132 -0.0036825468255057294 -0.004137973207880091 0.9999849935164006 -0.2443403864187701 -0.07004409441491077 -0.5842810938815433
FixedParameters: 0 0 0
#Transform 89
Transform: MatrixOffsetTransformBase_double_3_3
Parameters: 0.9999873120967583 -0.0035498051881970773 0.003617716802181095 0.0035345864375305697 0.9999855407380988 0.0041345174588275635 -0.0036322430157046787 -0.004121482911920771 0.9999846902252247 -0.24428626065419223 -0.1094619287773213 -0.5811837186755362
FixedParameters: 0 0 0
#Transform 90
Transform: MatrixOffsetTransformBase_double_3_3
Parameters: 0.9999862814293279 -0.003792219544350896 0.0036516895655507127 0.0037762539443122307 0.9999822956845633 0.0045545560987822475 -0.0036689077073487585 -0.0045404414501663826 0.9999826257431385 -0.24351099547951094 -0.11129281342748243 -0.5933975221958576
FixedParameters: 0 0 0
#Transform 91
Transform: MatrixOffsetTransformBase_double_3_3
Parameters: 0.9999864474473978 -0.003686462883660254 0.00360051656590269 0.0036703144301319765 0.9999835018621616 0.004507982667788374 -0.0036166037919989186 -0.004495023552096383 0.9999834180785365 -0.23481077931269567 -0.09101130915232147 -0.5967678443175757
FixedParameters: 0 0 0
#Transform 92
Transform: MatrixOffsetTransformBase_double_3_3
Parameters: 0.9999878249228238 -0.003639558601904851 0.0033057178405768335 0.0036254550316025835 0.9999842244781171 0.004327882523816107 -0.0033214136977184547 -0.004316120222890074 0.9999852406646337 -0.2390827563440041 -0.11153772845094068 -0.5660071820894359
FixedParameters: 0 0 0
#Transform 93
Transform: MatrixOffsetTransformBase_double_3_3
Parameters: 0.9999868468415609 -0.0037076190904524794 0.0035231128230857126 0.00369131534933119 0.9999837439025747 0.00434976776931037 -0.003538561168253407 -0.004337231607493913 0.9999843705326551 -0.2291333783959857 -0.05079669550099197 -0.5919087255973352
FixedParameters: 0 0 0
#Transform 94
Transform: MatrixOffsetTransformBase_double_3_3
Parameters: 0.9999876182315867 -0.0038712913155931213 0.0030655266762492266 0.0038577950996834883 0.9999832275851481 0.004351058840767086 -0.00308160544222388 -0.004338942870132201 0.9999856321806893 -0.24387441031096557 -0.10580455171651693 -0.5611058438432082
FixedParameters: 0 0 0
#Transform 95
Transform: MatrixOffsetTransformBase_double_3_3
Parameters: 0.9999848991786179 -0.003919969120544695 0.003966343646782966 0.003902442071835073 0.9999820741636605 0.00451497743252402 -0.003984233497620128 -0.004500024296536398 0.9999821893723574 -0.26407818940133154 -0.07935681552609708 -0.6075090857950869
FixedParameters: 0 0 0
#Transform 96
Transform: MatrixOffsetTransformBase_double_3_3
Parameters: 0.9999848924218768 -0.00387651315883833 0.0040106395464418205 0.0038592797951045132 0.9999842482296045 0.004185139181634101 -0.0040259264954654 -0.0041698623475028285 0.999982740749917 -0.2748639658159533 -0.11419906415353864 -0.5636282473268537
FixedParameters: 0 0 0
#Transform 97
Transform: MatrixOffsetTransformBase_double_3_3
Parameters: 0.9999864355326132 -0.0035716987511425933 0.00371535759725685 0.003554946095347861 0.9999833087836627 0.004495774692540949 -0.0037322906060942673 -0.004482217940746713 0.999982824069387 -0.23582123391544485 -0.08369611522969933 -0.5996688867664126
FixedParameters: 0 0 0
#Transform 98
Transform: MatrixOffsetTransformBase_double_3_3
Parameters: 0.9999870411733998 -0.0035011566353520844 0.0037010983975274193 0.0034862330526615323 0.9999847951916206 0.004267466725701857 -0.0037158131159420785 -0.004254535976000978 0.9999839333277956 -0.24232622553280692 -0.09804911096743751 -0.5672329066798767
FixedParameters: 0 0 0
#Transform 99
Transform: MatrixOffsetTransformBase_double_3_3
Parameters: 0.9999864192419319 -0.003851171679829544 0.003570765702609854 0.0038353699718034397 0.9999825809401899 0.004359457849433729 -0.0035873622696667054 -0.00434553545842345 0.9999839493779871 -0.23340418238491623 -0.07479209013634147 -0.5926696724127076
FixedParameters: 0 0 0
#Transform 100
Transform: MatrixOffsetTransformBase_double_3_3
Parameters: 0.9999842203468986 -0.00397028202264774 0.0038752611342440222 0.003954281755938616 0.9999834540193308 0.00417195617805341 -0.003891229733973379 -0.004156048840834009 0.9999840880975732 -0.27031682474178353 -0.09731911821448591 -0.5573937747046998
FixedParameters: 0 0 0
#Transform 101
Transform: MatrixOffsetTransformBase_double_3_3
Parameters: 0.9999832500500029 -0.0038072681495383187 0.004387850367974398 0.0037881304362591297 0.9999830481918964 0.004398788071081683 -0.004404643488212226 -0.004382210866511721 0.9999806483711839 -0.2651507412133327 -0.08922098553000524 -0.5956238806116865
FixedParameters: 0 0 0
#Transform 102
Transform: MatrixOffsetTransformBase_double_3_3
Parameters: 0.9999852018213091 -0.0036293511141352154 0.0039526407403069445 0.0036143411600406098 0.9999860378574965 0.00390571427107389 -0.003966977334527947 -0.0038912897749942554 0.9999847670091232 -0.254132279776087 -0.10386714219065141 -0.5559307033561574
FixedParameters: 0 0 0
#Transform 103
Transform: MatrixOffsetTransformBase_double_3_3
Parameters: 0.9999866484249396 -0.0035067612692344713 0.003880332087423868 0.0034906272499317975 0.9999851845170095 0.004100940383771096 -0.0038940910341485426 -0.004087057162306201 0.9999839418763394 -0.26014441501773433 -0.08625255377023677 -0.5717570513786008
FixedParameters: 0 0 0
#Transform 104
Transform: MatrixOffsetTransformBase_double_3_3
Parameters: 0.9999858341816916 -0.0036715894385363017 0.0038320639479357196 0.0036563423067308347 0.999985663428208 0.0040366089155177975 -0.003846703511884205 -0.0040223978807273075 0.999984696625394 -0.2467810491202016 -0.06362855441361148 -0.559074971898653
FixedParameters: 0 0 0
#Transform 105
Transform: MatrixOffsetTransformBase_double_3_3
Parameters: 0.9999855144801713 -0.003885233594030011 0.0037934736255905033 0.0038682192350561564 0.9999831537690892 0.004286303915399053 -0.0038107769596474332 -0.0042716900300587 0.9999837406174081 -0.25222669328712755 -0.1035807935012798 -0.5634249153214057
FixedParameters: 0 0 0
#Transform 106
Transform: MatrixOffsetTransformBase_double_3_3
Parameters: 0.9999847748631313 -0.003924438270147855 0.0038499627783188366 0.00390744308767758 0.9999823821589752 0.004454678293269815 -0.00386759169226115 -0.004439322494072889 0.9999828405882928 -0.23464355118835556 -0.07915415185347285 -0.601695550438162
FixedParameters: 0 0 0
#Transform 107
Transform: MatrixOffsetTransformBase_double_3_3
Parameters: 0.9999820421859444 -0.004385957471477262 0.00408904717348672 0.0043689082675282855 0.9999815875853938 0.004181621066389862 -0.004107396389415478 -0.0041643755111479275 0.9999826262924469 -0.27155367716635226 -0.11957853664944196 -0.551102372622843
FixedParameters: 0 0 0
#Transform 108
Transform: MatrixOffsetTransformBase_double_3_3
Parameters: 0.9999817662064547 -0.004055003692042812 0.004449017445125891 0.0040354695825931194 0.9999825309409569 0.004254152098083053 -0.004465991855503617 -0.004235844810868222 0.9999811947399035 -0.26598712455805185 -0.09498476516894527 -0.5767954467208156
FixedParameters: 0 0 0
#Transform 109
Transform: MatrixOffsetTransformBase_double_3_3
Parameters: 0.9999834171875605 -0.0037198824330148383 0.004443547109393016 0.003702550597783526 0.9999860608465042 0.003848582639457615 -0.004457976126988618 -0.003831419183932011 0.9999828647780207 -0.2687326683616078 -0.11108822587533496 -0.5422713910221724
FixedParameters: 0 0 0
#Transform 110
Transform: MatrixOffsetTransformBase_double_3_3
Parameters: 0.9999836966418184 -0.0038635717147704855 0.004168474482294501 0.003846616679718225 0.9999838450291308 0.004132361082985758 -0.0041840610500271545 -0.004116639908007452 0.9999828281887325 -0.2640794294185014 -0.08151178832351036 -0.5730166242219035
FixedParameters: 0 0 0
#Transform 111
Transform: MatrixOffsetTransformBase_double_3_3
Parameters: 0.9999833137597975 -0.003794121530715688 0.00427678236497903 0.003775962783846038 0.9999841118102726 0.004283481074632112 -0.004292763968877629 -0.004267523599852913 0.9999816416632927 -0.2688522120355259 -0.08510074777174736 -0.5693266012309763
FixedParameters: 0 0 0
#Transform 112
Transform: MatrixOffsetTransformBase_double_3_3
Parameters: 0.9999830556387955 -0.004042732615733717 0.004074577814344827 0.004024104155182505 0.9999822915049495 0.004510096898241528 -0.004092539670776532 -0.004493905236123474 0.9999812275771925 -0.2624241072236373 -0.10840683041455179 -0.5335368034009242
FixedParameters: 0 0 0
#Transform 113
Transform: MatrixOffsetTransformBase_double_3_3
Parameters: 0.9999828045848959 -0.004101299754530548 0.004286504823880957 0.004083273101631587 0.9999822462388618 0.004238864941337128 -0.004303755905032902 -0.004221131759542113 0.999981772085071 -0.27180676412109506 -0.07191293544596533 -0.5743184199236318
FixedParameters: 0 0 0
#Transform 114
Transform: MatrixOffsetTransformBase_double_3_3
Parameters: 0.9999825645397071 -0.004330593425858608 0.003959688343549029 0.004314561986471291 0.9999816625281354 0.00418978262801642 -0.003977648914116799 -0.0041722226065706025 0.9999839400143181 -0.272751552179173 -0.07875233910104384 -0.544657941619235
FixedParameters: 0 0 0
#Transform 115
Transform: MatrixOffsetTransformBase_double_3_3
Parameters: 0.9999824099251902 -0.004033485530911983 0.0042799908724242474 0.004015873882160031 0.9999831431039341 0.0043117204731882575 -0.004297087408730577 -0.004294285657379049 0.9999812346854928 -0.28998832782298223 -0.08079497094963983 -0.5514506372623593
FixedParameters: 0 0 0
#Transform 116
Transform: MatrixOffsetTransformBase_double_3_3
Parameters: 0.9999805022357474 -0.004289364165744629 0.004482738351722219 0.004270719859948409 0.9999820688521226 0.004232573046421634 -0.0045013477720924405 -0.004213425429609341 0.9999807654297652 -0.3079481861499289 -0.07039007238023487 -0.5188086016051621
FixedParameters: 0 0 0
#Transform 117
Transform: MatrixOffsetTransformBase_double_3_3
Parameters: 0.9999830106268842 -0.004182168364883465 0.004061818733460735 0.004165307788924901 0.9999835834759128 0.003986612101376574 -0.004079151322185021 -0.003969383572978907 0.9999837778061047 -0.27819903993547257 -0.05130668470218325 -0.5278890495344264
FixedParameters: 0 0 0
#Transform 118
Transform: MatrixOffsetTransformBase_double_3_3
Parameters: 0.9999841646861749 -0.003996116881369741 0.0039834088571986115 0.00398085165363413 0.9999848720617848 0.003865515602303915 -0.003998306292742463 -0.003849488420336916 0.9999845316488699 -0.2686062688856623 -0.08648606367721356 -0.5323217581571598
FixedParameters: 0 0 0
#Transform 119
Transform: MatrixOffsetTransformBase_double_3_3
Parameters: 0.9999847404794446 -0.0037700391311247163 0.004128327664395234 0.0037511233905456096 0.9999819403462333 0.004744958934893184 -0.004146245352257022 -0.00472904284487663 0.9999799211843621 -0.28202148431174123 -0.10978999736468609 -0.5372385116030998
FixedParameters: 0 0 0
#Transform 120
Transform: MatrixOffsetTransformBase_double_3_3
Parameters: 0.9999812302784804 -0.004243750370417199 0.004445006075672899 0.004223334652076627 0.999980441833681 0.004558174648086805 -0.004464823227375226 -0.004538817078483276 0.9999794101734767 -0.299904224558901 -0.0921257238087776 -0.5747920634014321
FixedParameters: 0 0 0
#Transform 121
Transform: MatrixOffsetTransformBase_double_3_3
Parameters: 0.9999817618399783 -0.004416484413728452 0.004210700173138984 0.0043996592175154624 0.9999815968371363 0.00415211896586562 -0.004228870430040707 -0.004133886009257515 0.999982835617363 -0.312302106835034 -0.1045993273969259 -0.5038230983707379
FixedParameters: 0 0 0
#Transform 122
Transform: MatrixOffsetTransformBase_double_3_3
Parameters: 0.9999818601124648 -0.004082055169859258 0.004525117845684715 0.004064879483151551 0.9999845430984888 0.0037436123471491223 -0.004540484064543078 -0.0037253820454099806 0.9999824236981598 -0.3095389692282282 -0.050415839872158585 -0.5267516013043583
FixedParameters: 0 0 0
#Transform 123
Transform: MatrixOffsetTransformBase_double_3_3
Parameters: 0.99998012207089 -0.004348622283210291 0.004579192920486865 0.004329815046360614 0.9999823025658698 0.004144256967936133 -0.00459654435903697 -0.004123746069514517 0.9999806390939965 -0.321012305160437 -0.09104303353394982 -0.4777970914293057
FixedParameters: 0 0 0
#Transform 124
Transform: MatrixOffsetTransformBase_double_3_3
Parameters: 0.9999797088680669 -0.004330471913319807 0.004640676857302368 0.004312349867630642 0.9999823831533943 0.0040342718127056865 -0.0046579157473964185 -0.004013728844485198 0.9999809401028493 -0.31665145211268 -0.06564164221900626 -0.4870484064764966
FixedParameters: 0 0 0
#Transform 125
Transform: MatrixOffsetTransformBase_double_3_3
Parameters: 0.9999795259125549 -0.004375013631232338 0.0046188062045771795 0.0043566607096716115 0.9999826640450655 0.0039714118640725715 -0.0046360271026770145 -0.003951588912500026 0.9999814744591908 -0.31338685819800105 -0.017943649991011057 -0.4811568373586077
FixedParameters: 0 0 0
#Transform 126
Transform: MatrixOffsetTransformBase_double_3_3
Parameters: 0.9999796276983868 -0.004310254238595012 0.004668054416693706 0.004292284937614477 0.999983562815365 0.00390729760733638 -0.004685194282099766 -0.003886706851794569 0.999981691226053 -0.31292891393091793 -0.08216047682705607 -0.4945967277071759
FixedParameters: 0 0 0
#Transform 127
Transform: MatrixOffsetTransformBase_double_3_3
Parameters: 0.9999802841622706 -0.0043736021518177275 0.004425975322462078 0.004356285810771436 0.9999821846230392 0.004007704435603915 -0.0044425223788422084 -0.003988298602628976 0.9999821310818784 -0.3196919465343768 -0.03399047793409693 -0.5274560834650401
FixedParameters: 0 0 0
#Transform 128
Transform: MatrixOffsetTransformBase_double_3_3
Parameters: 0.9999772288403564 -0.0046694937433708434 0.004792291808983567 0.004648361996781912 0.9999791248804273 0.004474641695200815 -0.004812875557597613 -0.004452357999561368 0.9999782576522549 -0.3414389279548118 -0.08521861605008496 -0.4927383386637736
FixedParameters: 0 0 0
#Transform 129
Transform: MatrixOffsetTransformBase_double_3_3
Parameters: 0.9999802204276783 -0.004453110922323125 0.004466597343968398 0.004435089788978478 0.9999821207471588 0.00405040459152653 -0.004484150654777712 -0.004029595748074433 0.9999814560218798 -0.30838946197199846 -0.05118418919110468 -0.5244569484864812
FixedParameters: 0 0 0
#Transform 130
Transform: MatrixOffsetTransformBase_double_3_3
Parameters: 0.9999774848022907 -0.004579668135787379 0.0049538044684912285 0.004561045164212918 0.9999822980693327 0.0038317792353509683 -0.004971186754039305 -0.0038092200906420792 0.9999799938564312 -0.3434510813253411 -0.07813353709900639 -0.4947183244324016
FixedParameters: 0 0 0
#Transform 131
Transform: MatrixOffsetTransformBase_double_3_3
Parameters: 0.9999770234057637 -0.004692752823489361 0.004894041076026974 0.0046723314822651905 0.999980749632214 0.004144228165034125 -0.004914046948160004 -0.0041207674611151435 0.9999791181409968 -0.3377819109038853 -0.08202872980099585 -0.4916525185110885
FixedParameters: 0 0 0
#Transform 132
Transform: MatrixOffsetTransformBase_double_3_3
Parameters: 0.9999776766372169 -0.004481779417779319 0.004922718763994623 0.0044625963405925334 0.9999816351985724 0.004011958508249702 -0.004940795226302206 -0.003990042022206486 0.9999800249517704 -0.3331988725466175 -0.033627346895485744 -0.5050761848546834
FixedParameters: 0 0 0
#Transform 133
Transform: MatrixOffsetTransformBase_double_3_3
Parameters: 0.9999749121728037 -0.004695698431253942 0.005295040261277418 0.004672960483112721 0.9999795664018726 0.004313641598015533 -0.005315143574469213 -0.004288354362699837 0.9999763479521615 -0.36456065223407563 -0.09839553355493535 -0.5109206238945916
FixedParameters: 0 0 0
#Transform 134
Transform: MatrixOffsetTransformBase_double_3_3
Parameters: 0.9999760637791332 -0.004641594543638881 0.0050389312087009835 0.004621124669771422 0.9999807138266429 0.004209482823984645 -0.005057790347999641 -0.004185522774309336 0.9999781113479026 -0.3545039924695459 -0.02473690850823118 -0.5203367056960673
FixedParameters: 0 0 0
#Transform 135
Transform: MatrixOffsetTransformBase_double_3_3
Parameters: 0.999979013377461 -0.00448164750770441 0.004785448382652515 0.004462926781886664 0.9999833187272212 0.0037876770273276017 -0.004803018002799358 -0.003766318823929221 0.9999811627995253 -0.34466973278527746 -0.09655710666392281 -0.49880926204686205
FixedParameters: 0 0 0
#Transform 136
Transform: MatrixOffsetTransformBase_double_3_3
Parameters: 0.9999756977377915 -0.004834615828321084 0.004992835155569359 0.004812440995415538 0.9999785923569179 0.00440028900770989 -0.005014164788972429 -0.004376705528828045 0.9999775868899788 -0.3505893193815268 -0.05994246276152637 -0.5245194336515056
FixedParameters: 0 0 0
#Transform 137
Transform: MatrixOffsetTransformBase_double_3_3
Parameters: 0.9999774110746342 -0.004793856478498367 0.004648393777818162 0.004773673450770329 0.9999801668235945 0.004211886116431279 -0.004669071664397562 -0.004189108746658454 0.9999799553234372 -0.3458957451952216 -0.08319811303765334 -0.5180565434380604
FixedParameters: 0 0 0
#Transform 138
Transform: MatrixOffsetTransformBase_double_3_3
Parameters: 0.9999783660567121 -0.004619295876863215 0.0047213683399443245 0.004600722217547061 0.9999807854209597 0.004099075543201297 -0.004740369001490817 -0.004077923032683256 0.999980148472994 -0.3472099464517413 -0.08041339867784814 -0.48408539102911163
FixedParameters: 0 0 0
#Transform 139
Transform: MatrixOffsetTransformBase_double_3_3
Parameters: 0.9999761751850875 -0.004788289838500769 0.004989567300356089 0.004767147754373252 0.9999794245937543 0.004219012155998153 -0.005009916115087457 -0.0041949809714212916 0.9999783523425777 -0.35749384492076786 -0.07877493892910081 -0.5235535583543545
FixedParameters: 0 0 0
#Transform 140
Transform: MatrixOffsetTransformBase_double_3_3
Parameters: 0.9999753974694476 -0.0052466740587769544 0.0045910629585276565 0.005225068717092923 0.9999760889702268 0.004557956214726683 -0.004614875125631429 -0.004534040899428993 0.9999789755645198 -0.3653691648266175 -0.10932021185442409 -0.5178754131437913
FixedParameters: 0 0 0
#Transform 141
Transform: MatrixOffsetTransformBase_double_3_3
Parameters: 0.9999769152623156 -0.004879791877530506 0.004823981647160754 0.004857352667495532 0.9999767787588064 0.004748839211349665 -0.004846788888836965 -0.004725164459530973 0.9999772573679222 -0.3654025966458079 -0.11355871427271325 -0.5401787169696775
FixedParameters: 0 0 0
#Transform 142
Transform: MatrixOffsetTransformBase_double_3_3
Parameters: 0.9999753289565751 -0.005036030232413216 0.004930260470265639 0.005014721010273222 0.9999786875598213 0.0042693223594655605 -0.00495220524057495 -0.004243673885491878 0.9999784052146857 -0.37757088027970553 -0.09391347485275503 -0.49677676459768705
FixedParameters: 0 0 0
#Transform 143
Transform: MatrixOffsetTransformBase_double_3_3
Parameters: 0.999975083637101 -0.005003814064441496 0.004987214920100791 0.004983326556554201 0.9999791562895378 0.00415530962150254 -0.005008740763698204 -0.004130686276522549 0.9999785978910488 -0.35870579287711735 -0.039296381432365024 -0.526096282416912
FixedParameters: 0 0 0
#Transform 144
Transform: MatrixOffsetTransformBase_double_3_3
Parameters: 0.9999739680394846 -0.005093544574832196 0.005107432935314408 0.005071251264870577 0.999977261409426 0.004394200255202069 -0.0051298029083355215 -0.004367798057212796 0.9999773196320447 -0.3723746018290228 -0.11354238383259485 -0.5055378945576656
FixedParameters: 0 0 0
#Transform 145
Transform: MatrixOffsetTransformBase_double_3_3
Parameters: 0.9999781256026097 -0.004767230521726591 0.0047056447220355235 0.00474624298644947 0.9999785814169725 0.004540870525691937 -0.004727729518328318 -0.0045181291073667085 0.999978510775759 -0.3500887149445475 -0.05401477218349271 -0.5312417492296966
FixedParameters: 0 0 0
#Transform 146
Transform: MatrixOffsetTransformBase_double_3_3
Parameters: 0.9999744864417663 -0.004703757513308822 0.005328031646597325 0.004680413964968766 0.9999792636620423 0.0043436716988262125 -0.005348483229635116 -0.004318326373818793 0.9999767070165906 -0.36956379022953456 -0.0915118155562169 -0.5199896982916457
FixedParameters: 0 0 0
#Transform 147
Transform: MatrixOffsetTransformBase_double_3_3
Parameters: 0.9999775765525424 -0.004810029343126789 0.0047207567766632905 0.004788777372269021 0.9999781820523851 0.004450001426703987 -0.004742529587407327 -0.004427991454675734 0.999978984448441 -0.37860774783951 -0.086746202083404 -0.5204471172895921
FixedParameters: 0 0 0
#Transform 148
Transform: MatrixOffsetTransformBase_double_3_3
Parameters: 0.9999753171890237 -0.0049616511945674725 0.005006371180464402 0.0049389130553565315 0.9999772406615989 0.004525994302690878 -0.005028895362278128 -0.004501002421171935 0.9999773324642323 -0.38642494442522946 -0.07876607228854482 -0.5217562255152401
FixedParameters: 0 0 0
#Transform 149
Transform: MatrixOffsetTransformBase_double_3_3
Parameters: 0.9999751180308942 -0.005093523530505755 0.004789754767482276 0.005070334376318883 0.9999752363560906 0.004824921909830887 -0.00481338506317004 -0.004801076090264728 0.999976550912073 -0.3775178912932802 -0.11445025860150793 -0.5361175441474977
FixedParameters: 0 0 0
#Transform 150
Transform: MatrixOffsetTransformBase_double_3_3
Parameters: 0.9999766905376399 -0.0049210736664546 0.004805574892986506 0.004898053135419939 0.9999766047394909 0.004724945901002281 -0.004828705036866786 -0.00470105386560693 0.9999776602892109 -0.36624992129270595 -0.07452408517063702 -0.5538314025196911
FixedParameters: 0 0 0
#Transform 151
Transform: MatrixOffsetTransformBase_double_3_3
Parameters: 0.999973358738069 -0.0052218246999586205 0.0050370885577398 0.005198134859634619 0.9999750331739446 0.004834695275163309 -0.0050616997201559915 -0.004808314858298135 0.9999758309086558 -0.39247235110964596 -0.11348857571601911 -0.5250269555765747
FixedParameters: 0 0 0
#Transform 152
Transform: MatrixOffsetTransformBase_double_3_3
Parameters: 0.9999738807285318 -0.005040753421516841 0.005263528203458102 0.005017715967442603 0.999976862251925 0.004521574004124174 -0.00528637441217282 -0.004495421069438066 0.9999753646081463 -0.38297072727576165 -0.07798056164138245 -0.5388342665680099
FixedParameters: 0 0 0
#Transform 153
Transform: MatrixOffsetTransformBase_double_3_3
Parameters: 0.999973135097515 -0.005244053092832308 0.005134542021760931 0.005220623896768488 0.9999758434378903 0.0046391772500833095 -0.005158478504186964 -0.004612832280551926 0.9999764910585955 -0.3980212312193885 -0.1255450169561243 -0.5258670090028765
FixedParameters: 0 0 0
#Transform 154
Transform: MatrixOffsetTransformBase_double_3_3
Parameters: 0.9999745165157357 -0.004787600788964062 0.0053446325864153895 0.004762831437333925 0.9999781898786313 0.004615396081173145 -0.005366086027748683 -0.004589606467242741 0.9999749598432115 -0.36577694717898623 -0.06884498780679849 -0.5526079679368578
FixedParameters: 0 0 0
#Transform 155
Transform: MatrixOffsetTransformBase_double_3_3
Parameters: 0.9999733716087192 -0.0053322177275383536 0.004918631767801319 0.005307964935853366 0.9999741451952473 0.004906790855233822 -0.004945241079882042 -0.004880212737228717 0.9999763327947777 -0.38998244909990376 -0.12191257612084883 -0.5207862926008353
FixedParameters: 0 0 0
#Transform 156
Transform: MatrixOffsetTransformBase_double_3_3
Parameters: 0.9999716330718758 -0.005134983869387403 0.005477078013548826 0.005107344743995204 0.9999736743386944 0.005077828903264914 -0.005502800859601737 -0.0050491748349094645 0.9999726795990371 -0.3893347015471136 -0.12181988227155216 -0.5509451311147835
FixedParameters: 0 0 0
#Transform 157
Transform: MatrixOffsetTransformBase_double_3_3
Parameters: 0.9999703375458135 -0.00532242618962854 0.005507978748598053 0.0052957648964600135 0.999974921126532 0.004783250925251004 -0.005532812785328516 -0.004753758646445422 0.9999739382639934 -0.39662001915300493 -0.12088761745914667 -0.5582342094862405
FixedParameters: 0 0 0
#Transform 158
Transform: MatrixOffsetTransformBase_double_3_3
Parameters: 0.999970960468337 -0.005600392613013408 0.005164766424694837 0.0055737196538080055 0.9999711991055517 0.00506540065850089 -0.005193437356559328 -0.0050365887874570525 0.9999737351484571 -0.411645790840268 -0.16720079359321005 -0.5700691058333831
FixedParameters: 0 0 0
#Transform 159
Transform: MatrixOffsetTransformBase_double_3_3
Parameters: 0.9999731023199934 -0.005216331262918647 0.005166351860036935 0.005190519439496387 0.9999735319785233 0.004998161538502549 -0.005191440559087914 -0.004970834969382942 0.9999738789005661 -0.38703766805593887 -0.10604221230255462 -0.5929311243203408
FixedParameters: 0 0 0
#Transform 160
Transform: MatrixOffsetTransformBase_double_3_3
Parameters: 0.999971808716147 -0.005354164247784689 0.0052463953692812645 0.0053290100838994 0.999974517172361 0.004782365934320992 -0.005271709439308249 -0.0047546360861758785 0.9999748134523309 -0.39757846833869337 -0.14047338926850728 -0.5434440269412129
FixedParameters: 0 0 0
#Transform 161
Transform: MatrixOffsetTransformBase_double_3_3
Parameters: 0.9999678871616627 -0.005525053648303304 0.005795501610028637 0.005495385673789927 0.9999720056362106 0.005115868598505879 -0.00582325559456573 -0.005084132410553721 0.999969860348363 -0.4042917318349879 -0.11459861622775236 -0.5915281909146479
FixedParameters: 0 0 0
#Transform 162
Transform: MatrixOffsetTransformBase_double_3_3
Parameters: 0.9999681064760191 -0.00552395033108703 0.005690536885323629 0.005495570555784523 0.9999720707167988 0.0050102847644239445 -0.00571729929854362 -0.004979716088998443 0.9999711346093368 -0.4188436362772876 -0.13867271889260735 -0.559751958791221
FixedParameters: 0 0 0
#Transform 163
Transform: MatrixOffsetTransformBase_double_3_3
Parameters: 0.9999678610822835 -0.005630623909729109 0.005782677348017454 0.005600589854936523 0.9999705466894281 0.005144405935854662 -0.005810835386499743 -0.005111586985571376 0.999969720459158 -0.4199681775893822 -0.10435608777709149 -0.5824792636705993
FixedParameters: 0 0 0
#Transform 164
Transform: MatrixOffsetTransformBase_double_3_3
Parameters: 0.9999685556059935 -0.005478687970071235 0.00578190783581639 0.00545049805946085 0.9999736959625886 0.004775491429716311 -0.0058079563269398116 -0.004743501256053995 0.9999715530226033 -0.41774007483763853 -0.13738678130089 -0.5664887568424426
FixedParameters: 0 0 0
#Transform 165
Transform: MatrixOffsetTransformBase_double_3_3
Parameters: 0.9999695336036586 -0.005618896382859213 0.005467845609323606 0.005591673155660811 0.999972571728903 0.0049280571373193915 -0.005494977814816545 -0.004896944823917282 0.999972695519897 -0.41193544387223824 -0.12756643321300487 -0.5600225624214943
FixedParameters: 0 0 0
#Transform 166
Transform: MatrixOffsetTransformBase_double_3_3
Parameters: 0.9999708767421582 -0.005166394771963002 0.005605997409726994 0.005138787854663283 0.9999747293458442 0.004973723775691247 -0.005631952149420115 -0.004945279014623494 0.9999719530848503 -0.40704718393757844 -0.11892944866256983 -0.5654357417999734
FixedParameters: 0 0 0
#Transform 167
Transform: MatrixOffsetTransformBase_double_3_3
Parameters: 0.9999697764261981 -0.005399975779954517 0.0056626041356639895 0.005369662017802209 0.9999712102641789 0.005291364358435885 -0.005690974481023445 -0.005260629069609252 0.999969892605124 -0.41305204513179206 -0.15451303478290868 -0.5652743325994081
FixedParameters: 0 0 0
#Transform 168
Transform: MatrixOffsetTransformBase_double_3_3
Parameters: 0.9999667192696444 -0.0057313742318017835 0.005781763476685685 0.0057017187500451915 0.9999700292560376 0.005197023731371819 -0.005811386878915992 -0.005163978614279252 0.9999700135914663 -0.43089887313615804 -0.12580103347546867 -0.5889640391674469
FixedParameters: 0 0 0
#Transform 169
Transform: MatrixOffsetTransformBase_double_3_3
Parameters: 0.9999665074380132 -0.005889493728494518 0.005727840248318531 0.005860755319466297 0.9999696750142568 0.005065821303018081 -0.005756746306290681 -0.0050321821999070315 0.9999708464188779 -0.45233404070748406 -0.15773163145919966 -0.5358457438583528
FixedParameters: 0 0 0
#Transform 170
Transform: MatrixOffsetTransformBase_double_3_3
Parameters: 0.999967069518167 -0.00578983321807863 0.005692400904813279 0.005762385099645164 0.9999712032527136 0.004927045909549677 -0.005720853817490141 -0.004894956069828538 0.9999716293281952 -0.4303935606845499 -0.10680789556610648 -0.5688795278227978
FixedParameters: 0 0 0
#Transform 171
Transform: MatrixOffsetTransformBase_double_3_3
Parameters: 0.9999687818927969 -0.005620011478952534 0.005624614387000201 0.005591089580401578 0.9999716240938147 0.005029603146050776 -0.0056527113867829125 -0.004997395776957181 0.999971886329622 -0.42671936384226683 -0.15810090132247012 -0.5594449174483849
FixedParameters: 0 0 0
#Transform 172
Transform: MatrixOffsetTransformBase_double_3_3
Parameters: 0.9999696397154733 -0.0054889234900954344 0.005498621093984482 0.00546126047303752 0.9999720597031047 0.005029174738558323 -0.005525420867519522 -0.004999825459482993 0.9999722885162767 -0.4049486162916196 -0.12734189626250725 -0.5719171843091218
FixedParameters: 0 0 0
#Transform 173
Transform: MatrixOffsetTransformBase_double_3_3
Parameters: 0.9999666047467608 -0.005745982278677257 0.005863061629847932 0.005716186647158079 0.9999711828008871 0.005068574487071736 -0.005892512614860624 -0.005034429963882148 0.9999703854337166 -0.4220319788765039 -0.1457200857985015 -0.5721214438861857
FixedParameters: 0 0 0
#Transform 174
Transform: MatrixOffsetTransformBase_double_3_3
Parameters: 0.9999664395450799 -0.005572862525107898 0.005958688569719754 0.005540748096694695 0.9999704421041876 0.005331907881295589 -0.005987987008376035 -0.005299085592283148 0.999967487055853 -0.4224719801544268 -0.15737385172462837 -0.5523295174848499
FixedParameters: 0 0 0
#Transform 175
Transform: MatrixOffsetTransformBase_double_3_3
Parameters: 0.9999667895381756 -0.005710000224275451 0.005882565532950945 0.005679742721698316 0.9999715365104076 0.005090500160421452 -0.005911906892004586 -0.005057501917872409 0.9999697608689979 -0.4206015906098628 -0.12517389460340667 -0.5664314230150786
FixedParameters: 0 0 0
#Transform 176
Transform: MatrixOffsetTransformBase_double_3_3
Parameters: 0.9999702366862228 -0.005445602368979548 0.0054870827206220715 0.005416660665109004 0.9999711636685118 0.005244843367439994 -0.005515612286472378 -0.005215152568773168 0.9999713660476933 -0.4033612158067683 -0.1433801713499605 -0.5640644598218358
FixedParameters: 0 0 0
#Transform 177
Transform: MatrixOffsetTransformBase_double_3_3
Parameters: 0.999969610352599 -0.005385097286233341 0.005691480001450888 0.005353980795088259 0.9999711103776917 0.005334295567396813 -0.005720156268551941 -0.005304699551006403 0.999969904572067 -0.41117321629492665 -0.11391054617168095 -0.5721786152583874
FixedParameters: 0 0 0
#Transform 178
Transform: MatrixOffsetTransformBase_double_3_3
Parameters: 0.9999671526382523 -0.005699130829194894 0.005689011279837113 0.005671204568427118 0.9999714660766162 0.004972449004120333 -0.005717082645286558 -0.004939553661236495 0.9999715615783134 -0.4157243065832432 -0.11799462452593446 -0.5410465267153128
FixedParameters: 0 0 0
#Transform 179
Transform: MatrixOffsetTransformBase_double_3_3
Parameters: 0.9999691984119852 -0.005526596055255504 0.005500512995448942 0.005498579308245807 0.9999714110673675 0.005148560583978251 -0.005528830659555359 -0.005118433190672511 0.9999710805838734 -0.4061244849749954 -0.12129828791834996 -0.5774165065956254
FixedParameters: 0 0 0
#Transform 180
Transform: MatrixOffsetTransformBase_double_3_3
Parameters: 0.9999695577984238 -0.005633240196640333 0.005450512994856098 0.005604263910251362 0.9999701663052537 0.00526689818735418 -0.005480266940829281 -0.005237095754394988 0.9999712232895339 -0.40800390722952784 -0.14682059958772697 -0.5616331693579468
FixedParameters: 0 0 0
#Transform 181
Transform: MatrixOffsetTransformBase_double_3_3
Parameters: 0.9999670477722473 -0.005676332070812329 0.0058079935616019065 0.0056451162272093715 0.9999695938387788 0.005377822073674793 -0.005837926554247372 -0.005344183318391343 0.9999689719020872 -0.4234745417439427 -0.12324897104770116 -0.5806852980540462
FixedParameters: 0 0 0
#Transform 182
Transform: MatrixOffsetTransformBase_double_3_3
Parameters: 0.999964920984135 -0.00589046677534835 0.005948127230290334 0.0058590969667033045 0.9999688317726937 0.005264975461077903 -0.005979021807419068 -0.005230017653535757 0.9999680153912617 -0.4441583763912291 -0.13477083977673487 -0.5888208716838079
FixedParameters: 0 0 0
#Transform 183
Transform: MatrixOffsetTransformBase_double_3_3
Parameters: 0.9999664047302995 -0.005769411681028995 0.00577134656409299 0.005737548825227946 0.9999679671154565 0.005537184405243617 -0.005802953942641434 -0.005503819478437477 0.9999684842738804 -0.42756572716389485 -0.14619905858978655 -0.5778490034750234
FixedParameters: 0 0 0
#Transform 184
Transform: MatrixOffsetTransformBase_double_3_3
Parameters: 0.9999663762207892 -0.0057073052369447696 0.00583522263890341 0.005678078225791082 0.999972388124464 0.004890185706962286 -0.005863584880697485 -0.00485681569471258 0.9999714850120612 -0.4238523662518503 -0.10310923289129903 -0.5450208300033168
FixedParameters: 0 0 0
#Transform 185
Transform: MatrixOffsetTransformBase_double_3_3
Parameters: 0.9999644195095039 -0.006200288296064159 0.005756036900265125 0.006170271098578109 0.9999676224964913 0.005222179351536599 -0.005788836926402077 -0.005185818330247727 0.9999696324573546 -0.41821013993518363 -0.11901007707706412 -0.5715066174547339
FixedParameters: 0 0 0
#Transform 186
Transform: MatrixOffsetTransformBase_double_3_3
Parameters: 0.9999640433078233 -0.006011981092238277 0.005984283011968207 0.005983127181114263 0.999970487790126 0.004874954511936647 -0.0060131077326976805 -0.004839053201678378 0.9999703734552984 -0.44077362654266494 -0.12723809826323418 -0.5557412918425442
FixedParameters: 0 0 0
#Transform 187
Transform: MatrixOffsetTransformBase_double_3_3
Parameters: 0.9999649603695365 -0.006057031024305094 0.005860605276257062 0.006025914564795405 0.9999669049362181 0.005459648713142279 -0.005893288330864923 -0.005424356081981024 0.9999678231885101 -0.4286882680652866 -0.1333183558951987 -0.6018964071525374
FixedParameters: 0 0 0
#Transform 188
Transform: MatrixOffsetTransformBase_double_3_3
Parameters: 0.9999666585540312 -0.005565534972027938 0.006030629907577387 0.005533304937870612 0.9999708248678262 0.00521109132141348 -0.006059662428762639 -0.00517789573819144 0.9999678668204902 -0.42092208018299004 -0.13911951351795437 -0.5636338695066492
FixedParameters: 0 0 0
#Transform 189
Transform: MatrixOffsetTransformBase_double_3_3
Parameters: 0.9999673136445721 -0.005785487396410851 0.005675242813534655 0.005754378228175371 0.9999682434275281 0.005491891936221516 -0.005707668114118037 -0.005459105497659017 0.9999691065965197 -0.4272712777338228 -0.10332209932025194 -0.5946281557061113
FixedParameters: 0 0 0
#Transform 190
Transform: MatrixOffsetTransformBase_double_3_3
Parameters: 0.9999621331070667 -0.005924413880526565 0.0063059400518908505 0.005891022647950525 0.9999693466458353 0.005219844596370565 -0.00633745205661009 -0.005183152878686648 0.9999666738912013 -0.4432921073443339 -0.14153929031900248 -0.589882216843229
FixedParameters: 0 0 0
#Transform 191
Transform: MatrixOffsetTransformBase_double_3_3
Parameters: 0.9999647612662039 -0.006157870666891524 0.005771868644741511 0.006129511772099737 0.9999684754103246 0.004994862461718347 -0.005802602078786119 -0.004959135270217824 0.9999707436199877 -0.44334828604569054 -0.12095845779815306 -0.574479884656153
FixedParameters: 0 0 0
#Transform 192
Transform: MatrixOffsetTransformBase_double_3_3
Parameters: 0.9999610708578264 -0.006385351330373864 0.006095642942182315 0.006352387559159044 0.9999646067598876 0.005455019840089309 -0.0061296721282630955 -0.005416979955149587 0.9999663623195277 -0.4688693737444538 -0.12898509807033065 -0.5946022475161534
FixedParameters: 0 0 0
#Transform 193
Transform: MatrixOffsetTransformBase_double_3_3
Parameters: 0.999964600570513 -0.006150603617500072 0.005793722863901849 0.006121096456472763 0.9999680560336343 0.00514495542930829 -0.005825063458908168 -0.0051090470544288 0.9999699709821612 -0.45026270668734014 -0.12034800892553221 -0.5955915780490209
FixedParameters: 0 0 0
#Transform 194
Transform: MatrixOffsetTransformBase_double_3_3
Parameters: 0.999959881169218 -0.006189347538505134 0.006388525830231988 0.0061559421223232 0.9999669798426482 0.005269091291335515 -0.006420089987357114 -0.005229914037565425 0.9999657853279867 -0.47800694850386094 -0.1357152099843688 -0.5798530843602023
FixedParameters: 0 0 0
#Transform 195
Transform: MatrixOffsetTransformBase_double_3_3
Parameters: 0.9999574574461044 -0.006893459795908948 0.006084746222400772 0.006861633460499386 0.9999630386133666 0.00519764895497013 -0.006120091452067342 -0.005155350667468472 0.9999678250384284 -0.48046119249292474 -0.12483975120024127 -0.6021437346925964
FixedParameters: 0 0 0
#Transform 196
Transform: MatrixOffsetTransformBase_double_3_3
Parameters: 0.9999612183148638 -0.006255282948890773 0.006136052273158915 0.006225782526667862 0.9999690317990493 0.0048744482577458 -0.0061660630736364574 -0.004836556131108227 0.9999690335510807 -0.45764438835499277 -0.1394518360167467 -0.5669253031551094
FixedParameters: 0 0 0
#Transform 197
Transform: MatrixOffsetTransformBase_double_3_3
Parameters: 0.9999615713451909 -0.0062410279641896575 0.0061215415077153605 0.006209133691760878 0.9999667110803577 0.005226098959117048 -0.00615445902638548 -0.005188894892645152 0.9999676227808983 -0.4562076031738087 -0.1246473592626387 -0.5890456819169572
FixedParameters: 0 0 0
#Transform 198
Transform: MatrixOffsetTransformBase_double_3_3
Parameters: 0.9999589107771732 -0.006313643904896235 0.006497617846495804 0.006281513569033552 0.9999680066868566 0.005034610604808698 -0.006529668516125527 -0.004993398031794272 0.9999666223074304 -0.4670853318342125 -0.11280593606865352 -0.5758690598013665
FixedParameters: 0 0 0
#Transform 199
Transform: MatrixOffsetTransformBase_double_3_3
Parameters: 0.9999630898284815 -0.006194469051530475 0.005961308858496916 0.006161905321140821 0.9999660103791822 0.005406934157557081 -0.005994989123642477 -0.005370061442228596 0.9999680061141973 -0.4612241444834524 -0.1387520819352801 -0.5836201510742072
FixedParameters: 0 0 0
#Transform 200
Transform: MatrixOffsetTransformBase_double_3_3
Parameters: 0.9999594758893073 -0.006522504396587884 0.006243554001034815 0.006489555009872991 0.9999644286184692 0.005326684857559161 -0.006277389387683695 -0.005286322168160579 0.9999667278050044 -0.46548657647095126 -0.09690920494040256 -0.5991606118116835
FixedParameters: 0 0 0
#Transform 201
Transform: MatrixOffsetTransformBase_double_3_3
Parameters: 0.9999637935640641 -0.006120458949577294 0.005894655513704341 0.006087994773717495 0.9999663979068615 0.005528229200649215 -0.0059278664506994105 -0.005491779931423746 0.9999676738500725 -0.45562526755115584 -0.1772708956432183 -0.577489682665778
FixedParameters: 0 0 0
#Transform 202
Transform: MatrixOffsetTransformBase_double_3_3
Parameters: 0.9999588467040357 -0.00663893762363791 0.0062510046020313285 0.006605354145253397 0.9999635793529938 0.0053706584469964125 -0.006286648511759797 -0.005329337715612059 0.9999660207717378 -0.4725060913874586 -0.12414223846830907 -0.5897816215995739
FixedParameters: 0 0 0
#Transform 203
Transform: MatrixOffsetTransformBase_double_3_3
Parameters: 0.9999592709547337 -0.006656297198693019 0.006117206353216885 0.00662389235810334 0.9999637777371755 0.005311022400600274 -0.006152422334754575 -0.0052699788894778055 0.9999675128948718 -0.4718092801832796 -0.14603613344348787 -0.5681958893765184
FixedParameters: 0 0 0
#Transform 204
Transform: MatrixOffsetTransformBase_double_3_3
Parameters: 0.9999614909615364 -0.006213635407867237 0.006156206986445366 0.006180545970441043 0.9999664827543221 0.005360117467283265 -0.006189332078368789 -0.005321883968311708 0.9999669541393735 -0.45789187917715424 -0.13083755682244202 -0.5821862657028589
FixedParameters: 0 0 0
#Transform 205
Transform: MatrixOffsetTransformBase_double_3_3
Parameters: 0.9999591879947198 -0.006353521085257771 0.006359117156041665 0.006321696158859645 0.9999665820329195 0.0051061291500436035 -0.006391490158447711 -0.005064871022080891 0.9999668799613362 -0.46680216717311396 -0.13206752329688243 -0.5641043598640039
FixedParameters: 0 0 0
#Transform 206
Transform: MatrixOffsetTransformBase_double_3_3
Parameters: 0.9999576536337446 -0.006826688206968017 0.006143377492278665 0.006794448377287679 0.9999630340911135 0.005195303065917978 -0.006178987434865573 -0.005153692748670224 0.9999680671764397 -0.48548813470705454 -0.1311457288995399 -0.557616281468654
FixedParameters: 0 0 0
#Transform 207
Transform: MatrixOffsetTransformBase_double_3_3
Parameters: 0.9999561558930364 -0.006586648429008347 0.006592090432429391 0.006553794192173376 0.9999656844842227 0.005067095780697861 -0.00662514822906841 -0.0050239092857474466 0.9999655558131352 -0.4767259379841988 -0.09439742761084347 -0.5863028272695807
FixedParameters: 0 0 0
#Transform 208
Transform: MatrixOffsetTransformBase_double_3_3
Parameters: 0.9999565216294288 -0.006843022252717073 0.006296737884706819 0.006809844093920056 0.999962739436587 0.005222308197689263 -0.006332703650907883 -0.005179683526985668 0.9999666798985988 -0.48702905463625257 -0.1559782306251094 -0.5804837739161819
FixedParameters: 0 0 0
#Transform 209
Transform: MatrixOffsetTransformBase_double_3_3
Parameters: 0.999957380173271 -0.006602091090118252 0.006482733147774747 0.006568808672716079 0.9999646063548436 0.005246647484484834 -0.006517159813625914 -0.005204355655364312 0.9999651605598021 -0.4867352136666909 -0.11397228996086994 -0.6047068785807106
FixedParameters: 0 0 0
#Transform 210
Transform: MatrixOffsetTransformBase_double_3_3
Parameters: 0.9999515779499831 -0.007192566229171362 0.006759079232516093 0.007155444508746387 0.9999589917971752 0.005485641962039711 -0.006798591282982016 -0.005437349108646128 0.999961928339333 -0.5069942521531061 -0.1495052866345361 -0.552397989833544
FixedParameters: 0 0 0
#Transform 211
Transform: MatrixOffsetTransformBase_double_3_3
Parameters: 0.9999571592223317 -0.00678463145738199 0.006309177387060489 0.006754270871164816 0.9999649665849183 0.0048619959831763815 -0.006341980675009467 -0.004819002017895924 0.9999683304865853 -0.48785514553800624 -0.11099920200295799 -0.5782319105401648
FixedParameters: 0 0 0
#Transform 212
Transform: MatrixOffsetTransformBase_double_3_3
Parameters: 0.9999598112716451 -0.006233776600402911 0.006428145500126753 0.006198802820643922 0.999965850636047 0.005510627954283975 -0.0064628238785199585 -0.00547037966536118 0.9999646677504872 -0.4649018670379945 -0.17695059271372315 -0.5682649249642182
FixedParameters: 0 0 0
#Transform 213
Transform: MatrixOffsetTransformBase_double_3_3
Parameters: 0.9999569136657331 -0.006626094369431566 0.006571089754389363 0.006590734620294779 0.999963723872216 0.005396380623257174 -0.006606570206473642 -0.0053526153592679815 0.9999634176396177 -0.4920236472156603 -0.12082290076752145 -0.5946083609548793
FixedParameters: 0 0 0
#Transform 214
Transform: MatrixOffsetTransformBase_double_3_3
Parameters: 0.9999509408741916 -0.007254585689213515 0.0067401076480283215 0.007219454870770261 0.9999602414305149 0.005282101811491635 -0.006777525471148016 -0.0052329089502528014 0.9999634150373721 -0.5145005831449936 -0.12818883314780294 -0.5638020364308822
FixedParameters: 0 0 0
#Transform 215
Transform: MatrixOffsetTransformBase_double_3_3
Parameters: 0.9999537634778877 -0.006711170171273075 0.006942188439884896 0.00667704951317447 0.9999653544048477 0.004976978988595199 -0.006975094533771389 -0.004930023601381978 0.999963333290701 -0.5076386000851159 -0.10737753341014411 -0.5711379708607502
FixedParameters: 0 0 0
#Transform 216
Transform: MatrixOffsetTransformBase_double_3_3
Parameters: 0.9999584217779063 -0.00659027549373546 0.006336003466702631 0.006555561147944527 0.9999635022609171 0.005529912513099172 -0.006371885093294199 -0.005488089967398385 0.999964219612677 -0.48865090723514015 -0.17007158400599565 -0.555944891012647
FixedParameters: 0 0 0
#Transform 217
Transform: MatrixOffsetTransformBase_double_3_3
Parameters: 0.9999517140124797 -0.007026131375079876 0.006921843433991575 0.006990048821409543 0.9999611425264896 0.005308288309537057 -0.006959025982437033 -0.005259708776514743 0.9999617284414354 -0.4898405500959626 -0.10029562915080703 -0.5861621966145449
FixedParameters: 0 0 0
#Transform 218
Transform: MatrixOffsetTransformBase_double_3_3
Parameters: 0.9999558291355424 -0.006848435559700311 0.006423996536036241 0.00681399172461354 0.9999622515535442 0.005358210389877993 -0.006460530740456307 -0.005313782652837884 0.9999646301667272 -0.48796576291829297 -0.16628329111679818 -0.5391844870468923
FixedParameters: 0 0 0
#Transform 219
Transform: MatrixOffsetTransformBase_double_3_3
Parameters: 0.9999551221463041 -0.006532510277911119 0.0068702423624629645 0.006497128994408503 0.999965412844057 0.005190069620783527 -0.006903996889860901 -0.0051459349276673505 0.999963291274178 -0.482775689650083 -0.11732135758077789 -0.5822993398167604
FixedParameters: 0 0 0
#Transform 220
Transform: MatrixOffsetTransformBase_double_3_3
Parameters: 0.9999540059833353 -0.007078051269205831 0.0064723237319601855 0.007045442313626367 0.9999628306222352 0.005039290080928044 -0.006508131483095126 -0.004993705266559567 0.9999658433661291 -0.49431450001677035 -0.15890776654720185 -0.5370289793088503
FixedParameters: 0 0 0
#Transform 221
Transform: MatrixOffsetTransformBase_double_3_3
Parameters: 0.9999520073143571 -0.00713268160850458 0.006642080120613335 0.007096558639610914 0.9999602144016807 0.005432547521209502 -0.006680366626177156 -0.005385455932631594 0.9999632765141468 -0.49591633392290646 -0.12200848798575237 -0.5984176085000961
FixedParameters: 0 0 0
#Transform 222
Transform: MatrixOffsetTransformBase_double_3_3
Parameters: 0.9999556814986829 -0.006519131893037832 0.006842729637060951 0.0064827331722716736 0.9999655373544627 0.0052729355772892506 -0.006876427902793497 -0.005228072748846929 0.9999630069890254 -0.48807586759987487 -0.1433125688237311 -0.5323045697019673
FixedParameters: 0 0 0
#Transform 223
Transform: MatrixOffsetTransformBase_double_3_3
Parameters: 0.9999517576383374 -0.0071130751197973205 0.006755681389197617 0.007079845775555246 0.9999627789161198 0.005022059835825765 -0.006791234572307331 -0.004973952781848312 0.9999650171374185 -0.47948253653746065 -0.09605303534087284 -0.5834530426635354
FixedParameters: 0 0 0
#Transform 224
Transform: MatrixOffsetTransformBase_double_3_3
Parameters: 0.9999538234213022 -0.007081150025459422 0.00648332567336541 0.0070464245023601334 0.9999609535608771 0.0053182196768418455 -0.006520784442143039 -0.005272776663906492 0.9999647835537522 -0.48199146589028885 -0.14682606524792163 -0.5732010981037199
FixedParameters: 0 0 0
#Transform 225
Transform: MatrixOffsetTransformBase_double_3_3
Parameters: 0.9999547018731961 -0.006835048870151959 0.00660131826384732 0.006799390863034498 0.9999630775940578 0.005320026892475294 -0.006638163626137928 -0.005274972566204628 0.9999644956089183 -0.4728846548420478 -0.1346828120517216 -0.6056905007759426
FixedParameters: 0 0 0
#Transform 226
Transform: MatrixOffsetTransformBase_double_3_3
Parameters: 0.9999567615339652 -0.006641009355805722 0.006567970942944389 0.006606033367796046 0.9999645994608126 0.005295461853740191 -0.006602446007329847 -0.0052515455418568335 0.9999645408299688 -0.468917050060071 -0.13422790529040185 -0.5650662815230056
FixedParameters: 0 0 0
#Transform 227
Transform: MatrixOffsetTransformBase_double_3_3
Parameters: 0.9999511139720547 -0.006980655908124684 0.007011210635236092 0.006944339330102654 0.9999626579755231 0.005130420580567313 -0.007046758422948595 -0.005081576301610158 0.9999623119245399 -0.49781612816080667 -0.1293649928084477 -0.5546468735821009
FixedParameters: 0 0 0
#Transform 228
Transform: MatrixOffsetTransformBase_double_3_3
Parameters: 0.9999503227044882 -0.0072507077998019195 0.00686296743407748 0.007215080087502816 0.9999600031772197 0.005236652546164677 -0.006900669057201472 -0.00518734905051621 0.9999629879082631 -0.5049204297011443 -0.13661054865612243 -0.5564125714986403
FixedParameters: 0 0 0
#Transform 229
Transform: MatrixOffsetTransformBase_double_3_3
Parameters: 0.9999494259419901 -0.00718351848967889 0.00699783204350158 0.007149677095720615 0.9999622721074396 0.004894956440658016 -0.007032244530154285 -0.004844049287613783 0.9999637282727528 -0.5091199806268918 -0.10812957260039013 -0.5808683402778207
FixedParameters: 0 0 0
#Transform 230
Transform: MatrixOffsetTransformBase_double_3_3
Parameters: 0.9999528026456277 -0.006872384239048693 0.006925578781448174 0.0068372292688404605 0.9999634311063523 0.005180217442790652 -0.006960548905229651 -0.00513278769728287 0.9999621909091537 -0.49877450371550935 -0.13945112554414152 -0.5640295028533053
FixedParameters: 0 0 0
#Transform 231
Transform: MatrixOffsetTransformBase_double_3_3
Parameters: 0.9999484368679848 -0.007145451879472266 0.007176362475947097 0.007109626643959291 0.9999615375038441 0.005048649164348551 -0.007212242399253267 -0.00499734738417304 0.9999614367113888 -0.5085342146122116 -0.10981449891829698 -0.5833763063695123
FixedParameters: 0 0 0
#Transform 232
Transform: MatrixOffsetTransformBase_double_3_3
Parameters: 0.9999490345217472 -0.007192425357513774 0.007087001371130175 0.007154194624362815 0.9999590514737708 0.005520550480638181 -0.007126483125933407 -0.005470452935099429 0.9999595799932902 -0.5139772135220113 -0.14645290634570074 -0.5938764452148888
FixedParameters: 0 0 0
#Transform 233
Transform: MatrixOffsetTransformBase_double_3_3
Parameters: 0.9999478566445605 -0.007080780779889115 0.007416191963475418 0.007043969133818832 0.9999621470334085 0.005086542027386232 -0.007451599494766613 -0.005033464500955487 0.9999595007042534 -0.516680162216332 -0.11135542703455314 -0.6046085470489011
FixedParameters: 0 0 0
#Transform 234
Transform: MatrixOffsetTransformBase_double_3_3
Parameters: 0.9999467513980663 -0.007116690554344635 0.00752314562076074 0.00707771110607705 0.9999611218486186 0.0051584157063582214 -0.007559920533038794 -0.005104569848839752 0.9999579632806308 -0.5169669300746023 -0.15799733418000983 -0.5745715346357194
FixedParameters: 0 0 0
#Transform 235
Transform: MatrixOffsetTransformBase_double_3_3
Parameters: 0.9999521163979483 -0.006876012348567953 0.006971695690423033 0.0068412011709093465 0.9999643015871498 0.004993388314597835 -0.007005465629680103 -0.004945616877097381 0.9999634214356063 -0.4869043173901417 -0.09091342644551048 -0.5912161939793421
FixedParameters: 0 0 0
#Transform 236
Transform: MatrixOffsetTransformBase_double_3_3
Parameters: 0.9999475847053031 -0.007387573743235967 0.00705953346066415 0.007351127847320207 0.999959274216743 0.005150926990775961 -0.007097375314329946 -0.005099066426868415 0.9999617775562167 -0.5175438428928913 -0.14188470282459775 -0.5910164011709469
FixedParameters: 0 0 0
#Transform 237
Transform: MatrixOffsetTransformBase_double_3_3
Parameters: 0.9999477488368872 -0.006937684550971728 0.007557806366141468 0.006902495705540293 0.9999653336875703 0.00465911312592851 -0.007589500940887682 -0.004606887822839439 0.9999604844067999 -0.5146840586726 -0.1125052865481706 -0.6360327896847551
FixedParameters: 0 0 0
#Transform 238
Transform: MatrixOffsetTransformBase_double_3_3
Parameters: 0.9999467113074991 -0.007246064235527078 0.007401490017508375 0.00720864323823951 0.9999619190938254 0.005004887779187922 -0.0074377222671684175 -0.004951112510120925 0.9999602296078891 -0.5271161203634165 -0.16720650688819205 -0.5927244748195335
FixedParameters: 0 0 0
#Transform 239
Transform: MatrixOffsetTransformBase_double_3_3
Parameters: 0.9999503323123761 -0.006965053789890471 0.007152540101015372 0.0069275743993091774 0.9999618471986115 0.005236956609139781 -0.007188069535309067 -0.005187047325554112 0.9999611534828601 -0.5070415482877593 -0.1136617814459413 -0.6177073886782942
FixedParameters: 0 0 0
