#Insight Transform File V1.0
#Transform 0
Transform: MatrixOffsetTransformBase_double_3_3
Parameters: 0.9999990160576375 -0.0010123379868577766 0.0009793434678364704 0.0010119863371332925 0.9999994827784171 0.0001797852525479704 -0.0009797068273024883 -0.00017921438265167122 0.9999994688388432 0.16298650301547468 -0.38764109986588124 -0.05030031847334726
FixedParameters: 0 0 0
#Transform 1
Transform: MatrixOffsetTransformBase_double_3_3
Parameters: 0.9999987473490789 -0.001294237976809836 0.0007601623368914532 0.0012960714534632092 0.9999948590184654 -0.0030002267811046757 -0.0007567043678841126 0.0030007793335589117 0.9999958822616658 0.172037362772528 -0.4615154551742009 -0.08068753323698274
FixedParameters: 0 0 0
#Transform 2
Transform: MatrixOffsetTransformBase_double_3_3
Parameters: 0.9999979608341287 -0.001529904622414206 0.0013034168585573857 0.0015350610070909018 0.9999895686516916 -0.004157085042876041 -0.0012970760742104545 0.004158912763640776 0.9999908140796662 0.21125299305498402 -0.6408700781111136 -0.14502015696746184
FixedParameters: 0 0 0
#Transform 3
Transform: MatrixOffsetTransformBase_double_3_3
Parameters: 0.9999985565606573 -0.0016845783100936478 0.0007789347108519602 0.00168630925312223 0.9999934529645814 -0.0030940241476029584 -0.0007737502607359749 0.0030959745661452986 0.999994945487929 0.1802390957934108 -0.5624409365588079 -0.04543415905152415
FixedParameters: 0 0 0
#Transform 4
Transform: MatrixOffsetTransformBase_double_3_3
Parameters: 0.999997586700118 -0.002109254488864371 0.0009815116935750095 0.002111740429770426 0.9999947122146096 -0.0023605995568819482 -0.0009771468938217732 0.0023634002331987536 0.9999967163675978 0.19117721206362148 -0.5261699721215081 -0.1160004050480552
FixedParameters: 0 0 0
#Transform 5
Transform: MatrixOffsetTransformBase_double_3_3
Parameters: 0.9999988824045368 -0.0016776564538276788 0.0005491486505932239 0.0016797142890279597 0.9999969114718893 -0.0020037481021408787 -0.0005455798131842368 0.002004252732311751 0.9999979388846595 0.15531418371546124 -0.4906135211959821 -0.08724931478059261
FixedParameters: 0 0 0
#Transform 6
Transform: MatrixOffsetTransformBase_double_3_3
Parameters: 0.9999989460329934 -0.0013971675728034429 0.00032045747295046526 0.0013975130467096624 0.9999951750732641 -0.0027828889238323273 -0.00031641666825604336 0.0027831123045073403 0.9999962807404295 0.12224383008236828 -0.5503964585563921 -0.07925238650440747
FixedParameters: 0 0 0
#Transform 7
Transform: MatrixOffsetTransformBase_double_3_3
Parameters: 0.9999988177329467 -0.0014719662308259134 0.0001256925670372513 0.001472054342443761 0.9999965799497134 -0.002336279109015793 -0.0001229074006522616 0.002336723980202182 0.9999973192908407 0.10693414786024391 -0.4835721321979918 -0.04023976101723292
FixedParameters: 0 0 0
#Transform 8
Transform: MatrixOffsetTransformBase_double_3_3
Parameters: 0.9999982757978094 -0.0016270242808791708 0.00027747245124159727 0.0016278048853167965 0.9999943235321236 -0.00296221850383388 -0.00027285937323828774 0.002961781039960698 0.9999954053288909 0.11675241760593735 -0.4927818739322305 -0.09234841719697329
FixedParameters: 0 0 0
#Transform 9
Transform: MatrixOffsetTransformBase_double_3_3
Parameters: 0.9999957622035085 -0.0018071896915401674 -0.0022293927055336083 0.0018009019922591222 0.9999945859560482 -0.0029244099532132473 0.002235215085159402 0.002920591569487263 0.9999930941591184 -0.009962192281960824 -0.543837735408772 -0.20572623569702841
FixedParameters: 0 0 0
#Transform 10
Transform: MatrixOffsetTransformBase_double_3_3
Parameters: 0.9999980815699493 -0.0016652723732016093 -0.0003805579464939272 0.001665089373039828 0.9999975674244388 -0.0009967619324367516 0.00038258571794392947 0.000996236628049707 0.9999995281206098 0.0785516048002819 -0.4013037135297921 -0.06271201192797093
FixedParameters: 0 0 0
#Transform 11
Transform: MatrixOffsetTransformBase_double_3_3
Parameters: 0.9999963744000507 -0.002248324346856835 -0.0016035662205819644 0.002244934289153336 0.9999958559739559 -0.001887782188777054 0.0016078109637728253 0.001884215818448054 0.9999964044182347 0.022441533039938122 -0.4187988593082892 -0.1245215239186166
FixedParameters: 0 0 0
#Transform 12
Transform: MatrixOffsetTransformBase_double_3_3
Parameters: 0.9999947206719867 -0.002413303752111558 -0.0023356942697889387 0.002411301057404631 0.9999964573902996 -0.0007548121486404824 0.0023376747025868156 0.0007491865677470289 0.9999971322713171 -0.031744999551165165 -0.3754702737360489 -0.10273136681195183
FixedParameters: 0 0 0
#Transform 13
Transform: MatrixOffsetTransformBase_double_3_3
Parameters: 0.999995164360077 -0.002262445923762038 -0.0019280663150309245 0.0022575374532287787 0.9999938732256004 -0.002596873020010937 0.001933561736904219 0.0025931272232975755 0.9999948230314833 -0.0006110058200761159 -0.49981968502647334 -0.2484037164830113
FixedParameters: 0 0 0
#Transform 14
Transform: MatrixOffsetTransformBase_double_3_3
Parameters: 0.9999985527678013 -0.0018489537011430956 -0.0001665816345191903 0.0018491713267434786 0.9999976388588614 -0.0010717705542613865 0.00016925324301858777 0.0010712285109073516 0.9999996176828022 0.08598408144749214 -0.43691182068560863 -0.08934274995877445
FixedParameters: 0 0 0
#Transform 15
Transform: MatrixOffsetTransformBase_double_3_3
Parameters: 0.9999934018376512 -0.0027444414755719506 -0.0022504314713098434 0.0027387116706106677 0.9999930425375301 -0.002614943220662913 0.002258162816447185 0.0026090549374077066 0.9999937141507923 -0.019349111749903614 -0.4896213437308248 -0.2629518412311711
FixedParameters: 0 0 0
#Transform 16
Transform: MatrixOffsetTransformBase_double_3_3
Parameters: 0.9999945232661805 -0.002250770857855542 -0.0023260134134050767 0.0022470603201924597 0.999996071862088 -0.0016494114027608697 0.002329769268182911 0.0016445889295294558 0.9999960261676952 -0.02952589223403379 -0.52502254684957 -0.222535355091793
FixedParameters: 0 0 0
#Transform 17
Transform: MatrixOffsetTransformBase_double_3_3
Parameters: 0.9999915127327299 -0.0026259478909689622 -0.003254289779633195 0.0026240186506256776 0.9999960015553513 -0.0008198496007226774 0.0032562099922980895 0.0008111526728922236 0.9999941810890183 -0.07468409658437736 -0.43351538903215214 -0.13384758139881114
FixedParameters: 0 0 0
#Transform 18
Transform: MatrixOffsetTransformBase_double_3_3
Parameters: 0.9999954580464779 -0.0019916808771285 -0.002361713273622528 0.0019838767779218323 0.9999927825315116 -0.003128747299357082 0.0023671954478600697 0.003124249769459686 0.9999921254253491 -0.025515500784024425 -0.5474183052094688 -0.32341732315256877
FixedParameters: 0 0 0
#Transform 19
Transform: MatrixOffsetTransformBase_double_3_3
Parameters: 0.9999911273078687 -0.002188954583148213 -0.003616362518735804 0.0021860167929738665 0.9999973817707759 -0.0009266295637888611 0.0036189714939329136 0.0009183709810211549 0.9999930435162185 -0.09006401584520063 -0.45320468598929153 -0.17293989453366976
FixedParameters: 0 0 0
#Transform 20
Transform: MatrixOffsetTransformBase_double_3_3
Parameters: 0.9999911948437995 -0.0028957535406226066 -0.003069111391788489 0.002892851532398841 0.9999951384492084 -0.001121652279212626 0.0030719251998772884 0.001112350218745728 0.999994561002004 -0.07383677921785647 -0.4693046208416689 -0.19242280240754894
FixedParameters: 0 0 0
#Transform 21
Transform: MatrixOffsetTransformBase_double_3_3
Parameters: 0.999992804828424 -0.0029578933480744734 -0.002539353714065973 0.0029511412298210194 0.9999931273162642 -0.0024500713984166866 0.0025462853134701167 0.0024429301681215265 0.9999937067205869 -0.04088860856833776 -0.5354165265907795 -0.2436833555971134
FixedParameters: 0 0 0
#Transform 22
Transform: MatrixOffsetTransformBase_double_3_3
Parameters: 0.9999944595712276 -0.00262134380737665 -0.0019153353236531201 0.002614929195684665 0.99999212788066 -0.0031549973757164507 0.0019243178402233458 0.0031500050108470012 0.999993455069056 -0.00793542911983991 -0.5828935152283563 -0.321915336101398
FixedParameters: 0 0 0
#Transform 23
Transform: MatrixOffsetTransformBase_double_3_3
Parameters: 0.9999932655442502 -0.0025666555340127873 -0.002673460599443171 0.0025594413830387374 0.9999935756498554 -0.0026551643226990773 0.0026801050552719553 0.0026478362958232693 0.9999926289155686 -0.07625159629594691 -0.5922470074735742 -0.2507665618086037
FixedParameters: 0 0 0
#Transform 24
Transform: MatrixOffsetTransformBase_double_3_3
Parameters: 0.9999914260469801 -0.0024102531908784955 -0.003430094937890424 0.0024075939058944406 0.9999969946882622 -0.000748108255922808 0.0034316750119937605 0.0007398928704134833 0.9999943242810856 -0.11415709805103802 -0.43154050583121517 -0.14308760959872302
FixedParameters: 0 0 0
#Transform 25
Transform: MatrixOffsetTransformBase_double_3_3
Parameters: 0.9999971094338832 -0.002155718798355486 -0.0004928016577688968 0.0021546135256553093 0.9999946345000188 -0.002502656452616603 0.0004987791175357862 0.002501343827829128 0.9999969548901437 0.05132171027528898 -0.5576046906602059 -0.39449564030016404
FixedParameters: 0 0 0
#Transform 26
Transform: MatrixOffsetTransformBase_double_3_3
Parameters: 0.9999966996164582 -0.002383985926208226 -0.000785807681230624 0.0023825789482966133 0.9999960719642988 -0.0017675941628678693 0.0007894208145794307 0.001765409824045161 0.9999983865862316 0.0181920233259234 -0.5898884709742589 -0.3325932008401651
FixedParameters: 0 0 0
#Transform 27
Transform: MatrixOffsetTransformBase_double_3_3
Parameters: 0.9999925696034528 -0.002311068486779741 -0.0031761134730173917 0.0023037259799226573 0.9999943065454053 -0.002368510630094467 0.0031819484642161997 0.0023614875980819683 0.9999920765534711 -0.1095062668361777 -0.5646115650402024 -0.2104339314930712
FixedParameters: 0 0 0
#Transform 28
Transform: MatrixOffsetTransformBase_double_3_3
Parameters: 0.9999917138911129 -0.0031243096138656445 -0.0025545498157181507 0.0031162605228278344 0.9999902282104489 -0.002983539680807945 0.0025639711023284543 0.0029754527654088925 0.9999917307514854 -0.06282340973751843 -0.5870378973994406 -0.3368222862615937
FixedParameters: 0 0 0
#Transform 29
Transform: MatrixOffsetTransformBase_double_3_3
Parameters: 0.99999911435047 -0.0013054200739478718 -0.00042683835139444416 0.0013043959890937902 0.9999983847412363 -0.0014560185825622796 0.0004284117981671148 0.0014549814924136317 0.9999984926447091 0.020097365362460096 -0.5657991065798811 -0.3785286349454111
FixedParameters: 0 0 0
#Transform 30
Transform: MatrixOffsetTransformBase_double_3_3
Parameters: 0.99999482382307 -0.0024862654103118935 -0.0019985420791444786 0.002485273996500393 0.9999970166462722 -0.0006288129664637765 0.0020000065947452334 0.0006231884323464887 0.9999980234221969 -0.046381835301218644 -0.5112860235301682 -0.32708816939242524
FixedParameters: 0 0 0
#Transform 31
Transform: MatrixOffsetTransformBase_double_3_3
Parameters: 0.9999971516665961 -0.002322900748543611 -0.0006737783833459831 0.0023204890101610315 0.9999940585552102 -0.0025352850876079747 0.0006798058577049042 0.0025337123454081123 0.9999962456980698 0.011941423462644707 -0.5668223818779694 -0.45815196995414453
FixedParameters: 0 0 0
#Transform 32
Transform: MatrixOffsetTransformBase_double_3_3
Parameters: 0.9999967510601432 -0.002429697891438644 -0.0005891169815649543 0.0024279101053447396 0.9999954220906727 -0.001885151882177194 0.0005938208797180165 0.0018838486335269744 0.9999982262706429 0.008621422597485662 -0.6174586063121552 -0.38944641157146975
FixedParameters: 0 0 0
#Transform 33
Transform: MatrixOffsetTransformBase_double_3_3
Parameters: 0.9999969553904025 -0.0023213165213820802 -0.0012867340983884483 0.002318779926339912 0.9999950511180055 -0.0022431683523006507 0.0012916167203516546 0.0022408348665017286 0.9999968511069338 -0.02054375781494855 -0.6043764836384327 -0.32975821054682797
FixedParameters: 0 0 0
#Transform 34
Transform: MatrixOffsetTransformBase_double_3_3
Parameters: 0.9999889377418748 -0.002970537983014331 -0.003498126094714784 0.0029582076040085893 0.9999889449974027 -0.003510479754234186 0.003508884434496967 0.003499513255583009 0.9999874225143788 -0.10671904426797596 -0.6072922236807443 -0.32415235539215814
FixedParameters: 0 0 0
#Transform 35
Transform: MatrixOffsetTransformBase_double_3_3
Parameters: 0.9999962798355718 -0.0025612573214748202 -0.00039933888213743315 0.0025612600711717526 0.9999958639107669 -0.0009949468677852291 0.00040091459680354884 0.0009930550852950137 0.9999994398474333 0.039675701373539596 -0.563398795924833 -0.38549288432832896
FixedParameters: 0 0 0
#Transform 36
Transform: MatrixOffsetTransformBase_double_3_3
Parameters: 0.9999931729273591 -0.0028949239708127277 -0.002333604913695053 0.0028885129047751374 0.9999922463262522 -0.002791524601666484 0.0023418475618558004 0.002784476873423758 0.9999933806251782 -0.05951560506397868 -0.6034978336766983 -0.23973804890559336
FixedParameters: 0 0 0
#Transform 37
Transform: MatrixOffsetTransformBase_double_3_3
Parameters: 0.9999898642195655 -0.0028495969784167563 -0.003466338914274699 0.002836496642398973 0.9999896267045187 -0.0036529687643244713 0.003477059867187955 0.003643033283766195 0.9999876214772327 -0.1163002764552914 -0.5938500671411049 -0.3055235258101163
FixedParameters: 0 0 0
#Transform 38
Transform: MatrixOffsetTransformBase_double_3_3
Parameters: 0.999991079298976 -0.002939029953619536 -0.0028780604957704715 0.0029275038532800813 0.999987198900423 -0.003999221680950404 0.002889606996932872 0.003990775449005668 0.9999879600976943 -0.09155944513236136 -0.6598067244434631 -0.2926236315570634
FixedParameters: 0 0 0
#Transform 39
Transform: MatrixOffsetTransformBase_double_3_3
Parameters: 0.9999908410083107 -0.0025592973426146744 -0.003551270426305032 0.0025514640766464156 0.999994598313238 -0.0021390513241583697 0.003556166149320356 0.0021299486440947146 0.9999911304605363 -0.11326617376266768 -0.5656422476683503 -0.2903782307129461
FixedParameters: 0 0 0
#Transform 40
Transform: MatrixOffsetTransformBase_double_3_3
Parameters: 0.9999894355294863 -0.003628160077877405 -0.002720060196750777 0.003619696303384396 0.9999884497687272 -0.003155689890920521 0.002732074461905615 0.003145306975343487 0.9999911343188961 -0.07460684405162965 -0.6217506370122763 -0.2661416688030158
FixedParameters: 0 0 0
#Transform 41
Transform: MatrixOffsetTransformBase_double_3_3
Parameters: 0.9999897478726438 -0.0034641382352657043 -0.00287268018124194 0.003454672750975415 0.9999880954820766 -0.003425105219717395 0.0028838782014495774 0.0034158992604064187 0.9999902525481561 -0.0884368132419695 -0.6038036234733326 -0.285471656005825
FixedParameters: 0 0 0
#Transform 42
Transform: MatrixOffsetTransformBase_double_3_3
Parameters: 0.9999912341087621 -0.003196592245146794 -0.0025581250899665625 0.0031886978686637263 0.9999897026100761 -0.003312744857900951 0.0025693649012203984 0.003304258926858372 0.9999916389901239 -0.05718028246855056 -0.6079110419039893 -0.3312217164096012
FixedParameters: 0 0 0
#Transform 43
Transform: MatrixOffsetTransformBase_double_3_3
Parameters: 0.9999884560797038 -0.0030052213677954124 -0.003809257967958671 0.0029970068395783695 0.9999932525032487 -0.0022903347970574806 0.0038162434236340376 0.002278666746313107 0.9999897656176071 -0.1351474383427842 -0.5730414831473851 -0.2793456526567013
FixedParameters: 0 0 0
#Transform 44
Transform: MatrixOffsetTransformBase_double_3_3
Parameters: 0.9999870643209388 -0.003231148803615619 -0.00393659792801249 0.0032241507894951392 0.9999936275390515 -0.0017074000003374223 0.003941921951453743 0.0016945998371123427 0.99999064993856 -0.14503899029026002 -0.524977386395058 -0.2727755279681219
FixedParameters: 0 0 0
#Transform 45
Transform: MatrixOffsetTransformBase_double_3_3
Parameters: 0.999993954524557 -0.0033078435469196307 -0.001050514577396083 0.003305467902908912 0.9999925962402793 -0.0020549144420650145 0.0010579937898058998 0.002051082076136579 0.9999969286394137 0.002637069258497604 -0.567729261463839 -0.42704978714905906
FixedParameters: 0 0 0
#Transform 46
Transform: MatrixOffsetTransformBase_double_3_3
Parameters: 0.9999882160217993 -0.0034480607766676705 -0.0034493690808989654 0.0034428706763459955 0.9999935243810487 -0.0012793707930154885 0.003453558432041186 0.00126762838648381 0.9999934480168132 -0.1154226962288476 -0.5330225243470821 -0.2984258915593898
FixedParameters: 0 0 0
#Transform 47
Transform: MatrixOffsetTransformBase_double_3_3
Parameters: 0.9999902121299227 -0.0038472151395458117 -0.00244626507225531 0.0038422240416576357 0.9999896562543362 -0.0023016943087004194 0.0024551119605771914 0.002292304116798538 0.9999940033923017 -0.055449441572818614 -0.5908981241307671 -0.2776421328216827
FixedParameters: 0 0 0
#Transform 48
Transform: MatrixOffsetTransformBase_double_3_3
Parameters: 0.9999893539805446 -0.0036537061788012052 -0.0027007088707322216 0.0036456546672236894 0.999988929971816 -0.0031018177043639072 0.002712494878998187 0.0030921819585711385 0.9999912410469254 -0.08542321943747311 -0.5990656494678603 -0.2833936721310124
FixedParameters: 0 0 0
#Transform 49
Transform: MatrixOffsetTransformBase_double_3_3
Parameters: 0.999986660523339 -0.0033928399015835786 -0.00397861637459257 0.0033769241160240774 0.9999866495801139 -0.003916968615537808 0.0039917723541594554 0.003904030634440503 0.9999844265997371 -0.1126544246689889 -0.6700792884060718 -0.3871145870776047
FixedParameters: 0 0 0
#Transform 50
Transform: MatrixOffsetTransformBase_double_3_3
Parameters: 0.9999924974131426 -0.003093825293862872 -0.002220816474329602 0.0030887707157867196 0.9999932942338882 -0.0022087686007481455 0.002227284075129245 0.002202236051135953 0.9999954746617867 -0.07066945489296472 -0.6394084271511247 -0.3841403539833834
FixedParameters: 0 0 0
#Transform 51
Transform: MatrixOffsetTransformBase_double_3_3
Parameters: 0.9999891843620552 -0.003175104084901053 -0.0034253944395710783 0.0031645325476593604 0.9999903277426638 -0.0030562244243913517 0.0034354281995221435 0.003045772744116715 0.9999892392812976 -0.1197344739100572 -0.6413102393614807 -0.28610319892553093
FixedParameters: 0 0 0
#Transform 52
Transform: MatrixOffsetTransformBase_double_3_3
Parameters: 0.9999960272112998 -0.002830879741215656 -0.0009789106306650908 0.002828032040917042 0.999990164220979 -0.0033236238910692717 0.0009877388282110045 0.0033203746682897717 0.9999937915166897 -0.010251416724685214 -0.5859418452909964 -0.47268188126878385
FixedParameters: 0 0 0
#Transform 53
Transform: MatrixOffsetTransformBase_double_3_3
Parameters: 0.9999948079715104 -0.0021575884047066256 -0.0023525443628464896 0.0021572565829827634 0.9999976358065916 -0.0004701264793681714 0.0023538480845304347 0.0004648753327527455 0.9999977350508213 -0.061133480555582764 -0.5574767882160501 -0.34645004009448144
FixedParameters: 0 0 0
#Transform 54
Transform: MatrixOffsetTransformBase_double_3_3
Parameters: 0.9999920530871971 -0.002665279244551102 -0.0028006125935132646 0.002660018316226223 0.9999948827696125 -0.001917561000554957 0.002805505482067125 0.001910439309132983 0.9999938434909622 -0.09086969246445165 -0.6126795732389567 -0.29640822468019223
FixedParameters: 0 0 0
#Transform 55
Transform: MatrixOffsetTransformBase_double_3_3
Parameters: 0.9999940411246934 -0.0024922116448682285 -0.0021790933669529246 0.0024841099111545402 0.9999911534333116 -0.003374941368547879 0.0021879919613495506 0.0033690567654846015 0.9999921468026499 -0.056847860436391784 -0.620618310340241 -0.43152059762240924
FixedParameters: 0 0 0
#Transform 56
Transform: MatrixOffsetTransformBase_double_3_3
Parameters: 0.9999954127462917 -0.0026391722963961884 -0.001619435478055225 0.0026386791767187058 0.9999967204213889 -0.0003325778407186619 0.0016198888750914246 0.00032842339691380174 0.9999984738635206 -0.045265004720079105 -0.5159902896256128 -0.4354694687181393
FixedParameters: 0 0 0
#Transform 57
Transform: MatrixOffsetTransformBase_double_3_3
Parameters: 0.9999951774951554 -0.0024145980304716556 -0.001997960157234537 0.002413209323991278 0.9999966948243789 -0.0007274612657391377 0.001999815060816853 0.000723537972082966 0.9999974299686167 -0.046715306323505956 -0.4895661080451106 -0.4105234950544059
FixedParameters: 0 0 0
#Transform 58
Transform: MatrixOffsetTransformBase_double_3_3
Parameters: 0.9999950556330767 -0.0027323405523891997 -0.0012168668178357952 0.0027302989131728936 0.9999958478142814 -0.0011669641413918352 0.0012197174579018472 0.0011640364048710605 0.9999984910305915 0.011426121495190955 -0.567755855378536 -0.40503202160508067
FixedParameters: 0 0 0
#Transform 59
Transform: MatrixOffsetTransformBase_double_3_3
Parameters: 0.9999893422848141 -0.0030120586959226934 -0.0035472628629340023 0.0030058601572522446 0.9999944291175723 -0.0016989061927996096 0.003553088691435331 0.0016880919757866764 0.9999921772508132 -0.10882855494361365 -0.5555356175108628 -0.3372037447574314
FixedParameters: 0 0 0
#Transform 60
Transform: MatrixOffsetTransformBase_double_3_3
Parameters: 0.9999849903044571 -0.003112648174509668 -0.004617405676152132 0.0031056190734045225 0.9999939084857652 -0.001600589754738091 0.004622235513045637 0.0015864120288220929 0.9999880032885302 -0.11208250135470621 -0.5850872893507955 -0.3723655473616816
FixedParameters: 0 0 0
#Transform 61
Transform: MatrixOffsetTransformBase_double_3_3
Parameters: 0.9999891185691328 -0.002981432414333382 -0.0034630771822713228 0.002973554276860114 0.9999929085463178 -0.0020654152591478847 0.0034696880127723364 0.0020545779446216605 0.9999917227837536 -0.09074666698060696 -0.6139476247073716 -0.3286555524741459
FixedParameters: 0 0 0
#Transform 62
Transform: MatrixOffsetTransformBase_double_3_3
Parameters: 0.9999944156898746 -0.0026219754492919304 -0.0019258609859832748 0.0026179170986728004 0.9999951144934303 -0.0019880235687887438 0.0019316785314920672 0.001982977417350651 0.9999964167455972 -0.032857229375878205 -0.565174296827692 -0.518381472203373
FixedParameters: 0 0 0
#Transform 63
Transform: MatrixOffsetTransformBase_double_3_3
Parameters: 0.9999928020305281 -0.002715436185664461 -0.0026124583348169183 0.002711063202469487 0.9999949117021525 -0.00170739791002944 0.0026167593788313406 0.0016996031696446257 0.9999950864774647 -0.06913647599893125 -0.6200398590855158 -0.40932444156442216
FixedParameters: 0 0 0
#Transform 64
Transform: MatrixOffsetTransformBase_double_3_3
Parameters: 0.9999853445768986 -0.0029072009139763538 -0.004604599817219362 0.002897286221802196 0.9999935579936827 -0.0021203443567882063 0.004611075177547805 0.0021066568231566385 0.9999878527405246 -0.1586837615668344 -0.5896165025862246 -0.33690483254326864
FixedParameters: 0 0 0
#Transform 65
Transform: MatrixOffsetTransformBase_double_3_3
Parameters: 0.9999910411644507 -0.0028475456247462356 -0.00313858088904352 0.0028386953252320674 0.9999928974678162 -0.0026718244581198647 0.0031464448258895997 0.002663172769802713 0.9999909125029564 -0.08819209019407026 -0.5864435613198964 -0.4508810169528772
FixedParameters: 0 0 0
#Transform 66
Transform: MatrixOffsetTransformBase_double_3_3
Parameters: 0.9999890053118724 -0.0029486477549264638 -0.0035072828773390907 0.0029429572745583664 0.9999943711402588 -0.0017284382976738843 0.003511777664948679 0.0017175665043498434 0.9999926966698169 -0.11075077248534626 -0.6288702071269014 -0.42523018391020173
FixedParameters: 0 0 0
#Transform 67
Transform: MatrixOffsetTransformBase_double_3_3
Parameters: 0.9999879678338672 -0.003439407542738291 -0.0034936128456993483 0.003431701439546167 0.9999914510404335 -0.002188492872126968 0.0035003707465330733 0.0021765060105135015 0.9999909901151256 -0.12427062853916482 -0.6315316296184506 -0.36531391573331007
FixedParameters: 0 0 0
#Transform 68
Transform: MatrixOffsetTransformBase_double_3_3
Parameters: 0.999990622957315 -0.0029159517693519194 -0.003297298629660197 0.0029068002744255736 0.9999916521930358 -0.00287183737697283 0.0033059778078669473 0.0028631632130778906 0.9999905255369675 -0.10363498451218334 -0.667875842653153 -0.5217830959884395
FixedParameters: 0 0 0
#Transform 69
Transform: MatrixOffsetTransformBase_double_3_3
Parameters: 0.9999817233179966 -0.003451033985758624 -0.0050369245829060575 0.003438737101201475 0.9999916524469529 -0.0023838466242318 0.005044560250189835 0.0023671570512296403 0.9999847847410736 -0.19092815435675448 -0.687121890459153 -0.3740113905127771
FixedParameters: 0 0 0
#Transform 70
Transform: MatrixOffsetTransformBase_double_3_3
Parameters: 0.9999889567931131 -0.002810383795377113 -0.0037613254723175052 0.0027990557975449562 0.9999920855145166 -0.002809196376958756 0.0037690339801427146 0.002797801814629186 0.9999891519420325 -0.13590662296539335 -0.6530906143618154 -0.5042676456026243
FixedParameters: 0 0 0
#Transform 71
Transform: MatrixOffsetTransformBase_double_3_3
Parameters: 0.9999902607381445 -0.003627328872694092 -0.002565463781667348 0.0036204206431358107 0.9999901401619329 -0.002567251835747242 0.002575224010593223 0.0025587433810848603 0.9999929825645543 -0.06428129636614699 -0.6798435695185319 -0.47066244680152636
FixedParameters: 0 0 0
#Transform 72
Transform: MatrixOffsetTransformBase_double_3_3
Parameters: 0.9999917854096988 -0.003380731510417284 -0.002405509970647282 0.003371311349954958 0.9999871721859118 -0.0038091604909846755 0.0024181562593846304 0.0038008389463817793 0.9999896569464141 -0.06945664137674612 -0.7250491037661249 -0.5483072361871848
FixedParameters: 0 0 0
#Transform 73
Transform: MatrixOffsetTransformBase_double_3_3
Parameters: 0.9999885113628362 -0.003226587780483846 -0.0034751508360036042 0.0032154743317181675 0.9999899190736493 -0.0030902284521697188 0.003485716140432034 0.003079769685238043 0.9999895576930085 -0.10671575808788702 -0.7515208865324894 -0.5290522601390819
FixedParameters: 0 0 0
#Transform 74
Transform: MatrixOffsetTransformBase_double_3_3
Parameters: 0.9999850275183875 -0.0032419549887835277 -0.004411341402793816 0.003228777957247405 0.9999893839845888 -0.00302984364719161 0.00442145475651425 0.0030151492475198882 0.9999853723649769 -0.14468935840028507 -0.7473834528863748 -0.4626444361192057
FixedParameters: 0 0 0
#Transform 75
Transform: MatrixOffsetTransformBase_double_3_3
Parameters: 0.9999917963578291 -0.0031509935879599437 -0.0025053137003497937 0.003142947016300688 0.9999900001137825 -0.0031564572946730096 0.002514691932689 0.0031485438242598307 0.9999919195981134 -0.06856298405955386 -0.6636170958998378 -0.4445994657872063
FixedParameters: 0 0 0
#Transform 76
Transform: MatrixOffsetTransformBase_double_3_3
Parameters: 0.9999886824179534 -0.002994475290954255 -0.0036538556124472506 0.0029830722814825033 0.999991161417422 -0.0029008219652650324 0.003663146051197912 0.0028901700270024255 0.999988753054696 -0.12708381513675704 -0.706934583149021 -0.5229894931138404
FixedParameters: 0 0 0
#Transform 77
Transform: MatrixOffsetTransformBase_double_3_3
Parameters: 0.999988902285719 -0.003061788286716183 -0.0034241691976425966 0.003050762069786747 0.9999911147058977 -0.0029877042162972933 0.0034334481407739107 0.0029772958569443952 0.9999899968335629 -0.12245381029902092 -0.7219165654849959 -0.4346470450412312
FixedParameters: 0 0 0
#Transform 78
Transform: MatrixOffsetTransformBase_double_3_3
Parameters: 0.9999872765486704 -0.00340604987815853 -0.0036225019814700244 0.003397093040689249 0.9999911502415995 -0.0025404838977449717 0.0036307928081899116 0.0025285191661731377 0.9999902788187292 -0.11758600543291209 -0.6875786598821207 -0.45245651517009833
FixedParameters: 0 0 0
#Transform 79
Transform: MatrixOffsetTransformBase_double_3_3
Parameters: 0.999978404939981 -0.0039911977421083576 -0.005163821622304222 0.003965595178020541 0.9999802598401023 -0.004883315815618905 0.005183481771046973 0.004861680672062996 0.9999746618174956 -0.12003067718188731 -0.8379926620611755 -0.742693501708402
FixedParameters: 0 0 0
#Transform 80
Transform: MatrixOffsetTransformBase_double_3_3
Parameters: 0.9999907252550876 -0.0031259031694743688 -0.0030831167547962727 0.0031158686925983523 0.9999899139030493 -0.003098193782155756 0.0030925397288031386 0.00308880416963081 0.9999906717359917 -0.09426317112166771 -0.7877962352472423 -0.5594666986814048
FixedParameters: 0 0 0
#Transform 81
Transform: MatrixOffsetTransformBase_double_3_3
Parameters: 0.9999904190515406 -0.002931453470659814 -0.0031605347773638647 0.0029200873414539446 0.9999889186219211 -0.0035276900633844366 0.0031705503581482314 0.003518305166960556 0.9999886771963782 -0.11254182459009598 -0.7518829100958939 -0.49385712906652657
FixedParameters: 0 0 0
#Transform 82
Transform: MatrixOffsetTransformBase_double_3_3
Parameters: 0.9999861141784091 -0.003069190943698224 -0.004179470331839027 0.003048481643610115 0.9999838291128083 -0.004859031333130481 0.004194055567898155 0.004845967908792048 0.9999791909629963 -0.15763406272870384 -0.7722279006761994 -0.524781062059418
FixedParameters: 0 0 0
#Transform 83
Transform: MatrixOffsetTransformBase_double_3_3
Parameters: 0.9999895675007208 -0.003274388889363639 -0.0031161230318023578 0.0032640188230455476 0.9999881200278862 -0.003511096436768002 0.0031271531170600116 0.003499903218374789 0.9999888702131026 -0.10920160734292494 -0.7242162762404831 -0.5348634158311825
FixedParameters: 0 0 0
#Transform 84
Transform: MatrixOffsetTransformBase_double_3_3
Parameters: 0.9999928284446655 -0.0031202298371089646 -0.0023309708458218903 0.003114961951068473 0.9999916377688343 -0.0025498378228831498 0.0023389671860514685 0.0025431632228588574 0.9999942212785663 -0.07165576321980893 -0.7145599285163016 -0.45749054816323564
FixedParameters: 0 0 0
#Transform 85
Transform: MatrixOffsetTransformBase_double_3_3
Parameters: 0.999989472857346 -0.0029894531941593366 -0.0034044311401658853 0.0029737754396090715 0.9999857807638094 -0.004538729416024734 0.0034181482629087882 0.004528270927823708 0.9999835864256488 -0.10504361722158251 -0.7560832690691228 -0.5439588427670117
FixedParameters: 0 0 0
#Transform 86
Transform: MatrixOffsetTransformBase_double_3_3
Parameters: 0.9999901068285836 -0.003165176777871642 -0.0031420821326252762 0.00315758406534108 0.9999920282506988 -0.0024698371485943893 0.0031503604828437433 0.00245916171822419 0.9999919309815922 -0.10050909662552954 -0.6850002113814355 -0.5245567595540024
FixedParameters: 0 0 0
#Transform 87
Transform: MatrixOffsetTransformBase_double_3_3
Parameters: 0.9999918193764669 -0.0031268239935277327 -0.0025306692172330173 0.0031204790105344173 0.9999919423635969 -0.0026764783797342817 0.0025381926346550125 0.002668529383272167 0.9999935923966203 -0.0931839545445996 -0.7192536910636846 -0.48215320291609487
FixedParameters: 0 0 0
#Transform 88
Transform: MatrixOffsetTransformBase_double_3_3
Parameters: 0.9999919657048616 -0.002658594115541238 -0.0029942609049778686 0.0026490350531170807 0.9999919652438412 -0.0030735949856819933 0.003002891844037937 0.003065406106816604 0.999991156677442 -0.09916593927550821 -0.6671782609390888 -0.5145830167637371
FixedParameters: 0 0 0
#Transform 89
Transform: MatrixOffsetTransformBase_double_3_3
Parameters: 0.9999893061430887 -0.0028652692130068788 -0.0035333195867430197 0.002854967057981825 0.9999917773892228 -0.002844213241263216 0.003541541779970228 0.002833783238465837 0.9999894088060144 -0.1303603840531764 -0.7399075556402366 -0.5288346160646142
FixedParameters: 0 0 0
#Transform 90
Transform: MatrixOffsetTransformBase_double_3_3
Parameters: 0.9999901539678264 -0.002786343775775685 -0.00332913420930483 0.002776704713458537 0.9999921278875541 -0.002778573344717261 0.0033369024961253085 0.0027684245498524884 0.9999906413797734 -0.11336896917478612 -0.7153291302180094 -0.48684481207985186
FixedParameters: 0 0 0
#Transform 91
Transform: MatrixOffsetTransformBase_double_3_3
Parameters: 0.9999921025757613 -0.0029648828427552 -0.0024717824100373804 0.002956452361055124 0.9999900304470178 -0.003276762107863762 0.002480699521826947 0.0032692383189233953 0.9999916469320466 -0.07221040637213605 -0.7177934407301549 -0.4538186539029425
FixedParameters: 0 0 0
#Transform 92
Transform: MatrixOffsetTransformBase_double_3_3
Parameters: 0.9999894210191262 -0.0029045576298253268 -0.003625182064369731 0.0028911268094568626 0.9999895393953638 -0.003667744403326234 0.0036360301033392115 0.0036572529409735766 0.9999860535868659 -0.118993825228074 -0.7167841869126761 -0.6046555337062784
FixedParameters: 0 0 0
#Transform 93
Transform: MatrixOffsetTransformBase_double_3_3
Parameters: 0.9999898215392767 -0.0028482751688414538 -0.0034735920146987277 0.0028340504494597757 0.9999876978448118 -0.004157986493015853 0.003485164427414643 0.004148020444381173 0.9999856285251161 -0.1311797310607119 -0.7781567862517633 -0.51726735826756
FixedParameters: 0 0 0
#Transform 94
Transform: MatrixOffsetTransformBase_double_3_3
Parameters: 0.9999901837985632 -0.002788440439921888 -0.0033224426684785183 0.0027760719815608363 0.999988561670165 -0.0038403564567914827 0.0033334094908406982 0.003831643103708593 0.9999871920914121 -0.1168367822544667 -0.7075814241443226 -0.5242549229923839
FixedParameters: 0 0 0
#Transform 95
Transform: MatrixOffsetTransformBase_double_3_3
Parameters: 0.9999917019509645 -0.002714429850975004 -0.003151242835955895 0.0027084800863785706 0.9999943694015779 -0.0019628565117348895 0.0031562071462535434 0.0019541471602512184 0.9999936610573585 -0.12752670243693842 -0.6641424159011606 -0.4711703136289884
FixedParameters: 0 0 0
#Transform 96
Transform: MatrixOffsetTransformBase_double_3_3
Parameters: 0.9999911292740075 -0.0030815306548491036 -0.0028933101773994992 0.0030793898375751126 0.9999946979926242 -0.000957809574869628 0.0028968234886972 0.000949190740904049 0.9999956129481629 -0.10778213766886324 -0.578642102576481 -0.5559782883597961
FixedParameters: 0 0 0
#Transform 97
Transform: MatrixOffsetTransformBase_double_3_3
Parameters: 0.9999889703480362 -0.003365362068884282 -0.003272120857408048 0.003360279440794773 0.9999934900506988 -0.0013316954451729757 0.0032764528076889544 0.0013203031582451064 0.999993963726391 -0.1285716271614774 -0.6341033702842651 -0.4399114849365162
FixedParameters: 0 0 0
#Transform 98
Transform: MatrixOffsetTransformBase_double_3_3
Parameters: 0.9999762618251751 -0.0034403909685975847 -0.005991524548214572 0.003410442137481154 0.9999808056328031 -0.005081777784749497 0.006009112329658198 0.005061218390219835 0.9999690150427868 -0.27155907757813225 -0.6738961883609988 -0.8088277441364085
FixedParameters: 0 0 0
#Transform 99
Transform: MatrixOffsetTransformBase_double_3_3
Parameters: 0.9999858507941182 -0.0032544070134752643 -0.004308199402136402 0.0032394506393076863 0.9999882249173893 -0.0035496931238133134 0.004318824121383977 0.0035363102356331666 0.9999845199051578 -0.18985514527960845 -0.8270527707026005 -0.4087649740262975
FixedParameters: 0 0 0
#Transform 100
Transform: MatrixOffsetTransformBase_double_3_3
Parameters: 0.9999888467498591 -0.0031780388984758968 -0.0036128687096764695 0.003169107706939795 0.9999925707931475 -0.002463830997678884 0.0036208091689951647 0.002452170286481037 0.9999901923376517 -0.16010879909768505 -0.7783607114044386 -0.4447962551820126
FixedParameters: 0 0 0
#Transform 101
Transform: MatrixOffsetTransformBase_double_3_3
Parameters: 0.9999924410530793 -0.0026310805225677938 -0.0029385765723180827 0.0026269298636557004 0.9999951542920591 -0.0015413679214177356 0.002942651963360759 0.0015336326398071032 0.9999945589264723 -0.12065411388994107 -0.6840673977586889 -0.46928297824013043
FixedParameters: 0 0 0
#Transform 102
Transform: MatrixOffsetTransformBase_double_3_3
Parameters: 0.9999895149282388 -0.003205823600448977 -0.0031949193482380886 0.003200192450198647 0.9999932815764935 -0.0019772628578800244 0.0032006046354340007 0.0019667408035575207 0.9999924557294764 -0.14247401344360355 -0.6873722038303853 -0.4580167023888748
FixedParameters: 0 0 0
#Transform 103
Transform: MatrixOffsetTransformBase_double_3_3
Parameters: 0.9999921527283656 -0.003052847209775709 -0.0023509863649078503 0.0030502957390838898 0.9999946929614772 -0.001311071805365105 0.002354379962211628 0.001303930900519834 0.9999960406366745 -0.09042389351415636 -0.6141264403308568 -0.4584301061647693
FixedParameters: 0 0 0
#Transform 104
Transform: MatrixOffsetTransformBase_double_3_3
Parameters: 0.9999883552875114 -0.002948415794094626 -0.0037354046973701563 0.0029336794064845637 0.9999880422095693 -0.003936768127413337 0.0037465009292212766 0.003925234893083773 0.9999854072497723 -0.13537661207809037 -0.5649994285384281 -0.4457138793497961
FixedParameters: 0 0 0
#Transform 105
Transform: MatrixOffsetTransformBase_double_3_3
Parameters: 0.9999913195478003 -0.0029171297477065673 -0.003028442974639685 0.002908706133271213 0.999992826397975 -0.002544597122326797 0.0030362932279576617 0.0025354029726825655 0.9999925898720361 -0.11956300376704121 -0.5597647461324797 -0.4237742472575974
FixedParameters: 0 0 0
#Transform 106
Transform: MatrixOffsetTransformBase_double_3_3
Parameters: 0.999989194505023 -0.0025109625092227493 -0.003808209984975576 0.0025044360917757347 0.9999955621756859 -0.0016260639457779114 0.003811974417994987 0.001615935374968791 0.9999913770176568 -0.15764038951536463 -0.5662577523205243 -0.47587020967523586
FixedParameters: 0 0 0
#Transform 107
Transform: MatrixOffsetTransformBase_double_3_3
Parameters: 0.9999946424917127 -0.002265507162403381 -0.0022858926758761544 0.002262384644073851 0.9999966904794174 -0.001015352606916875 0.0022888317598826783 0.001010643673762246 0.9999968996723559 -0.0937142363445389 -0.5479952829977961 -0.45068790778830703
FixedParameters: 0 0 0
#Transform 108
Transform: MatrixOffsetTransformBase_double_3_3
Parameters: 0.9999914668714973 -0.002855499091999057 -0.00289452784046717 0.0028586439511233052 0.999995463909842 0.0010619710199438193 0.002891731896412172 -0.001070030790682408 0.9999957302378828 -0.11946912148155775 -0.45229328682307823 -0.37013077376158776
FixedParameters: 0 0 0
#Transform 109
Transform: MatrixOffsetTransformBase_double_3_3
Parameters: 0.999994375593617 -0.002421592640695092 -0.00240011714775906 0.00241993754531571 0.9999968803217791 -0.0006621150657845076 0.002401662465769199 0.0006568845599559392 0.9999966253891724 -0.09041100817140091 -0.6189349658083714 -0.4339860584597375
FixedParameters: 0 0 0
#Transform 110
Transform: MatrixOffsetTransformBase_double_3_3
Parameters: 0.9999926657845644 -0.0025681373395170714 -0.0027817485154220147 0.0025661335205748675 0.9999960732292219 -0.0008031134348465141 0.002783848962200644 0.0007958857676769737 0.9999953141510121 -0.1197183254116112 -0.6476833194128915 -0.4386421441227242
FixedParameters: 0 0 0
#Transform 111
Transform: MatrixOffsetTransformBase_double_3_3
Parameters: 0.9999833402999947 -0.0025301950531142524 -0.005220779931460034 0.0025297714491576725 0.9999967142063041 -0.00022592746680560882 0.0052211771250839124 0.00021307675851583996 0.9999865297315236 -0.20825500813941744 -0.4820843429504009 -0.2158630158089636
FixedParameters: 0 0 0
#Transform 112
Transform: MatrixOffsetTransformBase_double_3_3
Parameters: 0.9999968095543778 0.0018512902661360102 -0.0016618074333821454 -0.0018739425287805458 0.9999097051502016 -0.01333167415226344 0.0016371728550315927 0.013334328540799967 0.999909550237891 0.5117606040244311 -0.9964609741623889 -0.5378939125892543
FixedParameters: 0 0 0
#Transform 113
Transform: MatrixOffsetTransformBase_double_3_3
Parameters: 0.9999872629861624 -0.0030507684041413967 -0.004053352636480815 0.0030506752001769914 0.9999954256530246 -0.00001759059325290302 0.004053422801051714 0.000005409113843835023 0.9999918370686481 -0.034261057777342785 -0.2575734292345899 -0.2080724047804665
FixedParameters: 0 0 0
#Transform 114
Transform: MatrixOffsetTransformBase_double_3_3
Parameters: 0.9999960871506047 -0.002955843814777699 0.0004200976537320349 0.0029557740599499846 0.9999953036977209 -0.0003413472016641772 -0.0004190100696053175 0.0003426522689247702 0.9999995495244086 0.16449545717236447 -0.29719066991849985 0.07597110926482742
FixedParameters: 0 0 0
#Transform 115
Transform: MatrixOffsetTransformBase_double_3_3
Parameters: 0.999996462158415 -0.0024420185677269304 -0.001254741451105435 0.002441122071735831 0.9999972443430692 -0.00035857341371936524 0.001256484736798821 0.00035542396926696584 0.9999989629178596 0.0652635236239405 -0.20309444249910058 -0.030644638619378384
FixedParameters: 0 0 0
#Transform 116
Transform: MatrixOffsetTransformBase_double_3_3
Parameters: 0.9999852507766095 -0.0031203351471898026 -0.004473979031643139 0.003119234905045192 0.9999952189844095 -0.00019451667302095021 0.0044738580156415825 0.00018048439390028204 0.9999899614789745 -0.10898180963630466 -0.3367638387367933 -0.1709661992119038
FixedParameters: 0 0 0
#Transform 117
Transform: MatrixOffsetTransformBase_double_3_3
Parameters: 0.9999867132536233 -0.002828728252788397 -0.004275948881744473 0.002827584111396861 0.9999963419109786 -0.0002491914782743465 0.00427696663088292 0.0002368070397265054 0.9999902532447146 -0.10073639020325231 -0.2572552356144371 -0.15867760656539076
FixedParameters: 0 0 0
#Transform 118
Transform: MatrixOffsetTransformBase_double_3_3
Parameters: 0.9999896123554014 -0.0030981987009708204 -0.003432980765468326 0.0030973990326348265 0.9999954763586069 -0.0003941955546191145 0.0034346742925479346 0.00038280488294789583 0.9999938341308496 -0.06339059867809738 -0.22730207299238714 -0.14058203068637454
FixedParameters: 0 0 0
#Transform 119
Transform: MatrixOffsetTransformBase_double_3_3
Parameters: 0.9999870193640223 -0.003098146642697766 -0.004169262145910116 0.003095642603510079 0.9999949169488924 -0.0005998063639959805 0.004170933763899542 0.000587194216939535 0.9999913979253423 -0.10140715226029329 -0.27358098017938204 -0.1505352225788954
FixedParameters: 0 0 0
#Transform 120
Transform: MatrixOffsetTransformBase_double_3_3
Parameters: 0.9999861802843096 -0.002993020537606285 -0.0043431246792706504 0.002989132407398053 0.9999950486943432 -0.0007357564683691531 0.004345481272945956 0.0007222392286933554 0.9999900687037963 -0.10744125073546229 -0.2721050827385483 -0.1620385101741988
FixedParameters: 0 0 0
#Transform 121
Transform: MatrixOffsetTransformBase_double_3_3
Parameters: 0.9999865565455912 -0.003078688921301657 -0.00411894025949311 0.003076566101062905 0.9999949534163366 -0.0005609042279615672 0.00412034895308794 0.0005480967673057724 0.9999909881842126 -0.1059840140310655 -0.2771455858895493 -0.14930293247729765
FixedParameters: 0 0 0
#Transform 122
Transform: MatrixOffsetTransformBase_double_3_3
Parameters: 0.9999837999391659 -0.0033070869034519225 -0.00471806819638871 0.003304929903350344 0.9999941301066293 -0.0004344920242133621 0.004720174762268176 0.0004185051780433158 0.99998930602649 -0.11125943488349321 -0.2482561006878896 -0.2843032547972939
FixedParameters: 0 0 0
#Transform 123
Transform: MatrixOffsetTransformBase_double_3_3
Parameters: 0.9999838697220488 -0.003306117646879641 -0.0047116418115611325 0.003303135565471599 0.9999941987908617 -0.0006825935829112839 0.004713741936112435 0.0006674077581964588 0.9999887596725381 -0.11933977563833764 -0.30809119027163234 -0.21789997672897243
FixedParameters: 0 0 0
#Transform 124
Transform: MatrixOffsetTransformBase_double_3_3
Parameters: 0.999982997756166 -0.0033666647519750817 -0.004864650880101396 0.0033621802230820405 0.9999942556194962 -0.0010083930733781332 0.0048683051510649234 0.0009916088082100316 0.9999877421168023 -0.14480023344876258 -0.3359747159811164 -0.2352380458946186
FixedParameters: 0 0 0
#Transform 125
Transform: MatrixOffsetTransformBase_double_3_3
Parameters: 0.999985292223108 -0.0033230766911215683 -0.004202824557908664 0.0033171782908224066 0.9999932266904143 -0.0014009801262823696 0.00420771556791252 0.0013870180206895788 0.9999901790334543 -0.10610527819770255 -0.34708391284409856 -0.1768807218555537
FixedParameters: 0 0 0
#Transform 126
Transform: MatrixOffsetTransformBase_double_3_3
Parameters: 0.9999849606806168 -0.0032721753073973875 -0.004396397481048942 0.003268222541548599 0.9999944048675039 -0.0010534030136501449 0.004400164158028663 0.0010385984662380499 0.9999893675628811 -0.1273304184068138 -0.33284014886675095 -0.15766115094453426
FixedParameters: 0 0 0
#Transform 127
Transform: MatrixOffsetTransformBase_double_3_3
Parameters: 0.9999791982194426 -0.003283123163365543 -0.005479341881026265 0.0032779939503026555 0.9999942464742282 -0.0008705376728046499 0.005482276438697032 0.0008524594920076844 0.9999844673676044 -0.15722429250570258 -0.3118756944762211 -0.32670594864850955
FixedParameters: 0 0 0
#Transform 128
Transform: MatrixOffsetTransformBase_double_3_3
Parameters: 0.9999823806190875 -0.0032629350775066745 -0.004896076951394697 0.0032593400919270397 0.9999940818766644 -0.0008155307088376085 0.004898625841753628 0.0007994713898475392 0.9999879946168103 -0.1292673259680157 -0.33416776332878584 -0.24529838488851397
FixedParameters: 0 0 0
#Transform 129
Transform: MatrixOffsetTransformBase_double_3_3
Parameters: 0.9999878925774133 -0.0029952865437905055 -0.0038905660455865274 0.0029897578492060163 0.9999948586509322 -0.0013442064356989358 0.0038945682381727005 0.0013327927486848634 0.9999914507399572 -0.10408903942757775 -0.3473738998427649 -0.16766876352340887
FixedParameters: 0 0 0
#Transform 130
Transform: MatrixOffsetTransformBase_double_3_3
Parameters: 0.9999793630255979 -0.0034348592258628494 -0.005370330759024528 0.0034277477282897693 0.9999935161789338 -0.0013004538950513456 0.005374468162710566 0.0012815462029237001 0.9999845134493996 -0.1723238174446351 -0.3475749012247107 -0.35949084298380285
FixedParameters: 0 0 0
#Transform 131
Transform: MatrixOffsetTransformBase_double_3_3
Parameters: 0.9999805190722587 -0.003593058212784577 -0.005056402187370629 0.003588468126798473 0.9999933233779874 -0.0009816442489045674 0.00506031165861792 0.0009633575002622741 0.9999873041617604 -0.15281023012019546 -0.34307408618289514 -0.26579268912249177
FixedParameters: 0 0 0
#Transform 132
Transform: MatrixOffsetTransformBase_double_3_3
Parameters: 0.9999821770965636 -0.0033607865425402403 -0.004850993114568176 0.0033560586493682695 0.9999936221853962 -0.0009029815970126309 0.004853352643448863 0.0008870183242041807 0.9999879528469857 -0.12936369254583724 -0.32827324100963295 -0.2138119743885909
FixedParameters: 0 0 0
#Transform 133
Transform: MatrixOffsetTransformBase_double_3_3
Parameters: 0.9999841161694656 -0.0033012758499106603 -0.004688967246572572 0.003294726517690129 0.9999938311280834 -0.0013268228062436327 0.004693301864975912 0.001311175068765269 0.9999878054918933 -0.13556592817258206 -0.3563858658449419 -0.2032182142756369
FixedParameters: 0 0 0
#Transform 134
Transform: MatrixOffsetTransformBase_double_3_3
Parameters: 0.99998314821086 -0.003297667776513276 -0.004687944784424082 0.0032937371564740526 0.9999937724142817 -0.0007873456144525393 0.0046907216675004465 0.0007716523573770839 0.9999891605477951 -0.11684591755920337 -0.3324686521368321 -0.19657579507091327
FixedParameters: 0 0 0
#Transform 135
Transform: MatrixOffsetTransformBase_double_3_3
Parameters: 0.9999845888871575 -0.003229119858977271 -0.004470445201388681 0.003214124040041928 0.9999893555274525 -0.0033619798859002015 0.004480966989422906 0.0033470247480218984 0.9999847277695112 -0.11375567738195969 -0.43397900674346346 -0.29262564631787313
FixedParameters: 0 0 0
#Transform 136
Transform: MatrixOffsetTransformBase_double_3_3
Parameters: 0.9999900389864556 -0.003344257013229438 -0.0029623914741359276 0.003333237771158123 0.999987919974696 -0.003643261709268375 0.0029751506395394567 0.0036327340264337704 0.9999886487199037 -0.052877028947193594 -0.5208032934368205 -0.2355687890777176
FixedParameters: 0 0 0
#Transform 137
Transform: MatrixOffsetTransformBase_double_3_3
Parameters: 0.9999822264949344 -0.003591695854793479 -0.004677355928899697 0.0035801555841007277 0.9999904338264121 -0.0024470610336285725 0.0046851828969667955 0.0024309400521073665 0.9999858951028792 -0.1146366773073737 -0.3871394434889268 -0.22213238331679008
FixedParameters: 0 0 0
#Transform 138
Transform: MatrixOffsetTransformBase_double_3_3
Parameters: 0.9999826475769188 -0.0035484414848143287 -0.004664508806359485 0.003532922037508826 0.9999880113588537 -0.0033786853150066243 0.004676927776961932 0.003362317134926407 0.999983915409888 -0.1184917652875015 -0.4795388528646498 -0.31895741390655985
FixedParameters: 0 0 0
#Transform 139
Transform: MatrixOffsetTransformBase_double_3_3
Parameters: 0.9999795761310487 -0.0037508161744201378 -0.005133883445752275 0.003732145657852432 0.9999871348427636 -0.0035258402666195066 0.0051470971617218406 0.0035061594422346465 0.9999807164511929 -0.16580284544920687 -0.5478285259403535 -0.3633380772637054
FixedParameters: 0 0 0
#Transform 140
Transform: MatrixOffsetTransformBase_double_3_3
Parameters: 0.9999865904025017 -0.0037043291169916656 -0.0035619504566054335 0.0036914053964738026 0.9999864557848651 -0.003642801665734552 0.003575303435260545 0.0036291957682769715 0.999986693373158 -0.08622133464788817 -0.5238079781719165 -0.32868444266190977
FixedParameters: 0 0 0
#Transform 141
Transform: MatrixOffsetTransformBase_double_3_3
Parameters: 0.9999847471752458 -0.003442886755475061 -0.004404318133397789 0.0034286501165269032 0.9999885289340718 -0.003219961049857778 0.004415657592582934 0.003205031524145918 0.9999845777383494 -0.11438787544335582 -0.5176666573574096 -0.382984740129217
FixedParameters: 0 0 0
#Transform 142
Transform: MatrixOffsetTransformBase_double_3_3
Parameters: 0.9999801506776284 -0.003965943400255702 -0.004911102285266916 0.00395533743940395 0.9999896439363526 -0.0021786620067358875 0.004919909315318498 0.002159334681358316 0.9999850975219056 -0.14224082589842624 -0.47261969484547706 -0.3109183524727541
FixedParameters: 0 0 0
#Transform 143
Transform: MatrixOffsetTransformBase_double_3_3
Parameters: 0.9999802865027014 -0.0038472515514072713 -0.004991659853801715 0.0038347106107406085 0.999990258158411 -0.0023952578354318743 0.005000320022814226 0.002375743142352338 0.9999846469925319 -0.13545385009794586 -0.3954763798871568 -0.23433843686868272
FixedParameters: 0 0 0
#Transform 144
Transform: MatrixOffsetTransformBase_double_3_3
Parameters: 0.9999941643319423 -0.0029828929846216086 0.0013926124406365408 0.0029920724392290166 0.9999714730147311 -0.006962743819076522 -0.0013717723835723786 0.006966257773986018 0.9999746813465201 0.22161509491860443 -0.5937596569038917 -0.2249828392171196
FixedParameters: 0 0 0
#Transform 145
Transform: MatrixOffsetTransformBase_double_3_3
Parameters: 0.9999887140122203 -0.003323718799757223 -0.003498290010211253 0.003302442697295039 0.999976225759524 -0.006073100077771232 0.0035185866540911595 0.00606189376060412 0.9999748580715797 -0.0020825721124140273 -0.6004831007479439 -0.32994650563745154
FixedParameters: 0 0 0
#Transform 146
Transform: MatrixOffsetTransformBase_double_3_3
Parameters: 0.9999940015733453 -0.0028579477356160798 -0.0016824824536164143 0.002848539856470029 0.9999795996076147 -0.005664123705867441 0.0016982285638882366 0.005658871479697625 0.999982296138524 -0.002427300415490663 -0.6524779954419628 -0.2857508552617958
FixedParameters: 0 0 0
#Transform 147
Transform: MatrixOffsetTransformBase_double_3_3
Parameters: 0.9999965678864856 -0.0017170070853514043 0.0021178407811551993 0.001734304166481915 0.9999622592136292 -0.008442182480459692 -0.0021031005450775856 0.008445818020747953 0.9999627035902523 0.2401372342949344 -0.7893610663436732 -0.2641575367840403
FixedParameters: 0 0 0
#Transform 148
Transform: MatrixOffsetTransformBase_double_3_3
Parameters: 0.9999952268781391 -0.0026136855981039823 0.0013931874369992958 0.002626728760886639 0.9999542170778105 -0.009221591723691192 -0.0013690046152135017 0.00922541775049629 0.99995685981641 0.23725652153660803 -0.8512160208835624 -0.4086126151377698
FixedParameters: 0 0 0
#Transform 149
Transform: MatrixOffsetTransformBase_double_3_3
Parameters: 0.9999962400896149 -0.00244238417562553 0.0008905264017562929 0.002449507791181459 0.9999685263029733 -0.007555847869950005 -0.0008725985990696777 0.007558160805654024 0.9999714953993892 0.19277207100756755 -0.8013023375215695 -0.24091618178911745
FixedParameters: 0 0 0
#Transform 150
Transform: MatrixOffsetTransformBase_double_3_3
Parameters: 0.9999953725941242 -0.002671727318994465 0.0012210317331442623 0.002681578729860148 0.999960691911222 -0.00838296254050247 -0.0011978534423901482 0.008386025529539098 0.9999640783282915 0.20889999789739022 -0.7391378427832507 -0.18885882724916314
FixedParameters: 0 0 0
#Transform 151
Transform: MatrixOffsetTransformBase_double_3_3
Parameters: 0.9999950195189117 -0.002636677783050404 0.001740276325911547 0.0026469208407604427 0.9999791763154324 -0.005885503563446748 -0.001724554854237684 0.005890499936980043 0.9999815053210981 0.24997488074200191 -0.48430561591807475 -0.057811863837684996
FixedParameters: 0 0 0
#Transform 152
Transform: MatrixOffsetTransformBase_double_3_3
Parameters: 0.9999967297756795 -0.0026611412687506807 0.0004347639185178679 0.002660253791956465 0.9999952500615381 0.001579701797299382 -0.00043907551293966804 -0.0015792974159248296 0.9999984900628867 0.14798640637457083 -0.2554570083613612 -0.011997114574114676
FixedParameters: 0 0 0
#Transform 153
Transform: MatrixOffsetTransformBase_double_3_3
Parameters: 0.9999979754053637 -0.0022238254486240216 0.0002832894593009424 0.0022237145676696946 0.9999973240926705 -0.0010682941578185612 -0.0002804034337630573 0.0010697055643624775 0.9999993657876726 0.13918403005916957 -0.36814561690929537 0.007700470451823094
FixedParameters: 0 0 0
#Transform 154
Transform: MatrixOffsetTransformBase_double_3_3
Parameters: 0.9999966256690079 -0.0024442239642117804 0.0006327471764870519 0.0024444556959141313 0.9999967599821517 -0.00046458163187323986 -0.0006314056868802531 0.00046641753386961193 0.9999994323061259 0.15371845580787635 -0.3342479630750148 -0.06858845956506343
FixedParameters: 0 0 0
#Transform 155
Transform: MatrixOffsetTransformBase_double_3_3
Parameters: 0.9999955838529916 -0.002762610055589269 0.0008845082222053526 0.002765175982740754 0.9999933668431318 -0.0023408978208536158 -0.0008784582558285604 0.0023431043442256327 0.9999972470387967 0.19764592636616385 -0.3694483607194954 -0.05311524966046477
FixedParameters: 0 0 0
#Transform 156
Transform: MatrixOffsetTransformBase_double_3_3
Parameters: 0.9999934271596741 -0.0030073876597662462 -0.0018783813492962837 0.0029988465048455134 0.999985989421881 -0.004389759678431748 0.0018920422261191484 0.00438424245471275 0.9999889458843072 0.07310289300966133 -0.4687758156639035 -0.32846201261656915
FixedParameters: 0 0 0
#Transform 157
Transform: MatrixOffsetTransformBase_double_3_3
Parameters: 0.9999940386598359 -0.003167224399683981 -0.0013891528190044787 0.0031612106819194252 0.9999861618463638 -0.004224181071635635 0.0014029622556196487 0.004219818974980083 0.999990225979815 0.07528770586563382 -0.6097697138318523 -0.2453239694322633
FixedParameters: 0 0 0
#Transform 158
Transform: MatrixOffsetTransformBase_double_3_3
Parameters: 0.99999520730361 -0.0029145280147031497 -0.0011404482146456362 0.002908222718498825 0.9999849586384002 -0.004703309294204705 0.0011543372068834837 0.004699689069549928 0.9999880401160254 0.0749153688779245 -0.5452794536918617 -0.21690321011769242
FixedParameters: 0 0 0
#Transform 159
Transform: MatrixOffsetTransformBase_double_3_3
Parameters: 0.9999970079184798 -0.002432036388309687 0.000277168182569658 0.0024330986306151216 0.9999927944758791 -0.0030935905573368783 -0.00026936829448097506 0.0030944113857104827 0.9999950676904038 0.15386016289178883 -0.47564407829953836 -0.10464441024907956
FixedParameters: 0 0 0
#Transform 160
Transform: MatrixOffsetTransformBase_double_3_3
Parameters: 0.9999964477883773 -0.0026056931308680717 0.0008723632284773044 0.0026096420775693387 0.9999896259611958 -0.003793197445153662 -0.0008622723067782755 0.00379580014934483 0.9999920252180023 0.19306551089883328 -0.5016531158978523 -0.12719742216023633
FixedParameters: 0 0 0
#Transform 161
Transform: MatrixOffsetTransformBase_double_3_3
Parameters: 0.9999966015465771 -0.0026165544540940164 -0.0007422894274932293 0.0026134956829912087 0.999985378934086 -0.004654670606092981 0.0007544316981423498 0.0046523264823990496 0.9999889121870832 0.12447973727188355 -0.5699324796423113 -0.3537148552979943
FixedParameters: 0 0 0
#Transform 162
Transform: MatrixOffsetTransformBase_double_3_3
Parameters: 0.9999960320872184 -0.002507181134772147 0.0012966582569353 0.0025123953028709516 0.9999896602270693 -0.0038969668115240164 -0.0012870088207279815 0.0039000396727641995 0.9999919750546732 0.21487126488509034 -0.5924704001446486 -0.17352360805398348
FixedParameters: 0 0 0
#Transform 163
Transform: MatrixOffsetTransformBase_double_3_3
Parameters: 0.9999963847966397 -0.0025905713306460555 -0.0009518137388424944 0.0025859222456743555 0.9999878053271998 -0.004169191523471616 0.0009624819088603801 0.004165806686161844 0.9999908431478446 0.09706827173678789 -0.5798008955369625 -0.19458302035519637
FixedParameters: 0 0 0
#Transform 164
Transform: MatrixOffsetTransformBase_double_3_3
Parameters: 0.9999961996064707 -0.0025078647102349406 0.0007143150981566497 0.002510140327388707 0.999992487409176 -0.002950549754124454 -0.000707337269808355 0.0029514505477569175 0.9999952953271144 0.17565826896782255 -0.4537887519679771 -0.09093794219367624
FixedParameters: 0 0 0
#Transform 165
Transform: MatrixOffsetTransformBase_double_3_3
Parameters: 0.9999960105458103 -0.00281845443558024 0.00021274664707248868 0.0028198762848445453 0.9999779448495318 -0.006022010181484072 -0.00019552319724606504 0.006021985958303 0.9999815359493649 0.17906097082212113 -0.5992252212881297 -0.42743516104403056
FixedParameters: 0 0 0
#Transform 166
Transform: MatrixOffsetTransformBase_double_3_3
Parameters: 0.9999949376962431 -0.0030304634338031065 0.0013707068776282673 0.0030373164311314066 0.9999831909485573 -0.0049487362624013875 -0.0013552585921171435 0.00495226190832504 0.9999867314203486 0.2414009997669666 -0.6699019687749939 -0.15021318222761693
FixedParameters: 0 0 0
#Transform 167
Transform: MatrixOffsetTransformBase_double_3_3
Parameters: 0.9999952415283867 -0.0029054638099930328 0.0005637911101987673 0.0029087929286011832 0.999974250961351 -0.0065909776135430476 -0.0005442831031083748 0.006593023750552041 0.9999780804955681 0.20548991088554658 -0.6868399225554356 -0.4116678432726246
FixedParameters: 0 0 0
#Transform 168
Transform: MatrixOffsetTransformBase_double_3_3
Parameters: 0.9999953657695896 -0.0027082009560735424 0.00113951688863557 0.0027147423818785887 0.9999822270522905 -0.005250135537514633 -0.0011250510872259755 0.005252864271103608 0.9999859817146803 0.22008436222682803 -0.6083099359778714 -0.1706128667217115
FixedParameters: 0 0 0
#Transform 169
Transform: MatrixOffsetTransformBase_double_3_3
Parameters: 0.99999514131144 -0.0028589710279581793 0.0012979960265421134 0.002866988891147586 0.9999782818731999 -0.005960850225777081 -0.0012803135199061454 0.005964153782922199 0.9999817557948507 0.23614198201249792 -0.6160890118368201 -0.25265077471186714
FixedParameters: 0 0 0
#Transform 170
Transform: MatrixOffsetTransformBase_double_3_3
Parameters: 0.9999954879454607 -0.0029667002642588007 0.0008441978634207109 0.002971173278790284 0.9999774458300449 -0.005961978536381418 -0.0008259593553303013 0.0059650164907310566 0.999981914679272 0.21626086931146915 -0.6518425355366659 -0.30549574559830717
FixedParameters: 0 0 0
#Transform 171
Transform: MatrixOffsetTransformBase_double_3_3
Parameters: 0.9999951883775254 -0.0027997950892624593 0.001403811530055141 0.0028077191041835843 0.9999816267478376 -0.005340621381616617 -0.0013893778346917192 0.005344374710776645 0.9999844764908108 0.24411970281383333 -0.6206811806316495 -0.1829111963592709
FixedParameters: 0 0 0
#Transform 172
Transform: MatrixOffsetTransformBase_double_3_3
Parameters: 0.9999960121886977 -0.0024165321763207235 0.001466117129371538 0.0024229981361658234 0.9999854536266636 -0.004881673684837773 -0.0014544917324998063 0.004885329287321549 0.999986861023511 0.24430535148474064 -0.5671320013000667 -0.1658755327338497
FixedParameters: 0 0 0
#Transform 173
Transform: MatrixOffsetTransformBase_double_3_3
Parameters: 0.999995723255843 -0.002730496003199628 0.0013499793792795315 0.0027376840035715547 0.9999802846434738 -0.005630661302971962 -0.00133434479415319 0.005635334397656344 0.9999829766084305 0.2547636695180415 -0.5756906044734151 -0.16099140845960846
FixedParameters: 0 0 0
#Transform 174
Transform: MatrixOffsetTransformBase_double_3_3
Parameters: 0.9999956327010073 -0.0028134282031789166 0.0012053747684537307 0.0028204781385086507 0.9999781996227461 -0.006017295328218819 -0.0011879228296957731 0.006020704510243113 0.9999809755313064 0.24610904342031859 -0.5674955962873014 -0.2471116847544863
FixedParameters: 0 0 0
#Transform 175
Transform: MatrixOffsetTransformBase_double_3_3
Parameters: 0.9999952215878012 -0.0030246111779133017 0.0007927038500024439 0.0030281994706451865 0.9999872201198436 -0.00403841204949229 -0.0007811114893540545 0.0040405878722828414 0.999991366134898 0.20791056524603846 -0.5633408678028928 -0.09927670016782031
FixedParameters: 0 0 0
#Transform 176
Transform: MatrixOffsetTransformBase_double_3_3
Parameters: 0.9999954490473666 -0.002723945714170245 0.0014605841871547706 0.0027277701467818484 0.9999914908281466 -0.0031775704832476825 -0.0014518789277117047 0.0031814313183868292 0.9999937396736608 0.2358063463581459 -0.45217799517840973 -0.04880837514841119
FixedParameters: 0 0 0
#Transform 177
Transform: MatrixOffsetTransformBase_double_3_3
Parameters: 0.9999958783825933 -0.0027954220468593667 0.0011442310662866766 0.002800219959150225 0.9999839265292103 -0.004870149745604457 -0.0011306251940528633 0.004873848273140247 0.999987478705091 0.22295266302964478 -0.596652506624622 -0.13193966959136105
FixedParameters: 0 0 0
#Transform 178
Transform: MatrixOffsetTransformBase_double_3_3
Parameters: 0.9999934092822553 -0.002910422576346723 0.002029872868725946 0.0029221515979143803 0.9999788415695786 -0.005818721781614911 -0.002012818526285318 0.005824275910405741 0.9999807872140096 0.2936456616707801 -0.5705772627311063 -0.16579371139874866
FixedParameters: 0 0 0
#Transform 179
Transform: MatrixOffsetTransformBase_double_3_3
Parameters: 0.9999948470809037 -0.0030296000416474953 0.0014041779125630463 0.003035410523006032 0.9999890297836975 -0.0036047553375128105 -0.0013935117397736315 0.0036092401834010857 0.9999917962585592 0.25295870874722937 -0.4825721432497687 -0.033752660280043756
FixedParameters: 0 0 0
#Transform 180
Transform: MatrixOffsetTransformBase_double_3_3
Parameters: 0.9999957739784985 -0.0026950907294942526 0.001401818266388629 0.002699044687956675 0.9999905904665622 -0.0033584380533144276 -0.0013923197344685504 0.0033625624401978915 0.9999935974738947 0.23368006504259142 -0.4480880573731838 -0.040677972687859665
FixedParameters: 0 0 0
#Transform 181
Transform: MatrixOffsetTransformBase_double_3_3
Parameters: 0.9999966921375456 -0.0022926152635495013 0.0014320631413346921 0.0022966996698311737 0.9999941051903743 -0.002627594264182409 -0.0014261781758614634 0.0026314078814730357 0.999995758351978 0.2311277001836345 -0.37024485537630625 -0.027179154649587645
FixedParameters: 0 0 0
#Transform 182
Transform: MatrixOffsetTransformBase_double_3_3
Parameters: 0.9999936068175759 -0.002972919015763375 0.0018856144015284146 0.0029814479595655363 0.9999859543072096 -0.00434181653364768 -0.0018717510963969454 0.004348179359530413 0.99998889418331 0.28544176779058716 -0.381494894187405 -0.09953443341586876
FixedParameters: 0 0 0
#Transform 183
Transform: MatrixOffsetTransformBase_double_3_3
Parameters: 0.9999932047774845 -0.003200934573173543 0.0015965527700561128 0.0032064548260129157 0.9999898747483689 -0.003259107071623857 -0.0015855744436580291 0.003263890477061049 0.9999930551481057 0.2626933919262342 -0.48419202939673056 -0.018279734310652884
FixedParameters: 0 0 0
#Transform 184
Transform: MatrixOffsetTransformBase_double_3_3
Parameters: 0.9999947349899563 -0.0031057921303271206 0.0012733526699558622 0.0031104991404598704 0.9999867791238203 -0.00405593404290161 -0.0012599178002585748 0.004059063166890753 0.9999910290369256 0.24562637192639158 -0.43615838701015974 -0.10384624145069665
FixedParameters: 0 0 0
#Transform 185
Transform: MatrixOffsetTransformBase_double_3_3
Parameters: 0.9999947429310918 -0.003013301260557797 0.001085161656549752 0.0030157188679352633 0.9999923373956146 -0.0024354061213286426 -0.0010779424947445673 0.0024385941690355795 0.9999965275486903 0.22962195954031017 -0.43038766462053246 -0.0007416841630458748
FixedParameters: 0 0 0
#Transform 186
Transform: MatrixOffsetTransformBase_double_3_3
Parameters: 0.9999940926465252 -0.0032577085207895202 0.0005441491741739675 0.003259350264578361 0.9999872067055197 -0.0037681653589899944 -0.0005315101391002179 0.0037698287146757936 0.9999924750629934 0.2029374249491127 -0.48765529307629407 -0.11742021166722338
FixedParameters: 0 0 0
#Transform 187
Transform: MatrixOffsetTransformBase_double_3_3
Parameters: 0.999994491215395 -0.0031458011940392132 0.0007834699428208705 0.0031479848583731013 0.9999897482588456 -0.0033223470354112328 -0.0007731853979754737 0.003324658478803977 0.9999946515149023 0.21254952207340239 -0.46164238774486677 -0.05076029170359675
FixedParameters: 0 0 0
#Transform 188
Transform: MatrixOffsetTransformBase_double_3_3
Parameters: 0.999994546737841 -0.0029202882327537434 0.001387671658432474 0.0029245178499158133 0.999990568122143 -0.0032838311679907473 -0.0013783879439648752 0.0032871700565073048 0.9999933894768116 0.24737250797966226 -0.45373000899862603 -0.026721863006116564
FixedParameters: 0 0 0
#Transform 189
Transform: MatrixOffsetTransformBase_double_3_3
Parameters: 0.9999939723101997 -0.002927318794117921 0.0015679436449917742 0.0029344249728320065 0.9999848708345236 -0.0047001717633846085 -0.00155461527422274 0.004703833477247843 0.9999878834769522 0.26495036577193787 -0.4734869634422125 -0.08219094098097912
FixedParameters: 0 0 0
#Transform 190
Transform: MatrixOffsetTransformBase_double_3_3
Parameters: 0.9999956135565036 -0.002794506666730625 0.0012550375416034414 0.0027996702002550805 0.999988937100471 -0.003776043253321981 -0.0012451158606797323 0.003778958278336353 0.9999921372690439 0.24870473793629344 -0.46471473551265063 -0.06525058359247282
FixedParameters: 0 0 0
#Transform 191
Transform: MatrixOffsetTransformBase_double_3_3
Parameters: 0.9999933940857972 -0.0032940265608905257 0.0013246865106001672 0.0032974402728612696 0.9999917433694216 -0.0023706466274668325 -0.0013165185065301735 0.0023753521713595904 0.9999963884098544 0.23618358766617575 -0.3839802184352763 -0.009171493067327674
FixedParameters: 0 0 0
#Transform 192
Transform: MatrixOffsetTransformBase_double_3_3
Parameters: 0.9999955376760034 -0.002463061155178489 0.0015478079890667153 0.0024676897764514018 0.999991125198682 -0.003257270043045102 -0.0015403671521624898 0.0032607264889884524 0.9999931702256707 0.2513846813542102 -0.5040754202446109 -0.005274465640724202
FixedParameters: 0 0 0
#Transform 193
Transform: MatrixOffsetTransformBase_double_3_3
Parameters: 0.9999971020827434 -0.002297556569272011 0.0007871886885465992 0.002299145802219664 0.9999946856424609 -0.0023761979053592563 -0.0007818675106316362 0.0023778045431369077 0.99999711614394 0.19879868896668995 -0.3588460650726475 -0.031247192059510098
FixedParameters: 0 0 0
#Transform 194
Transform: MatrixOffsetTransformBase_double_3_3
Parameters: 0.999996708737098 -0.002037386081403798 0.001463331545981804 0.002040887336393033 0.9999941835395465 -0.0025697649268990874 -0.0014577380114642019 0.00257223084248559 0.9999953050841908 0.22984886766880663 -0.3795696679970817 -0.014139555547444616
FixedParameters: 0 0 0
#Transform 195
Transform: MatrixOffsetTransformBase_double_3_3
Parameters: 0.9999946436957164 -0.0027413628561474422 0.001960169671194876 0.0027545106328680717 0.9999733200013784 -0.006815929618452898 -0.0019411075618351841 0.006821081094621428 0.9999753383922877 0.2963479361357031 -0.5863525411143087 -0.2945260695112779
FixedParameters: 0 0 0
#Transform 196
Transform: MatrixOffsetTransformBase_double_3_3
Parameters: 0.9999941775318055 -0.002858842258156448 0.0019106958503801222 0.002867697993089848 0.9999840628747525 -0.004803833592021467 -0.0018966912931969377 0.004809166141852339 0.9999869093705568 0.28144974708337145 -0.5330119454163338 -0.07769001935309916
FixedParameters: 0 0 0
#Transform 197
Transform: MatrixOffsetTransformBase_double_3_3
Parameters: 0.9999930414642639 -0.0031348021765908256 0.0017695332672297208 0.003142594379349269 0.9999864376220846 -0.00415421207294292 -0.001755803291946514 0.004159786961317191 0.9999900422867417 0.27992689984301933 -0.5610843265758376 -0.02234062859201913
FixedParameters: 0 0 0
#Transform 198
Transform: MatrixOffsetTransformBase_double_3_3
Parameters: 0.9999948063608312 -0.003037256109079058 0.001403038988005928 0.003044174880677908 0.9999831791873315 -0.004856294187925048 -0.0013880826184053284 0.004860703099482777 0.9999874167315058 0.2580302361344877 -0.48836481068935456 -0.10930291573708928
FixedParameters: 0 0 0
#Transform 199
Transform: MatrixOffsetTransformBase_double_3_3
Parameters: 0.9999939771080376 -0.0028673894719956415 0.0016733276855980036 0.0028751010771668976 0.9999866761631174 -0.004368753827342975 -0.001660589560986416 0.0043742482383331005 0.9999890806235807 0.2748538203611588 -0.5148658934304962 -0.08343163440159174
FixedParameters: 0 0 0
#Transform 200
Transform: MatrixOffsetTransformBase_double_3_3
Parameters: 0.999993597628882 -0.0029671570716701926 0.0018964900888167016 0.0029798625945686164 0.9999749656717183 -0.006434008830051352 -0.0018773371080100145 0.00643899483144833 0.9999777737542387 0.23970322962750856 -0.6641492640925293 -0.13938839311018114
FixedParameters: 0 0 0
#Transform 201
Transform: MatrixOffsetTransformBase_double_3_3
Parameters: 0.9999933058804964 -0.002845066596451488 0.0021444591676017697 0.0028583221005016534 0.9999761373953717 -0.006249191911192109 -0.002127210323996164 0.006255804440106594 0.9999779799832389 0.29571156270162646 -0.6050577933718628 -0.24312308284518735
FixedParameters: 0 0 0
#Transform 202
Transform: MatrixOffsetTransformBase_double_3_3
Parameters: 0.999992976688422 -0.003065118767241091 0.0021513611842024255 0.0030773317639362597 0.9999790544805444 -0.0056019069929555965 -0.0021338327377009316 0.005608086808118085 0.9999820894792083 0.2973962934367478 -0.6261983688645216 -0.16643104776014184
FixedParameters: 0 0 0
#Transform 203
Transform: MatrixOffsetTransformBase_double_3_3
Parameters: 0.9999955321335052 -0.0028256297946928884 0.0012186586912560746 0.002830676644191645 0.9999863079200814 -0.004377904532881116 -0.0012056717930415625 0.004382094804025516 0.9999898551417493 0.24960891658977857 -0.4983437901811172 -0.10164201593232747
FixedParameters: 0 0 0
#Transform 204
Transform: MatrixOffsetTransformBase_double_3_3
Parameters: 0.9999960830563391 -0.002391478712900128 0.0014823942263638402 0.0023971575812812475 0.9999891566533695 -0.0038792070298315218 -0.001473372179880501 0.0038827935406627323 0.999991801906075 0.24101878238931818 -0.4500251881474071 -0.051094493548390574
FixedParameters: 0 0 0
#Transform 205
Transform: MatrixOffsetTransformBase_double_3_3
Parameters: 0.9999947907632213 -0.002337677538069452 0.002178018204607654 0.002347107699689877 0.9999884151560496 -0.004308862564811944 -0.00216818056210819 0.00431414055652013 0.9999881972617785 0.28476648536573634 -0.4426935347325056 -0.01833555109189433
FixedParameters: 0 0 0
#Transform 206
Transform: MatrixOffsetTransformBase_double_3_3
Parameters: 0.9999956305482057 -0.0023666990401659976 0.0019404688684574584 0.002378898356403967 0.9999787172795336 -0.006020030324382364 -0.0019269201683185758 0.006024970899313198 0.9999803714213078 0.29949333995025995 -0.5342868293287495 -0.17435892335487324
FixedParameters: 0 0 0
#Transform 207
Transform: MatrixOffsetTransformBase_double_3_3
Parameters: 0.9999943721633393 -0.0029292634289424923 0.0014306502149498824 0.002934698700845916 0.9999885225799475 -0.00385936405452314 -0.0014197942779220327 0.003863643392830185 0.9999920269999543 0.26488326501291226 -0.4422128166785484 -0.1046593005581542
FixedParameters: 0 0 0
#Transform 208
Transform: MatrixOffsetTransformBase_double_3_3
Parameters: 0.9999947268939494 -0.0028763118492096777 0.0017319035820485917 0.002882554326646889 0.9999895321610335 -0.0035854414816240965 -0.001721737607639668 0.0035905624279933823 0.9999924470754888 0.2727764312785155 -0.45527392409283607 -0.05254998727102134
FixedParameters: 0 0 0
#Transform 209
Transform: MatrixOffsetTransformBase_double_3_3
Parameters: 0.9999952216571232 -0.002615699676370706 0.0013915724026544128 0.0026193629495985266 0.9999927690406758 -0.0026824463815970367 -0.0013846383164902727 0.002685556128771971 0.9999960448405417 0.23972646313896462 -0.42509842283599397 -0.01815030887897251
FixedParameters: 0 0 0
#Transform 210
Transform: MatrixOffsetTransformBase_double_3_3
Parameters: 0.9999939344531931 -0.0027395236383825276 0.00213557162383464 0.0027475192491471156 0.9999887426118379 -0.003839313725415794 -0.002125207951814269 0.0038446887478914005 0.9999906697060821 0.2832217972146509 -0.4957512586457469 -0.05422711320616713
FixedParameters: 0 0 0
#Transform 211
Transform: MatrixOffsetTransformBase_double_3_3
Parameters: 0.9999938235529209 -0.0023086604506680148 0.0026167090155576477 0.002319357771139523 0.9999889346661358 -0.004184654738117521 -0.002606976521231938 0.004190348943086286 0.9999878182985655 0.3389546197388711 -0.46730472531451284 0.048523523170104
FixedParameters: 0 0 0
#Transform 212
Transform: MatrixOffsetTransformBase_double_3_3
Parameters: 0.9999929754729621 -0.0028563910559183366 0.0024222770781245585 0.002860563332192637 0.9999936946102717 -0.0019541149588103712 -0.002416555285517889 0.0019608866545513526 0.9999956172131355 0.3308509704880862 -0.4250709283299159 0.21949484899789695
FixedParameters: 0 0 0
#Transform 213
Transform: MatrixOffsetTransformBase_double_3_3
Parameters: 0.9999921981709807 -0.003014452559073452 0.0023904183092985547 0.0030188954960566126 0.9999930675394709 -0.0018411590090987584 -0.0023851156842016968 0.001847838725214046 0.9999953262446772 0.3200564795022842 -0.32674969569076495 0.19177232186422088
FixedParameters: 0 0 0
#Transform 214
Transform: MatrixOffsetTransformBase_double_3_3
Parameters: 0.9999928039651127 -0.002837584976881042 0.002673205090941442 0.0028415942040335767 0.9999944918054724 -0.0016723203059389458 -0.0026682217359954995 0.0016796822922132137 0.9999956941783082 0.3324304668536513 -0.35995676891437967 0.2179907488585684
FixedParameters: 0 0 0
#Transform 215
Transform: MatrixOffsetTransformBase_double_3_3
Parameters: 0.9999925801437548 -0.003111976523982151 0.002394248014868352 0.003115966309192677 0.9999936931806772 -0.0014729144170095299 -0.002390300886583594 0.0014800868394084232 0.9999965268378566 0.32926837537260667 -0.23186487343821938 0.16198148156450998
FixedParameters: 0 0 0
#Transform 216
Transform: MatrixOffsetTransformBase_double_3_3
Parameters: 0.9999935326377615 -0.0030434974617600807 0.002050339425526806 0.0030473136058200667 0.9999944164773034 -0.001592381665572351 -0.0020449357673042825 0.0015986178509476145 0.9999970249005391 0.33487597710228556 -0.2709915997233665 0.14425103388489902
FixedParameters: 0 0 0
#Transform 217
Transform: MatrixOffsetTransformBase_double_3_3
Parameters: 0.999992933874699 -0.0032700599921045024 0.002090902988443785 0.0032733325094272663 0.9999930964428474 -0.0015161170036462335 -0.0020862087349008173 0.001522881137654697 0.9999962196542576 0.30548772183524875 -0.2783953761980271 0.18899950940738108
FixedParameters: 0 0 0
#Transform 218
Transform: MatrixOffsetTransformBase_double_3_3
Parameters: 0.9999913979421909 -0.0031348607466335256 0.0027884603582181327 0.0031412767881511803 0.99999252644481 -0.002458959199791333 -0.0027809140757007324 0.0024680432565326593 0.9999927337553827 0.3438806584673273 -0.3226881242622497 0.18482040730404492
FixedParameters: 0 0 0
#Transform 219
Transform: MatrixOffsetTransformBase_double_3_3
Parameters: 0.9999917489044843 -0.0031596900812627835 0.002695204031384805 0.003165546153720655 0.9999935813632949 -0.0019601826921548104 -0.002689538182281928 0.001968819536164401 0.9999944489757058 0.3463082886605662 -0.3183476658060087 0.2356380249214851
FixedParameters: 0 0 0
#Transform 220
Transform: MatrixOffsetTransformBase_double_3_3
Parameters: 0.9999923004897889 -0.003515531523883935 0.0018280381860143243 0.0035176855137278476 0.9999928981569792 -0.0014289925081223398 -0.001823215043896407 0.0014350093654417195 0.9999973010639975 0.30574290778659474 -0.2527770837361629 0.12320365612734463
FixedParameters: 0 0 0
#Transform 221
Transform: MatrixOffsetTransformBase_double_3_3
Parameters: 0.9999937936004653 -0.0029377876873001 0.001890927386602217 0.0029400328055863086 0.9999948741232495 -0.001311066653944204 -0.0018875211082479732 0.001315935577491878 0.9999974688980062 0.3046992919288982 -0.3456698887583727 0.19552529735108237
FixedParameters: 0 0 0
#Transform 222
Transform: MatrixOffsetTransformBase_double_3_3
Parameters: 0.9999927402643708 -0.0028585818404877855 0.0024671955060483067 0.002867337714827938 0.9999902331305112 -0.0034021081846788426 -0.0024574763773762905 0.0034098928325408395 0.999991305308681 0.33706842017343774 -0.31971915484015767 0.20777866065645867
FixedParameters: 0 0 0
#Transform 223
Transform: MatrixOffsetTransformBase_double_3_3
Parameters: 0.9999934032838985 -0.0028078156021733277 0.002170355981994679 0.002814088686523498 0.999992600595444 -0.0026161930351065177 -0.002163323678336159 0.0026228057626127566 0.9999940790644113 0.31751189530061197 -0.4170276018532064 0.19280701869868722
FixedParameters: 0 0 0
#Transform 224
Transform: MatrixOffsetTransformBase_double_3_3
Parameters: 0.9999940226783042 -0.0026498681769338353 0.002225739106489117 0.0026591207124013953 0.9999883584369602 -0.0039659302969920485 -0.0022153852692629174 0.003972071261114318 0.9999901580950792 0.2929652823816866 -0.24251749923269017 0.1330142853409484
FixedParameters: 0 0 0
#Transform 225
Transform: MatrixOffsetTransformBase_double_3_3
Parameters: 0.9999921906923105 -0.003038268015700361 0.0023614707681509895 0.0030492069468897954 0.9999847550548302 -0.004674327890649699 -0.0023480252640021683 0.004681681360731826 0.9999866678248153 0.3550421742987169 -0.47272475820147974 0.11493538474155685
FixedParameters: 0 0 0
#Transform 226
Transform: MatrixOffsetTransformBase_double_3_3
Parameters: 0.9999931953480347 -0.0028353396122150986 0.0024015014541202973 0.0028417339433321016 0.9999918108036718 -0.002853352374037388 -0.0023931970386488386 0.0028606477936586328 0.9999930595563479 0.3453820761205293 -0.5075202833631636 0.22240025659939988
FixedParameters: 0 0 0
#Transform 227
Transform: MatrixOffsetTransformBase_double_3_3
Parameters: 0.9999917866437781 -0.002763557861402006 0.003094138319123179 0.002771178873371876 0.9999938193426658 -0.0023522233256225156 -0.0030880765077533853 0.0023607808649572237 0.999992861043723 0.3694474138586372 -0.4111194256040278 0.21433706237911565
FixedParameters: 0 0 0
#Transform 228
Transform: MatrixOffsetTransformBase_double_3_3
Parameters: 0.999993515987193 -0.0023259788828444835 0.0028419248304053 0.002333492168215861 0.9999932498954519 -0.002872751211339619 -0.0028347891805461 0.002880249532077772 0.9999917174954351 0.366613584618392 -0.3982946886545733 0.19765157008387746
FixedParameters: 0 0 0
#Transform 229
Transform: MatrixOffsetTransformBase_double_3_3
Parameters: 0.9999911862586315 -0.0021635267799230222 0.003483170073281458 0.0021810316753961387 0.9999857404034921 -0.00494542688324856 -0.0034723350307426463 0.0049525729060263535 0.9999814601484226 0.40935719698893536 -0.5174366307344798 0.1811063303655942
FixedParameters: 0 0 0
#Transform 230
Transform: MatrixOffsetTransformBase_double_3_3
Parameters: 0.9999916121915801 -0.0023440580047977295 0.003448399991672257 0.0023611850592733406 0.9999849346181644 -0.00504388742208095 -0.0034371824796175184 0.005052123310449574 0.9999817123652697 0.4183333360917345 -0.4348366900662981 0.16836363090092732
FixedParameters: 0 0 0
#Transform 231
Transform: MatrixOffsetTransformBase_double_3_3
Parameters: 0.999991549843305 -0.0024057246303096774 0.0034148602448208854 0.0024168195658505628 0.9999921521535456 -0.0031557570633555243 -0.00340739996522393 0.0031642440722206566 0.9999894263492057 0.40210233825305863 -0.39492166697660025 0.20827486638623327
FixedParameters: 0 0 0
#Transform 232
Transform: MatrixOffsetTransformBase_double_3_3
Parameters: 0.9999921484631809 -0.0023446833246741536 0.0030583493370804535 0.002355385199751339 0.9999920500791699 -0.003250262746966659 -0.0030502591690549094 0.0032567338013266833 0.9999899277362052 0.37978490731450165 -0.37488777834479237 0.22849916437621687
FixedParameters: 0 0 0
#Transform 233
Transform: MatrixOffsetTransformBase_double_3_3
Parameters: 0.9999833466765984 -0.001801715061796362 0.005422829894062873 0.001866398646942838 0.9999275214422579 -0.011876030942067961 -0.005400867523949919 0.011885955008289095 0.9999144968108723 0.5272745571457165 -0.9223355416526715 0.5293642039442261
FixedParameters: 0 0 0
#Transform 234
Transform: MatrixOffsetTransformBase_double_3_3
Parameters: 0.99999320802656 -0.001461138130983189 0.003264545485624463 0.001481629822342957 0.9999804661845282 -0.006110440115458304 -0.0032552180901040243 0.006115560427483291 0.9999760033634196 0.35791505146417535 -0.557334918345326 0.12061611850876375
FixedParameters: 0 0 0
#Transform 235
Transform: MatrixOffsetTransformBase_double_3_3
Parameters: 0.9999941077908229 -0.002943171648464243 0.0014936065687905604 0.0029368661772089773 0.9999885021680816 0.0038435343530429655 -0.001505341147235748 -0.003839461972441449 0.9999910912031634 0.25412987177469404 -0.05984795861989056 0.28656839145881463
FixedParameters: 0 0 0
#Transform 236
Transform: MatrixOffsetTransformBase_double_3_3
Parameters: 0.999993710958797 -0.0016714297681128584 0.003081539365250454 0.0016897504225501965 0.9999820370587124 -0.005818731530391974 -0.00307134917065347 0.005823266179032671 0.9999779050496485 0.3393826396421673 -0.6737993060103662 0.18807562731524285
FixedParameters: 0 0 0
#Transform 237
Transform: MatrixOffsetTransformBase_double_3_3
Parameters: 0.9999890196794522 -0.0018371459235503298 0.004313512906780295 0.001864010275602792 0.9999791768539649 -0.006219629787044656 -0.004301670980604864 0.006227372823935984 0.9999713777290478 0.4620808319598666 -0.6346615887409257 0.27840268562377446
FixedParameters: 0 0 0
#Transform 238
Transform: MatrixOffsetTransformBase_double_3_3
Parameters: 0.9999874806660306 -0.0018785107559215436 0.004581718465351367 0.0019133087318596437 0.9999682704025288 -0.007672338712346183 -0.004566910577265623 0.00768065934894141 0.9999603505153492 0.48113432707012294 -0.6630336805499795 0.22086497891496037
FixedParameters: 0 0 0
#Transform 239
Transform: MatrixOffsetTransformBase_double_3_3
Parameters: 0.9999900569716299 -0.0012215835591758606 0.004177482700508368 0.0012555222524772945 0.9999652578115121 -0.008251897396942542 -0.0041672433097075835 0.008256111250324771 0.999957539090934 0.4772879105551624 -0.7303770580237696 0.2127625952120411
FixedParameters: 0 0 0
