10317
10541
10529
10486
10478
10462
10418
10402
10369
10606
10603
10596
10590
10589
10585
10584
10581
10572
10559
10649
10647
10644
10642
10641
10640
10638
10636
10617
10608
10691
10690
10685
10677
10674
10673
10668
10663
10661
10657
10656
10652
10777
10770
10767
10748
10741
10723
10720
10718
10716
10713
10701
10700
10807
10806
10804
10803
10802
10801
10800
10794
10785
10783
10781
10857
10854
10850
10843
10838
10834
10831
10827
10817
10812
10810
10809
10908
10898
10897
10896
10887
10886
10881
10875
10866
10863
10862
10860
10858
10930
10929
10928
10926
10924
10918
10913
10958
10956
10954
10953
10952
10951
10950
10940
10938
10969
10964
10984
10983
10977
10974
11005
11031
11063
11066
11068
11071
11072
11090
11110
11116
11125
11120
11134
11139
11145
11167
11171
11168
11177
10849
11084
11316
11376
11345
11364
11343
11348
11340
11374
11329
11410
11301
sourcedata
10919
10966
10961
11021
11016
11012
11007
10998
10979
11053
11042
11039
11036
11030
11064
11060
11074
11085
11113
11126
11128
11164
11192
11193
11201
11203
11209
11227
11238
11241
11246
11286
11311
11312
11317
11321
11325
11326
11330
11337
11338
11358
11387
11396
11276
11367
11318
11435
11440
11443
11426
11439
11451
11430
11432
11450
10836
11385
11462
11498
11416
11493
11461
10555
11058
11065
11075
11076
11078
11083
11472
11517
11539
11533
11530
11534
11217
11536
11559
11492
11518
11542
