#Insight Transform File V1.0
#Transform 0
Transform: MatrixOffsetTransformBase_double_3_3
Parameters: 0.9999987021054687 0.0010881860933685086 -0.0014537272887033782 -0.0010916215834792739 0.9999975494464621 -0.0021245087588439293 0.0014514411119213508 0.0021254943176641228 0.9999971213852328 0.004348935353476691 0.03225290017896043 -0.5841959289970475
FixedParameters: 0 0 0
#Transform 1
Transform: MatrixOffsetTransformBase_double_3_3
Parameters: 0.9999984845619848 0.001035525610795135 -0.0015627860465627875 -0.0010397291684315787 0.9999971175186693 -0.002221484535741017 0.0015605197057432666 0.0022235157069877 0.9999964880094676 0.011038140455212897 0.04771742272740198 -0.573762448237467
FixedParameters: 0 0 0
#Transform 2
Transform: MatrixOffsetTransformBase_double_3_3
Parameters: 0.999997237892644 0.00035839488445907184 -0.002152660637858092 -0.0003609762025516477 0.9999993507888698 -0.0012914500514836502 0.0021520919805573515 0.0012915502116214034 0.9999965511538051 0.011827924105247689 -0.006298399865741544 -0.5235644102693016
FixedParameters: 0 0 0
#Transform 3
Transform: MatrixOffsetTransformBase_double_3_3
Parameters: 0.9999983404319888 0.0008870790295093984 -0.0013681776357968786 -0.0008894081789576892 0.999998974655094 -0.0011698898711836742 0.0013672111473314414 0.0011711099004314829 0.9999986256338564 0.0087675610875948 0.028304190166466014 -0.5207707220617337
FixedParameters: 0 0 0
#Transform 4
Transform: MatrixOffsetTransformBase_double_3_3
Parameters: 0.9999994121600811 0.0007844476336490434 -0.0009859366321726582 -0.0007866638062971846 0.9999980595500265 -0.001567330082656318 0.0009845868052454525 0.0015676683755875692 0.9999984384952404 0.003257575053581263 0.09526760296421344 -0.565982285831339
FixedParameters: 0 0 0
#Transform 5
Transform: MatrixOffsetTransformBase_double_3_3
Parameters: 0.9999982970999053 0.0009622015974061034 -0.0013331237334192397 -0.0009639005273363276 0.9999984173277792 -0.0013368214523164224 0.0013317805968303346 0.0013381782300966039 0.99999830195597 0.016153802861410327 0.040064761483208144 -0.5067998363566844
FixedParameters: 0 0 0
#Transform 6
Transform: MatrixOffsetTransformBase_double_3_3
Parameters: 0.9999979501860179 0.0009598966184897663 -0.0014589029892218405 -0.0009623671368296804 0.999997673487042 -0.0021255847056111943 0.0014572813465699214 0.0021274164194188677 0.9999962326751343 0.010568323482019082 0.08973380345733517 -0.48998840238941455
FixedParameters: 0 0 0
#Transform 7
Transform: MatrixOffsetTransformBase_double_3_3
Parameters: 0.9999998869625873 0.0006966964664828893 -0.0007920731628199063 -0.0006985669099477654 0.9999985100235533 -0.001732448409483417 0.0007907680608964223 0.0017335526543182933 0.9999983703530639 0.00490888289144209 0.04306318540193388 -0.4650735672307036
FixedParameters: 0 0 0
#Transform 8
Transform: MatrixOffsetTransformBase_double_3_3
Parameters: 0.9999997871667411 0.001006699972862715 -0.0004463286989090716 -0.0010078645766892365 0.9999973499706418 -0.0021525530969217638 0.00044409698234763715 0.002153450012510688 0.9999981663581666 0.01792640873638618 0.07305609888385334 -0.4845943336810947
FixedParameters: 0 0 0
#Transform 9
Transform: MatrixOffsetTransformBase_double_3_3
Parameters: 0.9999998697160989 0.0008380165265775004 -0.0006548186706119937 -0.0008408892629556383 0.9999876041947351 -0.004968455868999536 0.0006499349406009228 0.004969551164798899 0.9999878832458801 0.01635529480778075 0.15841889992265124 -0.45605254817457563
FixedParameters: 0 0 0
#Transform 10
Transform: MatrixOffsetTransformBase_double_3_3
Parameters: 0.9999981742366483 0.0012199876211605207 -0.00115645548714888 -0.0012267336056215274 0.9999850901358778 -0.005247693790647184 0.0011492983622604868 0.0052493049288462185 0.999985990184837 0.02930535138098378 0.14945359919983048 -0.5126926101982008
FixedParameters: 0 0 0
#Transform 11
Transform: MatrixOffsetTransformBase_double_3_3
Parameters: 0.99999957553436 0.001176653875219712 -0.00020020017669831441 -0.0011771002621617126 0.9999953548470566 -0.00271675159496948 0.00019690459420325265 0.002716247809689265 0.9999964619122251 0.03149991827501708 0.0013136611943735943 -0.4674502262140052
FixedParameters: 0 0 0
#Transform 12
Transform: MatrixOffsetTransformBase_double_3_3
Parameters: 0.9999994142141094 0.0011005288862269245 -0.0006119198290971269 -0.0011021388066580005 0.999995769853982 -0.002648328179891593 0.0006093034920695169 0.002649673162398891 0.9999966099246769 0.02473799915935615 0.0546457473568438 -0.519530956751602
FixedParameters: 0 0 0
#Transform 13
Transform: MatrixOffsetTransformBase_double_3_3
Parameters: 0.9999988271160936 0.0014074898345803446 -0.0010917740238556167 -0.0014124729505039567 0.9999882167097345 -0.004693438258096122 0.0010852143991251343 0.004694565527764122 0.9999885428388762 0.027929648187850376 0.0981057786743662 -0.4863091768385388
FixedParameters: 0 0 0
#Transform 14
Transform: MatrixOffsetTransformBase_double_3_3
Parameters: 0.9999990857895464 0.0012736887088696442 -0.0005398289671891324 -0.0012767353615186668 0.9999870601035208 -0.004941179949651611 0.0005335429173834164 0.00494181614539857 0.9999871885395337 0.03157466816870169 0.09972696258634528 -0.4579398104231771
FixedParameters: 0 0 0
#Transform 15
Transform: MatrixOffsetTransformBase_double_3_3
Parameters: 0.9999988302307994 0.0012367581361668472 -0.0007995579244359202 -0.001241547885358943 0.9999832739056653 -0.005594996733133739 0.0007932404378593261 0.005595999347150812 0.9999839365825389 0.02905835215430841 0.2059239568722262 -0.5201680759003366
FixedParameters: 0 0 0
#Transform 16
Transform: MatrixOffsetTransformBase_double_3_3
Parameters: 0.9999987485664682 0.0012907742485484938 -0.0007653892086092247 -0.0012940974494231054 0.9999869366103421 -0.004962987433114824 0.000759117629379011 0.004963015511519148 0.9999875488729013 0.02891990208715356 0.10938581726247776 -0.44253048911665616
FixedParameters: 0 0 0
#Transform 17
Transform: MatrixOffsetTransformBase_double_3_3
Parameters: 0.9999989114704972 0.001359222181509456 -0.0004902970260191038 -0.0013616410798437339 0.9999920400912868 -0.003900205654461461 0.00048488830698976477 0.003900799740733027 0.9999924434264036 0.03073904940950456 0.07679394250892813 -0.43540942596126797
FixedParameters: 0 0 0
#Transform 18
Transform: MatrixOffsetTransformBase_double_3_3
Parameters: 0.9999991589289666 0.0011606875489232984 -0.0007030027770308792 -0.0011634528002209018 0.9999867436931777 -0.005002172528185023 0.0006979334199306288 0.00500282939702304 0.9999873648775177 0.023073737203944233 0.16701680265404661 -0.4874103339199536
FixedParameters: 0 0 0
#Transform 19
Transform: MatrixOffsetTransformBase_double_3_3
Parameters: 0.9999988462171057 0.0012098647078582917 -0.0008310776809286901 -0.001213615289337527 0.9999877456419015 -0.004899848104222948 0.0008247670184577291 0.004900150844186907 0.9999870802670588 0.03178164384814863 0.14511516158809457 -0.4395626397596857
FixedParameters: 0 0 0
#Transform 20
Transform: MatrixOffsetTransformBase_double_3_3
Parameters: 0.9999989568828166 0.0011602173223859676 -0.0008345060043836784 -0.001164499502873868 0.9999886126811594 -0.0045990176645188535 0.0008292577390394165 0.004599980441206242 0.9999890331644997 0.027379640096071967 0.12371359624950173 -0.48304573799684647
FixedParameters: 0 0 0
#Transform 21
Transform: MatrixOffsetTransformBase_double_3_3
Parameters: 0.9999985564219296 0.0012401598199106023 -0.0009511217048604622 -0.0012447664432830674 0.9999888178476217 -0.004663812096914688 0.0009460879236622424 0.004665198197343609 0.9999892231430042 0.02942381163529717 0.10261359069426135 -0.44576294980296893
FixedParameters: 0 0 0
#Transform 22
Transform: MatrixOffsetTransformBase_double_3_3
Parameters: 0.9999993936213513 0.0009122184119314131 -0.0008799572157878821 -0.0009168654670989887 0.9999862166907152 -0.005202183617861331 0.0008750130486737106 0.005202817498940748 0.999986044524302 0.015508927463642408 0.15516418726730308 -0.5329780414921927
FixedParameters: 0 0 0
#Transform 23
Transform: MatrixOffsetTransformBase_double_3_3
Parameters: 0.9999988467070539 0.0011879842198142631 -0.0008611023538103454 -0.0011933400144305691 0.9999804363252898 -0.006103962457706599 0.000854235542822501 0.006105033742919125 0.9999808798300446 0.022232606235817798 0.15107588476777778 -0.5166365924345726
FixedParameters: 0 0 0
#Transform 24
Transform: MatrixOffsetTransformBase_double_3_3
Parameters: 0.9999987815723825 0.0012988708405399882 -0.000728411986779107 -0.0013015392222251096 0.9999933560112468 -0.003471921509580436 0.000724706228394336 0.0034730782735591936 0.9999933089635341 0.04732790643679152 -0.008629754698802117 -0.4939086650932367
FixedParameters: 0 0 0
#Transform 25
Transform: MatrixOffsetTransformBase_double_3_3
Parameters: 0.9999988982965683 0.0012897857159588602 -0.0006619006593961976 -0.0012931684696761753 0.9999860949372925 -0.005035132853361476 0.0006553311906001179 0.005035862915780551 0.9999870905121194 0.033057211581152046 0.12423596178956586 -0.47675232125782685
FixedParameters: 0 0 0
#Transform 26
Transform: MatrixOffsetTransformBase_double_3_3
Parameters: 0.9999990280122256 0.0009198954108225907 -0.0003545184459661446 -0.0009219947107756121 0.9999859270732623 -0.005120671979431057 0.00034929735452018755 0.005121320170961424 0.9999866513406809 0.01627535772965416 0.10924225293234713 -0.4466615994973182
FixedParameters: 0 0 0
#Transform 27
Transform: MatrixOffsetTransformBase_double_3_3
Parameters: 0.9999998644283189 0.0007471861984482765 -0.0007602765006039045 -0.0007507913677737686 0.9999852412619724 -0.005414418451127681 0.0007557445889962445 0.005414582817597227 0.9999849890925182 0.006156674433611897 0.1758083060917386 -0.49551435531187593
FixedParameters: 0 0 0
#Transform 28
Transform: MatrixOffsetTransformBase_double_3_3
Parameters: 0.9999999238529202 0.0008207292268084367 -0.000634502166989293 -0.0008241015832461889 0.9999888699142998 -0.004736360490444652 0.0006300492337313749 0.00473763902720431 0.9999881753394916 0.024872021063032435 0.13440715138227688 -0.4481803121363299
FixedParameters: 0 0 0
#Transform 29
Transform: MatrixOffsetTransformBase_double_3_3
Parameters: 0.9999996746419988 0.0010194885890810737 -0.0005350194298041518 -0.0010221730714564659 0.999987374752012 -0.004868440128713125 0.000529410969741322 0.0048685556146548375 0.9999878950296549 0.0244227152818155 0.1525047390255594 -0.5121184980502633
FixedParameters: 0 0 0
#Transform 30
Transform: MatrixOffsetTransformBase_double_3_3
Parameters: 0.9999987146771349 0.0014950659996190233 -0.0010248357296775243 -0.0015016901444353265 0.9999772875343456 -0.0066104473091924965 0.0010149198488645067 0.006611561410557326 0.9999780154164261 0.026319202570533662 0.21812827681294777 -0.529903357771289
FixedParameters: 0 0 0
#Transform 31
Transform: MatrixOffsetTransformBase_double_3_3
Parameters: 0.9999986337939449 0.0010755516446989129 -0.0010993913197527452 -0.0010824932481470267 0.9999808910433244 -0.006005920279108873 0.0010932264005712937 0.006007076530023317 0.9999815859920329 0.023901718512718162 0.0922394329326437 -0.4766261237378444
FixedParameters: 0 0 0
#Transform 32
Transform: MatrixOffsetTransformBase_double_3_3
Parameters: 0.9999995389704632 0.0011429981572487825 -0.0003926074053059125 -0.0011452516279070169 0.9999889048640689 -0.0046654368255135414 0.0003871344252058182 0.0046665674967734105 0.9999890907216813 0.01907159401764602 0.05778374315356416 -0.4552511829407706
FixedParameters: 0 0 0
#Transform 33
Transform: MatrixOffsetTransformBase_double_3_3
Parameters: 0.9999998836084284 0.0009907795848953956 -0.0003676437384547978 -0.0009922902633687932 0.9999856359522205 -0.005325519292876862 0.0003624060280043728 0.005326481710513836 0.9999855146808381 0.026537426352149396 0.13098233551787075 -0.4624681635488841
FixedParameters: 0 0 0
#Transform 34
Transform: MatrixOffsetTransformBase_double_3_3
Parameters: 0.9999990212719924 0.0012096002484258224 -0.0007175879919795729 -0.0012136555857982826 0.999986509189634 -0.005110999849537584 0.0007116385256855672 0.005111998962329098 0.9999862568570385 0.03862229866886935 0.12311326199099426 -0.4439972794847833
FixedParameters: 0 0 0
#Transform 35
Transform: MatrixOffsetTransformBase_double_3_3
Parameters: 0.9999998602451264 0.0006496939368121238 -0.000847347252187271 -0.0006529831440586988 0.9999914766062191 -0.0041494355031454905 0.0008444078291560283 0.0041495662862740534 0.9999909467729323 0.004145850261039641 0.15204470567086048 -0.44766801254812094
FixedParameters: 0 0 0
#Transform 36
Transform: MatrixOffsetTransformBase_double_3_3
Parameters: 0.9999996025497037 0.0009656572578212665 -0.0006814896157696809 -0.0009686762509996882 0.999991597149635 -0.004057346072192158 0.0006779714938239788 0.004058660911328643 0.999992070497136 0.022175282366902138 0.12179768695160931 -0.43912936468687036
FixedParameters: 0 0 0
#Transform 37
Transform: MatrixOffsetTransformBase_double_3_3
Parameters: 0.9999992052000862 0.0011731073497559307 -0.00064711632599833 -0.0011757778398917718 0.9999915341083538 -0.004008123583441756 0.0006420310367384238 0.004009876162332324 0.9999915267877773 0.037389983709459784 0.10782202864047008 -0.4486044231100621
FixedParameters: 0 0 0
#Transform 38
Transform: MatrixOffsetTransformBase_double_3_3
Parameters: 0.9999994332524006 0.0012335328681165503 -0.00021309454583411208 -0.0012346200396905261 0.9999840028377945 -0.005619611189660742 0.00020542144865773635 0.005619395083707124 0.9999842722958757 0.024515971173329376 0.19539458142287458 -0.48581703791823116
FixedParameters: 0 0 0
#Transform 39
Transform: MatrixOffsetTransformBase_double_3_3
Parameters: 0.9999986347523753 0.0011301409347989262 -0.0010430839916665254 -0.0011370041585181594 0.999979302765107 -0.006297912810463324 0.0010356028534604929 0.00629808838872567 0.9999800015388003 0.021057469758900993 0.2089482578199835 -0.47985180757802937
FixedParameters: 0 0 0
#Transform 40
Transform: MatrixOffsetTransformBase_double_3_3
Parameters: 0.9999983401479565 0.0014097285508930598 -0.000819069118381927 -0.0014147307018332802 0.9999862794739174 -0.004983832553873413 0.0008124203497891618 0.004985165486168952 0.9999873698616323 0.038552233281734516 0.075992056096581 -0.44578874547448066
FixedParameters: 0 0 0
#Transform 41
Transform: MatrixOffsetTransformBase_double_3_3
Parameters: 0.9999990261563027 0.0011297524623127264 -0.0008352717408540267 -0.0011319399529161243 0.9999954152433576 -0.0028810594011481755 0.0008320922031544538 0.0028829449441334226 0.9999959990104672 0.024780380704385152 0.011969900229985342 -0.4927824432644101
FixedParameters: 0 0 0
#Transform 42
Transform: MatrixOffsetTransformBase_double_3_3
Parameters: 0.9999999104362315 0.0009071151290533052 -0.0005168575404666886 -0.0009079412077481056 0.9999959613450591 -0.0024925301851893983 0.0005145583832830599 0.002493466229966171 0.9999965189796401 0.026908349061542935 0.049942744504008374 -0.46731373205737015
FixedParameters: 0 0 0
#Transform 43
Transform: MatrixOffsetTransformBase_double_3_3
Parameters: 0.9999995784844674 0.0008865171944663606 -0.0007975322182059289 -0.0008895027553836334 0.9999911454653909 -0.004145279533732574 0.000793628509572202 0.004145721379568618 0.9999910625148792 0.019287141355391668 0.141668562841204 -0.45211398526348034
FixedParameters: 0 0 0
#Transform 44
Transform: MatrixOffsetTransformBase_double_3_3
Parameters: 0.9999996641150108 0.0007965103701955987 -0.0008378017245208796 -0.0007980925082128606 0.9999971351439756 -0.0020594521795392062 0.0008357498649919953 0.002060547976956123 0.9999980417593005 0.010695032089017786 0.09465004869447569 -0.4896981918901062
FixedParameters: 0 0 0
#Transform 45
Transform: MatrixOffsetTransformBase_double_3_3
Parameters: 0.9999993812630426 0.001164507330313522 -0.0005131848333894242 -0.0011660814683117056 0.9999918546765275 -0.003986272297355306 0.000508225335774625 0.003986729951518206 0.9999917420741414 0.026837608032849403 0.20723719359337167 -0.4364024883379187
FixedParameters: 0 0 0
#Transform 46
Transform: MatrixOffsetTransformBase_double_3_3
Parameters: 0.9999983438934084 0.0011596185265374949 -0.0011450427394531315 -0.001165636877222665 0.9999869719865899 -0.004978656854107227 0.001139148652151574 0.004980341414452069 0.9999867807345865 0.02434539582019113 0.2267684575705715 -0.44783163582234664
FixedParameters: 0 0 0
#Transform 47
Transform: MatrixOffsetTransformBase_double_3_3
Parameters: 0.9999999411993089 0.0008843106679357802 -0.0005266491435850731 -0.0008856480482493397 0.9999920264898823 -0.003766532853602886 0.0005233203652516237 0.0037674620643863427 0.9999925340425528 0.022684785869344637 0.07672391554207536 -0.4350440583294599
FixedParameters: 0 0 0
#Transform 48
Transform: MatrixOffsetTransformBase_double_3_3
Parameters: 0.9999990337514284 0.0009255675958117612 -0.00033102992436711106 -0.0009269252167699394 0.9999902281733745 -0.004348697879035135 0.0003271846903957466 0.004349307559423254 0.9999909777644612 0.020588334446088652 0.12961804029426105 -0.4536577183116748
FixedParameters: 0 0 0
#Transform 49
Transform: MatrixOffsetTransformBase_double_3_3
Parameters: 0.9999991685642121 0.0007857896375319467 -0.0004629410942447637 -0.000786579746491196 0.9999959688930369 -0.0027446227079784974 0.00046085150267347063 0.0027443778514950057 0.9999961350776551 0.02129242865835579 0.053193545859571145 -0.44545124600293917
FixedParameters: 0 0 0
#Transform 50
Transform: MatrixOffsetTransformBase_double_3_3
Parameters: 0.9999992673508397 0.0007991985445662091 -0.00030582880533613216 -0.0007998254682810119 0.9999996591096201 -0.0008286363818669068 0.0003054959681597154 0.0008293636789570291 0.9999992337589091 0.025015766876180123 0.061639584826536975 -0.40291600734248334
FixedParameters: 0 0 0
#Transform 51
Transform: MatrixOffsetTransformBase_double_3_3
Parameters: 0.9999996225808578 0.0010627179924855485 -0.0004985573193752315 -0.001064814809931582 0.9999885182378953 -0.004633457149910175 0.0004930307716548368 0.004633540848216183 0.9999891654625189 0.022574564579159073 0.1780842895100676 -0.5276535913012594
FixedParameters: 0 0 0
#Transform 52
Transform: MatrixOffsetTransformBase_double_3_3
Parameters: 0.9999980945526646 0.0010390303013330829 -0.0013516620898725324 -0.0010460816505805247 0.9999852106465471 -0.005380687448538396 0.0013453741231488831 0.005381318491027784 0.9999849730911636 0.02002917133400217 0.1599776585546948 -0.5319620794211701
FixedParameters: 0 0 0
#Transform 53
Transform: MatrixOffsetTransformBase_double_3_3
Parameters: 0.9999977923752917 0.0015655802322513224 -0.0013252012066054001 -0.001569074090944949 0.9999948321142338 -0.002638016429372711 0.001321380401649034 0.0026399837029927736 0.9999960315801621 0.05240698690610657 0.017729093564071263 -0.5086814731277087
FixedParameters: 0 0 0
#Transform 54
Transform: MatrixOffsetTransformBase_double_3_3
Parameters: 0.9999980415753297 0.0010801967820108886 -0.0013384389838872416 -0.0010819043475617835 0.9999982044447456 -0.0016606604886506282 0.001337192568047852 0.001662343321074372 0.9999983159520366 0.023795616211444326 0.01552828343662327 -0.4770836618069154
FixedParameters: 0 0 0
#Transform 55
Transform: MatrixOffsetTransformBase_double_3_3
Parameters: 0.9999991249025673 0.0009877284784066665 -0.0009483125600293844 -0.0009892750962568041 0.9999985126824507 -0.0012760478962870747 0.0009469018047676727 0.0012769501895970037 0.9999983533153822 0.016203278441338398 0.07761813300322729 -0.46632680296947626
FixedParameters: 0 0 0
#Transform 56
Transform: MatrixOffsetTransformBase_double_3_3
Parameters: 0.9999997305223379 0.0008560784255387726 -0.00073248927316241 -0.0008571840955051126 0.9999985589018391 -0.0013513579220261335 0.0007312866896150494 0.001351640707403512 0.9999985185150656 0.015872891630394292 0.10204455386970324 -0.5006620557579708
FixedParameters: 0 0 0
#Transform 57
Transform: MatrixOffsetTransformBase_double_3_3
Parameters: 1.0000000729105782 0.000559374161658456 -0.0007840496698354109 -0.0005618368711257844 0.9999942551624411 -0.003398546586020512 0.0007815923874518316 0.0033984531683054348 0.9999937180723478 0.014901335626390733 0.2187388808645352 -0.5035693073195375
FixedParameters: 0 0 0
#Transform 58
Transform: MatrixOffsetTransformBase_double_3_3
Parameters: 0.9999985785876879 0.0014047201753905484 -0.0012038737564857825 -0.0014065315542784807 0.9999979249091727 -0.0015282803870430711 0.0012008083739435042 0.0015297182091529998 0.9999979779919016 0.023948614504135435 0.0749957228651823 -0.47789762895615695
FixedParameters: 0 0 0
#Transform 59
Transform: MatrixOffsetTransformBase_double_3_3
Parameters: 0.999998508202897 0.0010260777340123446 -0.00120011850210955 -0.0010305741129009991 0.999990322582437 -0.004212873269128323 0.0011951518380363799 0.004214126741300325 0.9999906782762882 0.011192519419040536 0.1840472158752675 -0.5363365957507611
FixedParameters: 0 0 0
#Transform 60
Transform: MatrixOffsetTransformBase_double_3_3
Parameters: 0.999998059928239 0.0010434973439437765 -0.0013609898527287485 -0.0010499739511669588 0.9999866911310771 -0.005130565113255908 0.0013551792391068931 0.005132437122462863 0.9999857038158674 0.01463232852837848 0.1935740054360764 -0.5813718525865141
FixedParameters: 0 0 0
#Transform 61
Transform: MatrixOffsetTransformBase_double_3_3
Parameters: 0.9999988437811748 0.0010114456272440938 -0.0010650604932541405 -0.0010146360524011556 0.9999944947066749 -0.003254909477888146 0.0010609306179314932 0.003256092073340308 0.9999941524414554 0.011273761905258084 0.029683531159960808 -0.5414375414095502
FixedParameters: 0 0 0
#Transform 62
Transform: MatrixOffsetTransformBase_double_3_3
Parameters: 0.9999968399728479 0.0016917605319550057 -0.001815627199442833 -0.0016920577924602873 0.999998472998664 0.0001929967503361968 0.0018161550606873799 -0.00019000403132406196 0.999998293629425 0.034886605962910266 -0.13675484995513898 -0.41202713672908686
FixedParameters: 0 0 0
#Transform 63
Transform: MatrixOffsetTransformBase_double_3_3
Parameters: 0.999998914838495 0.0010127439662411467 -0.0010294533292021387 -0.0010104933461638063 0.9999978135787713 0.0015159364869150593 0.0010314066517145182 -0.0015150613495368143 0.999998507777795 0.04051911058616042 -0.07241659329369554 -0.42669049377131074
FixedParameters: 0 0 0
#Transform 64
Transform: MatrixOffsetTransformBase_double_3_3
Parameters: 0.9999989794700644 0.0009323859052880557 -0.0003886790672594975 -0.0009332898454419113 0.9999975528855275 -0.0021355189150784742 0.0003867996261037364 0.0021364808502086358 0.9999973015804112 0.025257106590885314 0.09705988727195347 -0.5651551170734734
FixedParameters: 0 0 0
#Transform 65
Transform: MatrixOffsetTransformBase_double_3_3
Parameters: 0.9999997454769118 0.0007388631813655779 -0.000841820940967343 -0.000742717375216258 0.9999921765948517 -0.003923362706475364 0.0008383538567699682 0.003923636243225254 0.9999917810535109 0.025489194414149097 0.13980073673036486 -0.4951558724127594
FixedParameters: 0 0 0
#Transform 66
Transform: MatrixOffsetTransformBase_double_3_3
Parameters: 0.999999610153979 0.0007100304378919069 -0.000941205505906853 -0.0007103547536514406 0.999999261164398 -0.0011633177282112106 0.0009407859162319263 0.0011636831724836372 0.999998641522222 0.02879889074830544 0.07680319400391511 -0.5196993402480246
FixedParameters: 0 0 0
#Transform 67
Transform: MatrixOffsetTransformBase_double_3_3
Parameters: 0.999999099247959 0.0005793168881130601 -0.0007521866203428514 -0.0005805922322886551 0.9999960956449159 -0.002750564471668576 0.0007503488681453639 0.002751435881163361 0.9999958675679256 0.02251569448796431 0.19156677000017908 -0.5114890465200332
FixedParameters: 0 0 0
#Transform 68
Transform: MatrixOffsetTransformBase_double_3_3
Parameters: 0.9999993462354652 0.0003257953967932516 -0.0007399694471876385 -0.0003276463402903289 0.9999948778369961 -0.0031837426867981633 0.0007392423792145704 0.00318325484906809 0.999994199007516 0.023809527838622557 0.14117555277850613 -0.46773844190983027
FixedParameters: 0 0 0
#Transform 69
Transform: MatrixOffsetTransformBase_double_3_3
Parameters: 0.999999898456651 0.000592328656244474 -0.0008667275477657223 -0.000595211827801597 0.9999946449217877 -0.003316487418934838 0.0008641416267448837 0.003317515167681223 0.9999942484817452 0.024039526021340407 0.18103630821107686 -0.4554732836689368
FixedParameters: 0 0 0
#Transform 70
Transform: MatrixOffsetTransformBase_double_3_3
Parameters: 0.9999992334742832 0.0007526364111276651 -0.0010957553067019803 -0.0007524904897395978 0.9999994179669097 -0.000386280616707424 0.0010952937095544302 0.0003867198532960525 0.9999995167426963 0.011247244377173615 0.06249020442825781 -0.40564397087332793
FixedParameters: 0 0 0
#Transform 71
Transform: MatrixOffsetTransformBase_double_3_3
Parameters: 0.9999980276818111 0.0009562517980113289 -0.0014345608890187567 -0.0009618691198652075 0.9999918983577606 -0.003912731560723914 0.001430753375926384 0.003914269924098587 0.9999914982135063 0.020312895781003704 0.16500506138714854 -0.5613826040211407
FixedParameters: 0 0 0
#Transform 72
Transform: MatrixOffsetTransformBase_double_3_3
Parameters: 0.999998688662694 0.0011413898111790536 -0.0014172486402533727 -0.001148984934071336 0.9999850523602154 -0.0052804678640332725 0.00141107795915793 0.005281526061208783 0.9999848579776802 0.008568025266185941 0.15369347609390616 -0.6693238906326329
FixedParameters: 0 0 0
#Transform 73
Transform: MatrixOffsetTransformBase_double_3_3
Parameters: 0.9999977929619804 0.0015217985063306003 -0.0013748369994599705 -0.0015270113528884216 0.9999927415602428 -0.0034878781102170575 0.0013697641267041592 0.0034901197506956444 0.9999927050675733 0.010429798207425733 0.019934446292083408 -0.6479460360340781
FixedParameters: 0 0 0
#Transform 74
Transform: MatrixOffsetTransformBase_double_3_3
Parameters: 0.9999998169403466 0.0006590013965197401 -0.0008650962931698329 -0.0006612676098305885 0.9999983874525792 -0.0018154147835235807 0.000863812235728901 0.0018155849658535866 0.999997837400338 0.010808314054528978 -0.1671010404984088 -0.5965524421106423
FixedParameters: 0 0 0
#Transform 75
Transform: MatrixOffsetTransformBase_double_3_3
Parameters: 0.9999984819495814 0.0011874639856025188 -0.0010526059987961296 -0.0011867437200970875 0.9999997123527026 0.00034227868302671993 0.001053417974157456 -0.00034172088262239553 0.9999995356692941 0.018961030927769684 -0.13478140362420277 -0.5345819355511239
FixedParameters: 0 0 0
#Transform 76
Transform: MatrixOffsetTransformBase_double_3_3
Parameters: 0.9999989641379892 0.0009578808324277948 -0.0010573482539232796 -0.0009589753097129504 0.9999993348546093 -0.0009299726502292327 0.0010566775095580208 0.0009310276607230189 0.9999988976213988 0.01564122481420327 0.05972014995531083 -0.5146449458417734
FixedParameters: 0 0 0
#Transform 77
Transform: MatrixOffsetTransformBase_double_3_3
Parameters: 0.9999991695851388 0.000857164556691953 -0.001047047378877204 -0.0008604547020042344 0.9999939862572899 -0.003357101489741929 0.0010437456513026457 0.0033588970962353526 0.9999936309311308 0.02033483980432038 0.21872610219428168 -0.5156630300473992
FixedParameters: 0 0 0
#Transform 78
Transform: MatrixOffsetTransformBase_double_3_3
Parameters: 0.9999993229717318 0.0008503024098001563 -0.000976385328218324 -0.0008524866512624941 0.9999973546456337 -0.0020132743809057607 0.0009751825448258653 0.0020137262724857496 0.9999978599489076 0.02409708613794237 0.1342227158023661 -0.5059457836228631
FixedParameters: 0 0 0
#Transform 79
Transform: MatrixOffsetTransformBase_double_3_3
Parameters: 0.9999980992242303 0.0009074069952383068 -0.0014410331454513114 -0.0009089434398072805 0.9999997292906507 -0.0008357825063399077 0.0014406275673854271 0.0008362187590123527 0.999998972139812 0.022862896435540847 0.12736632271470683 -0.5004181600914563
FixedParameters: 0 0 0
#Transform 80
Transform: MatrixOffsetTransformBase_double_3_3
Parameters: 0.9999995491262517 0.0007377406345759451 -0.0009520532557802116 -0.0007404895059558697 0.9999952670584757 -0.0028844018062050003 0.0009501352154881187 0.0028845980825468326 0.9999956413471539 0.016627230072785437 0.22277159972128402 -0.5500872647278285
FixedParameters: 0 0 0
#Transform 81
Transform: MatrixOffsetTransformBase_double_3_3
Parameters: 0.9999995169108038 0.0010576984982788493 -0.0006032342079237256 -0.001059327093234983 0.9999979565895629 -0.0019762438664321924 0.0006011544909364082 0.001977757267089847 0.9999977432510168 0.03234152140149149 0.13402840771672686 -0.5660692574772099
FixedParameters: 0 0 0
#Transform 82
Transform: MatrixOffsetTransformBase_double_3_3
Parameters: 0.9999995941269895 0.000834946714310835 -0.0008417417961553708 -0.0008362763646421602 0.9999985882763747 -0.0013082964447530404 0.000840667055375837 0.0013097022887769705 0.9999985788878458 0.02167475095021132 0.016949636739639118 -0.47304353996926807
FixedParameters: 0 0 0
#Transform 83
Transform: MatrixOffsetTransformBase_double_3_3
Parameters: 0.9999993755411472 0.0007284174967939132 -0.0003057384598307085 -0.0007294567055510731 0.9999982006198084 -0.0015057765717960414 0.00030453565426899546 0.001506221427005322 0.9999986388491922 0.01688108826211021 0.040133817728886356 -0.5308374916630285
FixedParameters: 0 0 0
#Transform 84
Transform: MatrixOffsetTransformBase_double_3_3
Parameters: 0.9999998147582985 0.0008468772582475477 -0.00068354994208528 -0.0008485361407844588 0.9999981661707497 -0.0017644215430072802 0.0006826631841730826 0.001765579695332628 0.9999984181287168 0.017662611956808405 0.07128471060079278 -0.567906193378235
FixedParameters: 0 0 0
#Transform 85
Transform: MatrixOffsetTransformBase_double_3_3
Parameters: 0.9999985944449182 0.0012539291600556315 -0.0009128499712511258 -0.0012544726321905677 0.9999990633393485 -0.000775827072691207 0.0009120163399942568 0.0007761735553094701 0.9999993267524789 0.02444727791744583 -0.08875973369032408 -0.5368259023055728
FixedParameters: 0 0 0
#Transform 86
Transform: MatrixOffsetTransformBase_double_3_3
Parameters: 0.9999992922514974 0.000938361077229143 -0.0009094143035530607 -0.0009387242368330763 0.9999997766864719 -0.0006791329226480958 0.0009092517147513417 0.0006798686850464225 0.9999995921231745 0.024577300781004396 0.044388461790376255 -0.4976035789260109
FixedParameters: 0 0 0
#Transform 87
Transform: MatrixOffsetTransformBase_double_3_3
Parameters: 0.9999995972861726 0.000688911708544437 -0.0009636818723201745 -0.0006894966318237541 0.9999988686723222 -0.0008184550799734402 0.0009626730900158196 0.000819544200673844 0.9999993870920924 0.009892708300185404 0.08200631893818411 -0.4784631978502887
FixedParameters: 0 0 0
#Transform 88
Transform: MatrixOffsetTransformBase_double_3_3
Parameters: 0.999998620363652 0.0007295735016814874 -0.001359155050256564 -0.0007342969416363837 0.9999934979793642 -0.003478109936979043 0.0013566491563952606 0.003478888076162409 0.9999929223791293 -0.00013287300858166873 0.19695086147709162 -0.5125126023041631
FixedParameters: 0 0 0
#Transform 89
Transform: MatrixOffsetTransformBase_double_3_3
Parameters: 0.9999987487542095 0.0010086248705592378 -0.0011106597206059804 -0.0010097696606829153 0.9999992754175338 -0.0009078651221013229 0.001109938899044164 0.0009091350136851556 0.9999988225908392 0.02136343982594724 0.08279211881260551 -0.5071660650234193
FixedParameters: 0 0 0
#Transform 90
Transform: MatrixOffsetTransformBase_double_3_3
Parameters: 0.9999998860202028 0.0007424717161990282 -0.0007500201115391647 -0.0007434185541354246 0.9999990947209377 -0.0012134286273301903 0.0007493298754499489 0.0012135714300831463 0.999998846132711 0.009385556491807279 0.0984185527978525 -0.5177132358426206
FixedParameters: 0 0 0
#Transform 91
Transform: MatrixOffsetTransformBase_double_3_3
Parameters: 0.9999985399443061 0.0010257995911481757 -0.0011865356035403755 -0.0010315822310187665 0.9999884556583394 -0.004753768183031332 0.001181445564762232 0.004755232995420022 0.9999878734566315 0.030551757818088277 0.21577656360535968 -0.504042748549665
FixedParameters: 0 0 0
#Transform 92
Transform: MatrixOffsetTransformBase_double_3_3
Parameters: 0.9999985520934939 0.0010383592397025655 -0.0011704462078921288 -0.001045198316304348 0.999985341843919 -0.005274873240834949 0.0011641471971012012 0.0052751246011985276 0.9999855585902416 0.02576705154970682 0.19094313469413748 -0.5256900487391434
FixedParameters: 0 0 0
#Transform 93
Transform: MatrixOffsetTransformBase_double_3_3
Parameters: 0.9999990075934088 0.0012254765836324753 -0.0007006750736092698 -0.0012280477534370937 0.9999903755160775 -0.004254024073545637 0.0006956796068360651 0.004255975618546529 0.9999904218474188 0.03583054766383498 0.08859437978398432 -0.4633336024920496
FixedParameters: 0 0 0
#Transform 94
Transform: MatrixOffsetTransformBase_double_3_3
Parameters: 0.9999991476318543 0.0007812000562655908 -0.0004915791375025944 -0.0007830055298291896 0.9999965918572373 -0.0026066182256305054 0.0004896068928274367 0.0026073856213557067 0.9999969628408069 0.0213846348167408 0.037802133925296744 -0.4340903406766614
FixedParameters: 0 0 0
#Transform 95
Transform: MatrixOffsetTransformBase_double_3_3
Parameters: 0.9999993496808525 0.0007052783549559324 -0.00039125795910243235 -0.0007057848316443081 0.9999985045036025 -0.001765710980723853 0.00038987961580868685 0.0017652909668936373 0.9999986111877338 0.022165405577510455 0.08952124903893832 -0.5043729209086578
FixedParameters: 0 0 0
#Transform 96
Transform: MatrixOffsetTransformBase_double_3_3
Parameters: 0.9999985215107406 0.0010808843138135095 -0.0011444705603888715 -0.0010862265748294738 0.9999904421818335 -0.004300748846947214 0.0011397203923093713 0.00430225278328665 0.9999900733233418 0.027493269643343865 0.1904585559744021 -0.5466468651768395
FixedParameters: 0 0 0
#Transform 97
Transform: MatrixOffsetTransformBase_double_3_3
Parameters: 0.9999989876441052 0.0008618156560193967 -0.0011264364821099685 -0.0008669661392787665 0.999992204916193 -0.0038940122239287805 0.0011231625317551278 0.0038949856395599086 0.999991448345589 0.022701248534104934 0.1440153085496405 -0.5041327846861847
FixedParameters: 0 0 0
#Transform 98
Transform: MatrixOffsetTransformBase_double_3_3
Parameters: 0.9999991084696382 0.0007912746263958758 -0.0005152996401898303 -0.000792714317099517 0.9999973147414799 -0.0022485936306333165 0.0005128501323303215 0.00224940792633381 0.9999976777076339 0.03736521609027932 0.07738254367198749 -0.4599442264144784
FixedParameters: 0 0 0
#Transform 99
Transform: MatrixOffsetTransformBase_double_3_3
Parameters: 0.9999989082939105 0.0011523534930630809 -0.0008740334382793314 -0.0011558023683381207 0.9999919284951423 -0.003979860685681819 0.0008692973560120183 0.003981140041567979 0.9999912908937468 0.03723393425575239 0.17676410311219115 -0.4299489066853681
FixedParameters: 0 0 0
#Transform 100
Transform: MatrixOffsetTransformBase_double_3_3
Parameters: 0.9999997621177049 0.0010946361378568138 -0.0001983084530339398 -0.0010948975446487279 0.99999966031856 -0.00035566391621130733 0.00019852173207137884 0.00035633688718102186 0.9999998483268402 0.02913417377209271 0.12307443556841235 -0.3878545608489503
FixedParameters: 0 0 0
#Transform 101
Transform: MatrixOffsetTransformBase_double_3_3
Parameters: 0.9999994127952065 0.0007575571801122821 -0.0001159169324289838 -0.0007578805961333125 0.9999909450315518 -0.004180914315381312 0.00011267926217684238 0.004181087535608988 0.9999915060759756 0.01762665360249116 0.2277238223408773 -0.488174088556967
FixedParameters: 0 0 0
#Transform 102
Transform: MatrixOffsetTransformBase_double_3_3
Parameters: 0.999998281294087 0.001091980165050669 -0.0012347990558691027 -0.0010989856300662687 0.9999850874439269 -0.005368634806748818 0.0012298320817691823 0.005370363664845959 0.9999845303430794 0.018476618159397162 0.23198210920040196 -0.5833717958167526
FixedParameters: 0 0 0
#Transform 103
Transform: MatrixOffsetTransformBase_double_3_3
Parameters: 0.9999989884208603 0.0010579344369921362 -0.0009443183795575636 -0.0010627486643026362 0.9999872633069287 -0.0048709832957634785 0.0009395518796572432 0.004872009729895405 0.9999872618182223 0.026294666211740036 0.1363242942526739 -0.5504789569475435
FixedParameters: 0 0 0
#Transform 104
Transform: MatrixOffsetTransformBase_double_3_3
Parameters: 0.9999994796179017 0.0007911978475260474 -0.0009462414827031073 -0.0007923843257505342 0.999997914870846 -0.002139238821994238 0.0009442065683805152 0.002139764532308408 0.9999974098056786 0.015749655622329328 0.03131029990129264 -0.497041481179636
FixedParameters: 0 0 0
#Transform 105
Transform: MatrixOffsetTransformBase_double_3_3
Parameters: 0.9999990999431888 0.0007921047476926368 -0.0005222444081586495 -0.0007935668393866919 0.9999974708359207 -0.0022405733252965215 0.0005198045952660895 0.0022404283706053962 0.9999975894082054 0.023850697501899276 0.0842707549737014 -0.5002858991748766
FixedParameters: 0 0 0
#Transform 106
Transform: MatrixOffsetTransformBase_double_3_3
Parameters: 0.9999994645743338 0.0007316304997676313 -0.00001194685788456357 -0.0007316538283608877 0.9999993768534132 -0.0010429922094129795 0.000010420647983523945 0.001043008576432719 0.9999999120213896 0.03399130067025169 0.0849945956214384 -0.3838210320370692
FixedParameters: 0 0 0
#Transform 107
Transform: MatrixOffsetTransformBase_double_3_3
Parameters: 0.9999992070866903 0.0007817402465734356 -0.00042637409716147833 -0.0007819780392052877 0.9999993108558958 -0.0002786665625723189 0.0004259378171392503 0.00027933295154579374 0.99999974054893 0.01637305918782772 0.0923841492091384 -0.40986607823647603
FixedParameters: 0 0 0
#Transform 108
Transform: MatrixOffsetTransformBase_double_3_3
Parameters: 0.9999984514764916 0.001114924811992291 -0.0011424809751900146 -0.0011201737753642983 0.9999906501653701 -0.004267713381859092 0.0011375121136180126 0.004269290275623158 0.9999903609219376 0.017812176330451734 0.2260081996044363 -0.5261632090211279
FixedParameters: 0 0 0
#Transform 109
Transform: MatrixOffsetTransformBase_double_3_3
Parameters: 0.9999997330343992 0.0005125285647086556 -0.0010023916439370788 -0.0005174134066177851 0.9999906902230247 -0.0043634855142254125 0.000999370250269062 0.004364516379471703 0.9999899536178158 0.021594582668925 0.1763076571694313 -0.47074011598166265
FixedParameters: 0 0 0
#Transform 110
Transform: MatrixOffsetTransformBase_double_3_3
Parameters: 0.9999989843998166 0.0008028746291973947 -0.0006091106125204752 -0.0008039409357845921 0.9999979345662364 -0.0015934950166242579 0.0006076630416908422 0.0015935014530908537 0.9999979713506043 0.017303950534369505 0.074478784482082 -0.48380458011369143
FixedParameters: 0 0 0
#Transform 111
Transform: MatrixOffsetTransformBase_double_3_3
Parameters: 0.9999995375856946 0.0007556528355286455 -0.000944067550485214 -0.0007588585994532403 0.9999944914489595 -0.0031512837873670513 0.0009416397204173182 0.0031527117605231747 0.9999941758865672 0.01118405734631267 0.1848336312384049 -0.46844868648128113
FixedParameters: 0 0 0
#Transform 112
Transform: MatrixOffsetTransformBase_double_3_3
Parameters: 0.9999986810445822 0.0008758040173078025 -0.0012455968866964112 -0.0008808179769980228 0.9999924056955408 -0.0038648925075076834 0.0012423855908431007 0.00386610661285805 0.999991391043166 0.027745596351863355 0.17125094984479006 -0.5187914149583648
FixedParameters: 0 0 0
#Transform 113
Transform: MatrixOffsetTransformBase_double_3_3
Parameters: 0.9999993291277482 0.0008468870882782774 -0.0009763753004338373 -0.0008488313337826384 0.9999983311455398 -0.0014432773772421331 0.0009750404206673457 0.0014437222393239857 0.9999988305945893 0.014411370497853682 0.03495739428996103 -0.5081880728248152
FixedParameters: 0 0 0
#Transform 114
Transform: MatrixOffsetTransformBase_double_3_3
Parameters: 0.9999989615880148 0.000807865858777857 -0.0011772081676593217 -0.00080862501769861 0.9999991035169078 -0.0011140489217799782 0.001176638807515302 0.0011159514121712594 0.9999983716192481 0.017000065944543508 0.05818617032620921 -0.5148873104706126
FixedParameters: 0 0 0
#Transform 115
Transform: MatrixOffsetTransformBase_double_3_3
Parameters: 0.9999991774092964 0.0006384373185565183 -0.0006439522513270138 -0.0006412751460443955 0.999993881318105 -0.003564591647141943 0.0006416158447223877 0.0035654142366690345 0.9999938775345278 0.014680675875254678 0.15877517677640185 -0.5070553498805097
FixedParameters: 0 0 0
#Transform 116
Transform: MatrixOffsetTransformBase_double_3_3
Parameters: 0.9999986026510264 0.0011174652428672148 -0.0010716350805008174 -0.0011190439362956566 0.9999985588955863 -0.001143787147811659 0.001070188284564331 0.00114521112333979 0.9999984239946237 0.023807162641872992 0.06513031461680896 -0.49576704407238736
FixedParameters: 0 0 0
#Transform 117
Transform: MatrixOffsetTransformBase_double_3_3
Parameters: 0.9999992064445842 0.001019772318988049 -0.0008685933075040056 -0.0010213678285187603 0.9999971101159784 -0.001995219709999399 0.0008657532321026673 0.0019957800706524587 0.9999981322774787 0.03245341599706819 0.11228200458897675 -0.5243765629877544
FixedParameters: 0 0 0
#Transform 118
Transform: MatrixOffsetTransformBase_double_3_3
Parameters: 0.9999992715414201 0.0009867400526943806 -0.0008690649641262757 -0.0009907753267886172 0.9999869937741382 -0.00491524789869649 0.0008639161307555991 0.004915751749292749 0.9999879531761243 0.018583682324475603 0.23490358667019962 -0.5504630105159123
FixedParameters: 0 0 0
#Transform 119
Transform: MatrixOffsetTransformBase_double_3_3
Parameters: 0.9999987868075427 0.0010205563672507402 -0.0014737883455659831 -0.0010296101633965784 0.9999835488102755 -0.005614595631830657 0.0014672076455125736 0.005616400772198771 0.9999831697890132 0.010592970077880182 0.1832681881512883 -0.565342986761749
FixedParameters: 0 0 0
#Transform 120
Transform: MatrixOffsetTransformBase_double_3_3
Parameters: 0.999999477604936 0.0007061328109990613 -0.00101185224339245 -0.0007089889601518407 0.9999971640648755 -0.0023352694465922086 0.0010097802505345433 0.0023357287480120364 0.9999964044048724 0.016859927256334117 0.011353965624849138 -0.5253322634432891
FixedParameters: 0 0 0
#Transform 121
Transform: MatrixOffsetTransformBase_double_3_3
Parameters: 0.9999998146589495 0.0003808894647900176 -0.00020065971009632766 -0.0003808499263297414 0.9999999645026069 0.00009809085306833332 0.00020073474011511906 -0.00009890910850844647 0.9999998307522598 0.03111485277815973 0.02742411289985114 -0.4248137170939472
FixedParameters: 0 0 0
#Transform 122
Transform: MatrixOffsetTransformBase_double_3_3
Parameters: 0.9999997092532434 0.0004761456737109157 -0.0010320437648476029 -0.00047466966870183706 0.9999993567691084 0.0006573709859904603 0.0010316756920780135 -0.0006566284127812461 0.9999994891862195 0.009229124258368415 0.06856188526379015 -0.41427256114655364
FixedParameters: 0 0 0
#Transform 123
Transform: MatrixOffsetTransformBase_double_3_3
Parameters: 0.9999992955940387 0.0008032647952361397 -0.00024394687409201354 -0.0008029425601434511 0.9999993024792 0.0004142102368027145 0.00024361988740612014 -0.00041478980481557404 0.9999996494945618 0.023486032089465425 0.12203507778495748 -0.4181822056899449
FixedParameters: 0 0 0
#Transform 124
Transform: MatrixOffsetTransformBase_double_3_3
Parameters: 0.999999333493039 0.0005181234172917278 -0.0006308705019713395 -0.0005198202678606221 0.9999934700735011 -0.003518656287516214 0.0006295644125187569 0.003518339292073666 0.999993103670231 0.02297700385433643 0.22705480464938432 -0.493443613430685
FixedParameters: 0 0 0
#Transform 125
Transform: MatrixOffsetTransformBase_double_3_3
Parameters: 0.9999991505904198 0.000880236741110015 -0.0002731161983557837 -0.0008801632392192652 0.9999993264235387 0.00013425481735275524 0.00027335296894281534 -0.0001347449492920677 0.9999997879865954 0.02420010761522917 0.09642275439006198 -0.3907527567777507
FixedParameters: 0 0 0
#Transform 126
Transform: MatrixOffsetTransformBase_double_3_3
Parameters: 0.9999991721691098 0.00037788760657447233 -0.000827645950749791 -0.00038128901928820584 0.9999925440770695 -0.003784806240675259 0.0008261256215755321 0.003785195469695246 0.999992975527127 0.0362753352968781 0.19938979126253287 -0.4841868749341529
FixedParameters: 0 0 0
#Transform 127
Transform: MatrixOffsetTransformBase_double_3_3
Parameters: 0.9999988096203707 0.0012201279975746695 -0.0008374005375197053 -0.001224135793043315 0.9999890935953062 -0.004418962537945714 0.0008320423863895176 0.004420031704229055 0.9999896518780705 0.03621517502406846 0.21188430056095342 -0.5169090412262207
FixedParameters: 0 0 0
#Transform 128
Transform: MatrixOffsetTransformBase_double_3_3
Parameters: 0.9999989812196312 0.000851039781023526 -0.0005422281009173455 -0.0008524287727369351 0.999997366022941 -0.0019765379676456585 0.0005409659876677161 0.00197746056675413 0.9999977981319164 0.03151648193895085 0.056227578529188804 -0.4784574350482842
FixedParameters: 0 0 0
#Transform 129
Transform: MatrixOffsetTransformBase_double_3_3
Parameters: 0.9999997223576299 0.0007486899978387788 -0.0008468210529924314 -0.0007477190456968446 0.9999991262915087 0.0005735143019099526 0.000847678494013625 -0.0005724850036488427 0.9999999394086017 0.01782316208303314 0.05519822445837974 -0.4002392607403067
FixedParameters: 0 0 0
#Transform 130
Transform: MatrixOffsetTransformBase_double_3_3
Parameters: 0.9999983258438906 0.000736576501882267 -0.0014598575290010545 -0.0007387742239569519 0.999998532606624 -0.0013910422373939468 0.0014590368669336628 0.001392956907295212 0.99999791790628 0.02452767835076486 0.10263654420705848 -0.508178911638943
FixedParameters: 0 0 0
#Transform 131
Transform: MatrixOffsetTransformBase_double_3_3
Parameters: 0.9999993142202408 0.0007671444543715048 -0.00031187973376026505 -0.0007669574990664618 0.9999994411979831 0.000299253604421304 0.0003123391944781502 -0.00029974593106778247 0.9999996936221056 0.018779614907060704 0.06997226581574978 -0.4088451643758333
FixedParameters: 0 0 0
#Transform 132
Transform: MatrixOffsetTransformBase_double_3_3
Parameters: 0.9999991760101431 0.0009882470427799886 -0.0009205201163728918 -0.00098735274803685 0.9999989222384095 0.00048580441507922734 0.000921479267414272 -0.000485194555954957 0.9999997823518559 0.03303518124980087 0.0879891278298146 -0.3892371518739708
FixedParameters: 0 0 0
#Transform 133
Transform: MatrixOffsetTransformBase_double_3_3
Parameters: 0.9999992829067658 0.0010419757433413565 -0.0007945782479284172 -0.0010411595065671052 0.99999878728705 0.001062828208509753 0.0007956776419952349 -0.0010611718498418077 0.999999239930398 0.026251736853396324 0.13588449147884774 -0.41040486730901193
FixedParameters: 0 0 0
#Transform 134
Transform: MatrixOffsetTransformBase_double_3_3
Parameters: 0.9999991438642375 0.0007315381239419663 -0.001149320161157229 -0.0007331066331599195 0.9999983638766335 -0.0014942634034507823 0.0011483642769769382 0.0014947363855326995 0.999998312922986 0.0051681242666745675 0.15338463749972675 -0.5168811405353182
FixedParameters: 0 0 0
#Transform 135
Transform: MatrixOffsetTransformBase_double_3_3
Parameters: 0.9999982848175947 0.0007360730959998736 -0.0014744643760279757 -0.0007386706308829107 0.9999976833648963 -0.002187034960799583 0.0014727109308386704 0.0021889696011027915 0.9999970267373682 0.030895139557401308 0.17054709446730953 -0.5108163235052672
FixedParameters: 0 0 0
#Transform 136
Transform: MatrixOffsetTransformBase_double_3_3
Parameters: 0.9999996026950065 0.0004841530915768356 -0.00040360973628791874 -0.00048387488768951496 0.9999997663157915 0.00034420968840125077 0.00040394322026271733 -0.00034478995608501484 0.9999995990191395 0.010699319403627783 0.039952770699315465 -0.4096151387142015
FixedParameters: 0 0 0
#Transform 137
Transform: MatrixOffsetTransformBase_double_3_3
Parameters: 0.9999984434432458 0.0010413228338449366 -0.0012129771899296656 -0.0010403845151640949 0.9999994030654895 0.0007962774836852843 0.001214513049484981 -0.0007947219540104106 0.9999987747367578 0.013669793923142493 0.0688965705213036 -0.4120999529613556
FixedParameters: 0 0 0
#Transform 138
Transform: MatrixOffsetTransformBase_double_3_3
Parameters: 0.9999996071661925 0.000584364249083537 -0.00022660997069144572 -0.000584505538490447 0.9999995610929427 -0.0003118675144971328 0.00022624528127135804 0.00031213217963108053 0.9999998513853454 0.031122220226009745 0.10775819525763097 -0.3851255714032291
FixedParameters: 0 0 0
#Transform 139
Transform: MatrixOffsetTransformBase_double_3_3
Parameters: 0.9999999561815737 0.0009414284538651241 -0.0003969020740193384 -0.0009415423234374499 0.9999992122805208 -0.00014361186391842473 0.00039663186453418094 0.00014338783059371363 0.9999997027166905 0.0214906740427665 0.11387433359355725 -0.3750674525477464
FixedParameters: 0 0 0
#Transform 140
Transform: MatrixOffsetTransformBase_double_3_3
Parameters: 0.9999990381360635 0.0005217493430633481 -0.0008306699959761068 -0.0005241746306153495 0.9999945886439973 -0.003183564141403486 0.0008286929295147088 0.0031844319344207644 0.9999941737363728 0.02081013383322272 0.20881526431014663 -0.4687176657306935
FixedParameters: 0 0 0
#Transform 141
Transform: MatrixOffsetTransformBase_double_3_3
Parameters: 0.9999993064365932 0.000852711262554343 -0.0009830994044872394 -0.0008564812046073772 0.999994396366985 -0.0033151468978464133 0.0009797784803955234 0.0033158532443672145 0.9999939249189711 0.03808866950681988 0.20513532708520188 -0.4792640073158694
FixedParameters: 0 0 0
#Transform 142
Transform: MatrixOffsetTransformBase_double_3_3
Parameters: 0.9999999623234507 0.0007435483101607314 -0.0006962847025893304 -0.0007426313526286951 0.9999990148513331 0.000658516797354361 0.0006972626065941945 -0.0006574812672827807 0.9999990815454286 0.01973067835075426 0.07604900433757678 -0.3790853071640683
FixedParameters: 0 0 0
#Transform 143
Transform: MatrixOffsetTransformBase_double_3_3
Parameters: 0.9999999092669059 0.000804159760302832 -0.0006668624683784553 -0.0008063041233424612 0.9999929982612041 -0.0036704498056506496 0.0006632971597394301 0.003670549768781964 0.999992965768558 0.025099370353657946 0.18523522697762473 -0.4597742023277931
FixedParameters: 0 0 0
#Transform 144
Transform: MatrixOffsetTransformBase_double_3_3
Parameters: 0.9999979411693598 0.001215817213452155 -0.0012574075764698652 -0.001222171829465522 0.9999859984196896 -0.005063574899013351 0.0012508650232662837 0.005065422836892097 0.9999866440724882 0.023097222401133877 0.22929280345036318 -0.5188736375676015
FixedParameters: 0 0 0
#Transform 145
Transform: MatrixOffsetTransformBase_double_3_3
Parameters: 0.999999740591624 0.0006945067894441306 -0.0008814233798027169 -0.0006962108836124362 0.9999962922099799 -0.002521492794027566 0.0008802626045040213 0.0025215081355123015 0.9999967324307982 0.01917304540394582 0.07444425117452624 -0.5056405803601578
FixedParameters: 0 0 0
#Transform 146
Transform: MatrixOffsetTransformBase_double_3_3
Parameters: 0.999999976734594 0.0007501951306998323 -0.0006785817087716061 -0.000749770867488931 0.9999994591350619 0.00031252318290408976 0.0006790504456271337 -0.0003124761165195361 0.9999993222872676 0.018073506292608954 0.027569486482846628 -0.3940732417049446
FixedParameters: 0 0 0
#Transform 147
Transform: MatrixOffsetTransformBase_double_3_3
Parameters: 0.9999994631343805 0.0008547462243595177 -0.0008977873663462815 -0.0008562252218509739 0.9999986700049743 -0.0013102172277620894 0.0008966580291256455 0.0013107812197807184 0.9999983583082694 0.021565448313168645 0.09590373795793994 -0.47689562417295406
FixedParameters: 0 0 0
#Transform 148
Transform: MatrixOffsetTransformBase_double_3_3
Parameters: 0.999999647394715 0.0008006819425483388 -0.0008435127498894764 -0.0007996944810139152 0.9999990319042273 0.0005855556701542669 0.000844448968607912 -0.0005844435168965989 0.9999999310411015 0.019460449221938347 0.09631408155100019 -0.38643125150142055
FixedParameters: 0 0 0
#Transform 149
Transform: MatrixOffsetTransformBase_double_3_3
Parameters: 0.9999995653533438 0.0005903890840115811 -0.0002940504808593194 -0.00059060934905301 0.9999944153795063 -0.0033518288889064773 0.0002923175491228049 0.0033521751454822224 0.9999946780868748 0.01996128022898347 0.20377387318592355 -0.46880958964088393
FixedParameters: 0 0 0
#Transform 150
Transform: MatrixOffsetTransformBase_double_3_3
Parameters: 0.9999990170743551 0.0010197064340371903 -0.000971315892633662 -0.0010221177842822825 0.9999944390710124 -0.0031039938881384094 0.0009684358494580594 0.003105003080875385 0.9999943021164674 0.03015827195658005 0.19394940706533248 -0.4394853231941269
FixedParameters: 0 0 0
#Transform 151
Transform: MatrixOffsetTransformBase_double_3_3
Parameters: 0.9999993439537009 0.0010935782186576417 -0.0006780397258289384 -0.0010966683887355278 0.999993735875722 -0.003488125608760176 0.0006736175656177045 0.003488873253192415 0.9999932687336439 0.032848345515404276 0.15666314254217184 -0.412645288911655
FixedParameters: 0 0 0
#Transform 152
Transform: MatrixOffsetTransformBase_double_3_3
Parameters: 0.9999992854335678 0.0007723816723588382 -0.0003443530414406268 -0.0007731377469034564 0.9999930803029885 -0.003649736236703713 0.0003409376557800256 0.003650265810352049 0.9999935600295898 0.017135192171863878 0.21951802118431374 -0.4676762686950795
FixedParameters: 0 0 0
#Transform 153
Transform: MatrixOffsetTransformBase_double_3_3
Parameters: 0.9999997829099474 0.00033792060301903696 -0.0003207799540071551 -0.00033803573963536433 0.9999999728181664 -0.00017987712605480044 0.00032065861891099605 0.00017912278444308372 0.9999997456516904 0.0352060141705266 0.08985253796451786 -0.3836058887915712
FixedParameters: 0 0 0
#Transform 154
Transform: MatrixOffsetTransformBase_double_3_3
Parameters: 0.9999999965400334 0.0009367627090010657 -0.0003555304098772202 -0.0009362379342285085 0.9999997847715962 0.0005694525121161947 0.0003556033866838046 -0.0005685480025049566 0.9999995642460372 0.02414136396150468 0.10897761020240182 -0.3766056234828312
FixedParameters: 0 0 0
#Transform 155
Transform: MatrixOffsetTransformBase_double_3_3
Parameters: 0.9999997928767832 0.0008504874698035325 -0.0006960377998024418 -0.000852652124730145 0.9999910925860231 -0.004159394990616294 0.0006924123755863382 0.0041596062299741055 0.9999910972449957 0.016697414089222207 0.21474842891038293 -0.4487415824969574
FixedParameters: 0 0 0
#Transform 156
Transform: MatrixOffsetTransformBase_double_3_3
Parameters: 0.9999986508678506 0.0006378312822273377 -0.0013941337193536585 -0.0006449224839345837 0.9999834539167867 -0.005669224976255285 0.001389927175936356 0.005670772102973107 0.9999828986133369 -0.007394562515145253 0.17594832548255113 -0.57189973865853
FixedParameters: 0 0 0
#Transform 157
Transform: MatrixOffsetTransformBase_double_3_3
Parameters: 0.999998719260615 0.0008493375056738619 -0.0016000620984625328 -0.0008578678987315649 0.9999857448663559 -0.00535274471267197 0.0015949819955815487 0.005354262375696334 0.9999846539742376 -0.009077547655678586 0.10667821341124295 -0.5074161924420864
FixedParameters: 0 0 0
#Transform 158
Transform: MatrixOffsetTransformBase_double_3_3
Parameters: 0.9999985996402305 0.0011821068468144168 -0.0010009638976764606 -0.0011825839762727626 0.9999996550182072 0.00025819865512999307 0.0010014526659193625 -0.00025680224053672984 0.9999998120094632 0.015583357636486994 0.006686507220280191 -0.3681734123617275
FixedParameters: 0 0 0
#Transform 159
Transform: MatrixOffsetTransformBase_double_3_3
Parameters: 0.9999996919697743 0.0008338983987378984 -0.0007828080468080608 -0.0008333185037485124 0.9999995641032666 0.0009276678171719621 0.0007832414942553005 -0.0009273334816558287 0.9999994073519388 0.021680109814070647 0.01437754842335437 -0.39306745262834397
FixedParameters: 0 0 0
#Transform 160
Transform: MatrixOffsetTransformBase_double_3_3
Parameters: 0.9999991865535953 0.0005550685994540393 -0.0007110922574754056 -0.0005547993797611989 0.9999990616685663 0.0008032755315386803 0.0007108705864545235 -0.0008027249705047368 0.9999998352663844 0.02782357582393047 0.08891706745782813 -0.35712103987392396
FixedParameters: 0 0 0
#Transform 161
Transform: MatrixOffsetTransformBase_double_3_3
Parameters: 0.9999991286273171 0.0007975048798010624 -0.00048513797548559623 -0.0007967553599690724 0.9999998742022573 0.0007715205476329923 0.0004863679442341456 -0.0007714787324233363 0.9999990640010592 0.01566228885927501 0.1785110774144698 -0.4084841271360986
FixedParameters: 0 0 0
#Transform 162
Transform: MatrixOffsetTransformBase_double_3_3
Parameters: 0.9999993196622331 0.0008530373995775445 -0.0009758981656725058 -0.00085558833577235 0.9999942989607029 -0.0031592875016128452 0.0009739577117304225 0.0031607147644715367 0.9999950494366602 0.01934992915109035 0.2594868590187218 -0.47773733706404187
FixedParameters: 0 0 0
#Transform 163
Transform: MatrixOffsetTransformBase_double_3_3
Parameters: 0.9999991157905023 0.0007988620327615839 -0.0004960131611964778 -0.0007980405313236774 0.9999996785423709 0.0008273969265620018 0.0004973337983199412 -0.0008266037877369403 1.0000000693892885 0.015579713511428395 0.1781179446504524 -0.3900590592497437
FixedParameters: 0 0 0
#Transform 164
Transform: MatrixOffsetTransformBase_double_3_3
Parameters: 0.9999996022591808 0.0008387644248326879 -0.0008336351189772417 -0.0008385982767443212 0.9999990650319267 -0.0004954205550810609 0.0008329232807054473 0.0004965797343097628 1.0000000451954012 0.017408779240000172 0.18282548219913508 -0.4030231165910365
FixedParameters: 0 0 0
#Transform 165
Transform: MatrixOffsetTransformBase_double_3_3
Parameters: 0.9999996803043161 0.0006018922137950915 -0.0009781517694279155 -0.0006047412114000449 0.9999956043921532 -0.00285751568787225 0.0009770497338535936 0.0028574856322299003 0.9999957452573539 0.0023386835931518135 0.21125009207919732 -0.5205865214552645
FixedParameters: 0 0 0
#Transform 166
Transform: MatrixOffsetTransformBase_double_3_3
Parameters: 0.9999991820136527 0.0007909824358455508 -0.00043878799754029407 -0.0007908721996297285 0.9999996048430259 -0.0008685339196588537 0.0004385262565086477 0.000869466347213077 0.9999990668481035 0.03046522004061103 0.08382003007210415 -0.3595620154010746
FixedParameters: 0 0 0
#Transform 167
Transform: MatrixOffsetTransformBase_double_3_3
Parameters: 0.9999990485319736 0.0008695239235032989 -0.001093132387911392 -0.0008706720431389456 0.99999950749873 -0.0009240348649294378 0.0010926364676650813 0.0009249655664679834 0.9999988316312645 0.010734172175347112 0.04550634183145519 -0.4831011186472267
FixedParameters: 0 0 0
#Transform 168
Transform: MatrixOffsetTransformBase_double_3_3
Parameters: 0.9999999004868746 0.0007580124264460461 -0.0007244222061468852 -0.0007598343642180225 0.999997956994476 -0.0018614505496461348 0.0007227088638274363 0.0018625488164809717 0.9999980093976111 0.011279147103891773 0.08570225517642882 -0.5829402984995582
FixedParameters: 0 0 0
#Transform 169
Transform: MatrixOffsetTransformBase_double_3_3
Parameters: 0.9999989330937401 0.0006960420130753832 -0.001258377017929921 -0.0006981642861644764 0.9999979794292221 -0.0016332268194866606 0.0012563398513644878 0.0016337701755176764 0.999997617018927 0.012353083144887478 0.02528207613460154 -0.5024853499314474
FixedParameters: 0 0 0
#Transform 170
Transform: MatrixOffsetTransformBase_double_3_3
Parameters: 0.9999989202344343 0.0006808826769801505 -0.0007847834320377901 -0.0006824335012510404 0.9999981483228648 -0.001544463837493057 0.0007837899986462269 0.0015455330731222877 0.9999979978624891 0.011827287879512483 0.0642253616498607 -0.5354966177729281
FixedParameters: 0 0 0
#Transform 171
Transform: MatrixOffsetTransformBase_double_3_3
Parameters: 0.9999994125231241 0.0008493069299215943 -0.000930910019417588 -0.0008504914570445688 0.9999987089796262 -0.0016391959858177707 0.0009293562255279316 0.0016398058940164384 0.9999983276143259 0.003617675406019316 0.10748015096791619 -0.5424014977868552
FixedParameters: 0 0 0
#Transform 172
Transform: MatrixOffsetTransformBase_double_3_3
Parameters: 1.000000021018741 0.0005853672115737928 -0.0007975388827755072 -0.0005894470788155341 0.9999904573350356 -0.0042816375861596395 0.0007948548151433217 0.004281363314626488 0.9999909010185603 -0.00011724599072238107 0.1430604573445322 -0.43840515764722454
FixedParameters: 0 0 0
#Transform 173
Transform: MatrixOffsetTransformBase_double_3_3
Parameters: 0.9999988639364159 0.0009391668723423882 -0.0005039243992149834 -0.0009411133602112788 0.9999934565373947 -0.003555407741063374 0.0005004566405250956 0.0035565905447439705 0.9999931170461516 0.0011826563028449755 0.17323145851756294 -0.4702371499308029
FixedParameters: 0 0 0
#Transform 174
Transform: MatrixOffsetTransformBase_double_3_3
Parameters: 0.9999992434591649 0.00039713871563878175 -0.0012645110222501443 -0.0004022681650394358 0.9999900276805729 -0.00433861134032093 0.0012627559556843378 0.004339382977618336 0.9999895617677845 0.008414156089756375 0.2250635142475943 -0.5279943997051788
FixedParameters: 0 0 0
#Transform 175
Transform: MatrixOffsetTransformBase_double_3_3
Parameters: 0.9999990049411532 0.0006130988812054342 -0.0007867696945315673 -0.0006156278911784031 0.9999943933307898 -0.0033505182217938995 0.0007849981417565137 0.0033514838679752496 0.9999941531326394 0.005953736646944208 0.1412021543827393 -0.44066922375264284
FixedParameters: 0 0 0
#Transform 176
Transform: MatrixOffsetTransformBase_double_3_3
Parameters: 0.9999995657058525 0.0005909346906336004 -0.0010420355430641418 -0.0005937391860337288 0.9999944427409433 -0.0031965030571684816 0.0010397214299645303 0.003197497634911395 0.9999946812853103 0.004295525783476251 0.19041198998209552 -0.45695601323875934
FixedParameters: 0 0 0
#Transform 177
Transform: MatrixOffsetTransformBase_double_3_3
Parameters: 0.9999996582499179 0.0006276526515980536 -0.0009735253832363415 -0.0006311140163566719 0.9999929286386213 -0.0036973867916753056 0.0009713365085061537 0.003698610866573193 0.9999923791094525 0.006343721084704157 0.14106971406320667 -0.47655536704468915
FixedParameters: 0 0 0
#Transform 178
Transform: MatrixOffsetTransformBase_double_3_3
Parameters: 0.999998981124786 0.000868395653076053 -0.001124396533375246 -0.0008739255553291383 0.9999873401311595 -0.00490212692250773 0.0011205466008432647 0.004902872981559198 0.9999875716686469 0.0027760926711692946 0.19367841077921355 -0.5204382573602757
FixedParameters: 0 0 0
#Transform 179
Transform: MatrixOffsetTransformBase_double_3_3
Parameters: 0.9999990957898607 0.0010305342781940516 -0.0009174005626037288 -0.001035289571798505 0.9999872268949159 -0.004982041638954882 0.0009126719994703469 0.004982960829736788 0.9999872179383865 0.03911584809380031 0.08944500741533545 -0.38152646719505157
FixedParameters: 0 0 0
#Transform 180
Transform: MatrixOffsetTransformBase_double_3_3
Parameters: 0.9999993186308874 0.0007719704888982525 -0.00029283106998275523 -0.0007730879052852419 0.9999882864251574 -0.004715758065082301 0.0002887638442301477 0.004715236241632115 0.9999885600976092 0.010054661757436634 0.14546783368685112 -0.4359508041560787
FixedParameters: 0 0 0
#Transform 181
Transform: MatrixOffsetTransformBase_double_3_3
Parameters: 0.9999995124748351 0.0010600891721299168 -0.0006031453619953781 -0.0010626511583532799 0.9999902643841597 -0.004210345773446908 0.000598538958436186 0.004210650085321385 0.9999907913173904 0.03484267222250992 0.11759182205506136 -0.31439850184560214
FixedParameters: 0 0 0
#Transform 182
Transform: MatrixOffsetTransformBase_double_3_3
Parameters: 1.000000028642935 0.0008042160767001311 -0.0005699182966364196 -0.000806887067569169 0.9999886633331511 -0.004656541589939181 0.0005657540235784772 0.0046574564469501895 0.9999889897750818 0.015240060396052968 0.1759843902578666 -0.40923420819042633
FixedParameters: 0 0 0
#Transform 183
Transform: MatrixOffsetTransformBase_double_3_3
Parameters: 0.9999995648106818 0.0008370750199932713 -0.0008574957159924342 -0.0008414793972770509 0.999985657614128 -0.005268265275683526 0.0008522311333900215 0.005268729098184682 0.9999853926366402 0.002404692897201244 0.22893144892533712 -0.5044400365092514
FixedParameters: 0 0 0
#Transform 184
Transform: MatrixOffsetTransformBase_double_3_3
Parameters: 0.9999995284364437 0.0007686804918580454 -0.0009387122345935948 -0.0007744119205752333 0.9999780732037962 -0.006516381362522389 0.0009334685446467573 0.0065166161961938 0.9999785247714075 0.005295085931606991 0.21832583052555776 -0.5633017175760173
FixedParameters: 0 0 0
#Transform 185
Transform: MatrixOffsetTransformBase_double_3_3
Parameters: 0.9999997096018242 0.0008285243175961499 -0.0007773424673133449 -0.000831804556244295 0.9999896853189765 -0.004443340099860707 0.0007734235747783202 0.004443656371405133 0.9999895347063826 0.032978756718691216 0.09492749843604997 -0.41584846109385865
FixedParameters: 0 0 0
#Transform 186
Transform: MatrixOffsetTransformBase_double_3_3
Parameters: 1.000000035876284 0.0008036284230246671 -0.0005638088350321226 -0.000806158925759125 0.9999894859616932 -0.004470531108342904 0.0005609436910979087 0.004470465292339104 0.9999895789808153 0.011010544875304618 0.14995187286103828 -0.43902630709810353
FixedParameters: 0 0 0
#Transform 187
Transform: MatrixOffsetTransformBase_double_3_3
Parameters: 0.9999991650982398 0.0009536514047689223 -0.0009617122061521047 -0.0009596380676005491 0.9999796458694031 -0.006368071847276724 0.0009563248060941184 0.0063689356213786075 0.9999794027372381 0.008510037777057278 0.24541310635981972 -0.5876350745750116
FixedParameters: 0 0 0
#Transform 188
Transform: MatrixOffsetTransformBase_double_3_3
Parameters: 0.9999982755566362 0.0011657599514566012 -0.0015382492873185602 -0.0011748939957282522 0.9999790799315255 -0.00629830583511265 0.0015307822212733968 0.006300687988394435 0.9999788274025362 0.013329326607816938 0.1688101518665519 -0.49289986764662785
FixedParameters: 0 0 0
#Transform 189
Transform: MatrixOffsetTransformBase_double_3_3
Parameters: 0.9999991227783847 0.0011294994091833146 -0.0007752760901918708 -0.001132668942941264 0.999989836143315 -0.004228122352417013 0.0007711536688165843 0.004229871510753533 0.9999905176030834 0.020381070947024682 0.08135136275956256 -0.43987276535429487
FixedParameters: 0 0 0
#Transform 190
Transform: MatrixOffsetTransformBase_double_3_3
Parameters: 1.0000001922624 0.0008637899619113055 -0.0002494252699050949 -0.0008641918559605445 0.9999914700040795 -0.004094666123644272 0.00024556769663042476 0.00409533233508079 0.9999911840672179 0.00200346513700822 0.15763975806794406 -0.4148304776600824
FixedParameters: 0 0 0
#Transform 191
Transform: MatrixOffsetTransformBase_double_3_3
Parameters: 0.9999988163858052 0.00104781593782348 -0.00029163327923119895 -0.0010498338550141164 0.9999897504992044 -0.004375697550884697 0.00028654507044222413 0.0043763039729026315 0.9999907669331067 0.018236850194369936 0.20218551258321327 -0.42026887597388907
FixedParameters: 0 0 0
#Transform 192
Transform: MatrixOffsetTransformBase_double_3_3
Parameters: 1.000000018085221 0.0009130038686297183 -0.00038547331153829034 -0.0009143778215917827 0.999991877015469 -0.003909650311323842 0.00038154676032718085 0.003910351140659116 0.9999925647395909 0.028232421036406663 0.16398546338217557 -0.4202131825611559
FixedParameters: 0 0 0
#Transform 193
Transform: MatrixOffsetTransformBase_double_3_3
Parameters: 0.9999997256362565 0.0008355774217481812 -0.0007593269729029592 -0.0008385374956162171 0.9999906046040224 -0.004337353983532424 0.000755524279269163 0.0043376508798674 0.9999904930097585 0.020767152121834442 0.2149258494822135 -0.47177213250483163
FixedParameters: 0 0 0
#Transform 194
Transform: MatrixOffsetTransformBase_double_3_3
Parameters: 0.999999221881074 0.0006226685122580189 -0.0006250182966690634 -0.0006251921256240792 0.9999908106848128 -0.004218610082791396 0.0006220994679545357 0.004219388209684691 0.9999908111160616 0.01819366154924751 0.18657983727766236 -0.400439967856542
FixedParameters: 0 0 0
#Transform 195
Transform: MatrixOffsetTransformBase_double_3_3
Parameters: 0.999999173563597 0.0008634314041655342 -0.0002846649432784904 -0.0008648949089687402 0.9999855959606271 -0.0052587555919185874 0.0002797869034125531 0.00525924338437804 0.9999862630523796 0.018993443408831467 0.2672429518335093 -0.4243684115285902
FixedParameters: 0 0 0
#Transform 196
Transform: MatrixOffsetTransformBase_double_3_3
Parameters: 0.9999994675559494 0.0010491750618081316 -0.000656860615136508 -0.0010523067842476313 0.9999905208161494 -0.004300300819373493 0.0006521545816432574 0.004300705135749802 0.9999909579287616 0.024613136498985 0.15135828385936634 -0.40886478458811126
FixedParameters: 0 0 0
#Transform 197
Transform: MatrixOffsetTransformBase_double_3_3
Parameters: 0.9999992880154452 0.001110367477765798 -0.0006918456415215421 -0.0011117642294154635 0.9999971040144535 -0.0021862190616704497 0.0006902054862859353 0.0021867834824235016 0.9999976224154845 0.022266780426761557 0.08429337357851807 -0.4306507593943465
FixedParameters: 0 0 0
#Transform 198
Transform: MatrixOffsetTransformBase_double_3_3
Parameters: 0.9999991420376599 0.0008833025909938652 -0.00027828338272481825 -0.0008848858055691711 0.9999912615062665 -0.00400973900872309 0.0002742922037195335 0.004009256414593529 0.9999917282333404 0.018135558360327764 0.16672126580414215 -0.39683312875919796
FixedParameters: 0 0 0
#Transform 199
Transform: MatrixOffsetTransformBase_double_3_3
Parameters: 0.9999991551408337 0.0009065914382031422 -0.00015101436618861363 -0.0009073756610989978 0.9999902664643355 -0.004346744152160215 0.00014722017630024327 0.004347253189469588 0.9999900956836381 0.0057084939452494154 0.18974304839950662 -0.4314452574666845
FixedParameters: 0 0 0
#Transform 200
Transform: MatrixOffsetTransformBase_double_3_3
Parameters: 0.9999998595813763 0.0007368695942800565 -0.000773356735340449 -0.000740165035301073 0.9999862400484623 -0.0051194264848448134 0.0007693732198994123 0.005120565834085447 0.9999861904139774 0.015002006074922747 0.24225208342912197 -0.4672010936900577
FixedParameters: 0 0 0
#Transform 201
Transform: MatrixOffsetTransformBase_double_3_3
Parameters: 0.9999996440000306 0.0008181982598220556 -0.0008290756434139689 -0.0008213828214256864 0.9999882915504301 -0.004708427748737129 0.0008249345812949062 0.004708574037941615 0.9999890122362126 0.018579226706592067 0.12182295663767206 -0.3710507695104539
FixedParameters: 0 0 0
#Transform 202
Transform: MatrixOffsetTransformBase_double_3_3
Parameters: 0.9999993076180161 0.0008276440610184033 0.0000857285412516307 -0.0008273051638461737 0.9999913632003951 -0.0039940711112303184 -0.00008936017083464459 0.003993926236642992 0.999992040223441 0.003086960967152663 0.20919142652275013 -0.41255798348873896
FixedParameters: 0 0 0
#Transform 203
Transform: MatrixOffsetTransformBase_double_3_3
Parameters: 0.9999993027905762 0.0007832861650328582 -0.0002892606495266596 -0.0007834942277819265 0.9999992567007929 -0.00035977331879458174 0.0002886966058284406 0.00036022608590108307 0.9999997868899976 0.018531157141566723 0.150444615225112 -0.3031613717228936
FixedParameters: 0 0 0
#Transform 204
Transform: MatrixOffsetTransformBase_double_3_3
Parameters: 0.9999995515799328 0.0009272185900905284 -0.0007677188987020078 -0.0009301566422776189 0.9999909597044497 -0.004277278748886504 0.0007632327482531279 0.0042777294041533576 0.9999909976479069 0.015333224935815792 0.24007432028763276 -0.4412749659857056
FixedParameters: 0 0 0
#Transform 205
Transform: MatrixOffsetTransformBase_double_3_3
Parameters: 0.999999831532899 0.0009058475781726791 -0.0005897166771761742 -0.0009085248508652608 0.9999868158000105 -0.005144333270203499 0.0005858269192731029 0.005144667121130528 0.9999860836050065 0.016899839873047995 0.19662942407518358 -0.4287434613405168
FixedParameters: 0 0 0
#Transform 206
Transform: MatrixOffsetTransformBase_double_3_3
Parameters: 1.0000000235823348 0.0008070924239826022 -0.0005697187367099084 -0.0008100915620328237 0.9999879301283122 -0.004838541296733279 0.0005662245788989712 0.004839459825819653 0.9999882613208643 0.021556737872415965 0.12581558915148605 -0.2994368540083343
FixedParameters: 0 0 0
#Transform 207
Transform: MatrixOffsetTransformBase_double_3_3
Parameters: 1.000000085704618 0.0008807512409427304 -0.000371945279651777 -0.0008828612445771897 0.9999874441273807 -0.004888657687195791 0.00036753510900838966 0.004888338645135007 0.9999878464341745 0.02015994145831712 0.2067623025854175 -0.45403304881840967
FixedParameters: 0 0 0
#Transform 208
Transform: MatrixOffsetTransformBase_double_3_3
Parameters: 0.9999990522003075 0.0008848015699230018 -0.000406675372702498 -0.0008862263606609583 0.9999877126298274 -0.0048476419968698226 0.00040242081100710887 0.004848358475765688 0.9999883330727369 0.023718953534867637 0.14827270295960204 -0.37315687033872535
FixedParameters: 0 0 0
#Transform 209
Transform: MatrixOffsetTransformBase_double_3_3
Parameters: 0.999999705806656 0.0009159950285315248 -0.0006748001927925131 -0.0009189169775490098 0.9999885578819828 -0.004766371580412071 0.0006705056076560311 0.004766634719475471 0.9999887085774909 0.03311482688272349 0.16041307534425187 -0.32328285883571084
FixedParameters: 0 0 0
#Transform 210
Transform: MatrixOffsetTransformBase_double_3_3
Parameters: 0.9999993176261971 0.0012265770505756504 -0.00042191234930190205 -0.0012287708298409517 0.99998532164579 -0.005317351711455948 0.0004151728900373714 0.005317646796068554 0.9999854439524446 0.02765846299006114 0.24366994544558906 -0.5003728704687305
FixedParameters: 0 0 0
#Transform 211
Transform: MatrixOffsetTransformBase_double_3_3
Parameters: 0.9999986591129125 0.0013304332423420583 -0.0012536348748464466 -0.0013380551950571945 0.9999789082484641 -0.006289421990881561 0.0012448804275540732 0.006290574865109547 0.9999796218356919 0.02310374999852627 0.2433306729563185 -0.5420344953713254
FixedParameters: 0 0 0
#Transform 212
Transform: MatrixOffsetTransformBase_double_3_3
Parameters: 0.9999996664433373 0.0008070306273241352 -0.0008259063178173026 -0.000811615975382821 0.9999841789511158 -0.005504438364555636 0.0008215681212769751 0.005504562056260126 0.9999848879704609 0.015204755946299997 0.1416605924969474 -0.4576595831500896
FixedParameters: 0 0 0
#Transform 213
Transform: MatrixOffsetTransformBase_double_3_3
Parameters: 0.9999999766606151 0.000840236828866078 -0.000562842873843965 -0.0008419881554727967 0.9999974500389731 -0.0022275139711506325 0.0005612013625749364 0.002227488289211127 0.9999976030892841 0.013249101218391957 0.06606495800697587 -0.4278850910209542
FixedParameters: 0 0 0
#Transform 214
Transform: MatrixOffsetTransformBase_double_3_3
Parameters: 0.999999275600631 0.0008148863526135896 0.0002445677439893907 -0.0008148875538045075 0.9999970364729669 -0.0025070818185017746 -0.00024678822077432353 0.002506919957065201 0.999996669003341 0.00542376962015112 0.16164509592189802 -0.3626762297219628
FixedParameters: 0 0 0
#Transform 215
Transform: MatrixOffsetTransformBase_double_3_3
Parameters: 0.9999990036176863 0.0009318969974299163 -0.00035821776050815545 -0.0009331576711489874 0.9999918124096374 -0.004052534361764865 0.00035387813190940415 0.004052465820533868 0.9999913455519603 0.00992447828882348 0.20714397782906246 -0.43230699576871956
FixedParameters: 0 0 0
#Transform 216
Transform: MatrixOffsetTransformBase_double_3_3
Parameters: 0.99999949099742 0.0006306654530406555 -0.00033349853338724745 -0.0006322635069623057 0.9999881639274966 -0.004853776855693326 0.00033058741582644123 0.004853225079443024 0.9999882138528264 0.015518540795937952 0.25914712809529306 -0.4073684072250572
FixedParameters: 0 0 0
#Transform 217
Transform: MatrixOffsetTransformBase_double_3_3
Parameters: 0.9999993727940817 0.0007824380265593942 -0.00012207879759452186 -0.0007829382653929666 0.9999908396092894 -0.00418890631005471 0.00011961257484437961 0.004189095487725614 0.999991437575756 0.015275291359003518 0.1823104013740391 -0.32162133235192414
FixedParameters: 0 0 0
#Transform 218
Transform: MatrixOffsetTransformBase_double_3_3
Parameters: 0.9999991040533235 0.0009400025448330645 -0.0001102720755942063 -0.000940646528392323 0.9999883482020884 -0.00478276317882699 0.00010636174449622282 0.004782234294569754 0.9999880109793472 0.006257172858241233 0.2512014623907106 -0.43264651401971577
FixedParameters: 0 0 0
#Transform 219
Transform: MatrixOffsetTransformBase_double_3_3
Parameters: 0.9999998517375787 0.0009971266252326255 -0.00039344580399072954 -0.0009982641799314695 0.9999883912959461 -0.004648609030336814 0.00038850061352339383 0.004649389186448666 0.9999892338019472 0.026391884976760593 0.17389949108080316 -0.27359913062978336
FixedParameters: 0 0 0
#Transform 220
Transform: MatrixOffsetTransformBase_double_3_3
Parameters: 0.9999997270708917 0.0010549741384571715 -0.0003991974885378716 -0.001057588551864765 0.9999865664894472 -0.005043566214992065 0.00039374676494246283 0.00504343266933531 0.9999872864629117 0.017463630647426953 0.21702205436652378 -0.47543896433257515
FixedParameters: 0 0 0
#Transform 221
Transform: MatrixOffsetTransformBase_double_3_3
Parameters: 0.9999997728412316 0.00104975132134611 -0.0003532850998159586 -0.0010517595051704027 0.9999875088855528 -0.00483563138863366 0.00034832618944123417 0.0048363686248336785 0.9999884898758257 0.006627709253308467 0.1792150253386069 -0.4660825246165956
FixedParameters: 0 0 0
#Transform 222
Transform: MatrixOffsetTransformBase_double_3_3
Parameters: 1.0000001159198038 0.0005500458705994304 -0.0007624017644950446 -0.0005538474038606247 0.9999903776596719 -0.004295684932405175 0.0007600058936883971 0.004295315564396107 0.9999908354392976 0.004436392086773822 0.07369885222355776 -0.4140355012609689
FixedParameters: 0 0 0
#Transform 223
Transform: MatrixOffsetTransformBase_double_3_3
Parameters: 0.9999989876368461 0.0008564112341163802 -0.0005280039435667296 -0.0008593371326013026 0.9999866588956584 -0.005157553455837946 0.000523485482942078 0.005158455518799732 0.9999871183997786 0.010457082015037145 0.17757483234109372 -0.4262483542751596
FixedParameters: 0 0 0
#Transform 224
Transform: MatrixOffsetTransformBase_double_3_3
Parameters: 0.9999998644705668 0.0008369359724814098 -0.0006595968822133048 -0.0008401943869424331 0.9999894485027113 -0.004468431518047558 0.0006554412652251455 0.0044685631443566465 0.9999894807965675 0.016885330085983696 0.14747121590727374 -0.3923662512307686
FixedParameters: 0 0 0
#Transform 225
Transform: MatrixOffsetTransformBase_double_3_3
Parameters: 0.9999990252198379 0.0006840332529935841 -0.0007115491425361642 -0.0006875562762872046 0.9999898557157627 -0.004322631379076014 0.0007089584128919322 0.004323367035896572 0.9999907926694542 0.013823868743017442 0.16642720743388395 -0.4175370860851473
FixedParameters: 0 0 0
#Transform 226
Transform: MatrixOffsetTransformBase_double_3_3
Parameters: 0.9999992994181272 0.0010908449944952885 -0.000713874134035353 -0.0010957790016834954 0.9999826613445723 -0.005756222677501435 0.0007077227184964881 0.0057577769536051315 0.9999833514005964 0.01675444814371474 0.25068684683614606 -0.5083581893003242
FixedParameters: 0 0 0
#Transform 227
Transform: MatrixOffsetTransformBase_double_3_3
Parameters: 0.9999990051875316 0.0008627870651824432 -0.0005004067512420673 -0.0008645859759811386 0.9999898273112136 -0.004306550566242129 0.0004972992252539449 0.004306441149540471 0.9999900858467349 0.012564632478273552 0.17316192559292176 -0.4090882781507901
FixedParameters: 0 0 0
#Transform 228
Transform: MatrixOffsetTransformBase_double_3_3
Parameters: 0.9999993437351362 0.0007866186186369823 -0.00019339395264617905 -0.0007877496353215212 0.9999892612249307 -0.004608836726879478 0.0001892368358391122 0.004608166804058067 0.999989605717254 0.030979727808912116 0.2221774568647703 -0.3958232416294081
FixedParameters: 0 0 0
#Transform 229
Transform: MatrixOffsetTransformBase_double_3_3
Parameters: 0.9999999824457757 0.0009820834430477343 0.00022915499497961028 -0.0009814818272263742 0.9999889745798822 -0.004479224631567788 -0.00023409896484055253 0.004478769823893697 0.9999898847973385 0.027822625421435987 0.20457795380761468 -0.2976567802162293
FixedParameters: 0 0 0
#Transform 230
Transform: MatrixOffsetTransformBase_double_3_3
Parameters: 0.9999998020690095 0.0010461021740135112 -0.0003199938935293513 -0.0010484746690533541 0.9999900066861566 -0.00434666928719088 0.00031597264657662175 0.004347335340750394 0.9999910023550237 0.015067054427461812 0.20818797987537607 -0.41392489765788554
FixedParameters: 0 0 0
#Transform 231
Transform: MatrixOffsetTransformBase_double_3_3
Parameters: 0.9999990667729798 0.0008002637952821825 -0.0011374343163304175 -0.0008051425301392552 0.9999869672341671 -0.005050072251244181 0.0011331453831937407 0.005050923739761973 0.9999860841088523 0.006281409499749202 0.2650418058036905 -0.4803740526134632
FixedParameters: 0 0 0
#Transform 232
Transform: MatrixOffsetTransformBase_double_3_3
Parameters: 0.9999991590905918 0.0007857168312668803 -0.00047257140459746504 -0.0007886906680046674 0.9999874778647041 -0.004888627759231545 0.0004680926130053832 0.0048893682700495295 0.9999878763075504 0.013471797512650596 0.1635926118455302 -0.4516717612287735
FixedParameters: 0 0 0
#Transform 233
Transform: MatrixOffsetTransformBase_double_3_3
Parameters: 0.9999996488148287 0.0008275756792091522 -0.000816492119872779 -0.0008293393866916642 0.9999958125587463 -0.0027603094633383424 0.0008142641200220458 0.002760689348673684 0.9999955955046866 0.016713798247749878 0.04956023415229538 -0.4479657676500466
FixedParameters: 0 0 0
#Transform 234
Transform: MatrixOffsetTransformBase_double_3_3
Parameters: 0.9999989429610106 0.0007912853557679709 -0.0006568872911693113 -0.0007935806406730579 0.9999890499073666 -0.004507477249811986 0.0006532014917239569 0.00450851542129109 0.999989248741669 0.011429949028155306 0.1610154351347859 -0.40641728480418493
FixedParameters: 0 0 0
#Transform 235
Transform: MatrixOffsetTransformBase_double_3_3
Parameters: 0.9999998623037164 0.0010376463227889734 -0.00024600934016312406 -0.001039028483248831 0.9999919750250396 -0.0038817335780674117 0.00024203985815551702 0.0038812692128151055 0.9999927550614547 0.006169620965124523 0.14213056251374212 -0.42412411761768
FixedParameters: 0 0 0
#Transform 236
Transform: MatrixOffsetTransformBase_double_3_3
Parameters: 0.9999992789865154 0.0006029601938525254 -0.00059852723137557 -0.0006051707415918552 0.9999878544577677 -0.004977643853755612 0.000594979167989776 0.004978364823661444 0.999987863201881 0.006631593014418513 0.1951166995412308 -0.4203589497712983
FixedParameters: 0 0 0
#Transform 237
Transform: MatrixOffsetTransformBase_double_3_3
Parameters: 0.9999993977491889 0.00047100555980049733 -0.0006163269370571347 -0.00047377777738822176 0.9999934381843989 -0.0036686955502757274 0.0006150867779967933 0.0036683061340977707 0.9999930436797201 0.005848247055254774 0.17237428685793077 -0.4052851278621219
FixedParameters: 0 0 0
#Transform 238
Transform: MatrixOffsetTransformBase_double_3_3
Parameters: 0.999999116443518 0.000708292638022715 -0.0011756210215995565 -0.0007149773788720515 0.9999836423397376 -0.005655270026544548 0.0011713908756792021 0.005655730599758393 0.9999835041982109 -0.0009282016790450598 0.2777550111562732 -0.5173487781148438
FixedParameters: 0 0 0
#Transform 239
Transform: MatrixOffsetTransformBase_double_3_3
Parameters: 0.9999997641151 0.0006406010143741139 -0.0009084215660960886 -0.0006455971650636775 0.9999855704054109 -0.005292413435516799 0.0009051926277315961 0.005293579787557054 0.9999851616380442 0.003055366258152503 0.2057081129558611 -0.4375887893964574
FixedParameters: 0 0 0
