#Insight Transform File V1.0
#Transform 0
Transform: MatrixOffsetTransformBase_double_3_3
Parameters: 0.9999991128592843 0.0009198580275876455 -0.00020403459044511762 -0.0009187247848137195 0.99999751821591 0.0021773217120962807 0.00020605259164645465 -0.002177677326118066 0.9999971116199193 0.006683028656780721 -0.0903876317008212 -0.5289384261511216
FixedParameters: 0 0 0
#Transform 1
Transform: MatrixOffsetTransformBase_double_3_3
Parameters: 0.9999987759406775 0.0013451049299057283 -0.0006439285297135006 -0.001343506166112726 0.9999960651396044 0.0024970007359618185 0.0006474221104719778 -0.0024959973673154556 0.9999962457551438 0.018018399920066486 -0.09515428596114361 -0.5137897926223403
FixedParameters: 0 0 0
#Transform 2
Transform: MatrixOffsetTransformBase_double_3_3
Parameters: 0.999999070332706 0.0009362078411230968 -0.00023014021901559493 -0.0009359066519268459 0.9999970514812875 0.0022782316622737137 0.00023230018498740922 -0.0022787699302454223 0.9999976357075434 0.03702551161788392 -0.10464505945154201 -0.5153420799644195
FixedParameters: 0 0 0
#Transform 3
Transform: MatrixOffsetTransformBase_double_3_3
Parameters: 0.999999332454213 0.0012156408870948835 -0.00043629197344629704 -0.0012141301627396491 0.9999965168923889 0.0024486514459638314 0.00043914165065758005 -0.0024473493623957815 0.9999968301292306 0.03662706071355615 -0.08287664965045849 -0.49415390933145886
FixedParameters: 0 0 0
#Transform 4
Transform: MatrixOffsetTransformBase_double_3_3
Parameters: 0.9999991954640233 0.0012203364861666816 -0.0005616914319537197 -0.0012218706502496776 0.9999956528652927 -0.0028211829151445628 0.0005580192697170315 0.0028218176056036964 0.9999956208340847 0.01688373341576721 0.01086978411177597 -0.672378854783922
FixedParameters: 0 0 0
#Transform 5
Transform: MatrixOffsetTransformBase_double_3_3
Parameters: 0.9999983758074285 0.001254039696972114 -0.001025945840626431 -0.001256212358184385 0.9999955717521581 -0.002822702483070788 0.001022316937215195 0.0028243021882362745 0.9999958596955517 0.01572836119125043 0.012291646237372333 -0.6990491197926829
FixedParameters: 0 0 0
#Transform 6
Transform: MatrixOffsetTransformBase_double_3_3
Parameters: 0.999999468153545 0.0012111621639425423 0.0002550304263008193 -0.0012111492687241422 0.9999994505490527 -0.000261189856201563 -0.00025466989769454013 0.0002608110636138916 0.9999998813621959 0.017041120134294374 -0.22944403831809268 -0.5902654471798883
FixedParameters: 0 0 0
#Transform 7
Transform: MatrixOffsetTransformBase_double_3_3
Parameters: 0.9999993496649278 0.0012842713455664435 0.000011768250791100804 -0.0012849563635031537 0.9999952741371523 0.0026599873346368486 -0.000008032501979623444 -0.00266001277731083 0.9999969242969217 0.038794777631835586 -0.12590780994803197 -0.5773916956670035
FixedParameters: 0 0 0
#Transform 8
Transform: MatrixOffsetTransformBase_double_3_3
Parameters: 0.9999997137864728 0.0010166868097962307 -0.0005025260392637831 -0.0010151511853375747 0.9999941396459237 0.003135510675506964 0.0005056773188810189 -0.0031344864258088523 0.9999949176452092 0.027081946749021313 -0.1344924585174141 -0.52635049705178
FixedParameters: 0 0 0
#Transform 9
Transform: MatrixOffsetTransformBase_double_3_3
Parameters: 0.9999995995352484 0.0005973060810681393 -0.00020902162077666352 -0.0005975018791606941 0.9999994231492143 -0.000468875005531319 0.00020846125372995502 0.0004691244125085009 0.9999997364643067 0.02520227934358843 -0.10352228691802168 -0.6112044793241296
FixedParameters: 0 0 0
#Transform 10
Transform: MatrixOffsetTransformBase_double_3_3
Parameters: 0.999999491109887 0.0011978051142681305 -0.000272912558074207 -0.001197916701895477 0.9999980289555433 -0.0015875545644850053 0.0002712137961769929 0.0015884448892140302 0.9999984186623083 0.03636672908972116 -0.010012618997706113 -0.612546280991559
FixedParameters: 0 0 0
#Transform 11
Transform: MatrixOffsetTransformBase_double_3_3
Parameters: 0.9999993791455926 0.0011465233271315712 -0.0005532078282549476 -0.001147769199491536 0.999997529033926 -0.0018093519236351135 0.0005511619489954166 0.0018096476678202966 0.9999983015239519 0.036924666747680135 0.008000520570519143 -0.6143460810903321
FixedParameters: 0 0 0
#Transform 12
Transform: MatrixOffsetTransformBase_double_3_3
Parameters: 0.9999985383642468 0.0014094508038315042 -0.0006895978436203629 -0.001409551961221582 0.9999986334303567 -0.0007060146021377334 0.0006887191052073519 0.0007069862102780239 0.9999999066481946 0.038153556672639866 -0.13142907848518348 -0.6557694496028432
FixedParameters: 0 0 0
#Transform 13
Transform: MatrixOffsetTransformBase_double_3_3
Parameters: 0.999999316111936 0.0011520337827867692 -0.00059753519573876 -0.001152950843898736 0.999998525098344 -0.001500178493189383 0.0005951894540797223 0.0015008205027066956 0.9999982880104108 0.04434050466943518 -0.018285128382217408 -0.6189893170387251
FixedParameters: 0 0 0
#Transform 14
Transform: MatrixOffsetTransformBase_double_3_3
Parameters: 0.9999993855898817 0.001146505830199891 -0.0005470408550253554 -0.0011474579879064354 0.9999991053134617 -0.000760373373781903 0.0005462879006184866 0.0007616274046608612 1.0000001220336694 0.05006385076214315 -0.15180275577326086 -0.6565479760159931
FixedParameters: 0 0 0
#Transform 15
Transform: MatrixOffsetTransformBase_double_3_3
Parameters: 0.9999995186194316 0.001133773300106832 -0.0004420006483445559 -0.0011347220034882404 0.9999989519695092 -0.0009384850690721813 0.0004408644178550637 0.000938515324144365 0.9999998050841754 0.05304157890731176 -0.18599478123144308 -0.6047479160847118
FixedParameters: 0 0 0
#Transform 16
Transform: MatrixOffsetTransformBase_double_3_3
Parameters: 0.999998595220212 0.001326590020011466 -0.0008034095537016098 -0.001327424459424689 0.9999977742617892 -0.0016069213754328349 0.0008013690028766871 0.0016080797994450502 0.999998652837626 0.04105691656417321 -0.09274132612414121 -0.7661066252126716
FixedParameters: 0 0 0
#Transform 17
Transform: MatrixOffsetTransformBase_double_3_3
Parameters: 0.999998864025087 0.0013580402300158306 -0.0005399870401559185 -0.0013583191911206698 0.9999983616354602 -0.0009552531298116923 0.0005394972028301198 0.0009557481316287975 0.9999996764266986 0.044456662615814935 -0.197807706047314 -0.6876350178291375
FixedParameters: 0 0 0
#Transform 18
Transform: MatrixOffsetTransformBase_double_3_3
Parameters: 0.9999991643058206 0.0012057098339631012 -0.0006180272847258546 -0.0012061514118552798 0.9999995227602793 -0.00035712117708293356 0.0006171650405030591 0.00035787813401569335 0.9999993859333832 0.04594890495681625 -0.22490162971729433 -0.6555079776075132
FixedParameters: 0 0 0
#Transform 19
Transform: MatrixOffsetTransformBase_double_3_3
Parameters: 0.9999984140391674 0.0014249514021701082 -0.0007455777239414561 -0.0014256150204895706 0.9999980238424395 -0.0010309236236153846 0.0007437502510078402 0.0010320752085248436 0.9999992622115977 0.037983814238629066 -0.13836124522386228 -0.6470234549012304
FixedParameters: 0 0 0
#Transform 20
Transform: MatrixOffsetTransformBase_double_3_3
Parameters: 0.9999991918340871 0.0010039076788272226 -0.0008944818458864209 -0.001005396124168812 0.9999977181953693 -0.001808102005048412 0.0008930727960342357 0.0018098978811573185 0.9999979286690253 0.05412460774697081 -0.007345253994159862 -0.6202591132237956
FixedParameters: 0 0 0
#Transform 21
Transform: MatrixOffsetTransformBase_double_3_3
Parameters: 0.9999991352915953 0.0012362313741702748 -0.0005804080077140663 -0.0012360810933460707 0.9999992036797793 -0.0006222691391217783 0.000579981881751616 0.0006227324288688163 1.0000001565982264 0.04377027292403568 -0.14016598208189635 -0.6707496915452822
FixedParameters: 0 0 0
#Transform 22
Transform: MatrixOffsetTransformBase_double_3_3
Parameters: 1.000000019061674 0.0009362240885053915 -0.0003224769529421817 -0.0009367900002276102 0.9999997496195332 -0.0006915645675976967 0.00032217451798060757 0.0006914356884544365 0.9999993130972875 0.042016451907059604 -0.10579819312593486 -0.629512037017598
FixedParameters: 0 0 0
#Transform 23
Transform: MatrixOffsetTransformBase_double_3_3
Parameters: 0.9999982703454501 0.0013028420095557679 -0.0010154308715676955 -0.0013048525768696662 0.9999985655668852 -0.0013606634992168049 0.001013986137456065 0.0013623384213495848 0.9999989974074408 0.05684424289223955 -0.10273229346181267 -0.6970353699586838
FixedParameters: 0 0 0
#Transform 24
Transform: MatrixOffsetTransformBase_double_3_3
Parameters: 0.9999987311646897 0.0012696089360741975 -0.000810767179191764 -0.0012712309315225264 0.9999971768155719 -0.0020799583699314533 0.0008077067352298965 0.0020810433846031595 0.9999978973708464 0.05838598471743239 -0.026535051078681704 -0.6612796317092915
FixedParameters: 0 0 0
#Transform 25
Transform: MatrixOffsetTransformBase_double_3_3
Parameters: 0.9999986657505971 0.0014210743176469023 -0.0005616147244752177 -0.0014212622189600274 0.9999982055777156 -0.0009451884096725316 0.0005600401817243017 0.0009458113387571104 0.999999672231354 0.043755755590780154 -0.2269435199521297 -0.6395407619242803
FixedParameters: 0 0 0
#Transform 26
Transform: MatrixOffsetTransformBase_double_3_3
Parameters: 0.999999359380306 0.0010867776569710669 -0.0006780322559716263 -0.0010868336800475846 0.9999993496301465 -0.000684264139166682 0.0006776562217467274 0.0006857375113455966 1.0000000712990906 0.04748945155759543 -0.12824369981969141 -0.65608021622878
FixedParameters: 0 0 0
#Transform 27
Transform: MatrixOffsetTransformBase_double_3_3
Parameters: 0.999998775376145 0.0013454362410584358 -0.000644113106110573 -0.001345672385888361 0.9999985665689349 -0.0008611198842579798 0.0006429076033145475 0.0008618805089301435 0.99999972444138 0.06249827492605675 -0.17628074802891547 -0.6489095687552435
FixedParameters: 0 0 0
#Transform 28
Transform: MatrixOffsetTransformBase_double_3_3
Parameters: 0.9999995994723289 0.001142838273526097 -0.0003066062650281051 -0.0011433392539726653 0.9999994119223414 -0.0006215161263523755 0.00030617815873383786 0.0006214839936681815 0.9999994150252369 0.05133923201503876 -0.10559866717117927 -0.6530262945279119
FixedParameters: 0 0 0
#Transform 29
Transform: MatrixOffsetTransformBase_double_3_3
Parameters: 0.9999984682356207 0.0014331683318114154 -0.0006912238829921412 -0.0014335752101484404 0.9999989635482075 -0.0002938756464703346 0.0006903796223664773 0.0002951234002363107 0.9999993312271938 0.06035277684270568 -0.1783504731485266 -0.6550737336329533
FixedParameters: 0 0 0
#Transform 30
Transform: MatrixOffsetTransformBase_double_3_3
Parameters: 0.9999986741166494 0.0013545275803946775 -0.0007010979924159173 -0.0013544882665135847 0.9999989167125171 -0.0005939170541930383 0.0007006003706730033 0.0005950830681028668 0.9999990505433611 0.05849878795065422 -0.09510026286712048 -0.6587667686637673
FixedParameters: 0 0 0
#Transform 31
Transform: MatrixOffsetTransformBase_double_3_3
Parameters: 0.9999992703294114 0.0012927226047584053 -0.0002426439138853984 -0.0012917485816333583 0.9999940945651926 0.0030393157554492733 0.0002464069726405467 -0.003038683789970062 0.9999957046733262 0.05657877397896982 -0.12337585975281229 -0.5001832178087966
FixedParameters: 0 0 0
#Transform 32
Transform: MatrixOffsetTransformBase_double_3_3
Parameters: 0.9999982178338369 0.0013298583898411077 -0.0010062429875857457 -0.0013319883532654988 0.9999982929873692 -0.001432648048659363 0.001004532871681947 0.0014343531103980373 0.9999988149954141 0.053256178840698 0.02551989133503696 -0.6655241582970035
FixedParameters: 0 0 0
#Transform 33
Transform: MatrixOffsetTransformBase_double_3_3
Parameters: 0.9999995247326594 0.0009830686382684692 -0.0007139570090367325 -0.000983498384611281 0.9999991574168485 -0.0009972843932597036 0.000712115490684598 0.0009977154945430278 0.9999993773021976 0.04922191498479833 -0.12543784896602972 -0.6208418026231328
FixedParameters: 0 0 0
#Transform 34
Transform: MatrixOffsetTransformBase_double_3_3
Parameters: 0.9999991864011767 0.001158463740073132 -0.0006874798009507662 -0.0011583384179182387 0.9999993785831902 -0.0006311902435653105 0.0006861368720675573 0.0006318103091831895 1.0000000102329636 0.05412194958641692 -0.15614597869702607 -0.6508701153805632
FixedParameters: 0 0 0
#Transform 35
Transform: MatrixOffsetTransformBase_double_3_3
Parameters: 0.9999993137736707 0.0012897824776006077 -0.0001546882457051815 -0.0012884392042099913 0.9999958226322753 0.002760336811455419 0.00015783440694378076 -0.0027606665397779256 0.9999962503765212 0.06596767203915022 -0.09867062847739305 -0.5231902360872169
FixedParameters: 0 0 0
#Transform 36
Transform: MatrixOffsetTransformBase_double_3_3
Parameters: 0.999999367156928 0.0012324322349786794 -0.0003376651460657308 -0.0012311016138376026 0.9999916394469521 0.003993553596500776 0.000342299243036598 -0.003993448644398753 0.999991831476508 0.06759042153828432 -0.1240950355173851 -0.49893586679802837
FixedParameters: 0 0 0
#Transform 37
Transform: MatrixOffsetTransformBase_double_3_3
Parameters: 0.9999981805980139 0.0014155743774921354 -0.0009037948744171494 -0.001415016206723471 0.9999990583644022 -0.000239707148220053 0.0009032342486310727 0.00024129349682414092 1.0000000065529575 0.0646313349773493 -0.07553303920036569 -0.6604850403902347
FixedParameters: 0 0 0
#Transform 38
Transform: MatrixOffsetTransformBase_double_3_3
Parameters: 0.99999941828514 0.0007418525278930702 -0.00017786244021074802 -0.0007415824285885623 0.9999992717692793 0.0004221318241845462 0.00017749569029806424 -0.00042186824954651425 0.9999997903478297 0.06447035192253736 -0.17737645671067526 -0.6144534967208486
FixedParameters: 0 0 0
#Transform 39
Transform: MatrixOffsetTransformBase_double_3_3
Parameters: 0.9999991353637634 0.0009165235835062555 -0.00015690765377945312 -0.0009164811835548954 0.9999991417971332 0.000135143800447865 0.00015715510602568354 -0.00013485596118245624 0.9999999571166626 0.07032641517137961 -0.14984794878364482 -0.6614444910707107
FixedParameters: 0 0 0
#Transform 40
Transform: MatrixOffsetTransformBase_double_3_3
Parameters: 0.9999982743666154 0.0016500601288145064 0.00006141009617422892 -0.0016497479088760387 0.9999921250632705 0.0034840209543495204 -0.000055870071817954163 -0.0034839759277756066 0.9999938727120756 0.09317490732483691 -0.1376729291364427 -0.5522603753787223
FixedParameters: 0 0 0
#Transform 41
Transform: MatrixOffsetTransformBase_double_3_3
Parameters: 1.0000001352644738 0.000917054408637832 -0.00015378415031911468 -0.0009165853135296454 0.9999935991864163 0.003542261828456461 0.0001571805100068502 -0.0035417382022657345 0.9999934444657349 0.08732771924803728 -0.10553436163914398 -0.518818476531365
FixedParameters: 0 0 0
#Transform 42
Transform: MatrixOffsetTransformBase_double_3_3
Parameters: 0.9999992432967281 0.0012802931735415395 0.00034342613761449454 -0.001281362756381433 0.9999909793854559 0.00390654839765113 -0.00033826263878653157 -0.003906450399555547 0.9999927423022589 0.09682269883573724 -0.07666994474418232 -0.5665711086757241
FixedParameters: 0 0 0
#Transform 43
Transform: MatrixOffsetTransformBase_double_3_3
Parameters: 0.9999987187568029 0.0013552156245149132 -0.0006664405990750509 -0.001353935203263335 0.9999952751675382 0.002828038857363449 0.0006697692965660753 -0.002826961462745567 0.9999954540349199 0.08445152006147794 -0.11057020153951669 -0.5853964021800522
FixedParameters: 0 0 0
#Transform 44
Transform: MatrixOffsetTransformBase_double_3_3
Parameters: 0.999997944388208 0.0003944973645860417 -0.0017029322675176162 -0.00039438836914975614 0.9999998578232603 0.000032552383139553 0.0017029575119652323 -0.00003144748522782015 0.9999980845169859 0.08304330023138107 -0.10162056879649128 -0.6344947312610287
FixedParameters: 0 0 0
#Transform 45
Transform: MatrixOffsetTransformBase_double_3_3
Parameters: 0.9999985412625035 0.0015572323926929582 -0.00018374606400035632 -0.0015573516789589806 0.9999985737240114 -0.0003255804337715801 0.0001827322611829405 0.0003254185476122412 0.9999997556382917 0.09499963046096127 -0.12480188599822384 -0.6814280291349206
FixedParameters: 0 0 0
#Transform 46
Transform: MatrixOffsetTransformBase_double_3_3
Parameters: 0.9999983897947616 0.0014270999606737572 -0.0007573560055017439 -0.001427464079667405 0.9999990098585825 -0.00023978542687069782 0.0007566694782517847 0.0002412137707999834 0.9999992642559423 0.08913979618849055 -0.18287685638350126 -0.6482424712372747
FixedParameters: 0 0 0
#Transform 47
Transform: MatrixOffsetTransformBase_double_3_3
Parameters: 0.9999980071090029 0.0015109989568838041 -0.0008421017791213111 -0.0015120868361802626 0.9999986243295639 -0.0010925949394251094 0.0008409016764168394 0.0010944062770294055 0.9999989912911398 0.08929955990224414 -0.0998118031011046 -0.7846548382050145
FixedParameters: 0 0 0
#Transform 48
Transform: MatrixOffsetTransformBase_double_3_3
Parameters: 0.9999998455175235 0.000956926506145843 -0.0004892604808123881 -0.0009564537182984318 1.0000000596172742 0.0003606019676680866 0.0004889574938175577 -0.00036039871824718184 0.9999995259796977 0.09687286687587005 -0.24814699319738054 -0.6535164250392427
FixedParameters: 0 0 0
#Transform 49
Transform: MatrixOffsetTransformBase_double_3_3
Parameters: 0.9999988862693449 0.0012787104668436982 -0.0006912235600424679 -0.0012798053438814157 0.999998985037093 -0.000705101994457169 0.0006904112788953454 0.0007058983297683896 0.9999999057710314 0.08840181242990752 -0.17544878433831457 -0.6602660603155428
FixedParameters: 0 0 0
#Transform 50
Transform: MatrixOffsetTransformBase_double_3_3
Parameters: 0.9999993164905215 0.0012918141564255139 0.00012193771573578254 -0.0012920483161674246 0.9999944598716194 0.002975962141169311 -0.00011821915787854294 -0.0029760338801255587 0.9999951434323009 0.08896783697248623 -0.12070243781236911 -0.5687455686874472
FixedParameters: 0 0 0
#Transform 51
Transform: MatrixOffsetTransformBase_double_3_3
Parameters: 0.9999989682585659 0.0013924166089123067 -0.00030625346995397627 -0.0013921411384458402 0.9999982253212512 -0.0009775602392139426 0.0003046444511507357 0.0009774396467090718 0.9999998319238824 0.07458558781956981 -0.16152788623571723 -0.6514866452666865
FixedParameters: 0 0 0
#Transform 52
Transform: MatrixOffsetTransformBase_double_3_3
Parameters: 0.9999993429962063 0.0009944629314920792 -0.0008172929629112517 -0.0009961014340173606 0.9999978334211528 -0.002072174991837039 0.0008153932974315609 0.0020728288460159783 0.9999979190421864 0.07468600109251611 0.014076830060730572 -0.682148818487903
FixedParameters: 0 0 0
#Transform 53
Transform: MatrixOffsetTransformBase_double_3_3
Parameters: 0.9999997223135396 0.0010905782654796053 -0.000297197612065621 -0.0010906142162116985 0.9999999117747184 -0.0000605422329539862 0.0002970656460096339 0.000060457733003449476 0.9999998032185552 0.07039207934923297 -0.1981194269758646 -0.617175762842308
FixedParameters: 0 0 0
#Transform 54
Transform: MatrixOffsetTransformBase_double_3_3
Parameters: 0.9999991093981788 0.0009218186636186146 -0.00020211921046396544 -0.0009219997935728917 0.9999999340511261 -0.00044869473718470165 0.00020129133256735187 0.00044930518001833064 0.9999997721450946 0.06887859750499103 -0.07950205375227881 -0.6748777237147792
FixedParameters: 0 0 0
#Transform 55
Transform: MatrixOffsetTransformBase_double_3_3
Parameters: 0.9999986647547191 0.0015272491177744669 -0.00005170168446374959 -0.001527070298764151 0.9999908042015178 0.004103322263343798 0.00005815693026361848 -0.0041026774311745395 0.9999911911755263 0.08208934866630102 -0.10641354368675593 -0.549577365206666
FixedParameters: 0 0 0
#Transform 56
Transform: MatrixOffsetTransformBase_double_3_3
Parameters: 0.999998197272779 0.001642222097888542 -0.0003236246446523997 -0.0016419117185108678 0.9999946605392289 0.002783668545798354 0.00032855474870429723 -0.0027833302279045707 0.9999960409514641 0.09427064957718301 -0.09481045100899621 -0.6045250825797055
FixedParameters: 0 0 0
#Transform 57
Transform: MatrixOffsetTransformBase_double_3_3
Parameters: 0.999998763990113 0.0006431850556754302 -0.0016799803325448742 -0.000647612265350424 0.9999965360943565 -0.00246415529645673 0.0016782718117323192 0.002465845651159565 0.9999960754154882 0.07721175335215946 0.03801659203696772 -0.7637577501530899
FixedParameters: 0 0 0
#Transform 58
Transform: MatrixOffsetTransformBase_double_3_3
Parameters: 0.9999985989763674 0.0014248979472967437 -0.0006093057197917365 -0.0014250011021323117 0.9999984463834997 -0.0008011183926112525 0.0006081344124186333 0.000801882051770994 0.9999998677871866 0.09188733074506672 -0.23490077363238981 -0.6684636496782872
FixedParameters: 0 0 0
#Transform 59
Transform: MatrixOffsetTransformBase_double_3_3
Parameters: 0.9999992274817252 0.000786799534237736 -0.0010737582405766692 -0.0007875879332107626 0.9999999012931663 -0.000773140971609923 0.0010736533434669022 0.0007738602677348078 0.9999991295826466 0.09692974118247832 -0.26375976671444334 -0.631430900931683
FixedParameters: 0 0 0
#Transform 60
Transform: MatrixOffsetTransformBase_double_3_3
Parameters: 0.9999991596786775 0.0008587531080659793 0.00032106085941317503 -0.0008585618935303269 1.0000000130512734 -0.00048515675447655116 -0.0003209010042854113 0.00048484406324443563 0.9999996761769783 0.10817168161896973 -0.17061926755148704 -0.611018764570062
FixedParameters: 0 0 0
#Transform 61
Transform: MatrixOffsetTransformBase_double_3_3
Parameters: 0.9999991681185165 0.0012672319859921074 -0.0004755076244320174 -0.0012657972390378914 0.9999940318474854 0.003079617917463723 0.0004790968007441733 -0.0030793800340595257 0.9999951695834272 0.10108283868139267 -0.14083139204601025 -0.5659725188767979
FixedParameters: 0 0 0
#Transform 62
Transform: MatrixOffsetTransformBase_double_3_3
Parameters: 0.9999984845129156 0.0015753505654671057 0.0001838756206143264 -0.0015758403092575278 0.9999933941107572 0.0033328358076869236 -0.00017932921542868804 -0.0033331695459539318 0.9999948725308055 0.09792757546435382 -0.07905984563868174 -0.5479292286257618
FixedParameters: 0 0 0
#Transform 63
Transform: MatrixOffsetTransformBase_double_3_3
Parameters: 0.9999987509329332 0.0013596953633294002 -0.0006336938402222045 -0.0013591541235676637 0.9999991297062423 -0.00035600532289968567 0.0006328447023129564 0.00035699448789869304 0.9999993670422498 0.12125202779449751 -0.09697235653524672 -0.6540439233627282
FixedParameters: 0 0 0
#Transform 64
Transform: MatrixOffsetTransformBase_double_3_3
Parameters: 0.9999982815557389 0.0002947945695892871 -0.0016220546750873156 -0.00029031151151663696 0.9999954693202736 0.0029112368076987527 0.0016231572415922315 -0.0029107644802059685 0.9999948643424028 0.12339698600425208 -0.04536826003672445 -0.557040967639324
FixedParameters: 0 0 0
#Transform 65
Transform: MatrixOffsetTransformBase_double_3_3
Parameters: 0.9999968334515975 0.0006533890777152683 -0.002176878046684375 -0.0006453945738448198 0.9999935458133087 0.0036311910795077534 0.0021796394529839972 -0.0036298101848786235 0.9999909264520784 0.09766835642082583 -0.12321602290202804 -0.5572239363876719
FixedParameters: 0 0 0
#Transform 66
Transform: MatrixOffsetTransformBase_double_3_3
Parameters: 1.000000128494371 0.0009187377687284229 -0.00016626373344864182 -0.000917906668878118 0.9999912718718754 0.004000167027374546 0.0001695200846477774 -0.0040008298101952 0.9999918484997348 0.07578827672033128 -0.09290325817252665 -0.4895831548385061
FixedParameters: 0 0 0
#Transform 67
Transform: MatrixOffsetTransformBase_double_3_3
Parameters: 0.999998979560895 0.0012363975724725498 -0.0007012298886760549 -0.0012335785949046313 0.9999923244763436 0.003777885988206317 0.0007062288220704496 -0.003777118927786191 0.9999931159375584 0.06402101253097214 -0.10046510586101931 -0.6075355231947697
FixedParameters: 0 0 0
#Transform 68
Transform: MatrixOffsetTransformBase_double_3_3
Parameters: 0.9999991204660302 0.0013652740123374701 -0.00012638169358087755 -0.001364484198511922 0.9999903106931043 0.004116191214637799 0.00013154210799256902 -0.004116810320606193 0.9999919184631569 0.07285621818390098 -0.14036658037274208 -0.5779667555406647
FixedParameters: 0 0 0
#Transform 69
Transform: MatrixOffsetTransformBase_double_3_3
Parameters: 0.9999992559867366 0.0010808396237967834 -0.0007588134181344152 -0.001081096795321627 0.999998922044271 -0.00016916521072735113 0.0007584469666180129 0.00016983418831222064 0.9999992764824446 0.0721838296040005 -0.18191564445719166 -0.6786304420767237
FixedParameters: 0 0 0
#Transform 70
Transform: MatrixOffsetTransformBase_double_3_3
Parameters: 0.9999994467861832 0.001235988225448316 -0.00015704611923515746 -0.0012361596487122195 0.9999919262697025 0.0038123151836580854 0.0001612659143536022 -0.0038116832002473844 0.9999924577178918 0.07514371502637118 -0.15498161965221868 -0.5269860869886713
FixedParameters: 0 0 0
#Transform 71
Transform: MatrixOffsetTransformBase_double_3_3
Parameters: 0.9999980522923799 0.0016201813993694872 -0.0005681045326851197 -0.0016206318855404348 0.9999984747830344 -0.001059933167000121 0.0005667749116546433 0.0010600684008220673 0.9999993303056042 0.07860269469740899 -0.16357847459848074 -0.6386066324362787
FixedParameters: 0 0 0
#Transform 72
Transform: MatrixOffsetTransformBase_double_3_3
Parameters: 0.999993968271738 0.0008705931350068317 -0.0033575417776595417 -0.0008619757956276838 0.9999958406169286 0.002596221056357609 0.0033599638238629177 -0.002593775232204526 0.9999906595516482 0.07135513346210587 -0.13192448412617352 -0.444852935145839
FixedParameters: 0 0 0
#Transform 73
Transform: MatrixOffsetTransformBase_double_3_3
Parameters: 0.9999980392673884 0.0018176048954495596 -0.0008107970896434111 -0.0018190924686353096 0.9999962159285838 -0.0019233794468181825 0.0008070186116166471 0.0019246174748230177 0.9999974197788117 0.07852368592872949 -0.20249410437752147 -0.638776430621462
FixedParameters: 0 0 0
#Transform 74
Transform: MatrixOffsetTransformBase_double_3_3
Parameters: 0.9999977901699048 0.0016395830455472906 -0.001233603851278818 -0.0016430228725416022 0.9999954930460696 -0.0024589490830422694 0.0012288672962592708 0.0024610484936449517 0.9999961938987583 0.03433387993320025 -0.11965627192178374 -0.7164056137070176
FixedParameters: 0 0 0
#Transform 75
Transform: MatrixOffsetTransformBase_double_3_3
Parameters: 0.9999976723085964 0.00207713336847679 -0.00011559414344480769 -0.002076623886064881 0.9999920611118834 0.0032734972127422546 0.00012311482994286152 -0.003273495514277136 0.99999417953581 0.08373788853583619 -0.2183908616430159 -0.5592811829292827
FixedParameters: 0 0 0
#Transform 76
Transform: MatrixOffsetTransformBase_double_3_3
Parameters: 0.9999987648997265 0.0013732630825484136 -0.0005903363088337861 -0.0013743320877579004 0.999998584727642 -0.0008041753362076354 0.0005891186193245864 0.0008048245371332918 0.9999998857309216 0.06484737401659402 -0.14663352362821058 -0.6415711574545071
FixedParameters: 0 0 0
#Transform 77
Transform: MatrixOffsetTransformBase_double_3_3
Parameters: 0.9999982558709625 0.0009090364234219376 -0.0017082359169855472 -0.0009114186533030247 0.9999979649292212 -0.0015336697042801634 0.0017067955899210266 0.0015353299664376124 0.9999975815547987 0.09052681029196208 -0.1837038505202031 -0.6515416648733208
FixedParameters: 0 0 0
#Transform 78
Transform: MatrixOffsetTransformBase_double_3_3
Parameters: 0.999999078301432 0.0014143003773545997 -0.0009594260375312511 -0.0014156096493004762 0.9999980808136044 -0.0010746138677679706 0.0009584895298379659 0.001075385366984677 0.9999986862363671 0.08617964693902991 -0.13453578095493413 -0.6451399761593777
FixedParameters: 0 0 0
#Transform 79
Transform: MatrixOffsetTransformBase_double_3_3
Parameters: 0.9999977563397172 0.0017489203422409007 -0.0010889827676144079 -0.0017506402563401485 0.9999961967694773 -0.001994068742833144 0.001085339805175726 0.001995931072625093 0.9999975995043409 0.07880402783379736 -0.16328524322554472 -0.7708683856773533
FixedParameters: 0 0 0
#Transform 80
Transform: MatrixOffsetTransformBase_double_3_3
Parameters: 0.9999984394231691 0.0014602669280207505 -0.001195026353938943 -0.0014618150807512661 0.9999982022519756 -0.0013782271183679778 0.0011932225815652524 0.0013797741848305817 0.9999984338822322 0.07609257899434851 -0.18824487907296827 -0.6995016321292695
FixedParameters: 0 0 0
#Transform 81
Transform: MatrixOffsetTransformBase_double_3_3
Parameters: 0.9999959860884131 0.001201207560655421 -0.0025633855926174426 -0.0012077856302428946 0.9999961926774009 -0.002398226252644159 0.0025603115308770034 0.0024007687527976274 0.9999932781833554 0.0895601699933053 -0.20715471406936103 -0.7336248045181577
FixedParameters: 0 0 0
#Transform 82
Transform: MatrixOffsetTransformBase_double_3_3
Parameters: 0.9999983880418666 0.001556090255845347 -0.00043679682183740004 -0.0015562599076044646 0.9999984466370805 -0.0010562029516244381 0.00043561270902341056 0.0010577991118256164 0.9999997069030253 0.0866960393562124 -0.20778416135297562 -0.6918502244330753
FixedParameters: 0 0 0
#Transform 83
Transform: MatrixOffsetTransformBase_double_3_3
Parameters: 0.9999970993994128 0.0011546226011792755 -0.002137365448332049 -0.001156497222476806 0.9999994818399998 -0.0006697401889284582 0.00213593481935022 0.0006722589162506398 0.9999977170767738 0.0795037146010884 -0.17890070148379777 -0.7063279448008757
FixedParameters: 0 0 0
#Transform 84
Transform: MatrixOffsetTransformBase_double_3_3
Parameters: 0.9999978390793263 0.0017157608384479586 -0.0011035823996674566 -0.0017169524783333147 0.9999972922325946 -0.0017269605451962905 0.001100989337231243 0.0017290406510835077 0.9999975748661776 0.09382340722375204 -0.2163508096470821 -0.7176306702756108
FixedParameters: 0 0 0
#Transform 85
Transform: MatrixOffsetTransformBase_double_3_3
Parameters: 0.999998005714936 0.0019205447831581823 -0.0005532358709691807 -0.001920966924391353 0.9999972844954501 -0.001062805537792505 0.000551256062075226 0.0010641944016462485 0.9999994591523303 0.10069908261037597 -0.18522337804213862 -0.6470950682107954
FixedParameters: 0 0 0
#Transform 86
Transform: MatrixOffsetTransformBase_double_3_3
Parameters: 0.9999969040192552 0.0021543564001082344 -0.0012065629727990065 -0.002154597276627541 0.9999970234376081 -0.0008222396836979201 0.00120524032320043 0.0008247610002975747 0.9999985242745556 0.09356218940953909 -0.1935333290138317 -0.7227872559711628
FixedParameters: 0 0 0
#Transform 87
Transform: MatrixOffsetTransformBase_double_3_3
Parameters: 0.9999884370147277 0.0009322858525752688 -0.004657564523391764 -0.0009549432501419729 0.9999878870206874 -0.004857890636563597 0.004653141149813917 0.00486211032605878 0.9999773102439035 0.04965265668008101 -0.018673806814021532 -1.0444225838847814
FixedParameters: 0 0 0
#Transform 88
Transform: MatrixOffsetTransformBase_double_3_3
Parameters: 0.999995053805521 0.001222608835817178 -0.002729493034328423 -0.001227743676990874 0.9999976510249551 -0.0018050911980323492 0.0027276526561614963 0.0018079096495244584 0.9999948758745798 0.07752828572766646 -0.29924858268601895 -0.8296234251799746
FixedParameters: 0 0 0
#Transform 89
Transform: MatrixOffsetTransformBase_double_3_3
Parameters: 0.9999986394753451 0.0018260623651972154 -0.00016288090570732157 -0.001825238537112251 0.9999927426912184 0.00330342346453541 0.00016886450914072038 -0.003302579282379814 0.9999950770795707 0.0997816995364218 -0.3025988846852954 -0.6001223930378856
FixedParameters: 0 0 0
#Transform 90
Transform: MatrixOffsetTransformBase_double_3_3
Parameters: 0.9999982990057208 0.0019065114999449087 -0.00025670156424475267 -0.0019056648075111158 0.9999908379855339 0.0038237474297723867 0.0002640879011999107 -0.003823248829589135 0.9999922225962429 0.09120315268981471 -0.15276906615024188 -0.5436793166837646
FixedParameters: 0 0 0
#Transform 91
Transform: MatrixOffsetTransformBase_double_3_3
Parameters: 0.9999991501027347 0.0012064561127231625 -0.000627139609545996 -0.0012051874297208723 0.9999941263887735 0.003088771675360688 0.0006312493062648577 -0.003088225419305937 0.9999949460042833 0.0739693393757932 -0.12997631166491885 -0.5789303645101427
FixedParameters: 0 0 0
#Transform 92
Transform: MatrixOffsetTransformBase_double_3_3
Parameters: 0.9999982182353319 0.00128643128519526 -0.001061535049018886 -0.0012871602511660457 0.9999993454307876 -0.00034261984604021245 0.0010606510159305725 0.0003443795358269164 0.9999996368201315 0.060264463246312516 -0.09058371651553898 -0.6799552476348225
FixedParameters: 0 0 0
#Transform 93
Transform: MatrixOffsetTransformBase_double_3_3
Parameters: 0.9999989410915336 0.001065245103851112 -0.0013871407985084066 -0.001065460091425895 0.9999989927166826 -0.00007662696671072167 0.0013869756660385534 0.00007837271322945483 0.9999989363623818 0.07837709250770786 -0.16382331170970588 -0.6259247868139823
FixedParameters: 0 0 0
#Transform 94
Transform: MatrixOffsetTransformBase_double_3_3
Parameters: 0.9999984171644773 0.0005631986670872547 -0.001806782885750852 -0.0005651041008245796 0.9999997265433471 -0.0010430858062483866 0.0018068385316934487 0.0010439147708627555 0.9999975128337407 0.08949639987677926 -0.11975641567143214 -0.7147382254983654
FixedParameters: 0 0 0
#Transform 95
Transform: MatrixOffsetTransformBase_double_3_3
Parameters: 0.9999984224186985 0.0006395787529169813 -0.0017800332378691917 -0.0006393864981126623 0.9999996170109046 0.00005489970485206275 0.001780102301300357 -0.00005310012444928458 0.999998799576152 0.0843768834535723 -0.17559855272506297 -0.6292092218399716
FixedParameters: 0 0 0
#Transform 96
Transform: MatrixOffsetTransformBase_double_3_3
Parameters: 0.9999974725205603 0.0019504459556116834 -0.0008502427555531349 -0.0019509953648289542 0.9999978320298968 -0.0007651948935443326 0.0008493598907534845 0.0007668066144400632 0.9999994669759551 0.10411254613215704 -0.13511796451531666 -0.6451666439827974
FixedParameters: 0 0 0
#Transform 97
Transform: MatrixOffsetTransformBase_double_3_3
Parameters: 0.9999979533649995 0.001535691756137411 -0.0012992598079501873 -0.001538384800718507 0.9999969663768765 -0.0017090951858072106 0.0012962289107612637 0.001710903760259369 0.999998138780099 0.09653489175117613 -0.1397073477239843 -0.6712045686361208
FixedParameters: 0 0 0
#Transform 98
Transform: MatrixOffsetTransformBase_double_3_3
Parameters: 0.9999977082990056 0.0008362558372188857 -0.001895611074090387 -0.0008305232692360604 0.9999958552659897 0.0027573568679991195 0.0018976193638683937 -0.0027556438263323657 0.999994656401482 0.08484949440875766 -0.28133339286635817 -0.5582589150882313
FixedParameters: 0 0 0
#Transform 99
Transform: MatrixOffsetTransformBase_double_3_3
Parameters: 0.9999972656629785 0.0010189210417326474 -0.00216688273101175 -0.00101759036894416 0.9999989576879068 0.0005368775204367127 0.0021678541635974853 -0.0005351215143673121 0.9999977333830038 0.084659632302305 -0.18623897949161972 -0.6595212168394724
FixedParameters: 0 0 0
#Transform 100
Transform: MatrixOffsetTransformBase_double_3_3
Parameters: 0.9999978173002962 0.001549705533793759 -0.0013348402855195426 -0.0015450258379281004 0.9999934129603104 0.0033820999123544138 0.0013397391373387835 -0.003379903619400368 0.9999935419169309 0.08539527383068446 -0.1861073342635251 -0.5581422199366202
FixedParameters: 0 0 0
#Transform 101
Transform: MatrixOffsetTransformBase_double_3_3
Parameters: 0.999998030500554 0.0013008847300851503 -0.0011300769908717484 -0.0013023113779000507 0.9999985080532932 -0.0010175004002438842 0.0011285398254848144 0.0010184979498983893 0.999998449798913 0.07522582538571498 -0.11283709467748793 -0.7293631432120122
FixedParameters: 0 0 0
#Transform 102
Transform: MatrixOffsetTransformBase_double_3_3
Parameters: 0.9999983476141416 0.00185613385747077 -0.00045493225893619346 -0.0018547652711686 0.9999936230461836 0.0030069833855159017 0.00046088504725547234 -0.003006016733757985 0.999995646425809 0.09649367387390839 -0.1519827862546208 -0.5866438970644623
FixedParameters: 0 0 0
#Transform 103
Transform: MatrixOffsetTransformBase_double_3_3
Parameters: 0.9999980829191751 0.0007316791304062721 -0.0015432830179454608 -0.0007317269651534452 0.9999995980694208 -0.000014975585997833996 0.0015432603337956618 0.000016024354570556842 0.999998484369171 0.08911550984704775 -0.15990085970452128 -0.6543590062432116
FixedParameters: 0 0 0
#Transform 104
Transform: MatrixOffsetTransformBase_double_3_3
Parameters: 0.9999984162043055 0.0015773142694280255 -0.0003095345355408833 -0.001576450801077537 0.9999929730542393 0.003412626285868997 0.0003140999717061484 -0.003412375492250444 0.9999941527485947 0.0900932825088887 -0.11477653953537015 -0.541769240491611
FixedParameters: 0 0 0
#Transform 105
Transform: MatrixOffsetTransformBase_double_3_3
Parameters: 0.9999968657159725 0.00038754579529897125 -0.002446313870903797 -0.00039178321403404183 0.9999980757787976 -0.0016774030369707121 0.002445486701783219 0.0016785936069288049 0.9999951585626201 0.07827029998502155 0.009042868006389426 -0.7371872850857528
FixedParameters: 0 0 0
#Transform 106
Transform: MatrixOffsetTransformBase_double_3_3
Parameters: 0.9999985194065727 0.00140754710953388 -0.0012244456903694556 -0.001407997889339945 0.9999988453029509 -0.0005392624710518074 0.0012240367764157997 0.0005417382476242405 0.9999990898223985 0.08090499595631684 -0.15871008860263203 -0.6623554081110683
FixedParameters: 0 0 0
#Transform 107
Transform: MatrixOffsetTransformBase_double_3_3
Parameters: 0.9999986243072336 0.0007157226375069239 -0.0013654770102865213 -0.0007165882896306846 0.9999995298425607 -0.0010441283418290842 0.0013642212316000053 0.0010448735652929808 0.9999989125005435 0.10368618362463167 -0.20610428311297824 -0.6369711914707139
FixedParameters: 0 0 0
#Transform 108
Transform: MatrixOffsetTransformBase_double_3_3
Parameters: 0.999997330704982 0.0018534571269030312 -0.0011107665714954345 -0.001850808059131484 0.9999944964748996 0.0027050919510998306 0.0011153385980732955 -0.0027029111710084597 0.9999962109459894 0.09724269440025068 -0.15106868547390206 -0.5532480718503905
FixedParameters: 0 0 0
#Transform 109
Transform: MatrixOffsetTransformBase_double_3_3
Parameters: 0.9999961871945087 0.0012328324636408155 -0.0023005183038230783 -0.0012356450398526223 0.99999872419586 -0.001015490337064523 0.002299240884940711 0.001018509683948371 0.9999973944167301 0.09552529152769296 -0.1287182037026895 -0.6709490703089287
FixedParameters: 0 0 0
#Transform 110
Transform: MatrixOffsetTransformBase_double_3_3
Parameters: 0.9999959513916641 0.0014501938883023458 -0.0024386023751173085 -0.0014412542764420389 0.9999930246690624 0.0033612126250211205 0.0024433841126494014 -0.0033577835927659228 0.9999913541457859 0.09602219212992225 -0.20632855866148248 -0.5718026944008514
FixedParameters: 0 0 0
#Transform 111
Transform: MatrixOffsetTransformBase_double_3_3
Parameters: 0.9999973904358485 0.0007003697274730801 -0.0022629110738514014 -0.0006926338921223507 0.9999944981077561 0.003191232999603902 0.00226452899225185 -0.0031897663604568693 0.999992533669305 0.09526174285774403 -0.10092016091552125 -0.589480400059216
FixedParameters: 0 0 0
#Transform 112
Transform: MatrixOffsetTransformBase_double_3_3
Parameters: 0.9999964701622108 0.000263995708295727 -0.0025416700680402833 -0.000265519127479102 0.9999997281787911 -0.0004946843000460249 0.002541528096139812 0.0004953145178520774 0.9999962519332755 0.11595019692443032 -0.16706886317037117 -0.6612912861650031
FixedParameters: 0 0 0
#Transform 113
Transform: MatrixOffsetTransformBase_double_3_3
Parameters: 0.9999970236691682 0.0010457753467249201 -0.0019700447369216975 -0.0010448698425705198 0.999999517404366 0.0007348368820101342 0.001971337953042116 -0.0007321650604261432 0.9999984302178649 0.09905736487178274 -0.14686753271263342 -0.6167286855108571
FixedParameters: 0 0 0
#Transform 114
Transform: MatrixOffsetTransformBase_double_3_3
Parameters: 0.9999979075322496 0.0016987435899145904 -0.0010987522793010531 -0.0016996462789685173 0.9999978968318808 -0.0012051067114236952 0.0010968795968903753 0.0012068952554374623 0.999999101822155 0.10550252744356214 -0.10914393816038626 -0.6696913400479687
FixedParameters: 0 0 0
#Transform 115
Transform: MatrixOffsetTransformBase_double_3_3
Parameters: 0.9999954137430931 0.0010208463907754302 -0.0029225797895267988 -0.0010164202275335982 0.9999982109738486 0.0014374101966250358 0.0029250247650011597 -0.0014345885532804081 0.9999950785672038 0.08753191881491773 -0.11289706748412698 -0.46287177383680955
FixedParameters: 0 0 0
#Transform 116
Transform: MatrixOffsetTransformBase_double_3_3
Parameters: 0.9999966968968834 0.0012443532684421781 -0.0023989570223380166 -0.0012469223144693932 0.9999985691926552 -0.001130327393240399 0.0023974913042849166 0.0011326730375452593 0.9999965671138378 0.09264651482808972 -0.108056414154305 -0.6760470866634094
FixedParameters: 0 0 0
#Transform 117
Transform: MatrixOffsetTransformBase_double_3_3
Parameters: 0.999999246292298 0.0013203655580156536 -0.00010041842592068892 -0.0013206874366771216 0.9999982300423759 -0.0010128683640744374 0.00009873578913129362 0.0010131313548872034 0.9999999639111544 0.09648697131017059 -0.1676881787580271 -0.6153419560255529
FixedParameters: 0 0 0
#Transform 118
Transform: MatrixOffsetTransformBase_double_3_3
Parameters: 0.9999957937738896 0.0012080217249903864 -0.0025973365740025165 -0.0012009267524680824 0.9999958986203594 0.002656815197518231 0.0026009070844340188 -0.002654183030584442 0.9999927917441672 0.09186228174971234 -0.14166763134666382 -0.6334105703690085
FixedParameters: 0 0 0
#Transform 119
Transform: MatrixOffsetTransformBase_double_3_3
Parameters: 0.9999976429288441 0.0013573922620672687 -0.001874542569804833 -0.0013530590912701358 0.9999954294054997 0.0026473346334317666 0.0018780153508842436 -0.002644668398868247 0.9999952108402079 0.10146418549554426 -0.14323397652155734 -0.557370439080124
FixedParameters: 0 0 0
#Transform 120
Transform: MatrixOffsetTransformBase_double_3_3
Parameters: 0.999998161291216 0.0017612195720114225 -0.0008587170330851215 -0.0017614779402770405 0.9999986874706316 -0.0006583409460155509 0.0008575084608516124 0.0006596600851828255 0.9999996052572329 0.09419647290602029 -0.2129621115573883 -0.664202648563986
FixedParameters: 0 0 0
#Transform 121
Transform: MatrixOffsetTransformBase_double_3_3
Parameters: 0.9999946755530356 0.0005625990886852123 -0.0031637596838555615 -0.0005518151637199744 0.9999942956302913 0.003254178274416125 0.0031651913196868863 -0.003252815528735395 0.9999892093080984 0.062477096454188086 -0.14218675885494747 -0.42823338674504896
FixedParameters: 0 0 0
#Transform 122
Transform: MatrixOffsetTransformBase_double_3_3
Parameters: 0.9999977249232784 0.0007931864326553694 -0.0021554418006592357 -0.0007941627571171342 0.9999994813439764 -0.00022563226200847386 0.002155082264848278 0.00022736668414878591 0.9999981409750441 0.07496594469884599 -0.0899683188127085 -0.648665186911316
FixedParameters: 0 0 0
#Transform 123
Transform: MatrixOffsetTransformBase_double_3_3
Parameters: 0.9999984638039627 0.0015332772786222958 -0.00043128419576507276 -0.001531211377935612 0.999991052672218 0.0038366797322218205 0.0004368443355692336 -0.0038363206822282225 0.9999929735389975 0.08934729113943263 -0.1413131237868015 -0.5127494935945407
FixedParameters: 0 0 0
#Transform 124
Transform: MatrixOffsetTransformBase_double_3_3
Parameters: 0.9999957363009756 0.0012669449094382349 -0.0025802547652669875 -0.0012692898234238797 0.9999990078517601 -0.0008140573710687105 0.002579418221060441 0.0008179425919069006 0.999996396734468 0.10121571571026777 -0.12074754635655438 -0.6741000993948916
FixedParameters: 0 0 0
#Transform 125
Transform: MatrixOffsetTransformBase_double_3_3
Parameters: 0.9999975245654567 0.0009750184953843438 -0.0018771756779571234 -0.000979931210467288 0.999996886555147 -0.0023023907981404856 0.001875138498963078 0.0023046104042137583 0.9999960257572994 0.07884319448916699 0.00010925121219429457 -0.5592298863031004
FixedParameters: 0 0 0
#Transform 126
Transform: MatrixOffsetTransformBase_double_3_3
Parameters: 0.9999987768934891 0.0017951049050622953 0.00003535288456266153 -0.001794873030870968 0.9999960579384334 0.001925058302710017 -0.0000314204444431667 -0.0019249396296592974 0.999998307696318 0.07716132563062672 -0.12272172980092932 -0.3429855696098656
FixedParameters: 0 0 0
#Transform 127
Transform: MatrixOffsetTransformBase_double_3_3
Parameters: 0.9999982521328135 0.0007051768943507956 -0.0015001934737548911 -0.0007083390602716326 0.9999976041383205 -0.0020070441322137533 0.0014987090023515332 0.0020079539714014244 0.999996587872105 0.09083917152138099 0.014140040661715148 -0.5683852121471844
FixedParameters: 0 0 0
#Transform 128
Transform: MatrixOffsetTransformBase_double_3_3
Parameters: 0.9999996500391044 0.00102494514271028 -0.000547310546414316 -0.0010236636349261823 0.9999959282713534 0.0026505628499157857 0.0005495208204770764 -0.0026494393639610314 0.9999966767326545 0.07667515280827786 -0.09610875684653308 -0.5095258913807896
FixedParameters: 0 0 0
#Transform 129
Transform: MatrixOffsetTransformBase_double_3_3
Parameters: 0.9999986274840045 0.00048380542022472624 -0.001462342629293016 -0.00048260320524799385 0.9999996120237771 0.00041158680655421775 0.0014627398230064388 -0.0004104119263798889 0.9999986776186716 0.0805561325281019 -0.1551322166218938 -0.587408725157033
FixedParameters: 0 0 0
#Transform 130
Transform: MatrixOffsetTransformBase_double_3_3
Parameters: 0.9999938136066642 0.0003452001605888684 -0.0034738774368257824 -0.0003365006486691033 0.9999972343585165 0.002395468364302253 0.003474549023147501 -0.002394531187162166 0.9999911071478673 0.0718866718566602 -0.10413057541688886 -0.4261530901835471
FixedParameters: 0 0 0
#Transform 131
Transform: MatrixOffsetTransformBase_double_3_3
Parameters: 0.9999986830694791 0.0012042185149085647 0.0009311645199815925 -0.001205781393674051 0.9999970123855041 0.002100866111705041 -0.0009288378989363149 -0.002102136287487358 0.9999978380597834 0.09059744486393129 -0.06435345403642145 -0.43687453593329906
FixedParameters: 0 0 0
#Transform 132
Transform: MatrixOffsetTransformBase_double_3_3
Parameters: 0.9999986872651585 0.0014185831546417713 -0.0005485435857107929 -0.0014193970751032456 0.9999961350590384 -0.0022292092582081174 0.0005454348367550839 0.0022297904750428754 0.9999976108483067 0.08043827007439575 0.008873077862460832 -0.5229361444251097
FixedParameters: 0 0 0
#Transform 133
Transform: MatrixOffsetTransformBase_double_3_3
Parameters: 0.9999986341533914 0.0014362324510738926 -0.0005510411966665877 -0.0014367052544810618 0.9999974028330046 -0.0019070772111667855 0.0005487796001712864 0.0019079244740130286 0.9999979541937867 0.09244623299277066 -0.00825110258384143 -0.5565009949356323
FixedParameters: 0 0 0
#Transform 134
Transform: MatrixOffsetTransformBase_double_3_3
Parameters: 0.999997236948937 0.0017904334810554673 -0.0012486772128465972 -0.001791220052406353 0.9999979014995608 -0.001061737525056894 0.0012461029332606775 0.0010642629853746394 0.9999990755075809 0.11047002775006831 -0.12534344309351297 -0.6128927647203639
FixedParameters: 0 0 0
#Transform 135
Transform: MatrixOffsetTransformBase_double_3_3
Parameters: 0.9999913715135553 0.0014361924485655222 -0.003945623430139953 -0.0014346329845014662 0.9999993293207315 0.00043688723404342045 0.003945636341935799 -0.0004311142429003212 0.9999916654788904 0.08911259515906522 -0.14426829496628102 -0.5140312141633103
FixedParameters: 0 0 0
#Transform 136
Transform: MatrixOffsetTransformBase_double_3_3
Parameters: 0.9999935454119088 0.0009165622853945891 -0.003551790321930986 -0.0009102384314171108 0.9999984423085779 0.00171354392090875 0.00355320332723238 -0.0017094565262062988 0.9999922446144552 0.09376534334928976 -0.10509671854158853 -0.4712105303256777
FixedParameters: 0 0 0
#Transform 137
Transform: MatrixOffsetTransformBase_double_3_3
Parameters: 0.9999974254300926 0.001766529922523139 -0.001205960111965345 -0.0017684520228031238 0.9999969157667219 -0.0015218265751612975 0.0012028038765275286 0.0015231706529320738 0.9999978736475181 0.12202089994461573 -0.1502082322645606 -0.6759068903790961
FixedParameters: 0 0 0
#Transform 138
Transform: MatrixOffsetTransformBase_double_3_3
Parameters: 0.9999980379177719 0.0007547746539402175 -0.0018420442397319528 -0.0007595053992180876 0.9999967978272347 -0.0025997116057860647 0.0018396997831938817 0.0026012895470503283 0.9999947148510531 0.11610057653038552 -0.01814137208077682 -0.6483579969446325
FixedParameters: 0 0 0
#Transform 139
Transform: MatrixOffsetTransformBase_double_3_3
Parameters: 0.9999981820439443 0.0019293979229799616 -0.00030711370270123707 -0.0019290267319575626 0.9999943454392969 0.0028328509944154784 0.0003128386547129515 -0.002832149045121801 0.9999957904446019 0.10546713394982987 -0.18230844631112575 -0.5006555606709924
FixedParameters: 0 0 0
#Transform 140
Transform: MatrixOffsetTransformBase_double_3_3
Parameters: 0.9999952022352951 0.001285460510986868 -0.0026732365061300813 -0.0012806717624600078 0.9999976061882986 0.0017799983780421302 0.0026752141852123376 -0.00177700348325055 0.9999952699003886 0.08857662738610372 -0.08788470487441202 -0.42736155449679103
FixedParameters: 0 0 0
#Transform 141
Transform: MatrixOffsetTransformBase_double_3_3
Parameters: 0.9999982040997907 0.001571831642219225 0.0005704141578208983 -0.0015734593147763295 0.9999949428782492 0.0027292115373497294 -0.0005656799597893752 -0.0027297885532473753 0.9999963608425884 0.13373792648995675 -0.07806920647742288 -0.4714900702395113
FixedParameters: 0 0 0
#Transform 142
Transform: MatrixOffsetTransformBase_double_3_3
Parameters: 0.9999963891702288 0.0006547402744391817 -0.002680156898174968 -0.0006497757405355349 0.9999983900380396 0.0018304048180909221 0.0026809500740575237 -0.0018285947229002425 0.9999943049744147 0.11095252758575214 -0.06565669978726874 -0.4079298115991321
FixedParameters: 0 0 0
#Transform 143
Transform: MatrixOffsetTransformBase_double_3_3
Parameters: 0.999998966059015 0.0014249260206009825 -0.00006679314563252096 -0.0014244052853505903 0.9999978088174489 -0.0017737888778289745 0.00006384406992086255 0.0017742135289027794 0.9999988630775486 0.12075880919131521 0.024054070969427244 -0.5876074317529927
FixedParameters: 0 0 0
#Transform 144
Transform: MatrixOffsetTransformBase_double_3_3
Parameters: 0.9999981681157372 0.0018988901816415944 0.00047601333186711144 -0.0018998283746660077 0.9999944070563507 0.002799325808932454 -0.00047121520434537036 -0.0027996767427414526 0.9999960866061905 0.1326175126969673 -0.08939572619958369 -0.4784938420990841
FixedParameters: 0 0 0
#Transform 145
Transform: MatrixOffsetTransformBase_double_3_3
Parameters: 0.9999989842761938 0.0005840060104022783 -0.001294056292096517 -0.0005862807705334029 0.9999977357846546 -0.00198336269434736 0.001293087605985902 0.001984638017175827 0.999997375966596 0.1373340401536467 -0.014085779882108795 -0.522274335449147
FixedParameters: 0 0 0
#Transform 146
Transform: MatrixOffsetTransformBase_double_3_3
Parameters: 0.9999944938874045 0.0007097335913868338 -0.00331721533334468 -0.0007036430648700508 0.9999984609962327 0.0017987626094379955 0.003318042308334272 -0.001796237339550269 0.9999925708551136 0.11808290218651507 -0.07431792573169105 -0.47168180203305354
FixedParameters: 0 0 0
#Transform 147
Transform: MatrixOffsetTransformBase_double_3_3
Parameters: 0.999998312993137 0.0002537339231930789 -0.0019033384173172167 -0.00025623672723238354 0.9999988902502258 -0.0014397536005551353 0.0019029644698330373 0.0014402470888965346 0.9999972755359383 0.1347509816666701 -0.13023430229659994 -0.6304803296519879
FixedParameters: 0 0 0
#Transform 148
Transform: MatrixOffsetTransformBase_double_3_3
Parameters: 0.9999987862720706 0.0014637548652829645 -0.00026470866634457945 -0.0014636214836438652 0.9999944366451495 0.0030675115849885665 0.0002694756501641774 -0.003066491176423894 0.999995536586106 0.14012310040719456 -0.12389429164801413 -0.49578320743520976
FixedParameters: 0 0 0
#Transform 149
Transform: MatrixOffsetTransformBase_double_3_3
Parameters: 0.99999700700322 0.001214702427139325 -0.002125214545163445 -0.0012145856766570139 0.9999987383471012 0.0002622530894610675 0.0021257284514290303 -0.0002597475686310913 0.9999981324141647 0.11923880146503052 -0.1022495469675988 -0.6507859988522497
FixedParameters: 0 0 0
#Transform 150
Transform: MatrixOffsetTransformBase_double_3_3
Parameters: 0.9999941788706098 0.0002585553131689186 -0.003428131925976136 -0.0002509652770141793 0.9999976925845938 0.002283145808722853 0.0034293265803913564 -0.0022818588599410883 0.999992066618984 0.09358744928104556 -0.10534527983114117 -0.4306963996893245
FixedParameters: 0 0 0
#Transform 151
Transform: MatrixOffsetTransformBase_double_3_3
Parameters: 0.9999969320239576 0.0003369130949541775 -0.0024401584678442256 -0.0003343009659797475 0.9999990432984417 0.0009424599380762899 0.0024405504797705255 -0.0009415375360477402 0.9999961139972382 0.10742188717219392 -0.09121275599669332 -0.591410515772246
FixedParameters: 0 0 0
#Transform 152
Transform: MatrixOffsetTransformBase_double_3_3
Parameters: 0.9999973797170078 0.00032022327751868014 -0.0021250514033022325 -0.0003250641709626499 0.9999977427433381 -0.002044551469833414 0.0021252050938895604 0.0020454457276982557 0.9999952729110767 0.12519050149703048 -0.024155793563380712 -0.6061591223040423
FixedParameters: 0 0 0
#Transform 153
Transform: MatrixOffsetTransformBase_double_3_3
Parameters: 0.9999962746298799 0.0008349595204495984 -0.002651152289501364 -0.0008263821664088401 0.9999937519223393 0.0034437569363066217 0.002653685429078793 -0.003442246756029374 0.9999908140810649 0.12088634319486857 -0.14167902113632636 -0.4967687158754259
FixedParameters: 0 0 0
#Transform 154
Transform: MatrixOffsetTransformBase_double_3_3
Parameters: 0.999997525744947 0.0003260536215729921 -0.0020899436346652656 -0.0003258341807773722 0.9999998385248203 0.00029044299815945973 0.0020900125463831193 -0.0002895576319836002 0.9999975190197864 0.12446404020646185 -0.0833080731487712 -0.5997377237004713
FixedParameters: 0 0 0
#Transform 155
Transform: MatrixOffsetTransformBase_double_3_3
Parameters: 0.9999989666393626 0.0006839378125639778 -0.0012514518447788489 -0.0006807933081009022 0.9999961302732346 0.0027457511580556426 0.0012527326574154262 -0.002745252059758105 0.9999957607808995 0.14351727327722585 -0.11281524950855726 -0.5424039821070039
FixedParameters: 0 0 0
#Transform 156
Transform: MatrixOffsetTransformBase_double_3_3
Parameters: 0.9999986412899883 0.0013618277358590676 -0.0012262356807847266 -0.0013580528289414617 0.9999931071462238 0.0033615806149700778 0.0012308055145807603 -0.0033604199846413163 0.999993941417223 0.1304110860869372 -0.09202070077549251 -0.5326918164240908
FixedParameters: 0 0 0
#Transform 157
Transform: MatrixOffsetTransformBase_double_3_3
Parameters: 0.9999981273154838 0.00018470566249418187 -0.002199637791903555 -0.00018848287201553217 0.9999992779523067 -0.001309826929863686 0.00219938918970582 0.0013101706995254925 0.9999964171604309 0.1371467093608345 -0.018745930174176806 -0.544136215456426
FixedParameters: 0 0 0
#Transform 158
Transform: MatrixOffsetTransformBase_double_3_3
Parameters: 0.9999990564488639 0.0002682584568399444 -0.0009336716309480644 -0.00026892544694884246 0.9999991519735472 -0.0008888683640256023 0.0009333142107701983 0.0008891312901483928 0.9999993238329145 0.12608015564049424 -0.10770224656837968 -0.6278025621479699
FixedParameters: 0 0 0
#Transform 159
Transform: MatrixOffsetTransformBase_double_3_3
Parameters: 0.9999986024326565 0.0015235874807081723 -0.0002767818812778066 -0.0015225205634990342 0.9999947790335331 0.002829557915513814 0.0002813096951111695 -0.0028294405151905455 0.9999958112214503 0.1475116747913887 -0.1073915967147201 -0.5301089759761553
FixedParameters: 0 0 0
#Transform 160
Transform: MatrixOffsetTransformBase_double_3_3
Parameters: 0.9999991384924449 0.00009287027316812618 -0.0009235165327872599 -0.00009436439671817297 0.9999993511911176 -0.0008090323983801495 0.000923365060483683 0.0008089667667495887 0.999999478339487 0.1306217763662545 -0.12635506109216976 -0.6272554472804543
FixedParameters: 0 0 0
#Transform 161
Transform: MatrixOffsetTransformBase_double_3_3
Parameters: 0.9999955173697009 0.0004068051404478311 -0.0028838761232906386 -0.0003990954510847445 0.9999964386527664 0.0025416828794942448 0.002885082968390652 -0.0025403124027842117 0.999992165318919 0.11044199280206612 -0.11489646071663628 -0.4364605097998151
FixedParameters: 0 0 0
#Transform 162
Transform: MatrixOffsetTransformBase_double_3_3
Parameters: 0.9999997266184829 0.0010160409473186467 -0.0004909608899145995 -0.001016525518390192 0.9999997087017763 -0.0004933820317387372 0.0004899567985417295 0.0004946174570545081 0.9999995298450861 0.12728277267207488 -0.09715588616546711 -0.6069828909117945
FixedParameters: 0 0 0
#Transform 163
Transform: MatrixOffsetTransformBase_double_3_3
Parameters: 0.9999990405549625 0.0012278807264271858 -0.0006722560120560534 -0.0012258318960239151 0.999995185711499 0.0027258400616366613 0.0006757250715343278 -0.0027251574174067678 0.9999959981151006 0.11121610613597 -0.10784301376760652 -0.5564445365866817
FixedParameters: 0 0 0
#Transform 164
Transform: MatrixOffsetTransformBase_double_3_3
Parameters: 0.9999990727492829 0.0005871182525512584 -0.0012583351729395934 -0.0005895287036121499 0.999998598374384 -0.0017472598239210713 0.0012565186628244766 0.0017487393783607308 0.9999973633611439 0.15345310044517646 0.0007545699558164642 -0.6425919709102033
FixedParameters: 0 0 0
#Transform 165
Transform: MatrixOffsetTransformBase_double_3_3
Parameters: 0.9999988567078212 0.000761889617081808 -0.0016007020765194569 -0.0007579877530871026 0.9999965805045891 0.002421096812268597 0.0016029068835999697 -0.0024189007971571475 0.9999955633830522 0.13315101851166844 -0.1884511398477997 -0.5445583920634292
FixedParameters: 0 0 0
#Transform 166
Transform: MatrixOffsetTransformBase_double_3_3
Parameters: 0.9999984388056756 0.0015874628117029414 -0.00020189714908446245 -0.0015878805495966313 0.9999980372717349 -0.0007395460459023867 0.00020054173280195425 0.0007394523882794934 0.9999993078140982 0.14295168249307721 -0.11633814982023694 -0.6086150156786516
FixedParameters: 0 0 0
#Transform 167
Transform: MatrixOffsetTransformBase_double_3_3
Parameters: 0.9999974942869024 0.00046563348306530365 -0.002299799911145496 -0.00046666441510018544 0.9999996324047481 -0.00043928579815118163 0.002299509836513184 0.00044071416546367925 0.9999974746816939 0.13453332468216672 -0.15691336732506045 -0.6906292110374039
FixedParameters: 0 0 0
#Transform 168
Transform: MatrixOffsetTransformBase_double_3_3
Parameters: 0.9999981723730978 -0.00025155060126091304 -0.0019403168493478168 0.00025090127453729057 0.9999998386519653 0.00008826038151513171 0.0019401522480374485 -0.00008874118960351673 0.9999983180565287 0.1386334502294062 -0.13155995331925396 -0.5947623441032164
FixedParameters: 0 0 0
#Transform 169
Transform: MatrixOffsetTransformBase_double_3_3
Parameters: 0.9999974616234192 0.0007580650663452971 -0.0022277884493217322 -0.0007475783528545192 0.9999880663884062 0.004747333803355291 0.0022316280176578394 -0.004745663377080003 0.9999863364078231 0.11978430426215425 -0.1164536139538086 -0.4483881997820163
FixedParameters: 0 0 0
#Transform 170
Transform: MatrixOffsetTransformBase_double_3_3
Parameters: 0.9999991328482009 0.001005172435647507 0.0009258754862647421 -0.001009593773159656 0.9999871439804073 0.004870052158124749 -0.0009205457451864176 -0.004870941099786669 0.9999875450568829 0.1274734590610791 -0.13748977827717113 -0.3869454428311556
FixedParameters: 0 0 0
#Transform 171
Transform: MatrixOffsetTransformBase_double_3_3
Parameters: 0.999995641683616 -0.00008300190620922612 -0.002889797184820459 0.00009598028415003775 0.9999910208436356 0.0043482532670813395 0.0028895627507737787 -0.0043487534799362265 0.9999868016487419 0.11011532080418363 -0.09085923217720904 -0.43767010500366155
FixedParameters: 0 0 0
#Transform 172
Transform: MatrixOffsetTransformBase_double_3_3
Parameters: 0.9999963476366263 0.0000707870816051971 -0.0025782688585834555 -0.000058670811685688096 0.9999897551122853 0.004490791764555857 0.0025785214494872047 -0.0044902024421821785 0.9999862630995939 0.11620495037277578 -0.11761182987068253 -0.4846716197771883
FixedParameters: 0 0 0
#Transform 173
Transform: MatrixOffsetTransformBase_double_3_3
Parameters: 0.9999988174839011 0.0012263919601085606 0.0012955849094892298 -0.0012317343024171098 0.9999900690488769 0.0042633830665654154 -0.0012904592712556185 -0.004264619231599764 0.9999903848390036 0.13792721995508828 -0.13589891785746033 -0.47180161903977336
FixedParameters: 0 0 0
#Transform 174
Transform: MatrixOffsetTransformBase_double_3_3
Parameters: 0.9999977477686106 0.00021543595832473916 -0.0022816125143630722 -0.0002168935858929783 0.9999997082042194 -0.0005368643885905605 0.0022815004915004333 0.0005371351738144847 0.9999974628257715 0.11163969826594666 0.014124502254915683 -0.6265217073130742
FixedParameters: 0 0 0
#Transform 175
Transform: MatrixOffsetTransformBase_double_3_3
Parameters: 0.9999985233074999 0.0010555803103778855 0.0015375646628525003 -0.0010619772760821354 0.9999891161854765 0.004542358865540538 -0.0015320663101417039 -0.004544637821149139 0.9999881201039048 0.16162212966675327 -0.17505021112430086 -0.4224461005215403
FixedParameters: 0 0 0
#Transform 176
Transform: MatrixOffsetTransformBase_double_3_3
Parameters: 0.9999980058329819 0.00108686478031205 0.0016771805124541988 -0.0010945556657847352 0.9999904751828167 0.004253143458001124 -0.001672143668724494 -0.0042548543626212965 0.9999893374276179 0.13900268114420555 -0.10375791028840808 -0.3739891771509818
FixedParameters: 0 0 0
#Transform 177
Transform: MatrixOffsetTransformBase_double_3_3
Parameters: 0.9999996758874009 0.0008617492634412628 0.0007622915017291517 -0.0008649758454148175 0.9999892467612299 0.0044723405967794505 -0.0007591712078363635 -0.004473654184673617 0.99998941347844 0.1321305306135514 -0.13791096553511295 -0.34218338248111024
FixedParameters: 0 0 0
#Transform 178
Transform: MatrixOffsetTransformBase_double_3_3
Parameters: 0.9999985672445717 0.0006651402869916456 0.001729132905591312 -0.0006723886666513323 0.9999904065614866 0.004246707717564677 -0.0017265817993894054 -0.004248286195937104 0.9999890780030247 0.14802858380544137 -0.07632246254367203 -0.4418201013685703
FixedParameters: 0 0 0
#Transform 179
Transform: MatrixOffsetTransformBase_double_3_3
Parameters: 0.9999990403861221 0.0008147888626161478 0.0011381586363017238 -0.0008199981309740249 0.9999911457250006 0.004250060492055535 -0.0011347004245728647 -0.004250947194989765 0.9999907609474972 0.11655273093937524 -0.10919579263006085 -0.45564449421642195
FixedParameters: 0 0 0
#Transform 180
Transform: MatrixOffsetTransformBase_double_3_3
Parameters: 0.9999976822786312 0.0002744574843930403 -0.002289641255944215 -0.00026472248644454947 0.9999913567431291 0.004076258041901329 0.0022907577342377665 -0.004075738813806559 0.9999890978141132 0.11270659447792752 -0.09037565952336024 -0.4554363365418723
FixedParameters: 0 0 0
#Transform 181
Transform: MatrixOffsetTransformBase_double_3_3
Parameters: 0.999999659160995 0.0008600974120718194 -0.0007750225168268359 -0.0008570282681724377 0.9999909049073322 0.004298685190226761 0.0007789447979986907 -0.00429832214908607 0.9999907998348391 0.10839545667214168 -0.12830059933511961 -0.5226587703872383
FixedParameters: 0 0 0
#Transform 182
Transform: MatrixOffsetTransformBase_double_3_3
Parameters: 0.9999968659285972 0.000057780724052568504 -0.002476077624566849 -0.000046929444511289774 0.9999903803198509 0.004420759255257048 0.002476211754170603 -0.004420244449876876 0.9999874037011608 0.11290202063354116 -0.13450745066049308 -0.48230827245950536
FixedParameters: 0 0 0
#Transform 183
Transform: MatrixOffsetTransformBase_double_3_3
Parameters: 0.9999973256325247 0.0008806550805623352 -0.0022135249611319793 -0.0008703236808332683 0.9999893461196809 0.004491610258937628 0.0022172090092406477 -0.004490389054045363 0.9999876410936056 0.11885954261354925 -0.11262706812283341 -0.5372732964544227
FixedParameters: 0 0 0
#Transform 184
Transform: MatrixOffsetTransformBase_double_3_3
Parameters: 0.9999967292138063 0.00023533113868864247 -0.0026861160593247223 -0.00023748214336028205 0.9999994089454818 -0.0007698417846378203 0.002685992268189578 0.0007701576552990586 0.999996134466415 0.11695930248026798 0.03651725659288729 -0.6832721384353277
FixedParameters: 0 0 0
#Transform 185
Transform: MatrixOffsetTransformBase_double_3_3
Parameters: 0.9999993905638229 0.0009139963768841887 -0.0008797663919827008 -0.0009100934794961279 0.9999885579752036 0.004755807274280779 0.0008838682749516807 -0.004754198760281866 0.9999886122365769 0.10038410110145435 -0.2783140139818272 -0.5858354207564034
FixedParameters: 0 0 0
#Transform 186
Transform: MatrixOffsetTransformBase_double_3_3
Parameters: 1.0000000376805538 0.0009118602731112815 0.000361314190562972 -0.0009141585967322534 0.9999846325418875 0.005423658438848872 -0.0003562543557455164 -0.005423342466958983 0.9999855759826096 0.1225612475061979 -0.2384424014341846 -0.42694521557323384
FixedParameters: 0 0 0
#Transform 187
Transform: MatrixOffsetTransformBase_double_3_3
Parameters: 0.999999331913822 0.0007680498841564348 0.00028005592359736566 -0.000769317505612126 0.9999881683328413 0.004715783407944915 -0.00027566378717352124 -0.004716210592659684 0.999988682042628 0.10884492615740271 -0.14185943436088166 -0.3704731513964532
FixedParameters: 0 0 0
#Transform 188
Transform: MatrixOffsetTransformBase_double_3_3
Parameters: 0.9999997718035463 0.00042768166175231935 -0.0010227029802285887 -0.00042335513576372973 0.9999902647333595 0.004422434933854011 0.0010238800776995636 -0.004421564080769283 0.9999893987034066 0.09485823010106742 -0.0061637208446114755 -0.5262874042862791
FixedParameters: 0 0 0
#Transform 189
Transform: MatrixOffsetTransformBase_double_3_3
Parameters: 0.9999998807295984 -0.00023288618550669986 -0.00025516464184449156 0.00023325985859212907 0.9999869354883919 0.005099940423615251 0.00025453253071756166 -0.005100059230102788 0.9999869249031581 0.14061644305860455 -0.12225880861268479 -0.4658924073888713
FixedParameters: 0 0 0
#Transform 190
Transform: MatrixOffsetTransformBase_double_3_3
Parameters: 0.9999975075678516 0.0000928610387258893 -0.0023417107408029636 -0.00008211650176777327 0.9999894036644847 0.00465085015256228 0.0023421958189583677 -0.004651155971404475 0.9999868399797818 0.11396653532789003 -0.05016243962785438 -0.4751500267993336
FixedParameters: 0 0 0
#Transform 191
Transform: MatrixOffsetTransformBase_double_3_3
Parameters: 0.9999990363707925 0.0008200945146072899 0.000539530731073559 -0.0008226375553108317 0.9999886189356311 0.004658557524775814 -0.0005356079549639283 -0.004659440621870917 0.9999890046356558 0.1325536747569771 -0.07909190176293635 -0.5149111570861464
FixedParameters: 0 0 0
#Transform 192
Transform: MatrixOffsetTransformBase_double_3_3
Parameters: 0.9999982318778233 0.0006074635473871724 -0.0018438798185390188 -0.0006005452169115255 0.9999920818037982 0.003962892337001464 0.0018457199615258815 -0.003962112004357546 0.9999907470916166 0.11564863852207452 -0.0797406050362639 -0.6169632546820765
FixedParameters: 0 0 0
#Transform 193
Transform: MatrixOffsetTransformBase_double_3_3
Parameters: 0.9999977524541002 0.00011208116532943763 -0.0022879515958660495 -0.00010127052936700811 0.9999869973829049 0.004991869871075069 0.002288567669421605 -0.0049911261377017235 0.9999849245711349 0.12406234884220169 -0.2377142290189198 -0.5476385688016094
FixedParameters: 0 0 0
#Transform 194
Transform: MatrixOffsetTransformBase_double_3_3
Parameters: 0.9999961851424971 0.0001221694751430359 -0.0026081208866291323 -0.00011013633079307387 0.9999899523511141 0.004590947452544472 0.002607745758362951 -0.004591057226415132 0.99998607791412 0.11355751456832763 -0.19473683095442595 -0.5196208472186328
FixedParameters: 0 0 0
#Transform 195
Transform: MatrixOffsetTransformBase_double_3_3
Parameters: 0.9999990973249421 -0.0001246014138820997 -0.0013734995649433697 0.00013227465013014385 0.9999857187447532 0.005410708360050642 0.0013732541612177297 -0.005411299693131172 0.9999848202385041 0.13448301970859688 -0.1919819703712733 -0.5862186874282216
FixedParameters: 0 0 0
#Transform 196
Transform: MatrixOffsetTransformBase_double_3_3
Parameters: 0.9999981342797198 -0.00023001848434502843 -0.0019524944743007904 0.000241394304349325 0.9999831730773782 0.005803289165517089 0.001951415378730768 -0.005803715292461195 0.9999815993197834 0.12540961872379341 -0.20502359159709727 -0.5234928406397685
FixedParameters: 0 0 0
#Transform 197
Transform: MatrixOffsetTransformBase_double_3_3
Parameters: 0.9999953005086514 0.00017595141129130072 -0.003109455228455089 -0.00015969988936613512 0.999986149157949 0.005185921530419052 0.0031102664953557486 -0.005186070372237339 0.9999813617090767 0.12318927296099957 -0.09810856798996781 -0.5232214854609794
FixedParameters: 0 0 0
#Transform 198
Transform: MatrixOffsetTransformBase_double_3_3
Parameters: 0.9999967945152004 0.000023366749936196726 -0.0024907132764294946 -0.000010399340612598746 0.9999864501607836 0.00524167214814944 0.0024913140098730695 -0.005241332507424021 0.9999833972229972 0.11977838017558895 -0.19034261713078138 -0.5000505475767127
FixedParameters: 0 0 0
#Transform 199
Transform: MatrixOffsetTransformBase_double_3_3
Parameters: 0.9999992154606632 0.0008627728352658171 0.00019926119614771548 -0.0008644799794467244 0.9999828176895049 0.005866950394938258 -0.00019409110245811455 -0.005867051586584543 0.9999825537756492 0.15337292544960235 -0.21714405871783526 -0.460183488428477
FixedParameters: 0 0 0
#Transform 200
Transform: MatrixOffsetTransformBase_double_3_3
Parameters: 0.9999966566715592 0.00023452288259218833 -0.002507326948967186 -0.00022343573616238706 0.999989747806465 0.004609219738291967 0.002508988817598212 -0.0046087867046119835 0.9999864227805626 0.12843636617222387 -0.12469733130345162 -0.5508352051669476
FixedParameters: 0 0 0
#Transform 201
Transform: MatrixOffsetTransformBase_double_3_3
Parameters: 0.9999988422765926 0.0006798886110828353 0.0016415728206403306 -0.0006900660968752212 0.999983824259357 0.005707860831968642 -0.0016377550652459318 -0.005709135994540454 0.9999818435086638 0.15153642978151538 -0.17225641561644522 -0.49175251248403384
FixedParameters: 0 0 0
#Transform 202
Transform: MatrixOffsetTransformBase_double_3_3
Parameters: 0.9999987943637917 0.00047903845925776126 -0.0014060397411787653 -0.00047093876660116033 0.9999860999425184 0.005262549786782783 0.0014082120831997802 -0.005261451582599608 0.9999853167123034 0.13081400124622178 -0.05657181757194962 -0.5902276680754781
FixedParameters: 0 0 0
#Transform 203
Transform: MatrixOffsetTransformBase_double_3_3
Parameters: 0.9999998201445579 -0.00013689372742481281 -0.0010776855815582207 0.00014332660066448133 0.999985414859541 0.005345728512807915 0.001076579580925068 -0.005346268894608597 0.9999852454416135 0.13451651884618343 -0.16246731525002645 -0.5707888883068009
FixedParameters: 0 0 0
#Transform 204
Transform: MatrixOffsetTransformBase_double_3_3
Parameters: 0.9999990492834088 0.0007179833919034427 0.0011978619381447573 -0.0007251390623329369 0.9999834867437554 0.005733123404804752 -0.0011938306955087481 -0.005733878049071134 0.999982815914467 0.1488672649312548 -0.20085462312060542 -0.5373596656560409
FixedParameters: 0 0 0
#Transform 205
Transform: MatrixOffsetTransformBase_double_3_3
Parameters: 0.9999988668519045 -0.00042487311657275143 -0.0013974193796752832 0.0004328833253944503 0.9999846092885387 0.005486266302588583 0.0013948505751511615 -0.0054867312669831525 0.9999840537271041 0.1150535232643648 -0.17387100840329595 -0.521854103748133
FixedParameters: 0 0 0
#Transform 206
Transform: MatrixOffsetTransformBase_double_3_3
Parameters: 0.9999982546367555 -0.000030922310810498554 -0.0019352465556475937 0.000042695071315902874 0.9999841152518785 0.005638676847578239 0.001934622846842051 -0.005638325238641426 0.9999825534438564 0.11963915731574559 -0.17696776254589963 -0.571225698691677
FixedParameters: 0 0 0
#Transform 207
Transform: MatrixOffsetTransformBase_double_3_3
Parameters: 0.9999971565079632 -0.0002338931740285884 -0.0021887225247072843 0.00024593782574247895 0.9999842797493058 0.005530102817571672 0.00218661265669701 -0.005530897020055381 0.9999827033573778 0.10326315567924382 -0.16603481978016532 -0.5814030662505303
FixedParameters: 0 0 0
#Transform 208
Transform: MatrixOffsetTransformBase_double_3_3
Parameters: 0.9999969904038434 0.0002456876940143866 -0.002224779764755328 -0.0002324806990655924 0.9999808976427982 0.006090171054414978 0.0022260099216649385 -0.006089822543000542 0.9999789158194071 0.12320974490384629 -0.2086759440625201 -0.5669260799874891
FixedParameters: 0 0 0
#Transform 209
Transform: MatrixOffsetTransformBase_double_3_3
Parameters: 0.9999975608869773 -0.000012612567391821197 -0.002331867862534537 0.00002431380696063095 0.9999878987882189 0.004901585648503862 0.0023323508866787503 -0.004901416236957695 0.9999856123311522 0.1172710947518425 -0.14649990769379428 -0.5779161097625689
FixedParameters: 0 0 0
#Transform 210
Transform: MatrixOffsetTransformBase_double_3_3
Parameters: 0.9999978350446806 0.0003326432421370614 -0.002248008433298678 -0.0003204749947781984 0.9999833398512082 0.005795495902816125 0.002250111379078921 -0.0057945040639321155 0.9999803304930671 0.11924440284066407 -0.22284747655356796 -0.5837734046013949
FixedParameters: 0 0 0
#Transform 211
Transform: MatrixOffsetTransformBase_double_3_3
Parameters: 0.9999969504004828 0.000058851982023948416 -0.0024590331967623644 -0.00004574565707268047 0.9999856877594688 0.005313754952389241 0.0024590199599169044 -0.005313242218879563 0.9999827956076931 0.11613538768727949 -0.15684387192601434 -0.5900341503961073
FixedParameters: 0 0 0
#Transform 212
Transform: MatrixOffsetTransformBase_double_3_3
Parameters: 0.9999986578642405 -0.00015786665118019892 -0.001821386156260834 0.00016900445136866472 0.9999826541924655 0.0058504495689226665 0.0018202579255723404 -0.0058505506930466855 0.9999815463268031 0.13293271236925364 -0.23049725675517152 -0.6127794971059899
FixedParameters: 0 0 0
#Transform 213
Transform: MatrixOffsetTransformBase_double_3_3
Parameters: 0.9999981093914428 0.0007127196171853737 -0.001543643776011063 -0.0007039058780602032 0.9999838718043816 0.005625974954699575 0.0015475528624934547 -0.00562402394384677 0.9999829557971257 0.12603100745079132 -0.1551170785242988 -0.6307630802708957
FixedParameters: 0 0 0
#Transform 214
Transform: MatrixOffsetTransformBase_double_3_3
Parameters: 0.999999887487354 -0.00018507802576304646 -0.00027968381045915614 0.0001876048858226337 0.9999783891996341 0.006524943764914359 0.00027812464309621716 -0.006525047722139077 0.9999783461847105 0.1459344868991792 -0.22728355146783485 -0.4377726996486473
FixedParameters: 0 0 0
#Transform 215
Transform: MatrixOffsetTransformBase_double_3_3
Parameters: 0.999999680090935 -0.0005431849342736431 0.00015648231383203907 0.0005427407562071523 0.9999780507782016 0.006531080649252216 -0.00016035602922081707 -0.006530908629303861 0.9999783205445532 0.14798752955658756 -0.17392582882992258 -0.4267726288611726
FixedParameters: 0 0 0
#Transform 216
Transform: MatrixOffsetTransformBase_double_3_3
Parameters: 1.0000000830297104 0.00006381473642948603 -0.0009556300871660672 -0.0000566859131403794 0.9999761425178324 0.0068459357993357756 0.0009557342157711229 -0.006846059185180567 0.9999762039943184 0.12052754571739399 -0.12601044882086399 -0.6225617303332243
FixedParameters: 0 0 0
#Transform 217
Transform: MatrixOffsetTransformBase_double_3_3
Parameters: 0.9999999291471081 -0.0002577327728819567 -0.00006602135023459736 0.00025827643988079985 0.9999820889147494 0.005986983873569468 0.0000649174988093455 -0.00598701766807927 0.9999821512414515 0.14618851059333338 -0.3171778123154354 -0.28254788012461773
FixedParameters: 0 0 0
