#Insight Transform File V1.0
#Transform 0
Transform: MatrixOffsetTransformBase_double_3_3
Parameters: 0.9999991425248403 0.000922858759279947 -0.0000761979976859282 -0.0009229118717455629 0.9999990257818616 -0.0003499296330084778 0.00007555197828097707 0.00035006968100929903 0.9999998717432187 -0.0394800087237428 -0.19294568164413306 -0.40831261240275296
FixedParameters: 0 0 0
#Transform 1
Transform: MatrixOffsetTransformBase_double_3_3
Parameters: 0.9999997634549896 0.001108227663474101 -0.0000915268474529374 -0.0011082952712794293 0.999999627401923 -0.0003709805441734354 0.00009070451782350673 0.00037101917818055385 0.9999998607710314 -0.03726944671038268 -0.17049772938796082 -0.364902710758372
FixedParameters: 0 0 0
#Transform 2
Transform: MatrixOffsetTransformBase_double_3_3
Parameters: 0.9999991307526848 0.0009317321267197608 0.00003183908171923696 -0.0009318194202681576 0.999999124904183 0.00008297033112311669 -0.000032681043148168734 -0.00008303044943715199 0.9999999920704365 -0.01645273998043706 -0.17739873383274585 -0.37842686370832723
FixedParameters: 0 0 0
#Transform 3
Transform: MatrixOffsetTransformBase_double_3_3
Parameters: 0.9999990834756626 0.0009029020121220104 -0.0003182635371815856 -0.0009030467284048174 0.99999905121749 -0.00022770586715802066 0.0003178526842036743 0.0002272936922747132 0.9999999287460478 -0.017597889246275145 -0.17857611159256237 -0.39737224784114744
FixedParameters: 0 0 0
#Transform 4
Transform: MatrixOffsetTransformBase_double_3_3
Parameters: 0.9999991325247529 0.0009146880640778299 -0.00017555694231756604 -0.0009146950856319187 0.9999991629385901 -0.000019839418779171725 0.00017552035497328452 0.000020160546506095556 0.9999999687861632 -0.02539551132389306 -0.18763348514283962 -0.3581143545071228
FixedParameters: 0 0 0
#Transform 5
Transform: MatrixOffsetTransformBase_double_3_3
Parameters: 0.9999990057029965 0.0009922447466552344 -0.00009872374381852557 -0.0009922623037402199 0.9999990075109326 -0.00008890203934315555 0.00009854712303164691 0.00008909778226239007 0.9999999823500795 -0.017091219218755782 -0.17406487757530442 -0.3598524497110418
FixedParameters: 0 0 0
#Transform 6
Transform: MatrixOffsetTransformBase_double_3_3
Parameters: 0.9999991271487956 0.0009126857190863253 -0.00019963772309743394 -0.0009127643055217291 0.9999991281232612 -0.0001968177699968876 0.0001992781097619719 0.00019718187080930427 0.9999999214076052 -0.019185387540389343 -0.16519217640410488 -0.3616446537447189
FixedParameters: 0 0 0
#Transform 7
Transform: MatrixOffsetTransformBase_double_3_3
Parameters: 0.9999998913499489 0.0010006801136016544 -0.000325984899711625 -0.001001609569309462 0.9999999803872006 0.0001032449484667658 0.0003262730744864722 -0.00010275526996607331 0.999999889744774 -0.01256926737738695 -0.16344844602018327 -0.36395966030012517
FixedParameters: 0 0 0
#Transform 8
Transform: MatrixOffsetTransformBase_double_3_3
Parameters: 0.9999997143476372 0.0007707488310444483 -0.0008316240672113088 -0.000770099098271402 0.9999991722940336 0.000390647087553056 0.0008322257683630281 -0.00039035178925814207 0.9999992370736875 -0.009587243878144136 -0.1734372831802915 -0.37553545474378325
FixedParameters: 0 0 0
#Transform 9
Transform: MatrixOffsetTransformBase_double_3_3
Parameters: 0.9999988023352722 0.0013087984107246898 -0.0006956537552179604 -0.0013089303081445572 0.9999988177586363 0.0006808292658764814 0.00069651911346553 -0.0006791704244344526 0.9999990597767278 -0.014461750230182702 -0.16441962979335756 -0.34698131439634494
FixedParameters: 0 0 0
#Transform 10
Transform: MatrixOffsetTransformBase_double_3_3
Parameters: 0.9999991283568118 0.0013678071194865918 0.000027320524108503765 -0.0013678191947858022 0.9999991540836507 0.0002238744662403369 -0.000026709111217647926 -0.0002231251218063196 0.9999998743690335 -0.02056192464935691 -0.16567431011033307 -0.4135403082396323
FixedParameters: 0 0 0
#Transform 11
Transform: MatrixOffsetTransformBase_double_3_3
Parameters: 0.9999997332778494 0.0010926266215480153 -0.00026998156582021515 -0.0010924051405797352 0.9999995503425966 0.00040922032059409474 0.00027087633666261356 -0.00040977932362221137 0.9999998475550631 -0.02890013256690338 -0.1742360290290037 -0.34739287662614515
FixedParameters: 0 0 0
#Transform 12
Transform: MatrixOffsetTransformBase_double_3_3
Parameters: 0.9999990777241076 0.0009546873936150206 -0.00010415346340394547 -0.0009545953688890797 0.9999998883458683 0.00044001811624683196 0.00010499354814580905 -0.0004399817817823115 0.9999998021781688 -0.014114361052804725 -0.15783986589822518 -0.4248999685819115
FixedParameters: 0 0 0
#Transform 13
Transform: MatrixOffsetTransformBase_double_3_3
Parameters: 0.9999987734129208 0.0012005011939347598 -0.0008862181507340818 -0.0012003212671245422 0.9999994603331398 0.00010198889861340321 0.0008864618345869079 -0.00010101085029809442 0.9999992924754159 0.00876085389097625 -0.1653146990872898 -0.3953751564972947
FixedParameters: 0 0 0
#Transform 14
Transform: MatrixOffsetTransformBase_double_3_3
Parameters: 0.9999992745184774 0.0010895429115435487 -0.0007337423511642624 -0.0010895421779874878 0.999999724520189 7.244946796658436e-7 0.0007337434411154506 -2.755045949154322e-7 0.9999995499979644 -0.004873801020465862 -0.17014329371460235 -0.3512894668692752
FixedParameters: 0 0 0
#Transform 15
Transform: MatrixOffsetTransformBase_double_3_3
Parameters: 0.9999994846619273 0.0012306087252610663 0.00003066659080174137 -0.0012306283985826214 0.9999993732391584 0.00032488088839943696 -0.00002986668831561742 -0.0003251187079743867 0.9999999001728115 -0.01903709266842668 -0.15656359727691438 -0.3706169479107615
FixedParameters: 0 0 0
#Transform 16
Transform: MatrixOffsetTransformBase_double_3_3
Parameters: 0.9999999776899956 0.001010460221254524 -0.000035792745838860635 -0.001010451457712315 0.9999999573820588 0.00012195462394548606 0.00003603929740788138 -0.00012204536697917046 0.999999990539925 -0.008449679997980297 -0.18549157577434983 -0.3575829329591471
FixedParameters: 0 0 0
#Transform 17
Transform: MatrixOffsetTransformBase_double_3_3
Parameters: 0.9999994732527756 0.0012340510025077242 -0.00006217348442927212 -0.001234035670452437 0.9999994552943267 0.00012299518240539709 0.00006247705951106322 -0.00012300468429288225 0.9999999877004516 0.0031451723142765786 -0.14711456268817358 -0.3447678423834617
FixedParameters: 0 0 0
#Transform 18
Transform: MatrixOffsetTransformBase_double_3_3
Parameters: 0.9999974354142398 0.0017383733601903967 -0.0015945646055845794 -0.0017379682848823116 0.9999987925900502 0.00012870345043305975 0.0015950061017335091 -0.00012529589406501396 0.9999986105664912 0.0670692356658833 -0.16946817779508194 -0.36789082904235215
FixedParameters: 0 0 0
#Transform 19
Transform: MatrixOffsetTransformBase_double_3_3
Parameters: 0.9999986665767595 0.0013335821730866984 -0.0007453950711407014 -0.00133325347069204 0.9999990577185291 0.000275919106869138 0.0007451331485828179 -0.0002750815065930279 0.9999994570575059 0.011469084535406182 -0.14635390516902191 -0.35818983647297387
FixedParameters: 0 0 0
#Transform 20
Transform: MatrixOffsetTransformBase_double_3_3
Parameters: 0.999997545952138 0.0014177496742217507 -0.0015633383451490886 -0.0014175745718943483 0.9999988237688945 0.000057229691814902894 0.0015634971238849928 -0.000054770032980405725 0.9999987159112624 0.0442977255200816 -0.16067295121032998 -0.3895931525955376
FixedParameters: 0 0 0
#Transform 21
Transform: MatrixOffsetTransformBase_double_3_3
Parameters: 0.9999941452037714 0.0011933926283913688 -0.0032296407278390752 -0.0011933700219048837 0.9999991943661426 0.000005214408689793726 0.0032296490820885064 -0.0000017855503278013662 0.9999949508132503 0.048137953336308215 -0.1536574616487627 -0.42262743400736724
FixedParameters: 0 0 0
#Transform 22
Transform: MatrixOffsetTransformBase_double_3_3
Parameters: 0.9999959363734058 0.0006919331284991017 -0.0029296595907420796 -0.0006915548370728636 0.999999289076112 -0.00011862765869392888 0.00293040896220959 0.00012037492068546485 0.9999956187364631 0.056685821990200225 -0.18199190130775378 -0.4496006834891091
FixedParameters: 0 0 0
#Transform 23
Transform: MatrixOffsetTransformBase_double_3_3
Parameters: 0.9999990168280745 0.0008145777710595794 -0.0005653618430981681 -0.0008142033232139493 0.9999992272065434 0.00033146028366085045 0.0005659009699470219 -0.00033053899294985256 0.9999995704997703 0.017332520544798058 -0.16787108335692835 -0.3670257002932118
FixedParameters: 0 0 0
#Transform 24
Transform: MatrixOffsetTransformBase_double_3_3
Parameters: 0.9999965231548511 0.0009663267932501354 -0.0025579378691922496 -0.0009670097291996196 0.9999998161681698 -0.00013234350972314568 0.0025576797693009938 0.00013465555719950617 0.9999966713422712 0.043214995492704134 -0.15900246671341733 -0.4733347744122085
FixedParameters: 0 0 0
#Transform 25
Transform: MatrixOffsetTransformBase_double_3_3
Parameters: 0.9999994414825805 0.0009365898304585494 -0.0008254188185827738 -0.0009364255539020723 0.999999031389909 0.00009977965664018096 0.0008256051839101196 -0.00009922003124472611 0.9999993902925142 0.016586843757494307 -0.16120629499208405 -0.36714379448197576
FixedParameters: 0 0 0
#Transform 26
Transform: MatrixOffsetTransformBase_double_3_3
Parameters: 0.9999966746039565 0.0011675123866209478 -0.002441503752943438 -0.001167175765102416 0.9999992495537016 0.0002740409196737431 0.002442223063353375 -0.00027195956196965354 0.9999972759921175 0.05797070268440052 -0.15549611391375606 -0.4682364295411219
FixedParameters: 0 0 0
#Transform 27
Transform: MatrixOffsetTransformBase_double_3_3
Parameters: 0.9999999266670505 0.001032055712698897 -0.00009052555855672438 -0.0010319953761889493 0.9999998179861765 0.00033201205429483904 0.00009121082387151227 -0.00033198782382325154 0.9999998882328042 -0.009081172799284332 -0.16837831059935127 -0.3527857307099538
FixedParameters: 0 0 0
#Transform 28
Transform: MatrixOffsetTransformBase_double_3_3
Parameters: 0.9999954174821152 0.0010489208960809853 -0.002735836957097758 -0.001049900776183635 0.9999993784929692 -0.000541865061524191 0.002734532367451001 0.0005451360031854952 0.9999964482028705 0.050299547646289966 -0.16335071536691714 -0.45219170304130785
FixedParameters: 0 0 0
#Transform 29
Transform: MatrixOffsetTransformBase_double_3_3
Parameters: 0.9999995260045517 0.001069671651219899 -0.0005742809526460825 -0.0010693642580317702 0.9999996961987919 0.00026753941456142405 0.0005748531450189476 -0.0002674602935685555 0.9999996866934614 0.014925899343097626 -0.16065343596876858 -0.36445142581347056
FixedParameters: 0 0 0
#Transform 30
Transform: MatrixOffsetTransformBase_double_3_3
Parameters: 0.9999994709898465 0.001211935975489148 -0.0002454007226619088 -0.0012120443242979366 0.9999994755250062 -0.00022078443654575952 0.0002448650234439109 0.0002212153080441981 0.9999998977828688 0.02750676846697786 -0.15174288493446397 -0.4213561271423174
FixedParameters: 0 0 0
#Transform 31
Transform: MatrixOffsetTransformBase_double_3_3
Parameters: 0.9999991078128644 0.0011059803017659027 -0.0008179207424939105 -0.001105347718828016 0.99999953974798 0.00038682946682223884 0.0008187754209048441 -0.00038616972804488003 0.9999992693007242 0.008277811768735432 -0.1719316576042047 -0.35462863588347204
FixedParameters: 0 0 0
#Transform 32
Transform: MatrixOffsetTransformBase_double_3_3
Parameters: 0.9999942690267932 0.000979604611198099 -0.0031258199288466365 -0.0009828113498379968 0.9999990234053342 -0.0008435788588006948 0.003124994444360126 0.0008464192421459155 0.9999948175688924 0.05291917233597587 -0.15609253533649792 -0.45614468352597726
FixedParameters: 0 0 0
#Transform 33
Transform: MatrixOffsetTransformBase_double_3_3
Parameters: 0.9999987453500603 0.0012866758968853762 -0.0007736218329882505 -0.001289534761204366 0.9999936276680849 -0.003409082025150195 0.0007696575245966961 0.0034099200403457375 0.9999938682138296 0.03304359065053575 -0.12119445138553431 -0.5357552991864765
FixedParameters: 0 0 0
#Transform 34
Transform: MatrixOffsetTransformBase_double_3_3
Parameters: 0.999997550607143 0.0010932841667511436 -0.0020623442830647815 -0.0010982984465787219 0.9999966115676424 -0.0022416442521028535 0.002060090710508525 0.0022443517755818265 0.9999948769243794 0.04724845150443002 -0.16607584378292017 -0.5326250178154766
FixedParameters: 0 0 0
#Transform 35
Transform: MatrixOffsetTransformBase_double_3_3
Parameters: 0.9999955891404296 0.0009124514172896899 -0.0029288687069467865 -0.0009137488179736154 0.9999998923372435 -0.0002200597099026036 0.0029284642039599245 0.0002229383143499547 0.9999955986789448 0.05573222475663897 -0.1801877418850637 -0.4634142924596887
FixedParameters: 0 0 0
#Transform 36
Transform: MatrixOffsetTransformBase_double_3_3
Parameters: 0.9999986153498204 0.0013200144032524876 -0.000801384952477044 -0.0013217801848198665 0.9999956413676943 -0.0025540169051342376 0.0007984591479003849 0.0025549802419967543 0.9999959230201036 0.015846698232792278 -0.17396829224193766 -0.5208804059160599
FixedParameters: 0 0 0
#Transform 37
Transform: MatrixOffsetTransformBase_double_3_3
Parameters: 0.9999992427603327 0.0011693580768608533 -0.0006239508875077571 -0.001170339747409655 0.9999988971295916 -0.0008523516602316206 0.0006229517623988626 0.0008536470236166355 0.9999988904134117 0.016928451067386163 -0.1537057580386545 -0.4391913885420138
FixedParameters: 0 0 0
#Transform 38
Transform: MatrixOffsetTransformBase_double_3_3
Parameters: 0.9999987155163804 0.0011374697624256796 -0.0009950216645719279 -0.0011403504775707638 0.9999974860872064 -0.00203286240421674 0.000992301044396763 0.0020341392192147895 0.9999979591684017 0.02801652266197152 -0.16752464052578375 -0.48603547940962244
FixedParameters: 0 0 0
#Transform 39
Transform: MatrixOffsetTransformBase_double_3_3
Parameters: 0.9999993552897163 0.001179586745880558 -0.0005028723898191333 -0.001179941289218572 0.9999994130865839 -0.00043348865500181244 0.000502844991851177 0.0004345118388969227 0.9999995654908932 0.005394190265889165 -0.15485054631162143 -0.40513362960771815
FixedParameters: 0 0 0
#Transform 40
Transform: MatrixOffsetTransformBase_double_3_3
Parameters: 0.999995384984932 0.000978240568662334 -0.002942454321951129 -0.000980197085920273 0.9999997057249626 -0.0003308523025912641 0.00294180314159106 0.0003341445549013694 0.9999954581481071 0.07524372572986238 -0.15453932034969853 -0.46772721710647147
FixedParameters: 0 0 0
#Transform 41
Transform: MatrixOffsetTransformBase_double_3_3
Parameters: 0.9999978351240216 0.0010558793964524703 -0.002012156385173393 -0.0010564534483278663 0.9999997168746293 0.00010622115611036431 0.002012460120100634 -0.00010378030595221965 0.9999980961991799 0.06366854565412439 -0.1566495862104773 -0.45787451567770177
FixedParameters: 0 0 0
#Transform 42
Transform: MatrixOffsetTransformBase_double_3_3
Parameters: 0.9999969688455753 0.001307644092038096 -0.0023068211034717938 -0.0013134131617728005 0.9999961824252231 -0.0026178792225514808 0.0023034501394831393 0.0026211247412397942 0.9999940628018393 0.07210467264519593 -0.15073368830653067 -0.5310509984675491
FixedParameters: 0 0 0
#Transform 43
Transform: MatrixOffsetTransformBase_double_3_3
Parameters: 0.9999951096885228 0.0005427560709701227 -0.00309743703302342 -0.0005412240101199053 0.999999252727647 0.0005701008163096349 0.0030982176973875578 -0.0005678993360770518 0.9999952094374899 0.06655003977107299 -0.1630944004897117 -0.4724194198432343
FixedParameters: 0 0 0
#Transform 44
Transform: MatrixOffsetTransformBase_double_3_3
Parameters: 0.9999958600624875 0.0010025547073429356 -0.0026706490159668825 -0.0010024511431981648 0.9999996093681075 0.0003938621784242008 0.0026715998605335227 -0.00039113961078972304 0.999995942580741 0.05571981220138866 -0.17075898346188012 -0.45689948837043914
FixedParameters: 0 0 0
#Transform 45
Transform: MatrixOffsetTransformBase_double_3_3
Parameters: 0.9999995046968249 0.001203619520833191 -0.00021304093852966333 -0.0012045116039887853 0.9999994834876426 0.00024517517762878693 0.00021371286962281903 -0.0002448246642602764 0.9999999011591741 0.0041274149440369 -0.15885990737665168 -0.36028784641071354
FixedParameters: 0 0 0
#Transform 46
Transform: MatrixOffsetTransformBase_double_3_3
Parameters: 0.9999986362492677 0.0011355203845343966 -0.0010360519207182493 -0.0011363325670291718 0.9999994418146443 -0.0004308167684657638 0.0010360682530568444 0.00043218397393388064 0.999999822049787 0.00020637765204867264 -0.13583990260855217 -0.46182170380748744
FixedParameters: 0 0 0
#Transform 47
Transform: MatrixOffsetTransformBase_double_3_3
Parameters: 0.9999992704079905 0.0011720704881471172 -0.0005961075443292782 -0.0011720529764819678 0.9999996166413426 -0.000053383046774130305 0.0005969775987551475 0.00005461809111539928 0.9999996479348316 0.015608567896151726 -0.15795388371610386 -0.36559459477544465
FixedParameters: 0 0 0
#Transform 48
Transform: MatrixOffsetTransformBase_double_3_3
Parameters: 0.9999955464551071 0.001468373871557402 -0.0027012061215788597 -0.0014698828223428863 0.9999992922785965 -0.0004769233012802826 0.0027007133932885658 0.0004810764694176545 0.9999957952938842 0.07775435043419066 -0.15861831028486506 -0.4521077416999759
FixedParameters: 0 0 0
#Transform 49
Transform: MatrixOffsetTransformBase_double_3_3
Parameters: 0.9999990480877524 0.0009538103718065329 -0.0010203543716853026 -0.0009543528389285395 0.9999999518454875 0.00022289904087972878 0.0010208608771698528 -0.00022210145248943713 0.999998997230016 0.013161321781240076 -0.1601475890618218 -0.36673867294744866
FixedParameters: 0 0 0
#Transform 50
Transform: MatrixOffsetTransformBase_double_3_3
Parameters: 0.9999996582695846 0.0011485695761618306 -0.00014987868369498533 -0.0011485557904797055 0.9999996225612087 -0.00022690973426356398 0.00015035387368103332 0.00022709124419745264 0.9999999326501054 0.015538403944006518 -0.14903333893576587 -0.4105702399985063
FixedParameters: 0 0 0
#Transform 51
Transform: MatrixOffsetTransformBase_double_3_3
Parameters: 0.9999988892036827 0.0013834710124396399 -0.0004439959809799889 -0.0013830148609605558 0.9999986316305499 0.0006055394877650389 0.0004446744521865441 -0.0006054601380709318 0.9999995243126348 0.0022278486001994224 -0.1829565258210124 -0.33236568577628134
FixedParameters: 0 0 0
#Transform 52
Transform: MatrixOffsetTransformBase_double_3_3
Parameters: 0.9999987096670139 0.0012158594293384774 -0.0013461421407215868 -0.001216794006864375 0.9999987977178014 -0.0007473496712295663 0.0013452372140006163 0.0007486501254146405 0.9999987929402522 0.007568151653543964 -0.15896300649991701 -0.3860495661115948
FixedParameters: 0 0 0
#Transform 53
Transform: MatrixOffsetTransformBase_double_3_3
Parameters: 0.999999248068493 0.001315171157991764 -0.0001489176200747017 -0.001315377956781244 0.9999987008358258 -0.0012498875768049977 0.00014762270612121844 0.0012501142831140566 0.9999994222279043 -0.002369891017764303 -0.14678695765263683 -0.2011706144307368
FixedParameters: 0 0 0
#Transform 54
Transform: MatrixOffsetTransformBase_double_3_3
Parameters: 0.9999992457006558 0.0013131785386396087 -0.00017243660447868915 -0.0013135987715055717 0.9999973578564053 -0.0017058553030065704 0.0001699485936398113 0.0017061416629101517 0.9999980669709446 -0.0021872435650038824 -0.14009594424545924 -0.2614570856320171
FixedParameters: 0 0 0
#Transform 55
Transform: MatrixOffsetTransformBase_double_3_3
Parameters: 0.9999992185177801 0.0013039379302122109 -0.0002846941801410543 -0.001304240380408258 0.9999988356603119 -0.0006757107201395135 0.00028392768868659056 0.0006762889284650242 0.9999994689052798 -0.0012785845562888198 -0.1578888513594734 -0.27762315038560814
FixedParameters: 0 0 0
#Transform 56
Transform: MatrixOffsetTransformBase_double_3_3
Parameters: 0.9999991590682461 0.0012933633967087707 -0.000409316687163672 -0.001294412445769169 0.9999981139113245 -0.001484553018145554 0.0004074671118178887 0.001485446520763073 0.9999986347032401 0.022172233457013135 -0.12121428539268209 -0.23404841266706455
FixedParameters: 0 0 0
#Transform 57
Transform: MatrixOffsetTransformBase_double_3_3
Parameters: 0.9999993417324944 0.0012135311899460403 -0.0004300598990386482 -0.0012141811286801672 0.9999985490260807 -0.0009464721606814164 0.0004297553432151445 0.000946529280351216 1.0000000009798482 0.023281694038445266 -0.15264001530118776 -0.2625269224917872
FixedParameters: 0 0 0
#Transform 58
Transform: MatrixOffsetTransformBase_double_3_3
Parameters: 0.999999135426409 0.0012906466865663126 -0.0004458744154814378 -0.0012910652386117834 0.9999991060760103 -0.0004695063757428758 0.0004446610113634637 0.0004704926039122148 0.9999995875507716 0.027313107480921417 -0.11655455201115217 -0.3520131060986955
FixedParameters: 0 0 0
#Transform 59
Transform: MatrixOffsetTransformBase_double_3_3
Parameters: 0.9999991946799024 0.001337898921853481 0.0001248202310156822 -0.0013376325317661826 0.9999986619714754 -0.00073624896402881 -0.0001257927851651528 0.0007357503761635659 0.9999994493164259 -0.004586578072419911 -0.1545964906114108 -0.27323639706064284
FixedParameters: 0 0 0
#Transform 60
Transform: MatrixOffsetTransformBase_double_3_3
Parameters: 0.9999987944679135 0.0014746427882841838 0.00017679493612208716 -0.0014743245363968392 0.9999984566225242 -0.0006663494004909565 -0.0001777637859672966 0.000666649855386614 0.9999994494010966 -0.02159935496682408 -0.1355526224511152 -0.3350531748689036
FixedParameters: 0 0 0
#Transform 61
Transform: MatrixOffsetTransformBase_double_3_3
Parameters: 0.9999990436717743 0.001381920628606887 -0.00021568725359330315 -0.0013820640643527132 0.9999988098527595 -0.0005227839490717923 0.00021523832651974888 0.0005232161594975748 0.9999996867606948 -0.0005277131212011454 -0.13069198771557922 -0.3292897005472071
FixedParameters: 0 0 0
#Transform 62
Transform: MatrixOffsetTransformBase_double_3_3
Parameters: 0.9999990857511413 0.00101040402679293 -0.0009447084211791794 -0.0010116113548699528 0.9999994303933581 -0.0006820386552475466 0.0009443250327316321 0.0006829619109775115 0.9999997237445339 -0.005560920615650389 -0.13522977173246886 -0.45641570601949866
FixedParameters: 0 0 0
#Transform 63
Transform: MatrixOffsetTransformBase_double_3_3
Parameters: 0.9999991264685694 0.0012898394854354664 -0.0004580886778760573 -0.0012897428001639602 0.9999992369313786 0.00010551597177695105 0.0004583608242368414 -0.00010548384155931179 0.9999998672768579 0.008837271583146844 -0.14160210845730603 -0.3804074409060263
FixedParameters: 0 0 0
#Transform 64
Transform: MatrixOffsetTransformBase_double_3_3
Parameters: 0.9999982057493438 0.0010813618376373348 -0.0012747181491206822 -0.0010820649023361038 0.9999991779675299 -0.0006986082998375331 0.001274120611497562 0.0006993922707349692 0.9999990505786436 0.022063907907025282 -0.14263270313495013 -0.4493284394322359
FixedParameters: 0 0 0
#Transform 65
Transform: MatrixOffsetTransformBase_double_3_3
Parameters: 0.9999993445035559 0.0007039383299053338 0.00039995855062686144 -0.0007042892219433378 0.9999993115026815 0.00043871822868990495 -0.00039934033851615823 -0.00043928102657522783 0.9999996475592013 -0.01600709568002401 -0.15499156784817103 -0.31981941731906716
FixedParameters: 0 0 0
#Transform 66
Transform: MatrixOffsetTransformBase_double_3_3
Parameters: 0.9999993646083035 0.0010745248504803004 -0.0006929543558996717 -0.0010751545217709754 0.9999994926604131 -0.0005133302940764084 0.0006928471330495594 0.0005136699105749432 0.9999993445832049 0.012675982238164352 -0.12407727089603782 -0.38604712931399376
FixedParameters: 0 0 0
#Transform 67
Transform: MatrixOffsetTransformBase_double_3_3
Parameters: 0.9999991687155427 0.0008600274906939153 -0.00030271551854181957 -0.0008601838794906425 0.9999991117325396 -0.00025873287753372387 0.00030227084425083406 0.0002582666581455173 0.9999999233389196 -0.006237515545947758 -0.14696031604536586 -0.36266165394671646
FixedParameters: 0 0 0
#Transform 68
Transform: MatrixOffsetTransformBase_double_3_3
Parameters: 0.9999981745865111 0.001232238904263272 -0.001143364754290361 -0.001233843768859164 0.9999990117784917 -0.0011736661172147 0.0011413830366414845 0.0011753334125553516 0.9999984039053118 0.008895107193239937 -0.11932406201785284 -0.4401057662894061
FixedParameters: 0 0 0
#Transform 69
Transform: MatrixOffsetTransformBase_double_3_3
Parameters: 0.9999990983491617 0.001350361696948618 0.00027959481412617 -0.001350489051789702 0.9999991176527178 0.00022754096299727744 -0.0002789790197004876 -0.00022845860214501523 0.9999998767286425 -0.01929954765836328 -0.14766239654917968 -0.35380350619388423
FixedParameters: 0 0 0
#Transform 70
Transform: MatrixOffsetTransformBase_double_3_3
Parameters: 0.999999203229735 0.0013363135594800673 0.00010607105125043518 -0.0013361046143492577 0.9999988514211526 -0.0005972237693617211 -0.00010666984788356313 0.0005967761767423224 0.9999996389903041 -0.01779471284966405 -0.12417619604768504 -0.35491289732385667
FixedParameters: 0 0 0
#Transform 71
Transform: MatrixOffsetTransformBase_double_3_3
Parameters: 0.9999994880528758 0.0012264229829815813 0.00008850978164648638 -0.0012263796439877003 0.9999994296899244 -0.0002441904391711769 -0.00008910826508582368 0.00024380928194517315 0.9999999392909952 -0.021169675214096628 -0.1454365766535517 -0.3223042458817247
FixedParameters: 0 0 0
#Transform 72
Transform: MatrixOffsetTransformBase_double_3_3
Parameters: 0.9999987920951752 0.001458065682806495 0.0002858949663121816 -0.0014577743851723417 0.9999976533687028 -0.0018155082404973377 -0.000288116830675286 0.0018154946236611097 0.9999985466319606 -0.01818241601941395 -0.10300813149807198 -0.4449783949806232
FixedParameters: 0 0 0
#Transform 73
Transform: MatrixOffsetTransformBase_double_3_3
Parameters: 0.9999998521456325 0.0010697528304647304 -0.00005926773562403586 -0.0010697168304027462 0.9999996991848906 -0.0003870185923683378 0.00005943639846721262 0.0003869822482718971 0.9999998534222677 -0.019126994866837776 -0.1392735259497897 -0.35592181732259576
FixedParameters: 0 0 0
#Transform 74
Transform: MatrixOffsetTransformBase_double_3_3
Parameters: 0.9999992775931182 0.0012907941172990466 -0.0002369113873609889 -0.001291199676892997 0.9999981856053775 -0.0010326883506524276 0.00023524211427867244 0.0010323113271704792 0.9999999598747721 -0.015195745249030779 -0.12621767589706678 -0.4033247583093811
FixedParameters: 0 0 0
#Transform 75
Transform: MatrixOffsetTransformBase_double_3_3
Parameters: 0.9999994235676469 0.0012541778774355211 0.000060275266489651135 -0.0012540803544420314 0.9999994035462525 -0.00013015738093180573 -0.00005960470283105179 0.00012984370980247129 0.9999999862212622 -0.018234468832545758 -0.1417056709497615 -0.3614118368108308
FixedParameters: 0 0 0
#Transform 76
Transform: MatrixOffsetTransformBase_double_3_3
Parameters: 0.9999993945998183 0.0012618251418706709 -0.00011483234211317514 -0.001261933366606721 0.9999987087216784 -0.000831937008181044 0.00011372921225124579 0.0008320620995724698 0.9999993014301899 -0.01662875272809572 -0.13198589800637706 -0.42261872976622783
FixedParameters: 0 0 0
#Transform 77
Transform: MatrixOffsetTransformBase_double_3_3
Parameters: 0.999999379082451 0.0011734479101649681 -0.0004939006647928855 -0.0011735205009519695 0.9999995291559375 -0.00007349541982004659 0.000493728163065062 0.00007350448811108135 0.9999998391221923 -0.014151151272102425 -0.14882988670842678 -0.3666101346223485
FixedParameters: 0 0 0
#Transform 78
Transform: MatrixOffsetTransformBase_double_3_3
Parameters: 0.9999992475539814 0.0013012059658655364 0.00024335900354325945 -0.0012999798760673599 0.9999845678920409 -0.005361323113687005 -0.0002501637291299161 0.005360681237459419 0.9999861985588632 -0.01946143296588332 -0.03428685442867163 -0.43881407942333794
FixedParameters: 0 0 0
#Transform 79
Transform: MatrixOffsetTransformBase_double_3_3
Parameters: 0.9999996938940855 0.0010883566554726893 0.0003486920057797819 -0.0010881570251875376 0.9999997271875174 -0.00028646135742198264 -0.00034931448836493094 0.00028553842069807545 0.9999998031147405 -0.03659287562729219 -0.1288343933720455 -0.3383040070523009
FixedParameters: 0 0 0
#Transform 80
Transform: MatrixOffsetTransformBase_double_3_3
Parameters: 0.9999995717864157 0.0010674432175720686 0.0005370869375504988 -0.001064296088786513 0.9999801903392112 -0.0061445798371493054 -0.0005438779606440096 0.00614441423137764 0.9999808709836066 -0.024486491479706274 -0.002859030192951195 -0.25859394084767473
FixedParameters: 0 0 0
#Transform 81
Transform: MatrixOffsetTransformBase_double_3_3
Parameters: 0.9999993340555243 0.0008156643149700788 -0.000004033747305116057 -0.0008164337323874424 0.9999919832696001 -0.003917999250105664 7.110094755069139e-7 0.0039180031237787405 0.9999926492056829 -0.044192700695887766 -0.08145607295158186 -0.19181351551614512
FixedParameters: 0 0 0
#Transform 82
Transform: MatrixOffsetTransformBase_double_3_3
Parameters: 0.9999987652415089 0.0014665481422317223 0.00029131060726726916 -0.0014638817527832604 0.9999771627195692 -0.006615522988698774 -0.0003015634872315173 0.006615477533919015 0.9999780718314528 -0.024462673348267572 0.0012920491011954027 -0.30870977060506277
FixedParameters: 0 0 0
#Transform 83
Transform: MatrixOffsetTransformBase_double_3_3
Parameters: 0.9999994131387007 0.0012591788543822656 -0.00004070963196038622 -0.0012590934804180315 0.9999900036648032 -0.004290032961557472 0.00003488937565122776 0.004289964825222592 0.9999906010994348 -0.03529747839318986 -0.040589675640319456 -0.20550760853001293
FixedParameters: 0 0 0
#Transform 84
Transform: MatrixOffsetTransformBase_double_3_3
Parameters: 0.9999994172977384 0.0012544671943715145 -0.00009540917974103355 -0.0012548806081988091 0.9999827555457043 -0.005801969689895353 0.00008882292668883302 0.005802037517068301 0.99998333470909 -0.05319260087387079 -0.04134283512685499 -0.20943629408392894
FixedParameters: 0 0 0
#Transform 85
Transform: MatrixOffsetTransformBase_double_3_3
Parameters: 0.9999990543108596 0.0013051056305816932 0.000492820257673443 -0.0013028351114669566 0.9999912452625284 -0.0038906521386034426 -0.0004978194300932649 0.003890346940353076 0.9999925369423615 -0.03995029837956565 -0.07816299030848484 -0.2264099488371727
FixedParameters: 0 0 0
#Transform 86
Transform: MatrixOffsetTransformBase_double_3_3
Parameters: 0.9999998878602924 0.000993795890940239 0.0003532314489281582 -0.0009912776110641466 0.9999828945421486 -0.0057553552127417446 -0.00035950858994843345 0.005754647784719624 0.9999837526840085 -0.04188461010495814 0.009084022786922219 -0.21254580366564824
FixedParameters: 0 0 0
#Transform 87
Transform: MatrixOffsetTransformBase_double_3_3
Parameters: 0.9999990228496538 0.0008364349787727347 0.0005266380749966697 -0.0008338485816393057 0.9999823483184537 -0.005827439403286935 -0.0005310599564307182 0.005826556069540065 0.999982766106525 -0.03434790067768745 -0.008452465347957627 -0.21646957188558247
FixedParameters: 0 0 0
#Transform 88
Transform: MatrixOffsetTransformBase_double_3_3
Parameters: 0.999999679409175 0.001144986982531043 0.00009814764613812078 -0.001144350669281963 0.9999831923515233 -0.005619121394366711 -0.00010495092578659902 0.005619875484727879 0.9999843289956308 -0.02632072155563492 -0.004099671098444446 -0.19761041401218904
FixedParameters: 0 0 0
#Transform 89
Transform: MatrixOffsetTransformBase_double_3_3
Parameters: 0.9999990297594747 0.000912917080667814 0.0003693435211459302 -0.0009111807188073304 0.9999825921311024 -0.005801345238354544 -0.0003746971165638462 0.005801653204750068 0.9999831222501576 -0.03793316366285637 -0.024915424799360153 -0.18957921080222206
FixedParameters: 0 0 0
#Transform 90
Transform: MatrixOffsetTransformBase_double_3_3
Parameters: 0.999999425605431 0.001251524623836222 0.00008949955280111678 -0.0012510934581145274 0.999985982022306 -0.005045114735770073 -0.00009606358659009202 0.005044882537951698 0.9999875392032292 -0.027239227017815892 -0.012753782185257023 -0.2203146770569333
FixedParameters: 0 0 0
#Transform 91
Transform: MatrixOffsetTransformBase_double_3_3
Parameters: 0.9999989828561221 0.0010025283083327859 0.00011072943085883956 -0.0010017749213954861 0.9999841307083582 -0.005555193376103287 -0.00011580165448113487 0.005554803030097311 0.9999841356258844 -0.03965497270625917 -0.01025102148217627 -0.2315302363109737
FixedParameters: 0 0 0
#Transform 92
Transform: MatrixOffsetTransformBase_double_3_3
Parameters: 0.9999996729509236 0.0009525336374184014 0.0006479083853780092 -0.0009485103419268584 0.9999829955542228 -0.005839701499550515 -0.0006536977404306146 0.005838300956790846 0.999982488937028 -0.05245938679016149 0.015431736261405149 -0.22517403151636017
FixedParameters: 0 0 0
#Transform 93
Transform: MatrixOffsetTransformBase_double_3_3
Parameters: 0.9999989759297118 0.0009461150052545589 0.00035831033031370453 -0.0009444417075455217 0.9999824426519912 -0.0058874220850502895 -0.0003642111407585059 0.005886575770138194 0.9999822191341072 -0.042544823512585594 -0.029184433486335593 -0.22915014191848115
FixedParameters: 0 0 0
#Transform 94
Transform: MatrixOffsetTransformBase_double_3_3
Parameters: 0.999999799873944 0.0010265036041489475 0.000382430658670378 -0.0010245315957048775 0.9999823722787653 -0.005801400511704302 -0.00038810419546164975 0.00580159688204461 0.9999831122192716 -0.04174010395757932 0.0048852690925542674 -0.2282353296392614
FixedParameters: 0 0 0
#Transform 95
Transform: MatrixOffsetTransformBase_double_3_3
Parameters: 0.9999996347446144 0.0010396637368312706 0.0005330148037306521 -0.0010371140965210791 0.9999831766300412 -0.005641560488119549 -0.0005384234543315895 0.005641434484168137 0.9999838045703879 -0.047344118089739595 -0.03987368797938018 -0.20646364023335195
FixedParameters: 0 0 0
#Transform 96
Transform: MatrixOffsetTransformBase_double_3_3
Parameters: 0.9999992581939474 0.0012739287565653944 0.00034401089553603835 -0.0012725576626275877 0.999984647573722 -0.005452526390604742 -0.0003506721672738394 0.005451478559321363 0.9999851615178533 -0.0387740018836098 0.00573793743105 -0.19215841281733503
FixedParameters: 0 0 0
#Transform 97
Transform: MatrixOffsetTransformBase_double_3_3
Parameters: 0.9999995510958831 0.001053797289260239 0.0005811660164224532 -0.001051020570943342 0.999984407460745 -0.0054376198875595305 -0.0005873001147579241 0.005437376747496225 0.9999850103824821 -0.04073722284331893 -0.021952016700268473 -0.17960843856751296
FixedParameters: 0 0 0
#Transform 98
Transform: MatrixOffsetTransformBase_double_3_3
Parameters: 0.999998501536985 0.0010765827275863395 0.0011573123245472764 -0.001069812575457422 0.9999782297165108 -0.006535253315771081 -0.0011636241826064428 0.006533749041237186 0.9999778714595834 -0.10057659579436518 -0.0033921658615554406 -0.21826319186611443
FixedParameters: 0 0 0
#Transform 99
Transform: MatrixOffsetTransformBase_double_3_3
Parameters: 0.9999980762155284 0.0011972132127180965 0.0015786173190870643 -0.0011879960566507088 0.9999848796852892 -0.005279813133679423 -0.0015845735973388825 0.005278177136123635 0.9999844604569987 -0.11021400049011731 -0.030913745876546272 -0.17804354267627787
FixedParameters: 0 0 0
#Transform 100
Transform: MatrixOffsetTransformBase_double_3_3
Parameters: 0.9999989152235732 0.0011133657598971366 0.0013579174466528151 -0.0011052405230205255 0.9999780934428844 -0.006463433862162221 -0.001365456147905319 0.006461562681647617 0.99997829305401 -0.0915505259050775 0.016795519383052238 -0.17841654780541205
FixedParameters: 0 0 0
#Transform 101
Transform: MatrixOffsetTransformBase_double_3_3
Parameters: 0.9999980423661996 0.001199879553984599 0.0012321736388351252 -0.0011935724145358002 0.9999858324422304 -0.005179483530263443 -0.0012380148266317237 0.005177513941239623 0.9999855758132853 -0.08970289608492976 -0.032836513162664005 -0.13820057566216803
FixedParameters: 0 0 0
#Transform 102
Transform: MatrixOffsetTransformBase_double_3_3
Parameters: 0.9999979594387364 0.0011118496290917577 0.001343132507161695 -0.0011033016233171755 0.999978987849084 -0.006321420249229423 -0.0013504173633190958 0.006320573375050403 0.9999790606891082 -0.08628366527405262 0.000989514929727875 -0.16050700759237202
FixedParameters: 0 0 0
#Transform 103
Transform: MatrixOffsetTransformBase_double_3_3
Parameters: 0.999998867315646 0.0013451051046626512 0.0011504401430959758 -0.0013390267704331896 0.9999825879472186 -0.0058055605780105435 -0.001157391710321795 0.005803449865941196 0.999982894247184 -0.08090398326937986 -0.019870745992989214 -0.13821432863143457
FixedParameters: 0 0 0
#Transform 104
Transform: MatrixOffsetTransformBase_double_3_3
Parameters: 0.999998124284443 0.0013713456175830476 0.0014125982639382824 -0.0013601967745721806 0.999968517331198 -0.007860952284758888 -0.0014231188952277057 0.007859052427610494 0.9999680456881763 -0.07943914494525472 -0.008078557147157994 -0.2320249995584618
FixedParameters: 0 0 0
#Transform 105
Transform: MatrixOffsetTransformBase_double_3_3
Parameters: 0.9999985489901494 0.0011749409056557756 0.0014393816144224606 -0.0011663191169941371 0.9999819944219623 -0.005899699294569349 -0.0014454789101079571 0.0058982953064269095 0.9999809575328571 -0.08973910575635102 -0.022026266091160096 -0.1553379881136152
FixedParameters: 0 0 0
#Transform 106
Transform: MatrixOffsetTransformBase_double_3_3
Parameters: 0.9999988697199073 0.0012110737184347184 0.0012897404191574223 -0.0012020940509578797 0.9999766291533456 -0.006714570005730822 -0.001298228712614335 0.006713420509131998 0.9999760839518615 -0.08992154272699793 0.00014429886920197532 -0.19538942553576533
FixedParameters: 0 0 0
#Transform 107
Transform: MatrixOffsetTransformBase_double_3_3
Parameters: 0.9999984469029899 0.0012347321344751453 0.0010146303858488532 -0.0012283792503617217 0.9999822082398748 -0.005776256781573091 -0.0010213881153083085 0.005774735859479116 0.9999825253063637 -0.08143236302808532 -0.0027594330560134495 -0.1521013153148516
FixedParameters: 0 0 0
#Transform 108
Transform: MatrixOffsetTransformBase_double_3_3
Parameters: 0.9999982320703568 0.0012914143802383819 0.0014496128819864358 -0.0012805185815160435 0.9999727577115454 -0.007263878750698699 -0.001458422013730945 0.007262112208290469 0.9999719705960622 -0.09680296203060834 0.014953120485131421 -0.19957676537070768
FixedParameters: 0 0 0
#Transform 109
Transform: MatrixOffsetTransformBase_double_3_3
Parameters: 0.9999980738047487 0.0011860659046719136 0.0012323950864013677 -0.001178479411832157 0.9999806283554612 -0.00609447103961383 -0.001240169444552297 0.0060935209057569745 0.9999801710826252 -0.08983500856103888 -0.013003969575393626 -0.17305716065031618
FixedParameters: 0 0 0
#Transform 110
Transform: MatrixOffsetTransformBase_double_3_3
Parameters: 0.9999980797301462 0.0010819180160372235 0.0013226640924183287 -0.0010708267649415016 0.9999637538970568 -0.008437356785597191 -0.0013318697128507895 0.008435649363332548 0.9999639740798139 -0.09816408428966383 -0.00841609205400573 -0.27365106942640693
FixedParameters: 0 0 0
#Transform 111
Transform: MatrixOffsetTransformBase_double_3_3
Parameters: 0.9999982297120377 0.0011036116244697671 0.0012459477670838713 -0.0010964814008608726 0.9999827420795242 -0.005849390049873712 -0.00125218089436052 0.005848615113569364 0.9999820653679625 -0.09317813715128409 -0.03788489253371097 -0.1466358510265593
FixedParameters: 0 0 0
#Transform 112
Transform: MatrixOffsetTransformBase_double_3_3
Parameters: 0.9999985105333206 0.0011647194822354454 0.0010642119481334947 -0.0011571849194026008 0.9999717285798702 -0.007417245582392359 -0.0010727220529389064 0.007415751242376714 0.9999717714512493 -0.10103722492807776 -0.009593108863285238 -0.18727922067778024
FixedParameters: 0 0 0
#Transform 113
Transform: MatrixOffsetTransformBase_double_3_3
Parameters: 0.999998967704286 0.0008874354858033808 0.001115335875709612 -0.0008807727340570461 0.9999818793451436 -0.005951992519592775 -0.0011212993558386692 0.005951001652681698 0.9999812470261954 -0.08178234677954777 0.010482860552215811 -0.14524718712775098
FixedParameters: 0 0 0
#Transform 114
Transform: MatrixOffsetTransformBase_double_3_3
Parameters: 0.9999984389067955 0.0010427006591125305 0.0012139286074972179 -0.0010319679642907104 0.9999648248150537 -0.008258184496653193 -0.001223264668481038 0.00825680615838384 0.9999652391445535 -0.08125560500164397 -0.02119534815994939 -0.2029296147512838
FixedParameters: 0 0 0
#Transform 115
Transform: MatrixOffsetTransformBase_double_3_3
Parameters: 0.9999987859791244 0.0013892116211321756 0.0011330556312489312 -0.001383395695515625 0.9999842743390749 -0.005375580169276806 -0.001140407093544862 0.005373415008241247 0.9999847407020154 -0.07664170703860407 -0.01988666306471032 -0.1265159827780451
FixedParameters: 0 0 0
#Transform 116
Transform: MatrixOffsetTransformBase_double_3_3
Parameters: 0.9999985389104649 0.0013997895055456136 0.0012250884737631809 -0.0013912109309842527 0.9999728409802473 -0.007237729545687549 -0.0012354981071180777 0.007236268895246506 0.9999729481412706 -0.08836576244362959 0.00928120579041547 -0.2032261246868785
FixedParameters: 0 0 0
#Transform 117
Transform: MatrixOffsetTransformBase_double_3_3
Parameters: 0.9999982343584202 0.00104314051188337 0.001295147023332672 -0.001035596049802291 0.9999800081263359 -0.00617127868236661 -0.0013012577604237952 0.006170716506716578 0.9999800630023422 -0.10485030896380465 0.019926063583142195 -0.13230275315898155
FixedParameters: 0 0 0
#Transform 118
Transform: MatrixOffsetTransformBase_double_3_3
Parameters: 0.9999987926615644 0.0009693705924016166 0.00150596941877335 -0.000959418185352006 0.9999764471373968 -0.006767384788240155 -0.0015121405289709538 0.006766610579344634 0.9999757598557403 -0.10257875753873691 0.028293866733278605 -0.17681567429521294
FixedParameters: 0 0 0
#Transform 119
Transform: MatrixOffsetTransformBase_double_3_3
Parameters: 0.9999987880012235 0.0010176584337540009 0.0010844329652761608 -0.0010113857691178495 0.9999790720361078 -0.0063240282366539835 -0.001090628427586859 0.006322971466695082 0.9999797418190557 -0.07537217129748797 -0.006158324134304394 -0.1545098184887479
FixedParameters: 0 0 0
#Transform 120
Transform: MatrixOffsetTransformBase_double_3_3
Parameters: 0.9999982251675316 0.001179958905156698 0.0015439330410847493 -0.0011667095948804083 0.9999651744010967 -0.008223744444262895 -0.0015531950849666037 0.008222246884108608 0.9999648129661363 -0.08645692019987905 0.001474684557209116 -0.23727584891619813
FixedParameters: 0 0 0
#Transform 121
Transform: MatrixOffsetTransformBase_double_3_3
Parameters: 0.9999989667395768 0.0009303811808725803 0.0010805460388829964 -0.0009243604847708359 0.9999824661298157 -0.005810931057143948 -0.0010857663543445873 0.005810071964627739 0.9999829761676923 -0.09462538705588486 -0.005106025360930744 -0.1392220490423881
FixedParameters: 0 0 0
#Transform 122
Transform: MatrixOffsetTransformBase_double_3_3
Parameters: 0.9999986155076069 0.0009739764162083323 0.0015609213490159733 -0.0009638248161301567 0.9999776748501178 -0.006594439563269189 -0.0015668172320223038 0.006592558961929756 0.9999769911641043 -0.1042367663553847 0.012559214180782874 -0.16994503707456943
FixedParameters: 0 0 0
#Transform 123
Transform: MatrixOffsetTransformBase_double_3_3
Parameters: 0.9999988060167498 0.001216859438582042 0.0008443935490277378 -0.0012122501513662635 0.9999817194364868 -0.005907036904022361 -0.0008512731215924784 0.0059059639795417535 0.9999823124437341 -0.08118364597477523 0.009771129136268542 -0.11895021276505702
FixedParameters: 0 0 0
#Transform 124
Transform: MatrixOffsetTransformBase_double_3_3
Parameters: 0.9999990965745774 0.000926434814877995 0.0010217354628383533 -0.0009197923733492147 0.9999752453659968 -0.006927871826155174 -0.001028886685823471 0.00692712874357726 0.999975869495181 -0.08594616856063908 0.005900101330027496 -0.14982587969566907
FixedParameters: 0 0 0
#Transform 125
Transform: MatrixOffsetTransformBase_double_3_3
Parameters: 0.9999991799989568 0.0009207081949875098 0.0009860851614381376 -0.0009163900316392641 0.9999895354546936 -0.004541909902046157 -0.0009900312291346513 0.004540094732587208 0.9999894029303594 -0.09053857806159726 -0.010477068823192326 -0.08836929048572983
FixedParameters: 0 0 0
#Transform 126
Transform: MatrixOffsetTransformBase_double_3_3
Parameters: 0.9999997076091797 0.000897165954449077 0.0006985304543582531 -0.0008927410528709775 0.9999798370125905 -0.006359640217218243 -0.0007035239549691458 0.006359372006704472 0.9999799831947238 -0.0790283787206647 0.022983919901349736 -0.12804265438157358
FixedParameters: 0 0 0
#Transform 127
Transform: MatrixOffsetTransformBase_double_3_3
Parameters: 0.9999986153605187 0.0009419097361474257 0.0012237767310978689 -0.0009353498735808392 0.999987405041822 -0.004980157371414717 -0.0012286464303297264 0.004978842008687104 0.9999866191443978 -0.09333809050468744 0.019249319597975045 -0.07806739626902015
FixedParameters: 0 0 0
#Transform 128
Transform: MatrixOffsetTransformBase_double_3_3
Parameters: 0.9999984539335214 0.001181104788898907 0.0010731470002361717 -0.0011742510844797763 0.9999807918158088 -0.0061572797693907055 -0.0010800978637834134 0.0061557304875996255 0.999980856303804 -0.0894607723166132 0.005603724685826705 -0.11027473876990257
FixedParameters: 0 0 0
#Transform 129
Transform: MatrixOffsetTransformBase_double_3_3
Parameters: 0.9999986639046637 0.0013264462023890957 0.000760060530867663 -0.0013215903282895846 0.9999840115956192 -0.005415014901185303 -0.000767094220798716 0.00541397947406079 0.99998501825519 -0.0836188466718113 -0.00006945413859682503 -0.09998092447058582
FixedParameters: 0 0 0
#Transform 130
Transform: MatrixOffsetTransformBase_double_3_3
Parameters: 0.9999981891155828 0.0010122591285212882 0.0013366640538736078 -0.0010031021147740321 0.9999777694515791 -0.0065812770264884884 -0.0013432090241956806 0.006579726436279229 0.9999778126822519 -0.09760230763410505 0.026106754188532477 -0.15385166598430544
FixedParameters: 0 0 0
#Transform 131
Transform: MatrixOffsetTransformBase_double_3_3
Parameters: 0.9999980335324301 0.0010968725056329158 0.0013277832378714792 -0.0010895846283935763 0.9999818925976839 -0.005923389856262645 -0.001334016475047948 0.00592261634739065 0.9999819763727457 -0.10329968923147703 0.009442170816498674 -0.11562847170488055
FixedParameters: 0 0 0
#Transform 132
Transform: MatrixOffsetTransformBase_double_3_3
Parameters: 0.9999986659360635 0.0011628875484452565 0.001407790945067786 -0.0011541884651926893 0.9999786639912092 -0.006410562200182449 -0.0014148465566352984 0.006408441933357795 0.9999788376256652 -0.09588774940488065 0.013480391828807115 -0.1468409708788272
FixedParameters: 0 0 0
#Transform 133
Transform: MatrixOffsetTransformBase_double_3_3
Parameters: 0.9999988027447232 0.0009889146232353258 0.001489195229648203 -0.0009793496082833465 0.9999768003127616 -0.006738400980046688 -0.001496573055864881 0.00673759902524361 0.9999762000407738 -0.09465739133541717 0.024967378097102255 -0.13330289414254537
FixedParameters: 0 0 0
#Transform 134
Transform: MatrixOffsetTransformBase_double_3_3
Parameters: 0.9999981157895184 0.0010951993291976431 0.0012984769393444386 -0.0010855119187418202 0.9999726743978847 -0.007296347513337603 -0.0013055940433907972 0.007294658011059732 0.9999729912176781 -0.09997377784461037 -0.007087092936956196 -0.16384741973732275
FixedParameters: 0 0 0
#Transform 135
Transform: MatrixOffsetTransformBase_double_3_3
Parameters: 0.9999979744934607 0.0012327307127588116 0.0015825733863484208 -0.0012216373805554084 0.9999745160900395 -0.007081959922264472 -0.0015919932911960294 0.007080037233322858 0.9999731759439283 -0.09774918333272353 0.019069057479015328 -0.1401533997478026
FixedParameters: 0 0 0
#Transform 136
Transform: MatrixOffsetTransformBase_double_3_3
Parameters: 0.9999984652006381 0.001375599345192058 0.0012815861378794359 -0.001366446711793854 0.9999732462025264 -0.007144771525084706 -0.0012913864521204705 0.007143217017167525 0.9999731442156694 -0.08921265764315933 -0.008640697486370641 -0.13532403146207628
FixedParameters: 0 0 0
#Transform 137
Transform: MatrixOffsetTransformBase_double_3_3
Parameters: 0.9999981662331369 0.0009789013090941798 0.0013692193602240037 -0.0009696180051072923 0.9999734521178651 -0.007195268244344008 -0.001376358002714771 0.007194729774768871 0.9999731766663542 -0.09419465909515168 0.020368380671243358 -0.15845400183349057
FixedParameters: 0 0 0
#Transform 138
Transform: MatrixOffsetTransformBase_double_3_3
Parameters: 0.9999982169285119 0.0012402358405805267 0.0011159851611897418 -0.0012326122871519295 0.9999794215332013 -0.006262393934116414 -0.0011239202678665018 0.006261597572531891 0.999979369337319 -0.10116665961425042 -0.00654142887161413 -0.1256748494471367
FixedParameters: 0 0 0
#Transform 139
Transform: MatrixOffsetTransformBase_double_3_3
Parameters: 0.9999982953908398 0.0009744850820755222 0.0013246980250850972 -0.0009656653443259314 0.999975783830297 -0.006888221689835744 -0.0013312627366971954 0.006887781649174404 0.9999756212601492 -0.10944276262279118 0.011199173303637622 -0.1595033550155449
FixedParameters: 0 0 0
#Transform 140
Transform: MatrixOffsetTransformBase_double_3_3
Parameters: 0.9999991609233709 0.0009434246057580829 0.0009738977868364258 -0.0009370475650639899 0.9999749217184045 -0.007090931526981592 -0.0009805961181151308 0.007090080393037934 0.9999746874302236 -0.09868919320538794 -0.012635560599235873 -0.1436453740044641
FixedParameters: 0 0 0
#Transform 141
Transform: MatrixOffsetTransformBase_double_3_3
Parameters: 0.9999984664867972 0.0009988031032011114 0.0015923651141652206 -0.0009874209799951334 0.9999738572656816 -0.007159509951108103 -0.0015996206119436366 0.007157489806442624 0.9999731195748395 -0.1076619480312786 0.014791741227000443 -0.14739325349248134
FixedParameters: 0 0 0
#Transform 142
Transform: MatrixOffsetTransformBase_double_3_3
Parameters: 0.9999983547935064 0.0012349165680876192 0.0010584511209118933 -0.0012284290802050996 0.999980825309182 -0.0060683208148907125 -0.0010658488160267775 0.006067677491412932 0.999980887520146 -0.11181589604321118 0.00498619321700744 -0.10841703241037237
FixedParameters: 0 0 0
#Transform 143
Transform: MatrixOffsetTransformBase_double_3_3
Parameters: 0.9999987542231541 0.0009588232363113792 0.001151559742412573 -0.0009518167364827562 0.9999772047539148 -0.006706109733403798 -0.001157654412154462 0.006704890244801684 0.9999766209475685 -0.10430298909419378 0.008144598492208388 -0.12201675722100447
FixedParameters: 0 0 0
#Transform 144
Transform: MatrixOffsetTransformBase_double_3_3
Parameters: 0.9999981169754436 0.0009784773419023501 0.0013875210607597508 -0.0009709179782494444 0.9999826144779809 -0.005797287018567784 -0.0013931011738265427 0.005796713200305281 0.9999822914652112 -0.11968794187640697 0.00814302153590063 -0.10087131232903346
FixedParameters: 0 0 0
#Transform 145
Transform: MatrixOffsetTransformBase_double_3_3
Parameters: 0.9999979401061236 0.0013391221721276447 0.001505958418099196 -0.0013283543872279764 0.9999750813278802 -0.006951025669677494 -0.0015146265447049465 0.006948970093364759 0.9999742525432642 -0.09739868720980382 0.03472464794346308 -0.13143737985085124
FixedParameters: 0 0 0
#Transform 146
Transform: MatrixOffsetTransformBase_double_3_3
Parameters: 0.9999988309703406 0.0012104758462731827 0.0008387707249587642 -0.0012056904738089605 0.9999810253644618 -0.0060500265005482 -0.0008459193715824814 0.0060489778095501184 0.999981611970018 -0.08568102363237529 0.0070347668741987945 -0.09220980162376691
FixedParameters: 0 0 0
#Transform 147
Transform: MatrixOffsetTransformBase_double_3_3
Parameters: 0.9999982566848838 0.0013223996806450756 0.0009978911061094616 -0.0013147327460405246 0.9999717674507027 -0.007393335315600019 -0.001006765801782859 0.007392665151899902 0.9999721747641221 -0.10388390825609406 0.03949528504755051 -0.11945884563110098
FixedParameters: 0 0 0
#Transform 148
Transform: MatrixOffsetTransformBase_double_3_3
Parameters: 0.9999991087857211 0.0010981257899701545 0.0008286413626656756 -0.0010925176640839383 0.9999815989955223 -0.00602392236176004 -0.0008344506626394304 0.006023087297545554 0.9999819439352826 -0.10936094286434184 0.03719704716128547 -0.08584333055659954
FixedParameters: 0 0 0
#Transform 149
Transform: MatrixOffsetTransformBase_double_3_3
Parameters: 0.9999988423079487 0.000990644325613462 0.0014753690932727765 -0.0009784069606973578 0.9999626253765621 -0.008631463283943194 -0.0014832430549753606 0.008629536977482727 0.9999612429771059 -0.1084190088019028 0.03483222284314991 -0.1651840107463869
FixedParameters: 0 0 0
#Transform 150
Transform: MatrixOffsetTransformBase_double_3_3
Parameters: 0.9999993527504896 0.0010242233308907314 0.0007736862694710416 -0.0010189630906539868 0.9999795677635795 -0.006276792195211073 -0.0007801199230794353 0.006275204820106975 0.9999800078458012 -0.0929069854153255 0.028956570526148084 -0.08519304616696388
FixedParameters: 0 0 0
#Transform 151
Transform: MatrixOffsetTransformBase_double_3_3
Parameters: 0.9999988922485308 0.0009545577837270638 0.0010940990151300097 -0.0009466621239946112 0.9999720688557 -0.0074240490696449585 -0.0011004989958665538 0.007422949409223306 0.9999716051230976 -0.08197671984854082 0.027758403040337498 -0.1472985261305837
FixedParameters: 0 0 0
#Transform 152
Transform: MatrixOffsetTransformBase_double_3_3
Parameters: 0.9999983339564861 0.0009722674768741407 0.0013114750991552768 -0.0009646700268385154 0.9999803828829521 -0.006146197766740774 -0.0013176580430631023 0.006144801405952763 0.9999804159745724 -0.10312628436248872 0.022566760544236786 -0.09330287621891387
FixedParameters: 0 0 0
#Transform 153
Transform: MatrixOffsetTransformBase_double_3_3
Parameters: 0.9999984789055029 0.0009691174817533064 0.0012575131754142114 -0.0009600484739425347 0.9999721126395115 -0.007352139343841699 -0.0012648964404476434 0.007350856133332265 0.9999722756662696 -0.10878794026338312 0.025393027604735607 -0.1309876368590892
FixedParameters: 0 0 0
#Transform 154
Transform: MatrixOffsetTransformBase_double_3_3
Parameters: 0.9999984012915792 0.0013762374733429395 0.0013052816165767072 -0.00136583648292745 0.9999657960746235 -0.008215816869662426 -0.0013168585282706791 0.008214194902805796 0.9999656302717914 -0.09541371251074793 0.024151041318788202 -0.15933249338283417
FixedParameters: 0 0 0
#Transform 155
Transform: MatrixOffsetTransformBase_double_3_3
Parameters: 0.9999983066005439 0.0009740219307373199 0.0013207922086342725 -0.0009654729338841227 0.9999768122121077 -0.006807293277561105 -0.0013271943311600827 0.006805711942269019 0.9999758363329656 -0.09334150783520556 -0.006303349280301518 -0.11330029013660692
FixedParameters: 0 0 0
#Transform 156
Transform: MatrixOffsetTransformBase_double_3_3
Parameters: 0.9999985121441073 0.00096815885504367 0.0012454752685274208 -0.0009589675354171309 0.9999718722667296 -0.007441138268940814 -0.00125201935936165 0.007440868215988328 0.9999719012658778 -0.0762980528690349 0.052546938089662376 -0.11839397830725318
FixedParameters: 0 0 0
#Transform 157
Transform: MatrixOffsetTransformBase_double_3_3
Parameters: 0.9999989007103772 0.0009003064877859401 0.0011355987983862276 -0.0008922795284584705 0.9999758879506193 -0.0068119424296468195 -0.0011411738013661877 0.0068110516492509016 0.9999762186108166 -0.09528990341566157 0.0016658082780338646 -0.10003256151011897
FixedParameters: 0 0 0
#Transform 158
Transform: MatrixOffsetTransformBase_double_3_3
Parameters: 0.9999989155788015 0.0009535266938021931 0.0010842600704933682 -0.0009460551962716056 0.9999729399097693 -0.007297038032086603 -0.0010904066313132256 0.007295959101869323 0.9999724963928127 -0.0937392194376514 0.03353893337359182 -0.15217086687611925
FixedParameters: 0 0 0
#Transform 159
Transform: MatrixOffsetTransformBase_double_3_3
Parameters: 0.9999998779117416 0.0003487130967802615 0.000015207369112985628 -0.00034932992363573425 0.999978844077533 -0.006560011648438072 -0.000017711373266136472 0.006560000160593271 0.9999789656285547 -0.059933352635638926 -0.0027372806277270456 -0.1285342792290578
FixedParameters: 0 0 0
#Transform 160
Transform: MatrixOffsetTransformBase_double_3_3
Parameters: 0.9999994286054464 0.0006988004677601109 0.0010407145498940423 -0.0006918086170988025 0.9999719387403777 -0.0074557231227233706 -0.0010453610402728364 0.0074542726486507005 0.9999713342588082 -0.10837627089718183 0.02568047696243525 -0.13551119377974885
FixedParameters: 0 0 0
#Transform 161
Transform: MatrixOffsetTransformBase_double_3_3
Parameters: 0.9999990621160745 0.0009470538590550848 0.0010201463535439448 -0.0009409577250850677 0.9999771668489074 -0.0066358913995118035 -0.0010260390594614935 0.006635109668844008 0.999977834527872 -0.08320008008662683 0.009393878912277387 -0.10424794549230398
FixedParameters: 0 0 0
#Transform 162
Transform: MatrixOffsetTransformBase_double_3_3
Parameters: 0.999998751263943 0.0009608517338161651 0.0011509396477233738 -0.0009518606897120598 0.9999647820006153 -0.008390115797243053 -0.0011591088618285474 0.00838889310320963 0.999964199212174 -0.1012877151095779 0.010535094562982295 -0.15272539064338275
FixedParameters: 0 0 0
#Transform 163
Transform: MatrixOffsetTransformBase_double_3_3
Parameters: 0.9999989544998107 0.0009511809137055426 0.0010680677012934318 -0.0009446983743920602 0.9999786786862357 -0.006520025466507068 -0.0010737926828564236 0.006518981665822932 0.9999782670599463 -0.10145248120025485 0.0004480350595343907 -0.09399145392160335
FixedParameters: 0 0 0
#Transform 164
Transform: MatrixOffsetTransformBase_double_3_3
Parameters: 0.9999989401471827 0.0009534599618998155 0.001072492427340521 -0.0009453115203693753 0.9999667810828575 -0.00814903359727065 -0.0010801689842942534 0.008147976432429774 0.9999663606054882 -0.10364056055945525 0.05631458177981585 -0.14448211553691692
FixedParameters: 0 0 0
#Transform 165
Transform: MatrixOffsetTransformBase_double_3_3
Parameters: 0.9999993206081909 0.0008286019515977366 0.0009964658016770158 -0.0008217016971381666 0.9999769928723974 -0.00673882950124173 -0.0010020297439606366 0.006738166992177608 0.9999765119259247 -0.09837034594818306 -0.0001814647864790686 -0.0942369510201786
FixedParameters: 0 0 0
#Transform 166
Transform: MatrixOffsetTransformBase_double_3_3
Parameters: 0.9999993770689869 0.0008625496108823647 0.0009374193188210825 -0.0008553988868341853 0.9999688756518852 -0.007776731001722187 -0.0009441438205463325 0.00777626466199173 0.9999695516689892 -0.09481291452537732 0.05675107633506116 -0.17369002346593732
FixedParameters: 0 0 0
#Transform 167
Transform: MatrixOffsetTransformBase_double_3_3
Parameters: 0.9999991314346551 0.0008829158515046025 0.00029781457602407445 -0.0008813009531867866 0.9999765311921801 -0.006838352443635468 -0.0003036536711102247 0.0068386451254139335 0.9999760689810892 -0.0944508758086755 0.006912346303465711 -0.11405795876653713
FixedParameters: 0 0 0
#Transform 168
Transform: MatrixOffsetTransformBase_double_3_3
Parameters: 0.9999983562900259 0.0009740694834397334 0.0013016343754410275 -0.0009643874686414594 0.9999671140638593 -0.008069275891088815 -0.001309316316261326 0.008068718388960353 0.9999660225451004 -0.10029819464355683 0.029419358666061157 -0.15942131403269855
FixedParameters: 0 0 0
#Transform 169
Transform: MatrixOffsetTransformBase_double_3_3
Parameters: 0.9999992310817594 0.0009395726678268231 0.0009408579641278689 -0.0009344113645820526 0.999980608130831 -0.006212894587050405 -0.0009469434560868126 0.006212112289367494 0.9999804318169047 -0.11639478605306408 0.008070618476978098 -0.07258728615599352
FixedParameters: 0 0 0
#Transform 170
Transform: MatrixOffsetTransformBase_double_3_3
Parameters: 0.999999371551306 0.0009348073252145255 0.0008685313418556735 -0.0009283777318564271 0.9999683516344332 -0.007928822060144142 -0.0008756718640494866 0.007928183723662316 0.9999682956195456 -0.08414536810056461 0.026318849386470333 -0.1483371538574687
FixedParameters: 0 0 0
#Transform 171
Transform: MatrixOffsetTransformBase_double_3_3
Parameters: 0.9999991908515783 0.0008813166909484685 0.0010160345242136058 -0.00087457633420744 0.9999786759993768 -0.006529904227082925 -0.0010219430016388462 0.0065291015446983375 0.9999782451267276 -0.13129287294303538 0.0025598565222395564 -0.09800945474248124
FixedParameters: 0 0 0
#Transform 172
Transform: MatrixOffsetTransformBase_double_3_3
Parameters: 0.9999990874899267 0.0007868382852630681 0.001137197809870358 -0.000778277791245702 0.9999711126090467 -0.007507814886274583 -0.0011432274596966689 0.007507180193413732 0.9999712481632045 -0.10863945580419454 0.023511383089740434 -0.1418493379954242
FixedParameters: 0 0 0
#Transform 173
Transform: MatrixOffsetTransformBase_double_3_3
Parameters: 0.999997973769023 0.0009845831411880587 0.0014340355666047112 -0.0009745890301891935 0.9999745371260199 -0.007118420515451071 -0.0014410999925204746 0.007117577179402451 0.9999731034514944 -0.12219150663013068 0.021224600007272443 -0.13453570797358338
FixedParameters: 0 0 0
#Transform 174
Transform: MatrixOffsetTransformBase_double_3_3
Parameters: 0.9999988633473835 0.0009895186502695819 0.0014687316187850772 -0.0009774660402726708 0.9999653944573859 -0.008295385579285539 -0.0014770063869286878 0.008294624891246716 0.9999648522781854 -0.12909191494523498 0.023607829442838124 -0.19299240806124374
FixedParameters: 0 0 0
#Transform 175
Transform: MatrixOffsetTransformBase_double_3_3
Parameters: 0.9999986463940472 0.00099689954911395 0.0015356449968301808 -0.0009832152141291337 0.9999582505306681 -0.00910746040096519 -0.0015454727797540417 0.009106546321905523 0.9999575173257766 -0.1195492327811678 0.04767305709854952 -0.18729731219497125
FixedParameters: 0 0 0
#Transform 176
Transform: MatrixOffsetTransformBase_double_3_3
Parameters: 0.9999982863111012 0.0008835345595527823 0.0013902115591445806 -0.0008727721704376283 0.9999677971875479 -0.00797515625457218 -0.0013972552503114634 0.007974844863284716 0.9999672857560464 -0.11670107667268326 0.01703944617820241 -0.15470499423958017
FixedParameters: 0 0 0
#Transform 177
Transform: MatrixOffsetTransformBase_double_3_3
Parameters: 0.9999990638681896 0.0005609698233639673 0.0012733124788622079 -0.0005498374723277864 0.9999601850738586 -0.008921637701690396 -0.0012782529347153977 0.008921370424869082 0.9999596891528141 -0.12809752240846706 0.08346614070609348 -0.18294547479960954
FixedParameters: 0 0 0
#Transform 178
Transform: MatrixOffsetTransformBase_double_3_3
Parameters: 0.9999992678613299 0.0005526206737066923 0.001194144724122903 -0.0005431601218872309 0.9999675549218192 -0.008014579807309519 -0.0011991177229281182 0.008014418437219256 0.9999672464146357 -0.1379800844974426 0.011841138829595366 -0.1629518748593597
FixedParameters: 0 0 0
#Transform 179
Transform: MatrixOffsetTransformBase_double_3_3
Parameters: 0.9999991897152344 0.0007252896272512156 0.0011330939725022703 -0.000713851564678092 0.9999489941441972 -0.010074814018112319 -0.001140629184162148 0.010073177870492 0.9999482194594556 -0.12021339494963001 0.01078602457343436 -0.27043314257628026
FixedParameters: 0 0 0
#Transform 180
Transform: MatrixOffsetTransformBase_double_3_3
Parameters: 0.9999998778745938 0.0006947765615217397 0.0007994318043700222 -0.000689304064677486 0.9999755010147199 -0.006935557059651751 -0.0008045530350833263 0.006935433596168286 0.9999751734204546 -0.12644659338556608 -0.005209599285009858 -0.1282330248233876
FixedParameters: 0 0 0
#Transform 181
Transform: MatrixOffsetTransformBase_double_3_3
Parameters: 0.9999990378840948 0.0005607174964817977 0.0012837776553398645 -0.0005507335018302013 0.9999674085020638 -0.008018631054308334 -0.0012878015327960856 0.008017365267700208 0.9999670506341254 -0.11619965744009164 0.04309282621051125 -0.1676165302719994
FixedParameters: 0 0 0
#Transform 182
Transform: MatrixOffsetTransformBase_double_3_3
Parameters: 0.9999996305843465 0.00046825829226762865 0.0010726019363401383 -0.0004608800035867057 0.999975334524206 -0.007032498210644084 -0.0010754902900377416 0.007031500263030899 0.999974396766525 -0.11872060613124802 -0.0010664663651880346 -0.13671414271678373
FixedParameters: 0 0 0
#Transform 183
Transform: MatrixOffsetTransformBase_double_3_3
Parameters: 0.9999985758297969 0.0006628398296332565 0.0014089364347832775 -0.0006518793809208251 0.9999653077092787 -0.00832785726019479 -0.0014138365495576038 0.008327151554723619 0.9999645710460228 -0.11492922700331576 0.011805520173766126 -0.17531273097203837
FixedParameters: 0 0 0
#Transform 184
Transform: MatrixOffsetTransformBase_double_3_3
Parameters: 0.9999993733414264 0.000546978024440172 0.0011521636249791135 -0.0005397673032253485 0.9999788112567167 -0.006473547356277698 -0.0011555527833428947 0.006472456720133399 0.9999787616886545 -0.12711476099491392 -0.006719624112250244 -0.11376925005453131
FixedParameters: 0 0 0
#Transform 185
Transform: MatrixOffsetTransformBase_double_3_3
Parameters: 0.9999981802637815 0.0006591304875379965 0.0015444760567028054 -0.0006458178702545829 0.9999596518934255 -0.009000940405873278 -0.0015500092152012613 0.0090000711950554 0.9999585068698787 -0.12156503012911912 0.03684029087618512 -0.1946952703615068
FixedParameters: 0 0 0
#Transform 186
Transform: MatrixOffsetTransformBase_double_3_3
Parameters: 0.9999988076410679 0.0005946498350218663 0.0016849347216441831 -0.0005827601457131627 0.9999778445381452 -0.006700921052818942 -0.0016889328147260232 0.006700084715324114 0.9999761685842957 -0.12069459938159355 0.0022697545303316247 -0.10957968163071996
FixedParameters: 0 0 0
#Transform 187
Transform: MatrixOffsetTransformBase_double_3_3
Parameters: 0.9999985240235579 0.0007730833125351272 0.001696569921550727 -0.0007605660884723892 0.9999707088431047 -0.007668232338508871 -0.0017021990279212345 0.007666775940976631 0.999969232174178 -0.11047307224566794 0.052669542235122435 -0.14023772601721873
FixedParameters: 0 0 0
#Transform 188
Transform: MatrixOffsetTransformBase_double_3_3
Parameters: 0.999998385451618 0.0005795392773609071 0.0015094395622577152 -0.0005690267985625426 0.999975442403825 -0.007022795787337402 -0.0015136142400333245 0.0070222095749210706 0.9999743107171527 -0.11914430957602917 0.022793597665923926 -0.1327355355384583
FixedParameters: 0 0 0
#Transform 189
Transform: MatrixOffsetTransformBase_double_3_3
Parameters: 0.999998344051617 0.0007514662592820386 0.001446126944870283 -0.0007390515136770199 0.9999651802327385 -0.0082679991653542 -0.001452483575970628 0.008266988806868367 0.9999644583791281 -0.10296971713080438 0.06917712708600732 -0.15139098811573604
FixedParameters: 0 0 0
#Transform 190
Transform: MatrixOffsetTransformBase_double_3_3
Parameters: 0.9999984261282571 0.0005778276112952576 0.0014967049313322634 -0.0005676119245338882 0.9999775174175274 -0.006651779634500421 -0.001500514612421015 0.006651212945202059 0.9999764228200382 -0.11441585549364675 0.0384215847702194 -0.10868607786946427
FixedParameters: 0 0 0
#Transform 191
Transform: MatrixOffsetTransformBase_double_3_3
Parameters: 0.999998309037424 0.0008501082131248822 0.0014029931880402834 -0.0008380706920626834 0.9999645602409698 -0.008356110755179169 -0.001410135941571336 0.008354886075972234 0.999964117531297 -0.10500466066690706 0.0407692219507112 -0.17759538038156109
FixedParameters: 0 0 0
#Transform 192
Transform: MatrixOffsetTransformBase_double_3_3
Parameters: 0.9999988851959163 0.0005643517469747491 0.0013401418524986199 -0.0005553586176770709 0.9999751725348482 -0.00697167208225917 -0.0013441387145540992 0.006971319153591879 0.9999745078654755 -0.11055791878933974 0.022879894051783367 -0.1345473585903818
FixedParameters: 0 0 0
#Transform 193
Transform: MatrixOffsetTransformBase_double_3_3
Parameters: 0.9999981144155518 0.0008263199038893293 0.0014840308653127797 -0.0008130128830897989 0.9999594957390504 -0.008996150291728539 -0.0014916508448672248 0.008994861071660795 0.9999587771429548 -0.10956616569269784 0.01987737494962971 -0.1727499129785457
FixedParameters: 0 0 0
#Transform 194
Transform: MatrixOffsetTransformBase_double_3_3
Parameters: 0.9999992224095153 0.0007877806263067887 0.0010751762144359093 -0.0007802075769255955 0.9999746042626056 -0.007056765751195682 -0.0010815980512652356 0.0070552381542179216 0.9999750425642165 -0.11510312177055937 0.027847563549727283 -0.11461539498240825
FixedParameters: 0 0 0
#Transform 195
Transform: MatrixOffsetTransformBase_double_3_3
Parameters: 0.999999549794988 0.0005422716689098019 0.0010754490871121131 -0.0005329361948916299 0.9999652108024113 -0.008341583347274181 -0.001079694082980325 0.008341411287001665 0.9999641753217988 -0.10062118893833372 0.006364332352745805 -0.18161058922807172
FixedParameters: 0 0 0
#Transform 196
Transform: MatrixOffsetTransformBase_double_3_3
Parameters: 0.9999984835624998 0.0007194712408997305 0.0014138628457245701 -0.0007075089676887567 0.9999657228572133 -0.008298016579415854 -0.001419736973025736 0.00829698137000881 0.9999640612533864 -0.11933752656418051 0.06098555492391711 -0.16142074719854804
FixedParameters: 0 0 0
#Transform 197
Transform: MatrixOffsetTransformBase_double_3_3
Parameters: 0.9999983330021428 0.0005828473707582198 0.001525687201852763 -0.0005704195999415803 0.99996652285745 -0.00819980982141906 -0.001530091819112697 0.008199197627683105 0.9999653441333546 -0.11710244378076595 0.0071282544906665635 -0.18045139454653736
FixedParameters: 0 0 0
#Transform 198
Transform: MatrixOffsetTransformBase_double_3_3
Parameters: 0.9999990767804465 0.0007449782976909136 0.0011698717777938747 -0.0007351942766924211 0.9999693727498259 -0.007820873356887817 -0.0011757270151739564 0.007820123955001756 0.9999683816821647 -0.11182274175240536 0.04406790176666675 -0.16016311514546544
FixedParameters: 0 0 0
#Transform 199
Transform: MatrixOffsetTransformBase_double_3_3
Parameters: 0.9999990290379139 0.0005606925112902135 0.0012868941329855933 -0.0005503290729517804 0.9999691181362403 -0.007788635901394503 -0.0012917381746743615 0.007788353316217134 0.9999685876217679 -0.11936257461049138 0.010404782830363501 -0.14016071017283593
FixedParameters: 0 0 0
#Transform 200
Transform: MatrixOffsetTransformBase_double_3_3
Parameters: 0.9999990609302025 0.0007012932526904242 0.0012031580295173694 -0.0006929429605690272 0.9999724271412754 -0.007427846609438585 -0.0012077112752172613 0.007427152502016032 0.9999712967079833 -0.12581175101537667 0.05843192563276034 -0.1370146560136618
FixedParameters: 0 0 0
#Transform 201
Transform: MatrixOffsetTransformBase_double_3_3
Parameters: 0.9999999783518562 0.000729481309865549 0.0006994314581714982 -0.000725412440430089 0.9999808317417053 -0.006216515835583858 -0.0007040789284541792 0.006215494847556846 0.9999808684657702 -0.109133960342362 0.02200511985989806 -0.09183698716491051
FixedParameters: 0 0 0
#Transform 202
Transform: MatrixOffsetTransformBase_double_3_3
Parameters: 0.999999351759746 0.0005483225734012056 0.0011608689450344283 -0.0005398956753819144 0.9999754631401551 -0.006946550311852859 -0.0011647823880989623 0.006945448213301952 0.999975393594349 -0.12700860542247483 0.04233016480010576 -0.09375661331134211
FixedParameters: 0 0 0
#Transform 203
Transform: MatrixOffsetTransformBase_double_3_3
Parameters: 0.9999986156449688 0.0007638021205674021 0.001342204439084421 -0.0007536927639493206 0.9999730538728644 -0.0073119479294031925 -0.0013474971806459318 0.007311056996320023 0.9999726441789896 -0.11810123058106115 0.022669970336337997 -0.08755349821264247
FixedParameters: 0 0 0
#Transform 204
Transform: MatrixOffsetTransformBase_double_3_3
Parameters: 0.9999983726797965 0.001197230004410629 0.0010924708588321574 -0.0011904665302363247 0.9999780256048187 -0.0064592405883072 -0.001100261195861396 0.006458759242087081 0.9999789087895672 -0.12700336636804366 0.07708663844664443 -0.006203883508419494
FixedParameters: 0 0 0
#Transform 205
Transform: MatrixOffsetTransformBase_double_3_3
Parameters: 0.9999981539379129 0.0010704039264411865 0.0013042190053183082 -0.0010629594076030358 0.9999834211164673 -0.005710407729519626 -0.001309765275536891 0.00570959256233039 0.9999825240420351 -0.10259427926958153 0.09890674765816243 0.13039181414819723
FixedParameters: 0 0 0
#Transform 206
Transform: MatrixOffsetTransformBase_double_3_3
Parameters: 0.9999984167144502 0.0012760517663461216 0.0009774008294470744 -0.0012702741888266519 0.9999804345652932 -0.006167260453555604 -0.0009845562326022148 0.006165749112632513 0.9999809298737532 -0.09786628439188405 0.12972980213341145 0.08385863573064967
FixedParameters: 0 0 0
#Transform 207
Transform: MatrixOffsetTransformBase_double_3_3
Parameters: 0.9999981951265607 0.0011084953949648331 0.0012553936585875127 -0.001094640058606428 0.9999385517681831 -0.011060399539121732 -0.0012675679148796682 0.011058606811779073 0.9999380105554685 -0.2137631710988046 0.03762493561221447 -0.030275857158898134
FixedParameters: 0 0 0
#Transform 208
Transform: MatrixOffsetTransformBase_double_3_3
Parameters: 0.9999983428906151 0.0012633228129715953 0.0010299058340638835 -0.0012520636112448174 0.9999368944352677 -0.011163311789885735 -0.0010439632501238964 0.011161689990140208 0.9999372376941307 -0.19117786921442814 0.10132000123886087 -0.040863420010282425
FixedParameters: 0 0 0
#Transform 209
Transform: MatrixOffsetTransformBase_double_3_3
Parameters: 0.9999978264451872 0.0010236372491688821 0.0017680290783915651 -0.0010047964986355494 0.9999450820544212 -0.010443728541963931 -0.0017786860412967362 0.010442267771035352 0.9999436257568587 -0.16896737383052596 0.08936370334247101 -0.13452834406234615
FixedParameters: 0 0 0
#Transform 210
Transform: MatrixOffsetTransformBase_double_3_3
Parameters: 0.999998686531886 0.0005851460061076751 0.0014041741084748055 -0.0005771120518273732 0.9999843175417119 -0.005606744201346298 -0.0014070449366208218 0.005606260407233055 0.999983502749571 -0.1589056546136618 0.023845846310678098 -0.06553768611219368
FixedParameters: 0 0 0
#Transform 211
Transform: MatrixOffsetTransformBase_double_3_3
Parameters: 0.9999965026718046 0.0005628482731078764 0.0024859228464798413 -0.0005386994935372635 0.9999534921598981 -0.009608126772198633 -0.002491549804801529 0.009606861787847476 0.9999503979493272 -0.16793238022052037 0.08232583659997772 -0.22265161550298274
FixedParameters: 0 0 0
#Transform 212
Transform: MatrixOffsetTransformBase_double_3_3
Parameters: 0.9999971720188299 0.0012469654244958832 0.0018091375097255558 -0.001226000435718426 0.9999296791982271 -0.011789173796685051 -0.0018234489924192853 0.011786818478722913 0.9999285690329343 -0.1871573837440934 0.125753011437709 -0.27064683834902326
FixedParameters: 0 0 0
#Transform 213
Transform: MatrixOffsetTransformBase_double_3_3
Parameters: 0.9999972556396237 0.0007793238098617377 0.002033957516199536 -0.0007588019947105064 0.9999495084304036 -0.010050416957972569 -0.0020417147963069024 0.01004859565056504 0.9999477568425125 -0.19121726007752216 0.06027207185206862 -0.19159488604471164
FixedParameters: 0 0 0
#Transform 214
Transform: MatrixOffsetTransformBase_double_3_3
Parameters: 0.9999984269339378 0.0012775307801030917 0.0013926208566435825 -0.0012633754415551728 0.9999418111468141 -0.010758797164941547 -0.0014066041518488574 0.010757213926244999 0.9999411396355947 -0.17221201113426332 0.11008319231601149 -0.23648070675731958
FixedParameters: 0 0 0
#Transform 215
Transform: MatrixOffsetTransformBase_double_3_3
Parameters: 0.9999985820773103 0.0008766943456159327 0.0012843371245474554 -0.0008624032746925663 0.9999428214458199 -0.01070113033798327 -0.001293826655648474 0.010699875002581946 0.9999417524800174 -0.18002395972587237 0.07314101574485221 -0.2110773401439161
FixedParameters: 0 0 0
#Transform 216
Transform: MatrixOffsetTransformBase_double_3_3
Parameters: 0.9999981969327799 0.0011692573905755144 0.0011975996912348464 -0.0011569064455717597 0.999939592544371 -0.010961412653018004 -0.0012109043470882313 0.01095959785353251 0.999939331768064 -0.17748086092865378 0.0835276559316469 -0.2371956204041652
FixedParameters: 0 0 0
#Transform 217
Transform: MatrixOffsetTransformBase_double_3_3
Parameters: 0.9999991259955581 0.0010994321637757746 0.0008154790569880477 -0.0010905616245455562 0.9999397308696168 -0.010915905303023402 -0.0008276022698113726 0.010915092652949307 0.9999400916575478 -0.17153066004232187 0.09835968667132988 -0.22270482646037237
FixedParameters: 0 0 0
#Transform 218
Transform: MatrixOffsetTransformBase_double_3_3
Parameters: 0.9999996258271846 0.0009320570076942757 0.0007104569066066113 -0.0009244900861355455 0.9999383633588098 -0.011035659293467046 -0.0007212373816658413 0.011034330249481056 0.9999387126357779 -0.16866738035632522 0.08212565891463441 -0.22216677792839334
FixedParameters: 0 0 0
#Transform 219
Transform: MatrixOffsetTransformBase_double_3_3
Parameters: 0.9999985730129046 0.0010194052372446496 0.001177989687081743 -0.0010054320236707022 0.999934029933776 -0.011447202243728041 -0.0011900542777202989 0.011445791278589065 0.9999334896858452 -0.19695281783454277 0.1048446233845084 -0.23586236798239213
FixedParameters: 0 0 0
#Transform 220
Transform: MatrixOffsetTransformBase_double_3_3
Parameters: 0.9999987537273396 0.0013818183214318175 0.0011562028688906583 -0.001369144987748819 0.9999346714973305 -0.011340612315177898 -0.0011712211353301575 0.01133938403535363 0.9999348825936558 -0.185555461156099 0.08075593611734178 -0.2385169488146488
FixedParameters: 0 0 0
#Transform 221
Transform: MatrixOffsetTransformBase_double_3_3
Parameters: 0.9999988539033678 0.001089224695607457 0.00097948963018273 -0.0010785588995905566 0.9999434428933953 -0.010558068810968935 -0.0009915089869748073 0.010556918969057985 0.9999434831949209 -0.17682797285718266 0.08382718163549896 -0.20367579764064203
FixedParameters: 0 0 0
#Transform 222
Transform: MatrixOffsetTransformBase_double_3_3
Parameters: 0.999998863467068 0.0011561882327133328 0.0008943463358291804 -0.0011461582386727595 0.9999373760450783 -0.011108038658790467 -0.0009070594734943954 0.01110695143653656 0.9999377266764461 -0.17526336258978858 0.10465260503445961 -0.24360180726506542
FixedParameters: 0 0 0
#Transform 223
Transform: MatrixOffsetTransformBase_double_3_3
Parameters: 0.9999974071510375 0.0015880991780678286 0.0014392038856306253 -0.0015718088907609295 0.9999340964775573 -0.011340221393043845 -0.00145661753067134 0.01133778245134856 0.9999351562268705 -0.18049306173931257 0.0981141471274185 -0.20014965422873843
FixedParameters: 0 0 0
#Transform 224
Transform: MatrixOffsetTransformBase_double_3_3
Parameters: 0.999998048034669 0.0011493459749097692 0.001276934080231717 -0.0011356223435525458 0.9999407605235132 -0.010821473309781629 -0.0012894683808920857 0.010820514291203578 0.9999400925347708 -0.17946964976196966 0.0909796000524068 -0.19039344006243653
FixedParameters: 0 0 0
#Transform 225
Transform: MatrixOffsetTransformBase_double_3_3
Parameters: 0.9999983748387103 0.0009774132633496749 0.001291665009109996 -0.0009637099351848791 0.9999369871645495 -0.011143179210742246 -0.0013030139442289472 0.011141810733478391 0.9999370693031087 -0.1709049808918195 0.10876133936034194 -0.2502148873490313
FixedParameters: 0 0 0
#Transform 226
Transform: MatrixOffsetTransformBase_double_3_3
Parameters: 0.9999987182944929 0.0011246307839627206 0.0010088416356759508 -0.0011131900750285457 0.9999378295312418 -0.011046059053509374 -0.0010206173139301789 0.011044938100959703 0.9999388750725822 -0.16731993765380082 0.07438955108409573 -0.23577907420809652
FixedParameters: 0 0 0
#Transform 227
Transform: MatrixOffsetTransformBase_double_3_3
Parameters: 0.9999980562260598 0.001221783650601239 0.0012041707910759216 -0.0012079189407975548 0.9999336845068356 -0.011486485131904547 -0.0012188894172676414 0.011484527941809694 0.9999335292528793 -0.1759405834275185 0.10982271831646528 -0.2579660521879106
FixedParameters: 0 0 0
#Transform 228
Transform: MatrixOffsetTransformBase_double_3_3
Parameters: 0.9999992358200145 0.001173249604474163 0.0006221151687475273 -0.0011666590271876584 0.9999328481101196 -0.011526745595701604 -0.0006353932883586154 0.011526260897944784 0.9999336582869333 -0.18396357020263565 0.06771770086818663 -0.21388249727922926
FixedParameters: 0 0 0
#Transform 229
Transform: MatrixOffsetTransformBase_double_3_3
Parameters: 0.9999985109053086 0.00144038345969738 0.0011885915140385365 -0.0014274229578497557 0.9999323756815005 -0.011561730507191129 -0.0012054853779410392 0.011559284093836872 0.9999328355706115 -0.18057286958321583 0.0857239981265252 -0.250963218477267
FixedParameters: 0 0 0
#Transform 230
Transform: MatrixOffsetTransformBase_double_3_3
Parameters: 0.9999990666960995 0.0011981051993104742 0.0012235964017267044 -0.0011854740371730567 0.9999447463204956 -0.010440474444641981 -0.0012363715175845171 0.010439515744463931 0.9999443271780614 -0.20214466948257837 0.04709994782305671 -0.18886239276437777
FixedParameters: 0 0 0
#Transform 231
Transform: MatrixOffsetTransformBase_double_3_3
Parameters: 0.9999982737059757 0.0012713099093370893 0.0010535078603474428 -0.001259055281835758 0.9999289881615718 -0.011811339130105653 -0.0010682937293126458 0.011809641142412522 0.9999293000379322 -0.18845047405555704 0.09867368924486186 -0.2404295728545378
FixedParameters: 0 0 0
#Transform 232
Transform: MatrixOffsetTransformBase_double_3_3
Parameters: 0.9999986617127516 0.0011735099121586317 0.0009809163781407345 -0.001162119190627889 0.9999353061097043 -0.011288153296124759 -0.0009933410503281922 0.0112868342297259 0.9999355321656678 -0.1890300781550991 0.09666030901790634 -0.2323401979943185
FixedParameters: 0 0 0
#Transform 233
Transform: MatrixOffsetTransformBase_double_3_3
Parameters: 0.9999986110581386 0.0012622154471800503 0.0008926302722302766 -0.0012507358066416322 0.9999295541319632 -0.011830217337152796 -0.0009075040376226243 0.01182877867213758 0.9999291728741533 -0.18479483281092257 0.09552434034540624 -0.2563169062281503
FixedParameters: 0 0 0
#Transform 234
Transform: MatrixOffsetTransformBase_double_3_3
Parameters: 0.9999980612702136 0.0012707205831270826 0.0011507127890195334 -0.001256603390135503 0.9999263345426572 -0.012051468674833934 -0.0011659886969169074 0.012050514180913255 0.9999262629727889 -0.18848371825545485 0.11607189922524697 -0.24309230924190217
FixedParameters: 0 0 0
#Transform 235
Transform: MatrixOffsetTransformBase_double_3_3
Parameters: 0.9999986153581707 0.001375427301244126 0.0007018143851072133 -0.0013671410212465981 0.9999345219524662 -0.01134398117551956 -0.0007182354207082637 0.011343020387713454 0.9999357349709836 -0.18585150244463478 0.06781904313274367 -0.22489103212492978
FixedParameters: 0 0 0
#Transform 236
Transform: MatrixOffsetTransformBase_double_3_3
Parameters: 0.9999986178387035 0.0011714971696342126 0.0014170840597885117 -0.001154759602012779 0.9999255497952368 -0.012176670998100714 -0.0014318931919914026 0.012175330292388264 0.9999245468346064 -0.20018324366527906 0.11667807454944068 -0.24456570382842813
FixedParameters: 0 0 0
#Transform 237
Transform: MatrixOffsetTransformBase_double_3_3
Parameters: 0.9999986539132426 0.0011190559805971526 0.0010454801724727974 -0.0011077958946574356 0.9999380868323569 -0.011083184498788548 -0.0010581329470657848 0.011082815354845343 0.9999378936163087 -0.1822244725314448 0.09083321527140242 -0.18906627870946124
FixedParameters: 0 0 0
#Transform 238
Transform: MatrixOffsetTransformBase_double_3_3
Parameters: 0.9999986897409745 0.0014335360581363163 0.0011203402114100258 -0.001420059992511478 0.9999269060766589 -0.01200962573694754 -0.0011374350244338484 0.012008377377466087 0.9999273408262563 -0.18618578384550233 0.11302645197224592 -0.2425489198623012
FixedParameters: 0 0 0
#Transform 239
Transform: MatrixOffsetTransformBase_double_3_3
Parameters: 0.9999988206492375 0.0014637612784824201 0.0010184546527587368 -0.001451347700694461 0.9999307629083951 -0.01171358773817388 -0.001035587663245386 0.011711416998695282 0.9999306827448454 -0.18950695697849085 0.07436791007492616 -0.22275825990081444
FixedParameters: 0 0 0
#Transform 240
Transform: MatrixOffsetTransformBase_double_3_3
Parameters: 0.9999985250968468 0.0013136346610197053 0.0008649548340272343 -0.0013041765878864416 0.9999314903640208 -0.011614147798516869 -0.000880421666860443 0.011612849763451186 0.999932278733709 -0.19223455985114413 0.1256456111271831 -0.23815864192808078
FixedParameters: 0 0 0
#Transform 241
Transform: MatrixOffsetTransformBase_double_3_3
Parameters: 0.9999981693236962 0.0013172581217106506 0.0010468285674981475 -0.0013053049845211044 0.9999354042990327 -0.0112713906847106 -0.0010613702958104172 0.011270599297936501 0.9999356860063523 -0.19422886619503288 0.07637293207213247 -0.17279809766522192
FixedParameters: 0 0 0
#Transform 242
Transform: MatrixOffsetTransformBase_double_3_3
Parameters: 0.9999984163629827 0.0013266916351735252 0.0009077203818127565 -0.001314354231129058 0.999920005657072 -0.01258622645759272 -0.0009250291566817161 0.012585779308048828 0.9999205830894924 -0.17859345269121718 0.11868744054491742 -0.24748319812900377
FixedParameters: 0 0 0
#Transform 243
Transform: MatrixOffsetTransformBase_double_3_3
Parameters: 0.9999984629978561 0.0012158699517570858 0.0010284225193899763 -0.0012049278697165199 0.9999381452630849 -0.01106726280716773 -0.0010421882958086676 0.0110657430378331 0.9999383751706228 -0.19095807013945887 0.0977522475286321 -0.1465801293228708
FixedParameters: 0 0 0
#Transform 244
Transform: MatrixOffsetTransformBase_double_3_3
Parameters: 0.9999985314277654 0.0014218730819202817 0.0006687941081389132 -0.0014136239575573155 0.99993007978737 -0.011747045722221114 -0.0006854187958407812 0.011745948965831865 0.9999304814880868 -0.1960397690930762 0.10793967887325095 -0.22971926800092035
FixedParameters: 0 0 0
#Transform 245
Transform: MatrixOffsetTransformBase_double_3_3
Parameters: 0.9999987470069426 0.0010576285141279853 0.0010650880730623008 -0.0010468617804782329 0.9999473389671181 -0.010233141555358649 -0.0010756742483753292 0.010232862036778964 0.9999469738246807 -0.19520442590166454 0.09549758292094168 -0.1581110957871914
FixedParameters: 0 0 0
#Transform 246
Transform: MatrixOffsetTransformBase_double_3_3
Parameters: 0.9999982223174256 0.001538822910297293 0.0006405692193482328 -0.001530927943981726 0.9999283337233493 -0.011849006432026993 -0.0006582655265954491 0.011847999384163338 0.9999301045709182 -0.16896758157741942 0.11508316066309021 -0.23397153507691826
FixedParameters: 0 0 0
#Transform 247
Transform: MatrixOffsetTransformBase_double_3_3
Parameters: 0.9999989078654445 0.0012298266092313336 0.0007613309032936821 -0.0012212932921498618 0.9999409600368382 -0.010752940612509268 -0.0007749902751996098 0.010752044272203234 0.9999417086740074 -0.17669472834948863 0.10834391328430115 -0.1937578132098281
FixedParameters: 0 0 0
#Transform 248
Transform: MatrixOffsetTransformBase_double_3_3
Parameters: 0.9999989447993582 0.0011253212968969323 0.0008883251165316034 -0.0011148443008427169 0.9999281985128375 -0.011943013437094668 -0.0009011396768254323 0.011941995593965221 0.9999284892482153 -0.1843832851873799 0.09434544619688268 -0.24479612099436565
FixedParameters: 0 0 0
#Transform 249
Transform: MatrixOffsetTransformBase_double_3_3
Parameters: 0.9999989454781415 0.0011471625553612854 0.0008597857263521716 -0.0011374169846300637 0.9999350975546043 -0.011343999630875373 -0.0008718440369785528 0.011343008121799655 0.9999354894397824 -0.19465886383282793 0.10899351481366182 -0.2081303782860573
FixedParameters: 0 0 0
#Transform 250
Transform: MatrixOffsetTransformBase_double_3_3
Parameters: 0.9999985561441265 0.0013803618759841145 0.000733565363368144 -0.0013723656692464037 0.9999357686662654 -0.011288113023649307 -0.000748868826942703 0.011286895839564146 0.9999359637928917 -0.1836772082507423 0.08997835132424825 -0.21950459692335755
FixedParameters: 0 0 0
#Transform 251
Transform: MatrixOffsetTransformBase_double_3_3
Parameters: 0.9999991312440412 0.0010337633805975366 0.0008946611548281922 -0.0010236870696285242 0.9999369263430827 -0.011184932666212538 -0.000905809080950957 0.011184066993591715 0.999937010882743 -0.1902097144601811 0.09534363647188115 -0.20898613268543897
FixedParameters: 0 0 0
#Transform 252
Transform: MatrixOffsetTransformBase_double_3_3
Parameters: 0.9999988744331987 0.0011718751731861208 0.00086765865283204 -0.0011621788272106251 0.9999360180094714 -0.011212018433176624 -0.0008799700746815819 0.011210965414990046 0.9999364531065644 -0.1901554388573885 0.08613713094483444 -0.19029322196170995
FixedParameters: 0 0 0
#Transform 253
Transform: MatrixOffsetTransformBase_double_3_3
Parameters: 0.9999985771868825 0.001293527179708987 0.0008659826084825631 -0.0012832636753251 0.9999333571674419 -0.01149521626708555 -0.0008807495560821057 0.011494775527563408 0.9999329411738981 -0.1724479689506495 0.10335758696029984 -0.22602789555079994
FixedParameters: 0 0 0
#Transform 254
Transform: MatrixOffsetTransformBase_double_3_3
Parameters: 0.9999989854651283 0.0010743208566170177 0.0009277381170507343 -0.0010629344971288378 0.9999331334765145 -0.01148099506353975 -0.0009404113837650807 0.011479985206737306 0.9999332396357541 -0.18451875056487665 0.060819300678417676 -0.1813287507671646
FixedParameters: 0 0 0
#Transform 255
Transform: MatrixOffsetTransformBase_double_3_3
Parameters: 0.999998324626085 0.0013752940296846577 0.0008857098837387399 -0.0013643905776933927 0.999926833793046 -0.012057316549106314 -0.0009018126286322927 0.012055691082145298 0.9999267615968417 -0.1846022980403319 0.11219358579400307 -0.22686334037526024
FixedParameters: 0 0 0
#Transform 256
Transform: MatrixOffsetTransformBase_double_3_3
Parameters: 0.9999990076967384 0.0011039088472270377 0.0008798391431897157 -0.0010936715204394208 0.999934693181672 -0.01140998972174638 -0.0008920522765816573 0.011409029295631298 0.9999349523146877 -0.19740218660653852 0.0874565432151968 -0.16719242006402624
FixedParameters: 0 0 0
#Transform 257
Transform: MatrixOffsetTransformBase_double_3_3
Parameters: 0.9999990115766063 0.0011740864766715345 0.0007807082009351171 -0.0011648757815388077 0.9999323877971928 -0.0115469239225192 -0.0007949369547901248 0.011546067742009933 0.9999329715307528 -0.19522277336197646 0.11157912014223825 -0.20646407341918405
FixedParameters: 0 0 0
#Transform 258
Transform: MatrixOffsetTransformBase_double_3_3
Parameters: 0.9999990413562705 0.0012111067268100854 0.0007008582323263447 -0.0012039444043039757 0.9999419909694713 -0.010706865148897113 -0.0007140186525135316 0.01070614317482578 0.9999427853307441 -0.18926244861454222 0.09136183954741739 -0.14414137023936746
FixedParameters: 0 0 0
#Transform 259
Transform: MatrixOffsetTransformBase_double_3_3
Parameters: 0.9999992707082833 0.0010300502371766948 0.0008171766342827045 -0.0010216705331144997 0.9999425715550725 -0.010651847375254181 -0.0008282454125282127 0.010651145928238348 0.999942783785659 -0.1950275109606281 0.09717190147719634 -0.1323374610810646
FixedParameters: 0 0 0
#Transform 260
Transform: MatrixOffsetTransformBase_double_3_3
Parameters: 0.9999990429926219 0.0011255569674321032 0.0008305530902200992 -0.0011170572302605705 0.9999445750117396 -0.01050002410476529 -0.0008423176752303001 0.010498971499095955 0.9999439828423645 -0.19417081845108441 0.08396577278816153 -0.13370836079303672
FixedParameters: 0 0 0
#Transform 261
Transform: MatrixOffsetTransformBase_double_3_3
Parameters: 0.999998329779877 0.0014952331856660863 0.000658953129775785 -0.0014872635562618328 0.9999300448960893 -0.011697000636539764 -0.0006771555360706359 0.011695994665446671 0.9999316591728604 -0.18816799242867432 0.1241473601299532 -0.2130333788701364
FixedParameters: 0 0 0
#Transform 262
Transform: MatrixOffsetTransformBase_double_3_3
Parameters: 0.9999997879310374 0.0009737016780633246 0.0005141932442369334 -0.0009679155386161539 0.999944012792151 -0.010541513618141152 -0.0005242033560014896 0.010541492078810083 0.9999445223924618 -0.18660551067520714 0.062383177501118325 -0.16807189814696244
FixedParameters: 0 0 0
#Transform 263
Transform: MatrixOffsetTransformBase_double_3_3
Parameters: 0.9999982658636789 0.001589659779225289 0.00045495721124189445 -0.0015841352357474734 0.9999287138882659 -0.01186783469254446 -0.0004741105688120987 0.01186718355103046 0.9999298665357109 -0.18575097103082783 0.10439461426314267 -0.22084536344387118
FixedParameters: 0 0 0
#Transform 264
Transform: MatrixOffsetTransformBase_double_3_3
Parameters: 0.99999891821949 0.001641290143052432 0.0006224736394877174 -0.0016342823864268076 0.9999327239527142 -0.011475120952011211 -0.0006413835403478996 0.011473874204154369 0.9999338571504984 -0.19126593813085435 0.06648898685169513 -0.19339948650696215
FixedParameters: 0 0 0
#Transform 265
Transform: MatrixOffsetTransformBase_double_3_3
Parameters: 0.9999991354361256 0.0012631520598373387 0.0005177686620637306 -0.0012574364679251377 0.9999280968992817 -0.011932746720537499 -0.0005332382602251184 0.0119322453452156 0.9999282592490482 -0.17458581196018486 0.10435254205086153 -0.2294659546152502
FixedParameters: 0 0 0
#Transform 266
Transform: MatrixOffsetTransformBase_double_3_3
Parameters: 0.9999988610094404 0.0010706273518934007 0.0009964688067320687 -0.0010588380396555866 0.9999341385421697 -0.011393993638313268 -0.0010087854156046554 0.01139300840431047 0.9999350901949444 -0.19836244160286753 0.10384401831207413 -0.15915913962136585
FixedParameters: 0 0 0
#Transform 267
Transform: MatrixOffsetTransformBase_double_3_3
Parameters: 0.9999985302737794 0.0013580396000604528 0.0007913496993275485 -0.001348047395446527 0.9999299932029846 -0.01171608218777799 -0.0008072850316745792 0.011714905656858898 0.9999310217435372 -0.18812355429645322 0.0737065334413387 -0.1897993256621504
FixedParameters: 0 0 0
#Transform 268
Transform: MatrixOffsetTransformBase_double_3_3
Parameters: 0.9999980674370407 0.0012376093572068912 0.0011840559738997398 -0.0012228791076905848 0.9999272266434036 -0.011976398526992754 -0.0011983418363551602 0.011975603959929693 0.9999279811157492 -0.1954081165571182 0.12154273218310152 -0.2074153307595452
FixedParameters: 0 0 0
#Transform 269
Transform: MatrixOffsetTransformBase_double_3_3
Parameters: 0.999998758071081 0.0011671720244724835 0.0009376012807962404 -0.0011573347925423604 0.9999381875001794 -0.011025096867669532 -0.0009502856790095907 0.0110238891733445 0.9999384840018757 -0.19874908706860595 0.10646831829237158 -0.11531526726514585
FixedParameters: 0 0 0
#Transform 270
Transform: MatrixOffsetTransformBase_double_3_3
Parameters: 0.9999985874142417 0.0012645449564984504 0.0009019368760085463 -0.0012530282004030045 0.99992395063187 -0.012270154701351343 -0.0009178912805741904 0.012268850405951645 0.9999245439455163 -0.19285935070868732 0.11607027196671993 -0.24813139670608564
FixedParameters: 0 0 0
#Transform 271
Transform: MatrixOffsetTransformBase_double_3_3
Parameters: 0.999998401831935 0.001324509703078763 0.0009183714140775091 -0.001314112129895057 0.9999332700509849 -0.011452229975064426 -0.0009336537451071971 0.011451759641972953 0.9999338265212726 -0.19505786224313226 0.07933686314504484 -0.18282378127931054
FixedParameters: 0 0 0
#Transform 272
Transform: MatrixOffsetTransformBase_double_3_3
Parameters: 0.999998271889208 0.001427204833113869 0.0008308158302251545 -0.0014178976096500479 0.9999287096523558 -0.01188928610595931 -0.0008477115936090462 0.011887721480855248 0.9999288791007386 -0.21093896846406324 0.0893573087774513 -0.21273147308519924
FixedParameters: 0 0 0
#Transform 273
Transform: MatrixOffsetTransformBase_double_3_3
Parameters: 0.9999981538065379 0.0013396898062993262 0.0010252754002840366 -0.001327590982621268 0.9999324450007913 -0.011570392643559663 -0.001041117478634207 0.01156862329318964 0.9999329928115658 -0.1961805849284417 0.10070563156165235 -0.20839398068871162
FixedParameters: 0 0 0
#Transform 274
Transform: MatrixOffsetTransformBase_double_3_3
Parameters: 0.9999988891482411 0.0011020698087184293 0.0009463333259672554 -0.0010914475156372616 0.9999344497927081 -0.01137704608355393 -0.0009593424546537545 0.01137594251971484 0.9999345814682756 -0.19857893717036745 0.11567675969753566 -0.2244556426813631
FixedParameters: 0 0 0
#Transform 275
Transform: MatrixOffsetTransformBase_double_3_3
Parameters: 0.9999984724244165 0.0012991656402485258 0.0009157060969061739 -0.0012888771826087204 0.9999328992474084 -0.01146819259055501 -0.00093144598318595 0.011466788825520366 0.9999335574645434 -0.19508972869766694 0.11687625663140011 -0.2102925468459631
FixedParameters: 0 0 0
#Transform 276
Transform: MatrixOffsetTransformBase_double_3_3
Parameters: 0.9999984730479458 0.0012609562508687374 0.0009684718927505122 -0.0012493417947580011 0.9999333551620386 -0.011496237921740565 -0.0009823937867140693 0.011494775785272637 0.9999338157890599 -0.1935609483423093 0.10949584816336255 -0.20456398989308866
FixedParameters: 0 0 0
#Transform 277
Transform: MatrixOffsetTransformBase_double_3_3
Parameters: 0.999999179598122 0.0008896377250835366 0.001014633976661693 -0.0008764686914165909 0.9999224557264003 -0.01240382857431388 -0.001025509151614541 0.012403176847129188 0.9999230182048835 -0.18333614400731335 0.11871983599861835 -0.25456998787495877
FixedParameters: 0 0 0
#Transform 278
Transform: MatrixOffsetTransformBase_double_3_3
Parameters: 0.9999986405970116 0.001232587996497388 0.0009163070147987955 -0.001222931103870809 0.9999376310463283 -0.011133220797565915 -0.0009297043772557701 0.011131777519991407 0.9999371366309424 -0.19163117285830822 0.0952797547348041 -0.18098226738692347
FixedParameters: 0 0 0
#Transform 279
Transform: MatrixOffsetTransformBase_double_3_3
Parameters: 0.9999987950324188 0.0014363381442252545 0.0010681940731286585 -0.001423758258853508 0.9999300278669916 -0.011748550957607184 -0.001085697592239378 0.011746457250335615 0.9999307498122604 -0.18237563453003247 0.12271764739304558 -0.21123801742604087
FixedParameters: 0 0 0
