#Insight Transform File V1.0
#Transform 0
Transform: MatrixOffsetTransformBase_double_3_3
Parameters: 0.9999936236308382 -0.0002850199197015252 -0.0035064358706858602 0.00028850965636365814 0.9999991109852683 0.0009235656764406408 0.003506151743445424 -0.0009244333642504515 0.9999938050891033 0.04387928944611019 -0.2684119655009596 -0.367144414087349
FixedParameters: 0 0 0
#Transform 1
Transform: MatrixOffsetTransformBase_double_3_3
Parameters: 0.9999966913026094 0.00017642733492649252 -0.002697842993544517 -0.00017868821584826313 0.9999992919325525 -0.0007881872240880494 0.002697399107238105 0.0007888119256240778 0.9999961559038097 0.0461964288664376 -0.20044462776324679 -0.3902474669595932
FixedParameters: 0 0 0
#Transform 2
Transform: MatrixOffsetTransformBase_double_3_3
Parameters: 0.9999974825774157 0.00005391869011696471 -0.002348299568264793 -0.000053611063222895864 0.9999999312979538 0.0000653777934990496 0.0023483066115582607 -0.00006562187615744008 0.9999975426990774 0.04576984902197978 -0.17862694133664547 -0.3833274953585146
FixedParameters: 0 0 0
#Transform 3
Transform: MatrixOffsetTransformBase_double_3_3
Parameters: 0.9999921474792495 -0.00008301644179013821 -0.00398074105506692 0.00008087524429022396 0.9999995499507656 -0.0006446668152123164 0.003980600868378968 0.0006443344494579256 0.9999917667638522 0.058757531321020906 -0.17595068317866946 -0.4011434960813318
FixedParameters: 0 0 0
#Transform 4
Transform: MatrixOffsetTransformBase_double_3_3
Parameters: 0.9999948777256242 -0.0002699295794165204 -0.003324062488340649 0.00027062097743015375 0.9999999564187494 0.00010359103806735492 0.0033240062711810325 -0.00010440789425159025 0.9999948996749208 0.03487436085050888 -0.28598731435366176 -0.3767546445265282
FixedParameters: 0 0 0
#Transform 5
Transform: MatrixOffsetTransformBase_double_3_3
Parameters: 0.9999935372728651 -0.00012739786381758513 -0.0036669650712739072 0.00012538390630484407 0.9999997808491818 -0.0004108842303524596 0.003666986900365927 0.0004101139904009732 0.9999934194028075 0.05120049718684072 -0.17842970776960954 -0.3956233026135152
FixedParameters: 0 0 0
#Transform 6
Transform: MatrixOffsetTransformBase_double_3_3
Parameters: 0.9999981393738291 -0.0000104036440244486 -0.0022047741538865286 0.000007950235764824523 0.99999940768726 -0.0012348505460042652 0.002204550996916749 0.0012341501603732874 0.9999966837002829 0.023832066992497403 -0.19535838991178878 -0.3427041154123742
FixedParameters: 0 0 0
#Transform 7
Transform: MatrixOffsetTransformBase_double_3_3
Parameters: 0.9999964352736861 -0.0001780116503562351 -0.0027446360762094363 0.00017896677197141127 0.9999999647214401 0.0001738361435500435 0.002744573962122321 -0.0001741626053903822 0.999996410000351 0.04194612001420239 -0.2620865855859478 -0.3650969911970634
FixedParameters: 0 0 0
#Transform 8
Transform: MatrixOffsetTransformBase_double_3_3
Parameters: 0.9999930135239535 -0.0003589001621406642 -0.0038545591192121033 0.0003591853972086075 0.9999999234301916 0.000036269094030288995 0.003854532550115873 -0.00003773038887157354 0.9999930873557844 0.05638336241189279 -0.28437909142157025 -0.3831094410033131
FixedParameters: 0 0 0
#Transform 9
Transform: MatrixOffsetTransformBase_double_3_3
Parameters: 0.9999919543196203 -0.00017088594127361324 -0.0040016319018943225 0.00016610563132016877 0.9999997215214593 -0.0011060143836893882 0.004002673332837643 0.0011049857171723382 0.9999917885273466 0.061038267001578106 -0.20303257078612091 -0.4001500667589113
FixedParameters: 0 0 0
#Transform 10
Transform: MatrixOffsetTransformBase_double_3_3
Parameters: 0.9999961921978585 0.00007899229376602133 -0.002607763226308378 -0.00008317746370986622 0.9999987865911201 -0.0017735382263430188 0.0026080625635612697 0.0017734645559606271 0.9999951149816679 0.022575096079847867 -0.20918900563148668 -0.43367134713537325
FixedParameters: 0 0 0
#Transform 11
Transform: MatrixOffsetTransformBase_double_3_3
Parameters: 0.9999950159331485 -0.00032806080456697785 -0.0031426769122399156 0.0003271619844998488 0.9999999057910571 -0.0001436205646551808 0.003142770609262154 0.00014237800405157708 0.9999950692442174 0.026640497866921464 -0.18633069818440617 -0.40526289634266277
FixedParameters: 0 0 0
#Transform 12
Transform: MatrixOffsetTransformBase_double_3_3
Parameters: 0.9999963566961841 -0.00013286245626549102 -0.002761507031378164 0.0001295726264832625 0.9999997101519643 -0.0011371170422300736 0.0027615596049394334 0.00113688229613014 0.9999950610015353 0.029991599874207964 -0.19688617145956755 -0.43585874716148965
FixedParameters: 0 0 0
#Transform 13
Transform: MatrixOffsetTransformBase_double_3_3
Parameters: 0.9999966553072792 0.00008424976775202705 -0.002517570943238319 -0.00008577334951247165 0.9999994433487496 -0.0006985341112014792 0.0025172883052969872 0.0006984655386590155 0.9999962361528364 0.040016879430211816 -0.18458938945627779 -0.42174800112769617
FixedParameters: 0 0 0
#Transform 14
Transform: MatrixOffsetTransformBase_double_3_3
Parameters: 0.9999932107733116 -0.00038836393713916084 -0.0035549549142562934 0.00038187249153810455 0.9999983047144473 -0.0018948797133745282 0.0035558401802951015 0.0018931211575118762 0.999991731555815 0.04253797690479644 -0.18649523190843809 -0.44790810084727184
FixedParameters: 0 0 0
#Transform 15
Transform: MatrixOffsetTransformBase_double_3_3
Parameters: 0.9999961427707504 0.00015439898222207473 -0.0026137183919189527 -0.00015626833032993733 0.9999993517925344 -0.0007542607801817314 0.0026143167535178508 0.0007547396032273612 0.9999966524353806 0.02381877212306449 -0.19814839300761378 -0.4059671254224355
FixedParameters: 0 0 0
#Transform 16
Transform: MatrixOffsetTransformBase_double_3_3
Parameters: 0.9999945929645125 -0.00045965436063879513 -0.0031930433835940337 0.0004597090358728806 0.9999998821685933 -0.00014806700762734493 0.00319309705196055 0.0001469346108759345 0.9999946672831317 0.05004749008712395 -0.271871858635663 -0.4090824850030259
FixedParameters: 0 0 0
#Transform 17
Transform: MatrixOffsetTransformBase_double_3_3
Parameters: 0.9999935820575544 -0.0002840100708792389 -0.0036520279783820494 0.0002803927972610088 0.9999998769599776 -0.0010415412274889235 0.003652287769966881 0.0010404598881211674 0.9999925377267478 0.05381589689318389 -0.19977716025945824 -0.41226457552546947
FixedParameters: 0 0 0
#Transform 18
Transform: MatrixOffsetTransformBase_double_3_3
Parameters: 0.9999934696628326 -0.00035193820405785735 -0.0036614802305746457 0.00035246179088731895 0.9999999995037316 0.00007127489424799127 0.0036614298662722812 -0.0000717241711850336 0.9999934599349625 0.06188832209122097 -0.19010163615948272 -0.4147825110845673
FixedParameters: 0 0 0
#Transform 19
Transform: MatrixOffsetTransformBase_double_3_3
Parameters: 0.9999940501470516 -0.0003744607449154612 -0.003436160295307067 0.0003841681240573343 0.9999949203469953 0.0029951849609043263 0.0034357853940307427 -0.002996811646021433 0.9999891776848132 0.055795042517161164 -0.27859446842485625 -0.37879907596152407
FixedParameters: 0 0 0
#Transform 20
Transform: MatrixOffsetTransformBase_double_3_3
Parameters: 0.9999974840220698 0.0004300019513257615 -0.002081038721357743 -0.00042575667715723063 0.9999976790055802 0.0019970667883409954 0.0020820787907663263 -0.0019969319657034135 0.9999958289842948 0.03699137591655699 -0.2576483072216291 -0.4512436322681168
FixedParameters: 0 0 0
#Transform 21
Transform: MatrixOffsetTransformBase_double_3_3
Parameters: 0.99999738088697 0.0002727281289592598 -0.0021320465459447333 -0.00027578897988637675 0.9999994511346159 -0.0011852450403098402 0.0021312324010406827 0.0011857543635380302 0.9999971189282792 0.03194988954889766 -0.17477503090867685 -0.47436960029403963
FixedParameters: 0 0 0
#Transform 22
Transform: MatrixOffsetTransformBase_double_3_3
Parameters: 0.9999988107008976 0.00017316484345842383 -0.0017777611763677924 -0.0001706912641501131 0.9999992583706356 0.001279393568740017 0.001777368379210072 -0.0012796055894494368 0.9999972780869711 0.035061229803531546 -0.25375299761260806 -0.37714108178981576
FixedParameters: 0 0 0
#Transform 23
Transform: MatrixOffsetTransformBase_double_3_3
Parameters: 0.999993553166701 -0.00021520821628202727 -0.0036606667400312792 0.00021613801744094568 0.9999999843537196 0.00012678131748217192 0.0036606119593420396 -0.00012721704092759356 0.9999935365551273 0.06521303413961732 -0.18675176235974789 -0.43125831998858644
FixedParameters: 0 0 0
#Transform 24
Transform: MatrixOffsetTransformBase_double_3_3
Parameters: 0.9999957072929221 -0.00009012940113594994 -0.002878291942303615 0.00009016106136322999 0.9999999370362795 0.000005073876220562656 0.0028782909508272493 -0.000005926076560788807 0.999995770196308 0.048357305760035274 -0.19450912231206985 -0.3924346505907721
FixedParameters: 0 0 0
#Transform 25
Transform: MatrixOffsetTransformBase_double_3_3
Parameters: 0.9999954221335122 0.0003129043960873427 -0.002911538823498026 -0.00031399598451589114 0.9999998063390747 -0.0002007532169279458 0.002912409139874897 0.00020224547282755856 0.9999955345901682 0.03306107286393001 -0.19440225866387095 -0.41789425053953266
FixedParameters: 0 0 0
#Transform 26
Transform: MatrixOffsetTransformBase_double_3_3
Parameters: 0.9999982313926558 0.0004736153332199144 -0.0015948949272122604 -0.00047315878656263837 0.9999994934752122 0.000455843377428905 0.001595408121803929 -0.00045515637335455383 0.9999983229567779 0.031556746770633026 -0.27926190855451694 -0.39327468298860424
FixedParameters: 0 0 0
#Transform 27
Transform: MatrixOffsetTransformBase_double_3_3
Parameters: 0.9999942004513486 -0.00022702429919287088 -0.0032783920873204124 0.00022875522859909116 0.9999994699478443 0.0007197439736456729 0.0032783097406351965 -0.0007202582265065649 0.9999946936990204 0.06453259269858336 -0.2721317666590579 -0.42061997002339524
FixedParameters: 0 0 0
#Transform 28
Transform: MatrixOffsetTransformBase_double_3_3
Parameters: 0.999999115758395 0.0003977668900069114 -0.001313589784787003 -0.00039657446684318733 0.9999991550806587 0.000833602854582699 0.0013143334106206482 -0.0008323957932517834 0.9999985729004217 0.017439409826849328 -0.16229530473175657 -0.44021079222105186
FixedParameters: 0 0 0
#Transform 29
Transform: MatrixOffsetTransformBase_double_3_3
Parameters: 0.999999211743867 0.00007286306738803228 -0.0008847611463926665 -0.00007160941791338318 0.9999992964064909 0.0012710705582898718 0.0008850267813481702 -0.0012719292878731608 0.999998681911423 0.019427443486137008 -0.23958484676707315 -0.3617672509515728
FixedParameters: 0 0 0
#Transform 30
Transform: MatrixOffsetTransformBase_double_3_3
Parameters: 0.9999973485827032 -0.00003642420595275164 -0.0021565047373647878 0.00003219865944086722 0.9999982200314653 -0.0016728281295525504 0.002156373727085974 0.00167317012757158 0.9999965306859172 0.0451505805201009 -0.18961356219509184 -0.4736578073232067
FixedParameters: 0 0 0
#Transform 31
Transform: MatrixOffsetTransformBase_double_3_3
Parameters: 0.9999966005232771 -0.00005960403216263865 -0.002529397563134606 0.00006324891739648299 0.9999986907398796 0.001525089085748832 0.002528541328928751 -0.0015249098006731576 0.9999952585251319 0.02726955368137851 -0.25681747069415906 -0.411284394241747
FixedParameters: 0 0 0
#Transform 32
Transform: MatrixOffsetTransformBase_double_3_3
Parameters: 0.999998924387706 0.0006626840260455515 -0.0012790647647142332 -0.0006631570248146463 1.000000111030669 -0.0006061460550599862 0.0012791753406556157 0.0006068553930299592 0.9999990776714885 0.03278487345851033 -0.17887670197211492 -0.4610704282059004
FixedParameters: 0 0 0
#Transform 33
Transform: MatrixOffsetTransformBase_double_3_3
Parameters: 0.9999956777534872 -0.000009152482254243195 -0.0028846957906170628 0.00001267359334031841 0.9999996715585283 0.00112830213924911 0.0028849169750539173 -0.0011286983731182282 0.999995459163972 0.03445120516104794 -0.25412947035144384 -0.35371839958267515
FixedParameters: 0 0 0
#Transform 34
Transform: MatrixOffsetTransformBase_double_3_3
Parameters: 0.9999956548899049 0.00003611026482591164 -0.0028884211352464355 -0.000033753410241443653 0.9999990941343284 0.0009255163577046588 0.0028887316100866802 -0.0009254844930218081 0.9999958476507489 0.022121369636010968 -0.24777202614734506 -0.4073861465916764
FixedParameters: 0 0 0
#Transform 35
Transform: MatrixOffsetTransformBase_double_3_3
Parameters: 0.9999974364928427 0.00013529074597457038 -0.002354615796796892 -0.0001326971869245878 0.999999508398279 0.0011854855665508202 0.002355179312448063 -0.0011855144021408054 0.9999961172694298 0.0454429298207657 -0.25913629595503096 -0.2985267923141208
FixedParameters: 0 0 0
#Transform 36
Transform: MatrixOffsetTransformBase_double_3_3
Parameters: 0.9999957056629066 -0.00035019324601644224 -0.003028462638383247 0.0003494636209229935 0.999999829963943 -0.00028565142697509205 0.0030285801027665894 0.00028434912595491635 0.9999957132484503 0.024882082940663963 -0.1751535747989692 -0.3693043623394914
FixedParameters: 0 0 0
#Transform 37
Transform: MatrixOffsetTransformBase_double_3_3
Parameters: 0.9999956583853903 0.00002924400083763231 -0.0028880337426901285 -0.000027661355000333927 0.9999999509706501 0.00027440761591174256 0.002888049335507626 -0.0002735899637432704 0.9999955572633837 0.035515033441157584 -0.16406299265729274 -0.34945536417990297
FixedParameters: 0 0 0
#Transform 38
Transform: MatrixOffsetTransformBase_double_3_3
Parameters: 0.9999940259561881 0.0004870586639849326 -0.003426391504910428 -0.00048678430717673455 0.9999996371598818 0.000053171638206006566 0.003425445507739707 -0.00005082850621400403 0.999994383388633 0.045254018785541916 -0.1596364250699196 -0.15257385965703918
FixedParameters: 0 0 0
#Transform 39
Transform: MatrixOffsetTransformBase_double_3_3
Parameters: 0.9999928957007947 0.001169217811550055 -0.0037064605063192196 -0.0011672008266633655 0.9999988808839955 0.0005538607047284178 0.003706917453986094 -0.0005501397807408104 0.9999934054064324 0.04539961814897708 -0.09613970418226359 -0.1835189538567903
FixedParameters: 0 0 0
#Transform 40
Transform: MatrixOffsetTransformBase_double_3_3
Parameters: 0.9999953555425924 0.0009353537889087917 -0.002961035630127169 -0.0009315286710418195 0.9999991282763344 0.0013340303881805432 0.002962854376034083 -0.0013309705074714268 0.9999946761426446 0.04897537607008928 -0.14197222723775837 -0.22857449584391532
FixedParameters: 0 0 0
#Transform 41
Transform: MatrixOffsetTransformBase_double_3_3
Parameters: 0.9999916650098744 0.000398732525772652 -0.004021660671183123 -0.0003958139840306118 1.0000001046897284 0.0007351898320193812 0.004022490083590307 -0.0007338105283649088 0.9999914813350563 0.048882089183749144 -0.14451745325322918 -0.35160473068886233
FixedParameters: 0 0 0
#Transform 42
Transform: MatrixOffsetTransformBase_double_3_3
Parameters: 0.9999899653271886 -0.00015479187760460811 -0.004473251050605024 0.00015632449550666494 0.9999997057457471 0.0005051289870343922 0.004473339595928331 -0.0005058740225701852 0.9999897485168663 0.046670035494756235 -0.2580804170727049 -0.26362400447892753
FixedParameters: 0 0 0
#Transform 43
Transform: MatrixOffsetTransformBase_double_3_3
Parameters: 0.9999888024464458 -0.00017643733403043031 -0.004813570843972187 0.00018051291404958312 0.9999994157424053 0.0007421262545872082 0.004812554984971421 -0.0007428709493636082 0.9999882840870219 0.07745797859236347 -0.25316436590419755 -0.29680583188655874
FixedParameters: 0 0 0
#Transform 44
Transform: MatrixOffsetTransformBase_double_3_3
Parameters: 0.999988036508766 -0.0003507287545620332 -0.004882628279116734 0.00035576875208982825 0.9999996005961147 0.0011272639305228704 0.004882322620504913 -0.0011297400775592409 0.999987888868128 0.06999622071666067 -0.2632924780263437 -0.30983089236546846
FixedParameters: 0 0 0
#Transform 45
Transform: MatrixOffsetTransformBase_double_3_3
Parameters: 0.9999907792550475 -0.000011631575998584994 -0.004384423190288699 0.000015913433028779387 0.9999997605472085 0.0010656891350294545 0.004383806880832451 -0.0010663131136296328 0.9999897459819962 0.05864780372962741 -0.254506546034051 -0.354225494693992
FixedParameters: 0 0 0
#Transform 46
Transform: MatrixOffsetTransformBase_double_3_3
Parameters: 0.9999909691268319 -0.000016448730164866682 -0.004362477872096278 0.000014555084511809792 0.99999978676456 -0.0004452445164726815 0.004362327806874701 0.0004457559581861198 0.9999907854197578 0.06518717590466849 -0.18709729394520025 -0.41380823473974715
FixedParameters: 0 0 0
#Transform 47
Transform: MatrixOffsetTransformBase_double_3_3
Parameters: 0.9999910820865994 -0.00004766083717373034 -0.004112748940488262 0.00004966805366468722 0.9999996073358877 0.0006075426521194999 0.00411293562891442 -0.0006074595882115813 0.9999917366336766 0.06328318716819581 -0.28240830639171577 -0.3691168899033528
FixedParameters: 0 0 0
#Transform 48
Transform: MatrixOffsetTransformBase_double_3_3
Parameters: 0.9999890006342953 -0.00010510592851468081 -0.00468918728462462 0.00010504749274546306 0.9999999684926342 -0.0001125888176693457 0.004689128988834833 0.00011241338662199007 0.9999890068288243 0.06674924242427949 -0.1866763561679079 -0.3772853871928987
FixedParameters: 0 0 0
#Transform 49
Transform: MatrixOffsetTransformBase_double_3_3
Parameters: 0.9999910113351432 -0.00011513139793292346 -0.004239622488501674 0.00011844138212565147 0.9999992246598483 0.0008602466388605984 0.004239749252368459 -0.0008607535573071506 0.9999903057479639 0.054731230421339205 -0.26480103717375414 -0.3634165474651212
FixedParameters: 0 0 0
#Transform 50
Transform: MatrixOffsetTransformBase_double_3_3
Parameters: 0.9999881773590408 -0.00019818666589705187 -0.00487645237040087 0.00019134081430880075 0.99999892890656 -0.0014259634602589444 0.004877430714217683 0.0014250370829810288 0.9999871843249394 0.058519627436055544 -0.17446961438081132 -0.3929082151029917
FixedParameters: 0 0 0
#Transform 51
Transform: MatrixOffsetTransformBase_double_3_3
Parameters: 0.9999894980297858 -0.00021410887704872904 -0.004632100474168814 0.0002124242392497731 0.9999998707606824 -0.00039708998263722484 0.004632105931245798 0.0003969108216564238 0.999989312049357 0.0565553200668063 -0.18902682945258675 -0.37250102494198245
FixedParameters: 0 0 0
#Transform 52
Transform: MatrixOffsetTransformBase_double_3_3
Parameters: 0.999992282211986 -0.00026200294787768975 -0.003955950203471056 0.0002550538034823937 0.9999988825451774 -0.0017604512507277126 0.003956286657368147 0.0017595489870451952 0.9999902044376292 0.0413909352037507 -0.18713449085187506 -0.43977123202977
FixedParameters: 0 0 0
#Transform 53
Transform: MatrixOffsetTransformBase_double_3_3
Parameters: 0.9999876639852313 -0.0003700423004593745 -0.004919256924600547 0.0003646129821405145 0.99999903649773 -0.0009577435800545986 0.004919632238933639 0.0009562527018692479 0.9999877957818349 0.06352696805676317 -0.17589869723602192 -0.37136623931415613
FixedParameters: 0 0 0
#Transform 54
Transform: MatrixOffsetTransformBase_double_3_3
Parameters: 0.9999891749556 -0.00026057615038835107 -0.004555999618090218 0.0002588027045185394 0.9999999072843021 -0.00030436549176911243 0.0045560755711100505 0.00030363243240710824 0.9999890828391357 0.06334108171499508 -0.2891753867720013 -0.42301037895938975
FixedParameters: 0 0 0
#Transform 55
Transform: MatrixOffsetTransformBase_double_3_3
Parameters: 0.9999907837631072 0.00018815697230625995 -0.004264009840331478 -0.00018231354299225159 0.9999989139613804 0.001396538421805607 0.004264022014465741 -0.001395461930340236 0.9999899721496258 0.0832729005842765 -0.4316263754047327 -0.3407950180038739
FixedParameters: 0 0 0
#Transform 56
Transform: MatrixOffsetTransformBase_double_3_3
Parameters: 0.9999943943138702 0.0011828631943571447 -0.0031946971331068465 -0.001187706710141072 0.9999983128271377 -0.0014058605904503085 0.0031930248800877796 0.001410138903301536 0.9999941165461019 0.06840509455915367 -0.4865042889701243 -0.4974282567356738
FixedParameters: 0 0 0
#Transform 57
Transform: MatrixOffsetTransformBase_double_3_3
Parameters: 0.9999958118897673 0.0004362372714085174 -0.0029995599680351444 -0.00044323390639470285 0.9999963113186188 -0.002522260440292884 0.002998678820524423 0.0025237415739367136 0.9999927694587805 0.11727804220620897 -0.21287974885719052 -0.5796886533442773
FixedParameters: 0 0 0
#Transform 58
Transform: MatrixOffsetTransformBase_double_3_3
Parameters: 0.9999928337091558 -0.000040000866758991725 -0.0037638466757580003 0.0000480531718573814 0.9999979333245583 0.0020074114814020855 0.0037632468379136426 -0.002007586171190276 0.9999908402401433 0.10007461387323247 -0.3583270918926331 -0.584822555984772
FixedParameters: 0 0 0
#Transform 59
Transform: MatrixOffsetTransformBase_double_3_3
Parameters: 0.9999954882655759 0.00024622587447573145 -0.0030738993897332168 -0.00023047420336016518 0.999985265517119 0.005343153985199883 0.0030758461092768507 -0.0053428446913956484 0.9999811269144993 0.11659453963928001 -0.341501057955341 -0.5102482040582572
FixedParameters: 0 0 0
#Transform 60
Transform: MatrixOffsetTransformBase_double_3_3
Parameters: 0.9999940270272185 0.0004029515715856537 -0.0034367646112630663 -0.00038332348179455106 0.9999836443954867 0.005656861473748415 0.003438782498503808 -0.005656138175397271 0.9999783899461515 0.11627485137714189 -0.36211384968828497 -0.5283178771644685
FixedParameters: 0 0 0
#Transform 61
Transform: MatrixOffsetTransformBase_double_3_3
Parameters: 0.999997856185996 0.0007996545872553215 -0.0018718363728273356 -0.0007864450737536261 0.9999724980233222 0.007397584079674127 0.0018777396025199708 -0.0073964202570295096 0.9999709253023615 0.09182148482688035 -0.35644370161831773 -0.45350401209778113
FixedParameters: 0 0 0
#Transform 62
Transform: MatrixOffsetTransformBase_double_3_3
Parameters: 0.999996099488184 0.0007485202541016691 -0.0025178969664490652 -0.0007334628797703048 0.999980181854728 0.006249136634493724 0.0025224884365820273 -0.006247871451321607 0.99997782918175 0.09457214077768583 -0.27867163112455273 -0.46201778420727635
FixedParameters: 0 0 0
#Transform 63
Transform: MatrixOffsetTransformBase_double_3_3
Parameters: 0.9999959269395067 0.000026883880638570482 -0.0030117817224001938 -0.000008621714292736122 0.9999826409154049 0.005857468462764484 0.0030123860240762563 -0.005857531454746337 0.9999786646677823 0.1201530888247504 -0.2783051229674669 -0.4488327463739381
FixedParameters: 0 0 0
#Transform 64
Transform: MatrixOffsetTransformBase_double_3_3
Parameters: 0.9999948033044725 0.00026054516601459773 -0.0033363973984278637 -0.0002403304969721489 0.9999820228370583 0.006065261277190953 0.0033370874474559433 -0.006064746490797968 0.9999762110879297 0.11763989223301508 -0.29804857132553764 -0.5141290030246211
FixedParameters: 0 0 0
#Transform 65
Transform: MatrixOffsetTransformBase_double_3_3
Parameters: 0.9999942311861064 0.00030601776881575786 -0.0032676259084878936 -0.000285386020928212 0.9999816113018032 0.006104382644139136 0.003268805864626921 -0.006102619729528053 0.9999761135510852 0.11042567622014587 -0.29397186947689136 -0.48457129345187866
FixedParameters: 0 0 0
#Transform 66
Transform: MatrixOffsetTransformBase_double_3_3
Parameters: 0.9999955267727836 -0.00012292324769548943 -0.0030755121348721706 0.0001418845782577073 0.9999797699640233 0.006337009304108257 0.003074476017824443 -0.006337993543913845 0.9999754279815504 0.07760915311190786 -0.33364590878954914 -0.551636149417476
FixedParameters: 0 0 0
#Transform 67
Transform: MatrixOffsetTransformBase_double_3_3
Parameters: 0.9999945873700008 0.00029552558415054726 -0.0033651240556866182 -0.0002747506660983179 0.9999817855966545 0.0060833827919118955 0.0033672419508909797 -0.006082619627390276 0.999975795084895 0.10401973045890145 -0.32536686533080683 -0.6004350024537501
FixedParameters: 0 0 0
#Transform 68
Transform: MatrixOffsetTransformBase_double_3_3
Parameters: 0.9999932078223469 0.00028359975634229586 -0.0035654340637278196 -0.00025980152327255705 0.9999774287686144 0.006736474344165688 0.003567074439461265 -0.006735529600198298 0.9999710303154008 0.11128994625926225 -0.3689653226966243 -0.5967838615305254
FixedParameters: 0 0 0
#Transform 69
Transform: MatrixOffsetTransformBase_double_3_3
Parameters: 0.9999941412796376 -0.000151171418239267 -0.0034404379463850816 0.00017162541792568295 0.9999809201690617 0.006171935962079267 0.00343925163002265 -0.006172066390817826 0.9999750329766867 0.12372353129045166 -0.3196859864417121 -0.5724022219245342
FixedParameters: 0 0 0
#Transform 70
Transform: MatrixOffsetTransformBase_double_3_3
Parameters: 0.999994579312722 -0.000021022472058489672 -0.0033791170208974843 0.00004197897971627067 0.9999803992684688 0.006209388628824392 0.0033794498892727905 -0.006209608143328535 0.9999750633202694 0.1112329485603567 -0.3488107732270578 -0.5457635902328235
FixedParameters: 0 0 0
#Transform 71
Transform: MatrixOffsetTransformBase_double_3_3
Parameters: 0.9999920860750205 0.00015895784420151207 -0.003985678273450088 -0.0001357368594211767 0.9999831353835045 0.005808255749829225 0.00398728120494028 -0.00580774747018091 0.9999754841075218 0.130784941436346 -0.2995373752508925 -0.5685695502833141
FixedParameters: 0 0 0
#Transform 72
Transform: MatrixOffsetTransformBase_double_3_3
Parameters: 0.9999934837420263 -0.00015244591929454882 -0.0035347142146819163 0.00017180149474951346 0.9999860507866465 0.005287914630090915 0.0035334778320226918 -0.005288080609879203 0.9999795065266721 0.11776102960534729 -0.3127403519322485 -0.490932451044543
FixedParameters: 0 0 0
#Transform 73
Transform: MatrixOffsetTransformBase_double_3_3
Parameters: 0.9999949506293516 0.00001901234626304997 -0.003169870962573565 -0.0000025618994908687158 0.9999872954103997 0.004965444717396822 0.003170210533186421 -0.004965546266627097 0.9999823424556047 0.10875133207002818 -0.28446660316073746 -0.5889248207468256
FixedParameters: 0 0 0
#Transform 74
Transform: MatrixOffsetTransformBase_double_3_3
Parameters: 0.9999950431812104 0.0001869054614644177 -0.0033052249680665864 -0.00017064612965548063 0.9999877398064984 0.004909009827957639 0.0033053012933362503 -0.004908984540079098 0.9999821064180411 0.12770654531031767 -0.30130515328013985 -0.5240530053211643
FixedParameters: 0 0 0
#Transform 75
Transform: MatrixOffsetTransformBase_double_3_3
Parameters: 0.9999944371736562 -0.00048585499216229283 -0.003365565490152663 0.0005018035426893375 0.999988020815007 0.004874831469005775 0.003363139210198989 -0.0048771743767801745 0.9999828651584043 0.1129044672473043 -0.31122350384526953 -0.5273433552186759
FixedParameters: 0 0 0
#Transform 76
Transform: MatrixOffsetTransformBase_double_3_3
Parameters: 0.9999959509344849 -0.00020637558877657243 -0.002829534022767347 0.00021568835970858964 0.9999945429185056 0.0032307278572174802 0.002828907775283561 -0.0032312686712698824 0.9999905292088004 0.10051681564738146 -0.253279951576431 -0.28616400261672936
FixedParameters: 0 0 0
#Transform 77
Transform: MatrixOffsetTransformBase_double_3_3
Parameters: 0.9999974980710815 -0.000047263320437120954 -0.002121216890400781 0.000047679432045354336 0.9999999002852739 0.0003330628166645089 0.002121267213041938 -0.00033293756119834317 0.999997376007492 0.04751558025269276 -0.1498115237376254 -0.0780413428355331
FixedParameters: 0 0 0
#Transform 78
Transform: MatrixOffsetTransformBase_double_3_3
Parameters: 0.9999977287446685 0.00018715724094782218 -0.002288529757991814 -0.00018407556434104085 0.9999990896292357 0.0013445942500304592 0.002288278058755567 -0.001344404639704977 0.9999960237501283 0.06054581497339484 -0.14209144010429497 -0.17552800640697797
FixedParameters: 0 0 0
#Transform 79
Transform: MatrixOffsetTransformBase_double_3_3
Parameters: 0.9999963313904994 -0.0007127316303464255 -0.0024821639074423924 0.0007186914268485802 0.9999968798329784 0.002388462222995366 0.0024802317779482504 -0.0023905373309243694 0.9999940321026822 0.05121153152850866 -0.2362369928416399 -0.24553821956115485
FixedParameters: 0 0 0
#Transform 80
Transform: MatrixOffsetTransformBase_double_3_3
Parameters: 0.9999965575973958 0.0001117691104949542 -0.002535785333829311 -0.00010438561280157535 0.9999958185165512 0.002847524636598514 0.0025359777677633095 -0.002847473087232849 0.9999925225158692 0.04973600596122196 -0.23847518082746433 -0.281463578314046
FixedParameters: 0 0 0
#Transform 81
Transform: MatrixOffsetTransformBase_double_3_3
Parameters: 0.9999977048933293 0.00020173009978551582 -0.002292238982445416 -0.0001959189680978215 0.9999961934201619 0.0025897067378345406 0.0022927636914856523 -0.002589291718879172 0.9999941004164997 0.05142342282239554 -0.24034171039187413 -0.3067610937804943
FixedParameters: 0 0 0
#Transform 82
Transform: MatrixOffsetTransformBase_double_3_3
Parameters: 0.9999940144460059 -0.0000601503210479726 -0.0033136152081665697 0.00007034767014280007 0.9999956723246667 0.002892273174262147 0.003313975258917934 -0.0028917256576195954 0.9999906147159534 0.07287289970012978 -0.24003035693415598 -0.37404063457790926
FixedParameters: 0 0 0
#Transform 83
Transform: MatrixOffsetTransformBase_double_3_3
Parameters: 0.9999968228409951 0.0003824540346423638 -0.0024558263937617714 -0.0003755632061715726 0.9999953556443092 0.003059191877272438 0.0024568074092204233 -0.0030588131095736354 0.9999927521471043 0.05330025902314617 -0.270060485649239 -0.30957697367975356
FixedParameters: 0 0 0
#Transform 84
Transform: MatrixOffsetTransformBase_double_3_3
Parameters: 0.9999980164275708 -0.00002527249224866884 -0.0022320397626430853 0.00003072609505040406 0.999996460618459 0.0025611826594912207 0.002232387983893025 -0.0025608176807951077 0.999994438328333 0.04624001180431492 -0.24390341347876188 -0.31747166956159845
FixedParameters: 0 0 0
#Transform 85
Transform: MatrixOffsetTransformBase_double_3_3
Parameters: 0.9999971707201958 -6.017921697366033e-7 -0.00219781878072723 0.000007553989554101407 0.9999952525786147 0.002961234997290063 0.0021972896247045596 -0.0029607629432815974 0.9999933830461821 0.03551541837214245 -0.2728216932283658 -0.29736180770616727
FixedParameters: 0 0 0
#Transform 86
Transform: MatrixOffsetTransformBase_double_3_3
Parameters: 0.9999941668699831 -0.000030402744029537563 -0.003290834142212988 0.000040184111049172184 0.9999950186587248 0.0031512987600962467 0.0032915130122786614 -0.003151701015250641 0.9999892842043254 0.07702314448279424 -0.250323319074667 -0.3736953380879555
FixedParameters: 0 0 0
#Transform 87
Transform: MatrixOffsetTransformBase_double_3_3
Parameters: 0.9999967525503269 -0.00019255690617647563 -0.0026851717306150586 0.00020175847544590974 0.9999945297635148 0.003383715239852522 0.002684574808556563 -0.0033842839535962316 0.9999903197705331 0.07515847102813211 -0.265613081578536 -0.32951735641096036
FixedParameters: 0 0 0
#Transform 88
Transform: MatrixOffsetTransformBase_double_3_3
Parameters: 0.9999945877420802 -0.0003780112280124148 -0.003356639085121019 0.00038860080393881365 0.9999955841000445 0.003049121294693244 0.003356116930281821 -0.0030508777169897805 0.9999893985489201 0.0724966836388603 -0.2362713377807637 -0.3952642743063848
FixedParameters: 0 0 0
#Transform 89
Transform: MatrixOffsetTransformBase_double_3_3
Parameters: 0.9999975779274924 -0.000051236398670866375 -0.002102576102259225 0.000055622551305118206 0.9999968353330032 0.0024850509097346513 0.002101805549652088 -0.0024849488976159267 0.9999943921123283 0.05251845927776344 -0.25164922383122246 -0.22673889148401827
FixedParameters: 0 0 0
#Transform 90
Transform: MatrixOffsetTransformBase_double_3_3
Parameters: 0.9999974053750111 0.00047916825402823256 -0.0020891595121199846 -0.00047252486227389865 0.9999948317770173 0.003298167530532914 0.002090878030618167 -0.0032968383858394956 0.9999928264822007 0.07095036083441641 -0.23840653834788839 -0.33575233079805855
FixedParameters: 0 0 0
#Transform 91
Transform: MatrixOffsetTransformBase_double_3_3
Parameters: 0.9999969440699892 0.0005618759272432599 -0.0023957540208103412 -0.0005540986460246168 0.9999948608821929 0.0031125962198882695 0.0023978072441082497 -0.003111404629164552 0.9999927140211474 0.0928398079311421 -0.2319518310557953 -0.32819552168903954
FixedParameters: 0 0 0
#Transform 92
Transform: MatrixOffsetTransformBase_double_3_3
Parameters: 0.9999986844011767 0.0005051508681501245 -0.0017494576465276596 -0.0005004326901505944 0.9999957282913018 0.002818966839706477 0.0017507083083308445 -0.0028180302271485214 0.9999940681890168 0.08165621771807707 -0.2538609023472844 -0.25112107871321143
FixedParameters: 0 0 0
#Transform 93
Transform: MatrixOffsetTransformBase_double_3_3
Parameters: 0.999995144155841 0.00039817336432076327 -0.0031139930540923975 -0.00038804560053770496 0.9999951334320749 0.0032525660935534273 0.003115375961856926 -0.003251437098595905 0.9999898595975959 0.1002852720796028 -0.23920475078047332 -0.39702024280560977
FixedParameters: 0 0 0
#Transform 94
Transform: MatrixOffsetTransformBase_double_3_3
Parameters: 0.9999962244424673 0.0004306642448381753 -0.0027554471445930067 -0.0004175454290813977 0.9999887326708738 0.00479042836920425 0.0027565887389298855 -0.0047895738447738395 0.9999846032087057 0.05742292913933511 -0.30800242799472244 -0.4523154738730568
FixedParameters: 0 0 0
#Transform 95
Transform: MatrixOffsetTransformBase_double_3_3
Parameters: 0.9999991365934819 0.001063303187297182 -0.0008558864844394666 -0.0010580111880815438 0.9999799385397741 0.0063128378597068074 0.0008627106524094621 -0.006312164897830472 0.999979501892986 0.0048211988274431405 -0.3161364397786599 -0.2680561686501193
FixedParameters: 0 0 0
#Transform 96
Transform: MatrixOffsetTransformBase_double_3_3
Parameters: 0.9999985040873832 0.00108344815887426 -0.001524284742418732 -0.0010756428603390707 0.99998880613018 0.004676662996649789 0.0015288925157840457 -0.004675340078993631 0.999987967713657 -0.0410613429249338 -0.22749538343236964 -0.40002783294211497
FixedParameters: 0 0 0
#Transform 97
Transform: MatrixOffsetTransformBase_double_3_3
Parameters: 0.9999984738845968 0.00115983106266023 -0.0014765360914093895 -0.0011535314955550826 0.9999901031380451 0.0042897235406989115 0.0014819666038674774 -0.004288274621655777 0.9999895795107971 -0.04281623746202001 -0.23674007172952827 -0.38331642432352453
FixedParameters: 0 0 0
#Transform 98
Transform: MatrixOffsetTransformBase_double_3_3
Parameters: 0.9999993664023562 0.0008041771032684978 -0.000993492973443724 -0.0008012272930960927 0.9999946049924409 0.0031098037569710635 0.000995740893824802 -0.0031091935630805645 0.9999944233832079 -0.03622031231601852 -0.21733007235056334 -0.20340995155338248
FixedParameters: 0 0 0
#Transform 99
Transform: MatrixOffsetTransformBase_double_3_3
Parameters: 0.9999982005843794 0.0009716713183800041 -0.00136198330976992 -0.0009663172252838521 0.9999916951346417 0.003910325621860153 0.0013659830555197542 -0.003908668795918058 0.9999909369530384 0.002978465404311237 -0.20651893675918132 -0.36276065324923934
FixedParameters: 0 0 0
#Transform 100
Transform: MatrixOffsetTransformBase_double_3_3
Parameters: 0.9999990826432937 0.0005496887293111717 -0.0007841192720437811 -0.0005462612222958558 0.9999911519216367 0.004189430228369012 0.0007869627745782919 -0.004188569309528059 0.9999908351194761 -0.034757297763349015 -0.27447319752840826 -0.3097251954097544
FixedParameters: 0 0 0
#Transform 101
Transform: MatrixOffsetTransformBase_double_3_3
Parameters: 0.9999996085819941 0.0008591098619365438 -0.0008078439746480241 -0.0008559171572085018 0.9999887905918976 0.004634693884658286 0.0008121326633001998 -0.004633304725934179 0.9999888698391908 -0.03182898287889202 -0.3017722178799431 -0.2895184672353537
FixedParameters: 0 0 0
#Transform 102
Transform: MatrixOffsetTransformBase_double_3_3
Parameters: 0.9999995564580979 0.0005070765121548324 -0.0010895801415835647 -0.0005016110800792824 0.9999898992130302 0.004446640384520584 0.001091403132203744 -0.004446363661366984 0.9999901142931725 0.008084125879520343 -0.2568087843577018 -0.3872033342134955
FixedParameters: 0 0 0
#Transform 103
Transform: MatrixOffsetTransformBase_double_3_3
Parameters: 0.9999991413878664 0.00044130588061539757 -0.0012900989305470352 -0.00043611701252313306 0.9999901828053026 0.00442165742282713 0.0012914801903098506 -0.004421348097839825 0.9999898590246382 0.00429303468754938 -0.28135143424883324 -0.34578649827288643
FixedParameters: 0 0 0
#Transform 104
Transform: MatrixOffsetTransformBase_double_3_3
Parameters: 0.9999992574777026 0.0005588471228261562 -0.0011959899812697215 -0.000553717508271928 0.9999908901815342 0.004326674497672836 0.001198223294703631 -0.004326329206359059 0.9999899298843372 0.006585990089689631 -0.2647580521430939 -0.3955973079174697
FixedParameters: 0 0 0
#Transform 105
Transform: MatrixOffsetTransformBase_double_3_3
Parameters: 0.9999971684577721 0.0003598696537920513 -0.0023881032389298576 -0.0003500823924509512 0.9999904079495624 0.00439502458219479 0.0023891349002928266 -0.0043949752646407075 0.999987128216463 0.04943356868407989 -0.26910960890286617 -0.4332731929827389
FixedParameters: 0 0 0
#Transform 106
Transform: MatrixOffsetTransformBase_double_3_3
Parameters: 0.9999984399915244 0.000552784763741754 -0.001501587791780549 -0.0005466725286044783 0.9999917609255996 0.004105832291137826 0.001503603352064733 -0.004105166816490688 0.99998996864574 0.02420823182049503 -0.29145583589800594 -0.32512008632419054
FixedParameters: 0 0 0
#Transform 107
Transform: MatrixOffsetTransformBase_double_3_3
Parameters: 0.9999984862179688 0.0005528578758061466 -0.0017912280081131687 -0.000544087671725766 0.9999896419447905 0.004461074580426619 0.0017937051632705286 -0.004460918149187171 0.99998804303114 0.03505974273440415 -0.26653207393486866 -0.4531717414843399
FixedParameters: 0 0 0
#Transform 108
Transform: MatrixOffsetTransformBase_double_3_3
Parameters: 0.9999995560496066 0.0005390843668834006 -0.0003921893498356545 -0.0005371473552130859 0.9999913402565944 0.004046209165591619 0.0003936358228024094 -0.004045786299465948 0.9999914754418862 -0.028004645832282904 -0.28128815579292166 -0.3473802093622709
FixedParameters: 0 0 0
#Transform 109
Transform: MatrixOffsetTransformBase_double_3_3
Parameters: 0.9999996727825243 0.00022062043144235887 -0.0005277580885332179 -0.0002182857278377152 0.9999915294812372 0.004174117612946074 0.0005287573318493488 -0.004173885756607779 0.9999912985806751 -0.031858326335651554 -0.2471190588436798 -0.3630470291247292
FixedParameters: 0 0 0
#Transform 110
Transform: MatrixOffsetTransformBase_double_3_3
Parameters: 0.9999994975237538 0.0001357316906795989 -0.001218234133812583 -0.00013047847279326798 0.9999910621497043 0.004234245159983538 0.0012187743290547498 -0.004233757454519732 0.9999905816769015 -0.007999831249080103 -0.24443813904726142 -0.40311456741558516
FixedParameters: 0 0 0
#Transform 111
Transform: MatrixOffsetTransformBase_double_3_3
Parameters: 0.9999996554176662 0.00041684170471996125 -0.0010823378778629246 -0.00041145540137047177 0.9999877384728519 0.004900538536867144 0.0010838167464414957 -0.004900464670321708 0.9999878868243129 0.002148117357265278 -0.24463821794344653 -0.4274869430772128
FixedParameters: 0 0 0
#Transform 112
Transform: MatrixOffsetTransformBase_double_3_3
Parameters: 0.9999994662531041 0.0003115952909843909 -0.001198565458449191 -0.0003059374770047125 0.9999877048211735 0.004920452252809945 0.0012001020973689681 -0.004919548294611137 0.9999873483178335 0.0014486349730589154 -0.2292780079847745 -0.4449159053445868
FixedParameters: 0 0 0
#Transform 113
Transform: MatrixOffsetTransformBase_double_3_3
Parameters: 0.9999975912262663 0.0004055900131669274 -0.002290101482184059 -0.0003946631382755546 0.9999883512731141 0.004831093428801933 0.0022918789380832636 -0.004830906539843111 0.9999855624960483 0.03731622873621632 -0.2510323812963833 -0.45453780686085565
FixedParameters: 0 0 0
#Transform 114
Transform: MatrixOffsetTransformBase_double_3_3
Parameters: 0.9999991927988632 0.0003438270132736554 -0.0012993827027079966 -0.00033837363826249764 0.9999883587306148 0.004842535559273706 0.0013012665778964457 -0.004842471719112645 0.9999879341246998 0.00665054566975698 -0.2826360926054434 -0.46140057387063393
FixedParameters: 0 0 0
#Transform 115
Transform: MatrixOffsetTransformBase_double_3_3
Parameters: 0.9999993399007564 0.0006330582733877534 -0.0011223467718488366 -0.0006269967628413965 0.9999895494614759 0.004579715129414949 0.001125455069264594 -0.0045792855157311685 0.9999888465585728 0.0045512183740044065 -0.25003291008043504 -0.3886530329044007
FixedParameters: 0 0 0
#Transform 116
Transform: MatrixOffsetTransformBase_double_3_3
Parameters: 0.9999989853391084 0.0003204377916970649 -0.00138279131830577 -0.0003129515512466925 0.9999875640558732 0.004925524764847131 0.0013844094535983543 -0.0049254716475120724 0.9999868998818162 0.0024556850072627867 -0.26544489595919174 -0.46816404643736576
FixedParameters: 0 0 0
#Transform 117
Transform: MatrixOffsetTransformBase_double_3_3
Parameters: 0.999999604686116 0.00038917145428218056 -0.0004943583078081802 -0.0003863314854900202 0.9999865223268497 0.005131189306438397 0.0004955113945229916 -0.005130805481790915 0.9999864277123584 -0.020037331230938094 -0.25560742190907604 -0.6117012768884962
FixedParameters: 0 0 0
#Transform 118
Transform: MatrixOffsetTransformBase_double_3_3
Parameters: 0.9999992381203212 0.0003658674084817543 -0.0007926283728848141 -0.00036154668212210015 0.9999886835044023 0.004710285704432646 0.000794307053979282 -0.00470970852129779 0.9999881861886821 0.009899184165305996 -0.2864818146077823 -0.6392916033546356
FixedParameters: 0 0 0
#Transform 119
Transform: MatrixOffsetTransformBase_double_3_3
Parameters: 1.0000000210818853 0.0004331530599830519 -0.0008893755639320568 -0.00042984053321656575 0.9999912492489476 0.004191384114345734 0.0008913268670792053 -0.004190615744203971 0.9999906427085368 0.013742220645340808 -0.26458540850529744 -0.6678463024317267
FixedParameters: 0 0 0
#Transform 120
Transform: MatrixOffsetTransformBase_double_3_3
Parameters: 0.9999993657029617 0.00018755961335103013 -0.0007738726732747069 -0.0001847920211755736 0.9999904818410503 0.004414145285189186 0.0007748473603292724 -0.004413856949933112 0.9999899168640325 0.01201492369078494 -0.26249235286751116 -0.5928569321639401
FixedParameters: 0 0 0
#Transform 121
Transform: MatrixOffsetTransformBase_double_3_3
Parameters: 0.9999995206933289 0.0003877118956889247 -0.0005737630255376383 -0.00038472540300845564 0.9999898161631723 0.004476220585857019 0.0005753910744579377 -0.004475776758969291 0.9999896351845541 -0.014123533803669375 -0.28956527356604056 -0.5639185639116704
FixedParameters: 0 0 0
#Transform 122
Transform: MatrixOffsetTransformBase_double_3_3
Parameters: 0.9999975960048915 0.00008295652262904025 -0.0020969466081572855 -0.00007591893836785224 0.9999939761847259 0.003598340215127477 0.002097177192948138 -0.003598666964476152 0.9999917212779164 0.03174642868725641 -0.24333018491614666 -0.43799782614543403
FixedParameters: 0 0 0
#Transform 123
Transform: MatrixOffsetTransformBase_double_3_3
Parameters: 0.9999992597681203 0.0001790457153705664 -0.0008413838492412006 -0.00017925554188507134 0.9999996676862781 0.0004671574346560431 0.0008416332937619812 -0.00046784249287691593 0.9999991549696718 0.009789247793833056 -0.1256413334241131 -0.05367911194015562
FixedParameters: 0 0 0
#Transform 124
Transform: MatrixOffsetTransformBase_double_3_3
Parameters: 0.999997578511341 0.00006063800986020351 -0.0023273499453882822 -0.00005730910510415386 0.9999987402688065 0.0017853084383347706 0.00232797023310633 -0.0017856938181223386 0.9999954622045026 0.04517159810788485 -0.10726287143653224 -0.29087332069673266
FixedParameters: 0 0 0
#Transform 125
Transform: MatrixOffsetTransformBase_double_3_3
Parameters: 0.9999986365915148 0.0000020934629036427398 -0.0015373359632284197 -0.0000019858498995388777 1.0000000054847797 0.00003508475094395058 0.0015373361060999347 -0.00003491515353216956 0.9999986286567536 -0.005425324983718838 -0.14995244358097182 -0.10029188830787916
FixedParameters: 0 0 0
#Transform 126
Transform: MatrixOffsetTransformBase_double_3_3
Parameters: 0.9999991951813978 0.00027810831686285773 -0.000853202949571321 -0.0002769543054149379 0.9999991291408709 0.0013082433887468409 0.0008530145502428395 -0.001308756432285299 0.9999986416942452 0.023567160950477728 -0.12086641703511702 -0.3254562343197449
FixedParameters: 0 0 0
#Transform 127
Transform: MatrixOffsetTransformBase_double_3_3
Parameters: 0.9999997115060981 0.00011029668260344956 -0.0011295681519061318 -0.00010929373803287165 0.9999992296685243 0.0013261237752119348 0.001130023206336405 -0.0013258756827520257 0.9999979652837758 0.009586191614289419 -0.13640894591023311 -0.31717521373471413
FixedParameters: 0 0 0
#Transform 128
Transform: MatrixOffsetTransformBase_double_3_3
Parameters: 0.999997858648206 -0.000176283949573171 -0.0020273860452655478 0.00017913176806848147 0.9999995562100583 0.0011938032300931878 0.002027125555312731 -0.0011941970979358896 0.9999974511619122 0.0326884702951844 -0.15152326109038938 -0.345155783501923
FixedParameters: 0 0 0
#Transform 129
Transform: MatrixOffsetTransformBase_double_3_3
Parameters: 0.9999998035588898 0.0003455283125570293 -0.0002780288446972768 -0.00034528030112042596 0.9999995278601819 0.0005940957882843712 0.0002774425479552344 -0.0005939039261744217 0.9999995700268777 -0.004808091362420441 -0.16462672977013426 -0.3493812047374121
FixedParameters: 0 0 0
#Transform 130
Transform: MatrixOffsetTransformBase_double_3_3
Parameters: 0.9999997057676442 0.00032281362970377667 -0.0010906941243215063 -0.00032155284585524545 0.9999997443445515 0.0010343583911944232 0.0010914426602861471 -0.0010346419158145798 0.999998821041199 0.019138869112481416 -0.24318834343445417 -0.350899015637566
FixedParameters: 0 0 0
#Transform 131
Transform: MatrixOffsetTransformBase_double_3_3
Parameters: 0.9999975557249935 0.000434693939437312 -0.0022925825169987776 -0.00043556787382305383 0.9999995010125968 -0.00040774416363839605 0.0022921455114166137 0.0004082559549996312 0.999997721784212 0.019945029008908932 -0.16860515744565419 -0.4528811745238954
FixedParameters: 0 0 0
#Transform 132
Transform: MatrixOffsetTransformBase_double_3_3
Parameters: 0.9999993894195022 0.0003540787036628029 -0.0006967527720899286 -0.0003531072467744681 0.9999987111308549 0.0014712457875094842 0.0006968783445911841 -0.0014707530091391668 0.999998350605479 0.01152328049899154 -0.264133479553891 -0.426006142424896
FixedParameters: 0 0 0
#Transform 133
Transform: MatrixOffsetTransformBase_double_3_3
Parameters: 0.9999990960308575 0.0003271334497424342 -0.0008927216986592109 -0.0003267566923569472 0.9999998485859326 0.00021129169364739186 0.0008928596696395196 -0.00021070790608997136 0.999999158403009 0.006668770578428962 -0.17825009199094666 -0.4829213382090387
FixedParameters: 0 0 0
#Transform 134
Transform: MatrixOffsetTransformBase_double_3_3
Parameters: 0.9999995699582163 0.0006423731336846782 -0.00013190282735022892 -0.0006423018125137369 0.9999995145024908 0.0002700847017634428 0.0001322496898100091 -0.0002699150266478739 0.9999999096557985 -0.017884265282702927 -0.145854699863591 -0.4209817330228276
FixedParameters: 0 0 0
#Transform 135
Transform: MatrixOffsetTransformBase_double_3_3
Parameters: 0.999999444847049 0.0003512560044768786 -0.0011963796228638603 -0.0003499812026002464 0.9999999764653625 0.0009494197538884169 0.0011971270363728603 -0.000948580545089811 0.9999986671786013 -0.007727286825428337 -0.1710393892601303 -0.37734414352141243
FixedParameters: 0 0 0
#Transform 136
Transform: MatrixOffsetTransformBase_double_3_3
Parameters: 0.9999998836229128 0.0003423752596239585 -0.000999790120085514 -0.00034314364594853567 1.000000102826062 -0.0008826580058187705 0.0009991028678735603 0.0008833431457280078 0.9999992214172744 -0.014937362589463987 -0.1908270016635072 -0.4792025186197151
FixedParameters: 0 0 0
#Transform 137
Transform: MatrixOffsetTransformBase_double_3_3
Parameters: 0.99999997515094 0.0006425426773568488 -0.0007818461943917305 -0.0006425802383747192 0.999999211346111 0.0006135021685458875 0.0007827159135100165 -0.0006124968412967863 0.9999990122674608 -0.04535362235310458 -0.16626377990877472 -0.23451990191409777
FixedParameters: 0 0 0
#Transform 138
Transform: MatrixOffsetTransformBase_double_3_3
Parameters: 0.9999980657516975 0.0016466250430887087 0.00047273547962630217 -0.0016459927782863303 0.9999990197576519 -0.0005819491263705928 -0.0004736535006298749 0.0005810509958388971 0.999999369709128 -0.14240206035027825 -0.14325826578027545 -0.15302185815805558
FixedParameters: 0 0 0
#Transform 139
Transform: MatrixOffsetTransformBase_double_3_3
Parameters: 0.9999990582158909 0.0009590998030201652 -0.0001480229375062922 -0.0009590808482236642 0.9999990760489025 0.00006414196583245935 0.0001481457014001434 -0.00006385791309458655 0.9999999739749957 -0.1276202731502991 -0.12108375878386823 -0.2996482531500817
FixedParameters: 0 0 0
#Transform 140
Transform: MatrixOffsetTransformBase_double_3_3
Parameters: 0.9999995335438467 0.0006768211981109427 -0.00009168087442301006 -0.0006766095675577943 0.999998010775439 0.001591061186827586 0.00009283754723991837 -0.0015909363203704396 0.9999984602068449 -0.12606413867881372 -0.14666432978873445 -0.3108589022420887
FixedParameters: 0 0 0
#Transform 141
Transform: MatrixOffsetTransformBase_double_3_3
Parameters: 0.9999999000012078 0.0009982187584427484 0.0003226825456514271 -0.0009982275950313156 0.9999979443249369 0.0014346778042767516 -0.0003208962188196579 -0.0014353202397480863 0.999998837225959 -0.1004004449659135 -0.1400275858949982 -0.38934522320990084
FixedParameters: 0 0 0
#Transform 142
Transform: MatrixOffsetTransformBase_double_3_3
Parameters: 0.9999995299690506 0.000438154074232616 -0.0005277715144060874 -0.00043624296646785127 0.9999982480852286 0.0018872310654354935 0.0005284248661876918 -0.0018867692973103395 0.9999981603379539 -0.07310586880917924 -0.14807692094616698 -0.37262799919972167
FixedParameters: 0 0 0
#Transform 143
Transform: MatrixOffsetTransformBase_double_3_3
Parameters: 0.999999866110829 0.00027647591734003947 -0.001028462589391637 -0.0002748247070673089 0.9999985608182246 0.0018112906619302815 0.001028628509903682 -0.0018117101969854221 0.9999977422194283 -0.06045576334477687 -0.21826389837622173 -0.3287376014391725
FixedParameters: 0 0 0
#Transform 144
Transform: MatrixOffsetTransformBase_double_3_3
Parameters: 0.9999995936550095 0.00030306390730180975 -0.0011463426866360033 -0.00030206079137342127 0.9999991547862723 0.0008724281372203824 0.001146952294705914 -0.0008715709460043464 0.999998918100932 -0.06428408271334263 -0.15033158593476514 -0.37599689097955036
FixedParameters: 0 0 0
#Transform 145
Transform: MatrixOffsetTransformBase_double_3_3
Parameters: 0.9999993453221095 0.000005513278073989981 -0.0008090151144838272 -0.000003923820599603333 0.9999971048907497 0.0022140850547114205 0.0008091998858671961 -0.0022139140931943663 0.9999974368277779 -0.06441100939119337 -0.15930559625397223 -0.36830999372668316
FixedParameters: 0 0 0
#Transform 146
Transform: MatrixOffsetTransformBase_double_3_3
Parameters: 0.999999173235299 0.0005133412389176842 -0.0007504966316914165 -0.000513107809967996 0.9999996307574536 0.00015539179616448628 0.000750656244631688 -0.00015560793919176807 0.9999994941174818 -0.0568459830756467 -0.12380659872337674 -0.4147744183427591
FixedParameters: 0 0 0
#Transform 147
Transform: MatrixOffsetTransformBase_double_3_3
Parameters: 0.9999984216206148 0.0003119320858716207 -0.0018658848910954088 -0.00030733219767575804 0.9999976108065537 0.0020557471349356843 0.001866406968980588 -0.002055251416011275 0.9999963606401118 -0.05606089862033059 -0.24305063619799228 -0.3855904322409316
FixedParameters: 0 0 0
#Transform 148
Transform: MatrixOffsetTransformBase_double_3_3
Parameters: 0.9999997241427238 0.00031529432361020345 -0.00041958863447259874 -0.000316037666889012 0.9999999340647928 -0.0009828684102333451 0.00041996467274363895 0.0009831334287069005 0.9999998574979145 -0.05066145130068378 -0.18449557172057496 -0.49284175920868734
FixedParameters: 0 0 0
#Transform 149
Transform: MatrixOffsetTransformBase_double_3_3
Parameters: 0.9999998583892236 0.0001158157094368611 -0.0010621667924749921 -0.00011691180397088388 0.9999997269173295 -0.0005157945356854543 0.0010620467049679589 0.0005162050433958482 0.999999598959886 -0.0596495145468765 -0.18496986023748718 -0.4615253549464313
FixedParameters: 0 0 0
#Transform 150
Transform: MatrixOffsetTransformBase_double_3_3
Parameters: 0.9999986772071494 0.00010995483011565422 -0.001520099013581828 -0.00010967361045559646 0.9999999044357243 0.00009225518316731407 0.0015201193292407324 -0.00009274457053358443 0.9999987556591414 -0.03038136290898308 -0.18869645202731533 -0.464094768956798
FixedParameters: 0 0 0
#Transform 151
Transform: MatrixOffsetTransformBase_double_3_3
Parameters: 0.9999989723767335 0.00012212578864925192 -0.0014186154508652714 -0.00012119435923478731 0.9999994485299036 0.0006792606707734655 0.0014188627253366145 -0.0006797387092089685 0.9999986004065122 -0.03129223398546799 -0.16033652052531977 -0.4141464279452691
FixedParameters: 0 0 0
#Transform 152
Transform: MatrixOffsetTransformBase_double_3_3
Parameters: 0.9999980216758015 0.00018457814526812342 -0.0017159763024304719 -0.00018446690850299003 0.9999999061011494 -0.00025760203628173717 0.0017157991504478211 0.00025839860355363065 0.9999979824465256 -0.032360450574628885 -0.2016586694258109 -0.4345983654142316
FixedParameters: 0 0 0
#Transform 153
Transform: MatrixOffsetTransformBase_double_3_3
Parameters: 0.9999998351404742 0.00025804132837082617 -0.001048310932931612 -0.00025692827961941846 0.9999987656832714 0.0010453576203484222 0.0010479346342161808 -0.0010456411153211692 0.9999988833171984 -0.040017526596031416 -0.1600255259511698 -0.40495988136368055
FixedParameters: 0 0 0
#Transform 154
Transform: MatrixOffsetTransformBase_double_3_3
Parameters: 0.9999983996276555 0.00011272523902433262 -0.0016086213142269639 -0.00011241477358329113 0.9999999030668815 0.00009626930518287502 0.0016086430402616901 -0.00009673038414854951 0.9999984779364653 -0.03586647173156621 -0.18330421987627687 -0.433004141705311
FixedParameters: 0 0 0
#Transform 155
Transform: MatrixOffsetTransformBase_double_3_3
Parameters: 0.9999992163631407 0.000198918704021324 -0.001320399533311506 -0.00019798266068459886 0.9999997307357124 0.0011092622704171468 0.0013210035745659318 -0.0011087380815985592 0.999998025863578 -0.02546519898046995 -0.15533641447207458 -0.44881891998424805
FixedParameters: 0 0 0
#Transform 156
Transform: MatrixOffsetTransformBase_double_3_3
Parameters: 0.9999956060453572 -0.00006364174794261195 -0.0028965296251952243 0.00006345926547770178 0.999999940161784 -0.000031850573226049894 0.002896533629064265 0.00003114914989080231 0.9999956638991954 -0.010205132037086173 -0.17351427369064254 -0.4249886243873533
FixedParameters: 0 0 0
#Transform 157
Transform: MatrixOffsetTransformBase_double_3_3
Parameters: 0.9999993182617962 0.00016022080697052548 -0.0008101196058599852 -0.00016113712896607572 0.9999995794198238 -0.0011808701742840877 0.000809658143319338 0.0011811304390220712 0.9999989493177767 -0.028073013211525222 -0.18101045123557924 -0.5550118202654915
FixedParameters: 0 0 0
#Transform 158
Transform: MatrixOffsetTransformBase_double_3_3
Parameters: 0.9999987563567695 0.00007446352902983031 -0.0014958961388516524 -0.00007286025603034638 0.9999995564822058 0.0012021925239016351 0.0014962370997810583 -0.0012018087910681818 0.9999983102624431 -0.02421993193816263 -0.2598676052254518 -0.43111702872791113
FixedParameters: 0 0 0
#Transform 159
Transform: MatrixOffsetTransformBase_double_3_3
Parameters: 0.9999983936280602 0.00012438559476701892 -0.0016096263265202647 -0.00012467210682071302 0.9999999832854495 -0.00008871774939693544 0.0016096041604714523 0.00008928196325844184 0.9999983945006939 -0.02623091549250489 -0.16602727653132376 -0.4523148686773055
FixedParameters: 0 0 0
#Transform 160
Transform: MatrixOffsetTransformBase_double_3_3
Parameters: 0.9999983345555197 0.00022067192517016634 -0.0016176355640364606 -0.0002217330470573278 0.9999998501993788 -0.00032755994577693404 0.001617490455139916 0.0003284388911159314 0.9999982691885388 -0.032182142902200894 -0.1756176872420241 -0.44255873386516953
FixedParameters: 0 0 0
#Transform 161
Transform: MatrixOffsetTransformBase_double_3_3
Parameters: 0.9999983799207799 0.00014854104862728257 -0.0016119226533074355 -0.00015134642749085357 0.9999995113465932 -0.0011796695621184572 0.0016114869980413946 0.001179329646221458 0.9999980861319571 -0.03259729631065511 -0.17016583487904313 -0.5152379717545017
FixedParameters: 0 0 0
#Transform 162
Transform: MatrixOffsetTransformBase_double_3_3
Parameters: 0.9999984010354559 0.0004443455880194953 -0.0015496834905372142 -0.00044469425598415676 0.9999997147965639 -0.00011222259812337931 0.001549583473827524 0.00011277703926168559 0.9999986609263856 -0.04450928650607011 -0.17901727632826692 -0.4501914245402361
FixedParameters: 0 0 0
#Transform 163
Transform: MatrixOffsetTransformBase_double_3_3
Parameters: 0.9999964431501417 -0.000024814833040065785 -0.0027484707214550956 0.000020813811318892255 0.9999992895856823 -0.0012867294309035077 0.002749280246789966 0.0012862707317890937 0.9999958433923714 0.001686303120564503 -0.16727892320051296 -0.49834703586587636
FixedParameters: 0 0 0
#Transform 164
Transform: MatrixOffsetTransformBase_double_3_3
Parameters: 0.9999981204942143 0.00004322139255657416 -0.0019691191682949475 -0.00004336931671496553 0.9999998834502177 0.00021525585973856953 0.0019692197673326205 -0.0002157452691795292 0.9999981441633435 -0.056166309778888035 -0.16897625968375962 -0.40787259875621373
FixedParameters: 0 0 0
#Transform 165
Transform: MatrixOffsetTransformBase_double_3_3
Parameters: 0.9999998343150288 0.00024364190052836282 -0.0010521328978027958 -0.0002456719867756246 0.9999982805697892 -0.001912742171507914 0.0010510329612805848 0.0019132567270546547 0.9999972346005426 -0.019620266011685317 -0.18612028339747155 -0.5399833659611488
FixedParameters: 0 0 0
#Transform 166
Transform: MatrixOffsetTransformBase_double_3_3
Parameters: 0.9999995396978271 0.00010673976502672797 -0.001203621234923499 -0.0001057068768752357 0.9999992847818681 0.0008432091379842604 0.0012038822663639496 -0.000842790078792191 0.9999988336179501 -0.035873249277216246 -0.2620792474715472 -0.373577890534591
FixedParameters: 0 0 0
#Transform 167
Transform: MatrixOffsetTransformBase_double_3_3
Parameters: 0.9999980272892075 0.0003322864807408061 -0.0016919698541295876 -0.00033168405627134593 0.9999998012644633 -0.00011635053788279504 0.0016918105629989222 0.00011665065831117927 0.9999981988800328 -0.030864059483093342 -0.1812472808433796 -0.4380388238103592
FixedParameters: 0 0 0
#Transform 168
Transform: MatrixOffsetTransformBase_double_3_3
Parameters: 0.9999989125420433 0.00016502842573796174 -0.0017494367251261014 -0.00016439566077624233 0.9999999687678941 -0.00010363083968494002 0.0017493205266876464 0.0001043704538732787 0.999997922142186 -0.031836965954880725 -0.17321056600621887 -0.44469706295457456
FixedParameters: 0 0 0
#Transform 169
Transform: MatrixOffsetTransformBase_double_3_3
Parameters: 0.9999990791491232 0.00007626263809879389 -0.0013838475645446275 -0.00007546276198832025 0.9999999174379524 0.00028918635696144335 0.0013838914133971155 -0.00028881306251188343 0.9999989946692909 -0.047852209659922096 -0.17882526740437754 -0.3635376496403495
FixedParameters: 0 0 0
#Transform 170
Transform: MatrixOffsetTransformBase_double_3_3
Parameters: 0.9999990922493113 0.0000014347198336360034 -0.0013816285254564383 -2.2264329729042222e-7 0.9999995906113536 0.0011900838554995546 0.0013807977366329547 -0.0011899182407342224 0.9999986694333196 -0.04048340466947309 -0.13064894379425596 -0.2834513524069848
FixedParameters: 0 0 0
#Transform 171
Transform: MatrixOffsetTransformBase_double_3_3
Parameters: 0.9999998276677403 0.0001382199149974449 -0.0010737795502460752 -0.00013771736465812069 0.9999995004746234 0.0006982298990345498 0.0010740540933857718 -0.0006977702392529928 0.9999993527845841 -0.038801513511685926 -0.15970649326906994 -0.3133868147085792
FixedParameters: 0 0 0
#Transform 172
Transform: MatrixOffsetTransformBase_double_3_3
Parameters: 0.9999994941515176 0.000022042067682834167 -0.0012268823725005234 -0.00002203998206775787 0.9999998405791176 0.00040710904309024243 0.0012269822525409863 -0.000406891631311343 0.9999993222739749 -0.02658286189421233 -0.16348425690836166 -0.35509020839099037
FixedParameters: 0 0 0
#Transform 173
Transform: MatrixOffsetTransformBase_double_3_3
Parameters: 0.999998901974917 -0.0001241762219027753 -0.001755740883580836 0.00012338549094031572 0.9999997390246789 -0.0005090541930362069 0.0017557849540851588 0.0005089461854303895 0.9999986447875281 -0.03452516279909901 -0.17748231154972416 -0.40716693628051814
FixedParameters: 0 0 0
#Transform 174
Transform: MatrixOffsetTransformBase_double_3_3
Parameters: 0.9999995839625885 -0.00002879726820005822 -0.0011895964700652127 0.00002934951413551898 0.999999582067713 0.0006510471240080279 0.0011896405551336453 -0.0006509529705225892 0.9999991542923947 -0.043789303591196926 -0.14722294885775966 -0.3390609218685938
FixedParameters: 0 0 0
#Transform 175
Transform: MatrixOffsetTransformBase_double_3_3
Parameters: 0.9999997557570993 0.0000886840448272138 -0.0011119256740135966 -0.00008768327636349465 0.9999997964378058 0.00045017951920979515 0.001112005039560638 -0.00044982007872158836 0.9999995543193037 -0.045087327252218756 -0.16252033528192555 -0.3355824960691933
FixedParameters: 0 0 0
#Transform 176
Transform: MatrixOffsetTransformBase_double_3_3
Parameters: 0.9999986337922057 0.0002812603073646733 -0.0018128998429415913 -0.0002845694443226701 0.9999988290670511 -0.001759405788375773 0.0018126548025958072 0.0017605948400019056 0.9999966095143795 -0.021722074474183728 -0.1722803679068221 -0.49654851996565696
FixedParameters: 0 0 0
#Transform 177
Transform: MatrixOffsetTransformBase_double_3_3
Parameters: 0.9999997999915637 0.00002323857438451331 -0.0010948096001430075 -0.000025452084538667258 0.9999981723496574 -0.0019578927550997077 0.0010955470261243224 0.00195810940562674 0.9999979601001194 -0.02759561824075263 -0.1877937069633333 -0.5263280631147182
FixedParameters: 0 0 0
#Transform 178
Transform: MatrixOffsetTransformBase_double_3_3
Parameters: 1.000000017656086 0.0001752009353147219 -0.00097529679325141 -0.00017816585746281363 0.9999962984290375 -0.0025837454067147853 0.0009752164533868527 0.0025842533564440356 0.9999963650926234 -0.03633079598981226 -0.1474281088760705 -0.5560379369893269
FixedParameters: 0 0 0
#Transform 179
Transform: MatrixOffsetTransformBase_double_3_3
Parameters: 0.9999986466633388 0.0005126787232415792 -0.0014460253661707479 -0.0005148987110988966 0.9999983103339946 -0.0018301700850500424 0.0014448952042037868 0.0018308321633418723 0.9999976348552839 -0.04219567713440142 -0.16365227197293564 -0.5796770529300659
FixedParameters: 0 0 0
#Transform 180
Transform: MatrixOffsetTransformBase_double_3_3
Parameters: 0.9999970660040394 0.00014008184350102566 -0.0022167797246616366 -0.0001456198891184388 0.9999960719807119 -0.0026164311250679723 0.002216537190986725 0.0026165678357304156 0.9999943018412984 -0.02896276746500348 -0.1561193572020585 -0.5343968158667423
FixedParameters: 0 0 0
#Transform 181
Transform: MatrixOffsetTransformBase_double_3_3
Parameters: 0.9999983534862246 0.00026585100081222225 -0.0016045732115181706 -0.00026795949363763165 0.9999999494252092 -0.0009924903753176645 0.0016049578358397272 0.0009935103434096787 0.9999984319608548 -0.04255092404494576 -0.12104821122285614 -0.44678895812749886
FixedParameters: 0 0 0
#Transform 182
Transform: MatrixOffsetTransformBase_double_3_3
Parameters: 0.9999953717706055 0.00009808472878136497 -0.003101403338571184 -0.00010537369033774223 0.9999969942190517 -0.0026343531560090866 0.003101126516135308 0.0026346508687233317 0.9999914963031881 -0.029709259010687106 -0.13384478894704444 -0.4216422744087396
FixedParameters: 0 0 0
#Transform 183
Transform: MatrixOffsetTransformBase_double_3_3
Parameters: 0.999998627834975 0.0001559477346620053 -0.001829384766460866 -0.00015928987830211716 0.9999987150381465 -0.0014805412346703684 0.0018297508187756415 0.0014804580621844698 0.9999975290313621 -0.04858163181725672 -0.16167324272839778 -0.42097319518011034
FixedParameters: 0 0 0
#Transform 184
Transform: MatrixOffsetTransformBase_double_3_3
Parameters: 0.9999984720429042 0.0000037468545538002008 -0.0018779101951115224 -0.000007485643340809173 0.9999987197080665 -0.0018129073851064076 0.0018786406532834558 0.001813091807949821 0.9999961783873632 -0.059448561014150414 -0.17565993820326753 -0.4421904706870947
FixedParameters: 0 0 0
#Transform 185
Transform: MatrixOffsetTransformBase_double_3_3
Parameters: 0.9999996277797414 0.00021645548949192833 -0.0005703883100513529 -0.00021756199331673766 0.9999961687897354 -0.002789876507296632 0.0005700101599189394 0.002790123984346568 0.9999958907568722 -0.060669848341362353 -0.14214523558715086 -0.5194083214463916
FixedParameters: 0 0 0
#Transform 186
Transform: MatrixOffsetTransformBase_double_3_3
Parameters: 1.0000001719011928 0.0003730861938043492 -0.000829575977064671 -0.00037550434393318047 0.9999962533221872 -0.0027576895755691277 0.0008293407616565301 0.00275831050074192 0.999995705418458 -0.07185416735886463 -0.15662889394671708 -0.521221945283358
FixedParameters: 0 0 0
#Transform 187
Transform: MatrixOffsetTransformBase_double_3_3
Parameters: 0.999999131734248 0.00008417011334878704 -0.0013639723397545465 -0.00008785892797663938 0.9999968588192871 -0.0024778006294078475 0.0013642968740880457 0.0024781986261685762 0.9999959919242564 -0.07711853971123617 -0.14466152244607144 -0.5117822810724846
FixedParameters: 0 0 0
#Transform 188
Transform: MatrixOffsetTransformBase_double_3_3
Parameters: 0.9999981755659929 0.0001272221524763746 -0.0016755247479210151 -0.00013004030794162326 0.9999988196920792 -0.0017576970965517413 0.0016758234318423675 0.0017573049373886956 0.9999971782488758 -0.05542429327418574 -0.175528236641199 -0.4204272242311333
FixedParameters: 0 0 0
#Transform 189
Transform: MatrixOffsetTransformBase_double_3_3
Parameters: 0.9999997372852923 0.00009152537255957082 -0.0005045829830534144 -0.00009246018829718681 0.9999954795475207 -0.002903945382398909 0.000503884901667084 0.0029030515831030557 0.9999953970860227 -0.041341310271420184 -0.15047887522906933 -0.5301963337004878
FixedParameters: 0 0 0
#Transform 190
Transform: MatrixOffsetTransformBase_double_3_3
Parameters: 0.9999972731442773 0.0001905937853991425 -0.002385393116313734 -0.00019480516060116604 0.9999981202534323 -0.0019442898688515203 0.0023852306517098023 0.0019447125727531517 0.9999955907077112 -0.033875947420114016 -0.17900530547258597 -0.44767649634005124
FixedParameters: 0 0 0
#Transform 191
Transform: MatrixOffsetTransformBase_double_3_3
Parameters: 0.9999998189644744 0.00006224540282556125 -0.0010851817303479023 -0.00006539591490315694 0.9999959937184016 -0.00282985017507055 0.0010845746867202773 0.002830151977783704 0.9999958074031987 -0.05953948244491869 -0.1496594935390334 -0.5082178875383221
FixedParameters: 0 0 0
#Transform 192
Transform: MatrixOffsetTransformBase_double_3_3
Parameters: 0.9999981632494155 0.0004977529135851092 -0.0016088463762897538 -0.0005020351884599138 0.999996802871842 -0.0026211095026722753 0.0016078909466178191 0.0026218942878734053 0.9999956158098516 -0.0679040879686994 -0.1746178570201522 -0.4286436363182702
FixedParameters: 0 0 0
#Transform 193
Transform: MatrixOffsetTransformBase_double_3_3
Parameters: 0.9999992477420424 0.00010084982790298297 -0.0008617450796261769 -0.00010369249558649279 0.9999945245065545 -0.003385912454648199 0.0008608066784193034 0.0033860886238626098 0.999993793169742 -0.06057111365798562 -0.12632914631410586 -0.5013519319238071
FixedParameters: 0 0 0
#Transform 194
Transform: MatrixOffsetTransformBase_double_3_3
Parameters: 0.9999974859345401 0.00026358559631779245 -0.0023334554369687367 -0.0002678572480598455 0.9999979571295108 -0.0022142117825435514 0.0023327835600577104 0.0022147917847412935 0.9999947207512345 -0.05006570339809002 -0.1567827157260382 -0.43387218297205266
FixedParameters: 0 0 0
#Transform 195
Transform: MatrixOffsetTransformBase_double_3_3
Parameters: 0.9999989386594957 0.00007546864511859052 -0.0014334593729552025 -0.00007911060979874957 0.9999974364418864 -0.0023418017745417546 0.0014338482498727433 0.002341200140028449 0.999996536948325 -0.044702085880743425 -0.1591818675246799 -0.46770310938460113
FixedParameters: 0 0 0
#Transform 196
Transform: MatrixOffsetTransformBase_double_3_3
Parameters: 0.9999997554919339 0.0003229502360400165 -0.001067705030078091 -0.0003242700147955136 0.9999983738875612 -0.0015895728623956523 0.0010675087097075492 0.0015904271657045527 0.9999983253996669 -0.05755434715634067 -0.16354791858972817 -0.33832949320253647
FixedParameters: 0 0 0
#Transform 197
Transform: MatrixOffsetTransformBase_double_3_3
Parameters: 0.9999981348721759 0.00013899089373729115 -0.001961040884088258 -0.00014663906130722812 0.9999937709700879 -0.0034955553234896075 0.001960547322103408 0.003496442040863662 0.999991919781186 -0.03858540042159575 -0.12012242635954351 -0.45375479071205405
FixedParameters: 0 0 0
#Transform 198
Transform: MatrixOffsetTransformBase_double_3_3
Parameters: 0.9999996460137222 0.0002848131955143289 -0.0011280619681085864 -0.00028829790975167305 0.9999968483621735 -0.0024645953958575134 0.0011274820068606483 0.0024654050621429474 0.9999966451779665 -0.04509412259741907 -0.184268892127065 -0.32022056822715683
FixedParameters: 0 0 0
#Transform 199
Transform: MatrixOffsetTransformBase_double_3_3
Parameters: 0.999998845911397 0.00027163231738672726 -0.0014425134152705407 -0.00027692815871623277 0.9999930217983585 -0.003592519188242438 0.0014411293716895565 0.003593473445436063 0.9999920047449082 -0.045418670893269564 -0.14166472122848006 -0.5150547129804863
FixedParameters: 0 0 0
#Transform 200
Transform: MatrixOffsetTransformBase_double_3_3
Parameters: 0.9999996378768875 0.00038888130978125354 -0.001100140030429553 -0.0003904540442664008 0.9999993961330101 -0.001204571105961949 0.0011001156300396659 0.0012054284749384303 0.9999983376924784 -0.0675902197592535 -0.14772904873755976 -0.3750440833199207
FixedParameters: 0 0 0
#Transform 201
Transform: MatrixOffsetTransformBase_double_3_3
Parameters: 0.9999992569378893 0.00004589170038262483 -0.0013196893366135612 -0.00005021459425983907 0.9999950881721005 -0.0031488554818293463 0.001319058940045115 0.003149145609944351 0.999994336302581 -0.058077367725985596 -0.14923792253115664 -0.5074773960896977
FixedParameters: 0 0 0
#Transform 202
Transform: MatrixOffsetTransformBase_double_3_3
Parameters: 0.9999985636386043 0.0006503793947493651 -0.0014190524230922226 -0.0006535964919142534 0.9999967462242922 -0.0025970690521497086 0.0014173308589179557 0.0025979317721715883 0.9999953233688437 -0.04414476190567029 -0.12258376370766655 -0.0902583702364268
FixedParameters: 0 0 0
#Transform 203
Transform: MatrixOffsetTransformBase_double_3_3
Parameters: 0.9999992492257973 0.00020738813792374396 -0.0008409700636397644 -0.00021020911078534118 0.9999917752909919 -0.004144826614384672 0.0008409046420462274 0.0041451777883289576 0.999991111712539 -0.05121588638905905 -0.09604686741657531 -0.11998473009305144
FixedParameters: 0 0 0
#Transform 204
Transform: MatrixOffsetTransformBase_double_3_3
Parameters: 0.9999990619635913 0.0004956882502994474 -0.0013006257712972551 -0.0004995955840416456 0.9999963034405164 -0.002715266251630613 0.0012996705326435317 0.002715737023922568 0.9999960105996687 -0.059939345723506676 -0.10466602267500491 -0.09862771762870182
FixedParameters: 0 0 0
#Transform 205
Transform: MatrixOffsetTransformBase_double_3_3
Parameters: 0.9999989250439169 0.0004296177970541358 -0.0013749300358006221 -0.00043511552421332 0.9999927273290762 -0.003873398890062732 0.0013731640604529906 0.0038736005077520536 0.9999911895848582 -0.08194230254028412 -0.11805832441659447 -0.21091405566571098
FixedParameters: 0 0 0
#Transform 206
Transform: MatrixOffsetTransformBase_double_3_3
Parameters: 0.9999985548114558 0.0001755760959567828 -0.0018478871137323494 -0.000177816615978003 0.9999992148302221 -0.0008755091680524851 0.0018474956023421358 0.0008764887825339213 0.9999978052297088 -0.07074593693565134 -0.12728407041515766 -0.2189577847708506
FixedParameters: 0 0 0
#Transform 207
Transform: MatrixOffsetTransformBase_double_3_3
Parameters: 0.9999995702989605 0.000053883254827248345 -0.0011944864993575267 -0.000054736104753590146 0.999999876315333 -0.0003568532668589558 0.0011944477222231137 0.00035714633533572016 0.9999994390856648 -0.08078236514545267 -0.15637048168518675 -0.327504175601689
FixedParameters: 0 0 0
#Transform 208
Transform: MatrixOffsetTransformBase_double_3_3
Parameters: 0.9999982161703961 0.00004060884873465813 -0.0019446794241413145 -0.00003894978855721858 0.9999991301244769 0.0009392401211518464 0.0019449180073009855 -0.0009387587429432187 0.9999973226033015 -0.07583719972133451 -0.17451204916505958 -0.39794000511450633
FixedParameters: 0 0 0
#Transform 209
Transform: MatrixOffsetTransformBase_double_3_3
Parameters: 0.9999990220964112 0.000051692397245103313 -0.0017247194806005739 -0.00004897107562631101 0.999998188548701 0.0016552565856333967 0.0017251319447573066 -0.0016557428691274662 0.999997352180417 -0.06586670153657792 -0.27265494703871695 -0.47318160699839495
FixedParameters: 0 0 0
#Transform 210
Transform: MatrixOffsetTransformBase_double_3_3
Parameters: 0.9999975875779232 0.00014073364902531695 -0.002096128775849361 -0.000137725123693921 0.999998808427516 0.0014504614796949228 0.0020957818583677837 -0.001450537763298565 0.9999965712442244 -0.05286492566708034 -0.25935961219191483 -0.5104649010846742
FixedParameters: 0 0 0
#Transform 211
Transform: MatrixOffsetTransformBase_double_3_3
Parameters: 0.999998257482824 0.00019003913669558983 -0.0019253816886273245 -0.0001917632653160875 0.9999999564160055 -0.0009655444022426685 0.0019248491814461122 0.000965456169894352 0.9999974366839287 -0.03200368496048611 -0.19807511555826807 -0.46353419236723425
FixedParameters: 0 0 0
#Transform 212
Transform: MatrixOffsetTransformBase_double_3_3
Parameters: 0.9999916401558225 -0.00015892053729453024 -0.004041619590146592 0.000157471981000522 0.9999998555155853 -0.00030297882042380764 0.004041633361107412 0.00030202010750469965 0.9999916016273689 -0.01362002426203901 -0.19940745028405615 -0.4284188730558043
FixedParameters: 0 0 0
#Transform 213
Transform: MatrixOffsetTransformBase_double_3_3
Parameters: 0.9999941937920522 -0.00013776639781570236 -0.003284051364824266 0.00013139248951112362 0.9999971158753842 -0.002196946178020673 0.003284983707284754 0.0021960554966982404 0.9999924286509901 -0.019029053509513005 -0.1735400636111848 -0.46976163838668583
FixedParameters: 0 0 0
#Transform 214
Transform: MatrixOffsetTransformBase_double_3_3
Parameters: 0.999995241168132 -0.00005524891165951712 -0.0031238557083232434 0.00005698113803343351 0.999999577266717 0.0006092398478046018 0.0031229545431682073 -0.0006097603333338752 0.9999949209190234 -0.03263029074018675 -0.256449586639647 -0.3517253669309355
FixedParameters: 0 0 0
#Transform 215
Transform: MatrixOffsetTransformBase_double_3_3
Parameters: 0.9999945732364581 -0.00006940287265676213 -0.003228391474950747 0.00006510316114369363 0.9999997544024664 -0.0011288083262680493 0.0032282975159016935 0.0011291907269485035 0.9999942695459063 -0.031924476282284786 -0.17084970366471453 -0.40214941220808953
FixedParameters: 0 0 0
#Transform 216
Transform: MatrixOffsetTransformBase_double_3_3
Parameters: 0.9999953542570412 -0.00005931416437820062 -0.003104818344670372 0.00005594562299921169 0.999999514573143 -0.0011977653386748555 0.003105625253816468 0.0011972374853232715 0.9999949716604157 -0.025422161272004473 -0.1619481863837109 -0.3951892081460926
FixedParameters: 0 0 0
#Transform 217
Transform: MatrixOffsetTransformBase_double_3_3
Parameters: 0.9999978014259282 0.000027680987370083785 -0.0020485013682911436 -0.00003176364464377773 0.9999979707379604 -0.0017456933497488475 0.002049148399862165 0.001746305119396746 0.999996733648118 -0.053389921832049936 -0.16899450393530913 -0.40556497678747405
FixedParameters: 0 0 0
#Transform 218
Transform: MatrixOffsetTransformBase_double_3_3
Parameters: 0.9999984363712633 0.000039678349429811877 -0.0018871028377465812 -0.000044323344400098286 0.9999963122292113 -0.002572749873372651 0.0018874736908286642 0.0025722484873240553 0.9999948886003445 -0.03596755417940756 -0.1467758023720478 -0.4534352889038331
FixedParameters: 0 0 0
#Transform 219
Transform: MatrixOffsetTransformBase_double_3_3
Parameters: 0.9999996653538944 0.00010480741264160197 -0.0011505051175526053 -0.0001053619442919277 0.9999999375900733 -0.00024079734443109568 0.0011504544667417969 0.0002412024662743345 0.999999611601848 -0.04341485436599157 -0.17394927076776412 -0.3265151058534599
FixedParameters: 0 0 0
#Transform 220
Transform: MatrixOffsetTransformBase_double_3_3
Parameters: 1.0000000392922137 0.0005362323439033205 -0.0008207277172945112 -0.0005369606683078923 0.9999987913777627 -0.0017085611459695116 0.0008197263890558058 0.0017094414084325577 0.9999984065424419 -0.04480179879904256 -0.1680093755892358 -0.3654406978127156
FixedParameters: 0 0 0
#Transform 221
Transform: MatrixOffsetTransformBase_double_3_3
Parameters: 0.999998247223677 0.00040663596123244994 -0.0016083928158843771 -0.0004085413081866759 0.9999992275137477 -0.0012372563449594282 0.0016082167935624668 0.0012377441536825656 0.9999979568934101 -0.037877016610039504 -0.16722275457054536 -0.3722624434162327
FixedParameters: 0 0 0
#Transform 222
Transform: MatrixOffsetTransformBase_double_3_3
Parameters: 0.999997094596592 0.00016973159840824888 -0.0022082838113164126 -0.00017557579540653987 0.9999967151771907 -0.0026954563154267946 0.0022078578641057697 0.002696545435205616 0.9999938425386246 -0.043007105659441436 -0.16238018739916527 -0.40148308312842573
FixedParameters: 0 0 0
#Transform 223
Transform: MatrixOffsetTransformBase_double_3_3
Parameters: 0.9999976637616503 0.00012531952313146925 -0.002078946103727612 -0.0001299283935337807 0.9999975909040715 -0.002307566019675314 0.002077947424174318 0.00230743662069334 0.9999954237134449 -0.05594671202993595 -0.20214006082412084 -0.6544782525823081
FixedParameters: 0 0 0
#Transform 224
Transform: MatrixOffsetTransformBase_double_3_3
Parameters: 0.9999953659451373 0.00005655634760328934 -0.0031036108266877427 -0.00006228269605590734 0.9999989643024291 -0.0017254819993423876 0.0031029960766807943 0.0017255175266621958 0.999993446924498 -0.008294923988302116 -0.22437007804293785 -0.6850326590194982
FixedParameters: 0 0 0
#Transform 225
Transform: MatrixOffsetTransformBase_double_3_3
Parameters: 0.9999959226672156 0.000016057317898596647 -0.0028421493982106476 -0.00001932267938466512 0.9999997337757773 -0.0011006169869172133 0.0028418646472587942 0.0011003842682371368 0.9999957666842546 -0.0027586034446613894 -0.3087575292849749 -0.6705282094952452
FixedParameters: 0 0 0
#Transform 226
Transform: MatrixOffsetTransformBase_double_3_3
Parameters: 0.9999983077973962 0.00027618513720142006 -0.0016176337501056263 -0.0002786617223909428 0.999999019824112 -0.0013814690699632953 0.0016167030731252408 0.0013825296797507075 0.9999974681227571 -0.03798124848536588 -0.16127916667869613 -0.037352526282873555
FixedParameters: 0 0 0
#Transform 227
Transform: MatrixOffsetTransformBase_double_3_3
Parameters: 0.9999998770570655 0.0006950031676544509 -0.0008004329540840333 -0.0006967042040131005 0.9999968527084144 -0.00236243660998936 0.0007979777992309293 0.002362562299919241 0.9999968615199306 -0.039340590153187804 -0.08090257870115636 0.0034590435371626427
FixedParameters: 0 0 0
#Transform 228
Transform: MatrixOffsetTransformBase_double_3_3
Parameters: 0.9999976491339463 0.0011893505137181187 -0.0017137071955235052 -0.0011941193716706875 0.999995511490828 -0.002627864025405685 0.0017101031912761155 0.002630134496229522 0.9999953143262389 -0.045927862265799035 -0.04298898220295655 -0.018694268074582965
FixedParameters: 0 0 0
#Transform 229
Transform: MatrixOffsetTransformBase_double_3_3
Parameters: 0.9999994675467613 0.0006637627854779921 -0.0010450580973407123 -0.0006666215017758957 0.9999961843064992 -0.002879301547697319 0.0010429747051975045 0.0028797039209067093 0.9999957001437316 -0.07067069867690634 -0.05316231882544287 -0.03405199118540736
FixedParameters: 0 0 0
#Transform 230
Transform: MatrixOffsetTransformBase_double_3_3
Parameters: 0.9999992844463992 0.0006567435911592956 -0.0011334309101889452 -0.0006601315373860743 0.9999966713412377 -0.002412166255769857 0.0011310867008351567 0.0024128340573753293 0.9999969727702743 -0.07819168527619524 -0.08360503603479685 -0.02850627699720576
FixedParameters: 0 0 0
#Transform 231
Transform: MatrixOffsetTransformBase_double_3_3
Parameters: 0.9999987859469679 0.0006390022222553722 -0.0013436524284110454 -0.0006422183281475838 0.9999968906429834 -0.002371051967397231 0.0013423614673452066 0.002371949412604546 0.9999966472542993 -0.07433187901209237 -0.09254867561395486 -0.04828539210323868
FixedParameters: 0 0 0
#Transform 232
Transform: MatrixOffsetTransformBase_double_3_3
Parameters: 0.9999987456398136 0.0005146644926506349 -0.001728886921373181 -0.0005226763913942863 0.9999902210492456 -0.00440801487337536 0.0017267301233119554 0.004408983963697169 0.9999886546305983 -0.058079083819862376 -0.06239015823287275 -0.15215628047741347
FixedParameters: 0 0 0
#Transform 233
Transform: MatrixOffsetTransformBase_double_3_3
Parameters: 0.9999986955830861 0.0006067379652128269 -0.0017136827902740563 -0.0006116905960560116 0.9999958602228559 -0.002947870179059703 0.0017116738239430528 0.0029491337151622 0.99999444799222 -0.08712249628688085 -0.10450906258971315 -0.09437076886599982
FixedParameters: 0 0 0
#Transform 234
Transform: MatrixOffsetTransformBase_double_3_3
Parameters: 0.9999985082869108 0.0006313595173681605 -0.0014467910831436775 -0.0006338962396859992 0.999998975684546 -0.0015940784940071256 0.0014456063910385408 0.0015949217360971546 0.9999974477352953 -0.09499529472056167 -0.12687604504715466 -0.05950517286836998
FixedParameters: 0 0 0
#Transform 235
Transform: MatrixOffsetTransformBase_double_3_3
Parameters: 0.9999987262619313 0.0006370892474012603 -0.0013665584302357937 -0.0006403621702708124 0.9999969828099433 -0.002352039978270243 0.0013653006793002264 0.0023529616440626233 0.9999966749141909 -0.07500594330103638 -0.13522342767107887 -0.09023943137849244
FixedParameters: 0 0 0
#Transform 236
Transform: MatrixOffsetTransformBase_double_3_3
Parameters: 0.9999985894887898 0.0007600274824027071 -0.0016834861082972623 -0.0007644365250661386 0.9999952755925288 -0.0028396273492762997 0.0016807394364892964 0.0028413684326861616 0.9999941769817516 -0.07339626154910661 -0.11048824989889283 -0.10639545121676974
FixedParameters: 0 0 0
#Transform 237
Transform: MatrixOffsetTransformBase_double_3_3
Parameters: 0.9999989755888398 0.0006148425918361533 -0.001626723648649306 -0.0006188401218092162 0.9999962670160125 -0.002504906750480679 0.0016252981717640956 0.0025060894904313097 0.9999951534926389 -0.08764575971427746 -0.14999236252494086 -0.09018541452813622
FixedParameters: 0 0 0
#Transform 238
Transform: MatrixOffsetTransformBase_double_3_3
Parameters: 0.9999987930381439 0.0004549950343737257 -0.001732094845826941 -0.00046035948658618977 0.999994669884272 -0.003323120731606649 0.0017305542985238645 0.003323882265997613 0.9999930317606284 -0.08197712187330808 -0.11352718151620422 -0.1119397290396904
FixedParameters: 0 0 0
#Transform 239
Transform: MatrixOffsetTransformBase_double_3_3
Parameters: 0.999998317969337 0.0006805065326787253 -0.0017945799347612547 -0.0006841785555569209 0.9999977208192125 -0.0021576821522624606 0.0017923038207459199 0.0021583198215947563 0.9999962831987219 -0.07629356236078877 -0.12486277319906947 -0.08592917355618113
FixedParameters: 0 0 0
