#Insight Transform File V1.0
#Transform 0
Transform: MatrixOffsetTransformBase_double_3_3
Parameters: 0.9999988822223201 -0.0006980083346956802 -0.0016218823365294177 0.0007022397382524794 0.9999966419921347 0.0024681722343620205 0.001620092062730911 -0.0024688290655328904 0.9999960532145077 -0.21181511109271867 -0.07617219868440372 -0.3398517010896853
FixedParameters: 0 0 0
#Transform 1
Transform: MatrixOffsetTransformBase_double_3_3
Parameters: 0.9999993332744803 0.0003429712402746416 -0.001244627041891895 -0.00034336826148966383 0.9999997180394273 -0.00015937609284349952 0.001244517572654882 0.00015962368635549784 0.9999995643547228 -0.24492438453995646 -0.24137209164246087 -0.3996901600514775
FixedParameters: 0 0 0
#Transform 2
Transform: MatrixOffsetTransformBase_double_3_3
Parameters: 0.9999962984354275 0.0010889546849716673 -0.002348385555089719 -0.001087161175420065 0.9999986694861301 0.0008389782067156903 0.002349563072411508 -0.0008360218243053663 0.9999972261343952 -0.33287022588963566 -0.30506299099234013 -0.36785004717879133
FixedParameters: 0 0 0
#Transform 3
Transform: MatrixOffsetTransformBase_double_3_3
Parameters: 0.999992781637326 -0.00010946815927779629 -0.003768845501293504 0.00010577234123596706 1.0000000077642155 -0.00090534084286506 0.0037695150775123617 0.0009046581524321529 0.9999921358181904 -0.3130489760132633 -0.2902027792056998 -0.36243289553976865
FixedParameters: 0 0 0
#Transform 4
Transform: MatrixOffsetTransformBase_double_3_3
Parameters: 0.9999959576112731 -0.0009504472950985751 -0.00267152513493759 0.0009412693960835398 0.9999929456337827 -0.0035288852423033257 0.0026755107018724793 0.0035261115430282874 0.9999901253490591 -0.3031292946372872 -0.29115989927842634 -0.6684858019811344
FixedParameters: 0 0 0
#Transform 5
Transform: MatrixOffsetTransformBase_double_3_3
Parameters: 0.9999954638811301 -0.0005619349371113245 -0.0028670252304398335 0.0005546215305418268 0.9999969520461445 -0.0026499613762000773 0.0028686218821417863 0.0026490431485522714 0.9999924720684484 -0.31243034367732037 -0.3914366450082696 -0.5854637232977495
FixedParameters: 0 0 0
#Transform 6
Transform: MatrixOffsetTransformBase_double_3_3
Parameters: 0.9999922742684634 -0.001205869259931153 -0.003777554684566133 0.0012044051866306612 0.9999987726316086 -0.000587270339771212 0.0037784540742702394 0.0005827320047015749 0.9999928171828396 -0.2808028587999587 -0.36179098391600917 -0.4254105075493442
FixedParameters: 0 0 0
#Transform 7
Transform: MatrixOffsetTransformBase_double_3_3
Parameters: 0.9999973918542918 -0.0004585060134597417 -0.0023238139809706217 0.00045681693845500617 0.9999999211147351 -0.0009637290658869868 0.0023231994030271873 0.0009622732086999874 0.9999966159966628 -0.27354030766929327 -0.35189325738065236 -0.5930271264904405
FixedParameters: 0 0 0
#Transform 8
Transform: MatrixOffsetTransformBase_double_3_3
Parameters: 0.9999944731279842 -0.0006496933412315586 -0.003178794952486207 0.0006493945233274713 0.9999997207383242 -0.00004822590522499115 0.003178856010838152 0.000045773575027163727 0.9999947479717224 -0.26189291755414956 -0.31388560486631434 -0.430749840217274
FixedParameters: 0 0 0
#Transform 9
Transform: MatrixOffsetTransformBase_double_3_3
Parameters: 0.999995033834223 -0.0007299672273441897 -0.0029038971623864406 0.0007269984807846001 0.9999995447902701 -0.001021445290802614 0.0029048726449876793 0.0010185554937803265 0.9999954082381435 -0.2734245088219893 -0.25126266360312854 -0.5384525124207329
FixedParameters: 0 0 0
#Transform 10
Transform: MatrixOffsetTransformBase_double_3_3
Parameters: 0.9999938900059892 -0.0010740288405849036 -0.0034579422600025085 0.0010763279756411891 0.9999988332057588 0.0006154273038536384 0.0034569548291885307 -0.0006195718594089183 0.9999942941859398 -0.26984624521445255 -0.22628703027089614 -0.4648887617034063
FixedParameters: 0 0 0
#Transform 11
Transform: MatrixOffsetTransformBase_double_3_3
Parameters: 0.9999951591818077 -0.0005277812648101099 -0.003092283535868359 0.000530258791649538 0.9999987875492183 0.001037202984430774 0.003091866126407017 -0.001038797277259973 0.9999942167389307 -0.25933916315004524 -0.2827224574188705 -0.426318343093655
FixedParameters: 0 0 0
#Transform 12
Transform: MatrixOffsetTransformBase_double_3_3
Parameters: 0.9999977861887035 -0.0007074471416632739 -0.0019273325288595977 0.0007052907948010547 0.999999673004262 -0.0010270558737317526 0.001927456878960333 0.0010259459310568708 0.9999980057756883 -0.28857359655143 -0.17665337040514828 -0.6139538493132193
FixedParameters: 0 0 0
#Transform 13
Transform: MatrixOffsetTransformBase_double_3_3
Parameters: 0.9999952915561309 -0.0004955154041118863 -0.0029091003027951023 0.0004992064474379766 0.9999991471710444 0.0013112242699858945 0.0029084760632276272 -0.0013127759102444236 0.9999947016878138 -0.2664428584024421 -0.30429902489697724 -0.42058561246557247
FixedParameters: 0 0 0
#Transform 14
Transform: MatrixOffsetTransformBase_double_3_3
Parameters: 0.9999964614038882 -0.00013483949889092628 -0.0027425902892094884 0.00013866096991178525 0.9999988370943212 0.001446325234739726 0.002741890101200721 -0.0014466754948966598 0.9999954395739548 -0.2691208258313793 -0.3116037276714536 -0.4175915577608862
FixedParameters: 0 0 0
#Transform 15
Transform: MatrixOffsetTransformBase_double_3_3
Parameters: 0.9999966829234361 -0.00045295965999991985 -0.0026668080780811523 0.0004570346217830432 0.9999980595158058 0.0016874573944050952 0.0026661230529632434 -0.0016885420647490823 0.9999949247061303 -0.2972412611772768 -0.22731921548762557 -0.46546735280200835
FixedParameters: 0 0 0
#Transform 16
Transform: MatrixOffsetTransformBase_double_3_3
Parameters: 0.9999952324243421 -0.0004962648738773371 -0.0029191179106337123 0.0005008762605588765 0.9999982263232574 0.0016333835825732834 0.0029183396260502553 -0.0016346167205564532 0.9999946661733649 -0.2790568261003017 -0.32741128460259006 -0.42745626945414017
FixedParameters: 0 0 0
#Transform 17
Transform: MatrixOffsetTransformBase_double_3_3
Parameters: 0.9999950419037106 -0.0005022615242466116 -0.0029505548280364794 0.0005057722475379366 0.9999988169486979 0.0014291842441797875 0.0029499643837862816 -0.0014308164122345535 0.9999941351428465 -0.28083734866251575 -0.285556541057602 -0.4554896989075701
FixedParameters: 0 0 0
#Transform 18
Transform: MatrixOffsetTransformBase_double_3_3
Parameters: 0.9999952361157518 -0.0006584891656017037 -0.0028863857496636237 0.0006650909971854526 0.9999971722138492 0.0021678992624071802 0.002884536815339152 -0.0021690991032927154 0.9999936590894871 -0.30423649864870583 -0.26249239794792345 -0.42629859173378293
FixedParameters: 0 0 0
#Transform 19
Transform: MatrixOffsetTransformBase_double_3_3
Parameters: 0.9999943602738752 -0.0007071448875353248 -0.0031844549179937624 0.0007143148760618883 0.9999969545128296 0.002208713981168009 0.0031825056590643855 -0.002210284424739334 0.9999926419464639 -0.27727182183342336 -0.3345966771131259 -0.3690587966764127
FixedParameters: 0 0 0
#Transform 20
Transform: MatrixOffsetTransformBase_double_3_3
Parameters: 0.9999960253665461 -0.00005882845004123754 -0.002995653899355409 0.00006557742185654399 0.9999973243242392 0.00233454301340294 0.002994584058280172 -0.0023354579440977574 0.9999927965507469 -0.31504015151986664 -0.2653082512640168 -0.46097074099830593
FixedParameters: 0 0 0
#Transform 21
Transform: MatrixOffsetTransformBase_double_3_3
Parameters: 0.9999913054584318 -0.0008421679079817686 -0.00399832558134382 0.0008502798242139693 0.9999970332449081 0.0021221278477696615 0.003996262685965861 -0.0021258740404108967 0.9999902494099937 -0.29438020014264055 -0.29214323691473965 -0.3891876897509121
FixedParameters: 0 0 0
#Transform 22
Transform: MatrixOffsetTransformBase_double_3_3
Parameters: 0.9999948710617684 -0.0005673221372936849 -0.0032874098852763716 0.0005643745907262793 0.999999294135863 -0.0007488530488541922 0.003287915978648889 0.0007471451132247675 0.9999944579159237 -0.3431021347406329 -0.2904485894657398 -0.5932934666577552
FixedParameters: 0 0 0
#Transform 23
Transform: MatrixOffsetTransformBase_double_3_3
Parameters: 0.9999904811527497 -0.0007463124917398792 -0.004354510517508234 0.0007487904505203751 0.9999993415002882 0.0006224226234995411 0.0043540881989004195 -0.000625578265063681 0.9999903608960132 -0.3044365839862593 -0.3344797042803265 -0.41627351526972234
FixedParameters: 0 0 0
#Transform 24
Transform: MatrixOffsetTransformBase_double_3_3
Parameters: 0.999991636392907 -0.0005542735887562629 -0.004006967417207225 0.0005599238844775768 0.9999994885997489 0.0011961084561465385 0.0040063145590823815 -0.001197889051236939 0.9999912821655916 -0.3016839275814647 -0.3459754341536865 -0.4119007557780634
FixedParameters: 0 0 0
#Transform 25
Transform: MatrixOffsetTransformBase_double_3_3
Parameters: 0.9999938547276531 -0.0005896295781276693 -0.0034347586622860576 0.0005898325880391669 0.99999979611503 0.00017198144830393725 0.003434724825328784 -0.0001740199000916931 0.9999939987542102 -0.30455982133884163 -0.33004331227930095 -0.566382456989956
FixedParameters: 0 0 0
#Transform 26
Transform: MatrixOffsetTransformBase_double_3_3
Parameters: 0.9999918319369598 -0.00039796730820958355 -0.004124160133593815 0.00040261996364508257 0.9999990817748429 0.000921885545663137 0.004123932221546814 -0.0009231102101749655 0.9999910481459535 -0.3020600999074645 -0.440162367805101 -0.5478889951622108
FixedParameters: 0 0 0
#Transform 27
Transform: MatrixOffsetTransformBase_double_3_3
Parameters: 0.9999842526113237 -0.000960407076607652 -0.005461194273608248 0.0009400253979945438 0.9999927512409483 -0.003581504453945672 0.005464762016585744 0.0035764895456566193 0.9999788826309572 -0.3507757214486702 -0.4941148631670842 -0.7384353263193333
FixedParameters: 0 0 0
#Transform 28
Transform: MatrixOffsetTransformBase_double_3_3
Parameters: 0.9999887408417882 -0.0006655357817834109 -0.0047768252574831305 0.0006540419376381321 0.9999967885118737 -0.002442111971476396 0.004778003198280788 0.002438891126938042 0.999986040154899 -0.36101661413475483 -0.4534174985455337 -0.6936257587150862
FixedParameters: 0 0 0
#Transform 29
Transform: MatrixOffsetTransformBase_double_3_3
Parameters: 0.9999863609153228 -0.0001583252005673948 -0.005254957178473174 0.00014906849162938198 0.9999989694683888 -0.0016475105650085031 0.005255087196416497 0.0016464878334198352 0.9999849661905265 -0.33074466221981424 -0.46998340833536645 -0.6493071244926227
FixedParameters: 0 0 0
#Transform 30
Transform: MatrixOffsetTransformBase_double_3_3
Parameters: 0.9999891650940009 -0.00021012253924967722 -0.004667800085175496 0.0002070781089518423 0.9999991844644909 -0.0007670426884196502 0.004668424445318682 0.0007659589319673199 0.9999888055774301 -0.3379452552732545 -0.425814041152492 -0.6413358358533543
FixedParameters: 0 0 0
#Transform 31
Transform: MatrixOffsetTransformBase_double_3_3
Parameters: 0.999988518447362 -0.0004038795069739157 -0.004829079226923364 0.0003997565270000318 0.9999991535145953 -0.0008358692513436294 0.0048290694315439595 0.0008341297180673723 0.9999879704753255 -0.3422060657264865 -0.43477864822533263 -0.6189603635969689
FixedParameters: 0 0 0
#Transform 32
Transform: MatrixOffsetTransformBase_double_3_3
Parameters: 0.99998911080312 0.00007623752233539981 -0.004677558120978291 -0.00007856231315550057 0.9999995034051734 -0.00037167568825566266 0.004678315737913477 0.00037232157620270545 0.9999893306297738 -0.37655178210791007 -0.36522899268386766 -0.6424877586009217
FixedParameters: 0 0 0
#Transform 33
Transform: MatrixOffsetTransformBase_double_3_3
Parameters: 0.9999860795305561 -0.00026237295087961916 -0.005277507425407313 0.00026081458440988675 0.9999996081809428 -0.0002419157774834757 0.005277463309073611 0.0002400827298232877 0.9999863551874654 -0.3394474566549235 -0.3963053421242222 -0.5442850195625368
FixedParameters: 0 0 0
#Transform 34
Transform: MatrixOffsetTransformBase_double_3_3
Parameters: 0.9999900526401047 -0.00013916308685304535 -0.004463781169302546 0.00013753968440612335 0.9999996520930257 -0.0005318839147297749 0.0044644031584728 0.0005321190911159457 0.9999898344950221 -0.37742307547355836 -0.3542509062827861 -0.6558606793988986
FixedParameters: 0 0 0
#Transform 35
Transform: MatrixOffsetTransformBase_double_3_3
Parameters: 0.9999850730843387 0.000005648933578821804 -0.005378265469835884 -0.0000046067018026085295 0.9999995314107994 0.0001885204257397466 0.005378437617134669 -0.00018847923244891263 0.9999854706085801 -0.35620729406510065 -0.405786960108216 -0.5734362138624078
FixedParameters: 0 0 0
#Transform 36
Transform: MatrixOffsetTransformBase_double_3_3
Parameters: 0.9999910789544292 -0.00009942189210156833 -0.004112529498364403 0.00009635760210916205 1.000000350908099 -0.0007320034516799523 0.004112162183798017 0.0007319978384378312 0.999991656393109 -0.3869572004548729 -0.34040547068474325 -0.6709968778766608
FixedParameters: 0 0 0
#Transform 37
Transform: MatrixOffsetTransformBase_double_3_3
Parameters: 0.9999903219621062 0.00018384410679222096 -0.004432278401073784 -0.00018576619732439602 0.9999994770716134 -0.0003273867281857745 0.004431986962721398 0.0003286111884292231 0.9999906297226279 -0.36352829698016365 -0.413842650776175 -0.5900451060237799
FixedParameters: 0 0 0
#Transform 38
Transform: MatrixOffsetTransformBase_double_3_3
Parameters: 0.9999900870447485 0.0003006271748061815 -0.0044523615730594195 -0.0003015384292425835 0.9999994538171855 -0.00021203392202720495 0.004452063106114724 0.0002139657457020938 0.9999895424898568 -0.35618408569995097 -0.4212124286626846 -0.5788352027313408
FixedParameters: 0 0 0
#Transform 39
Transform: MatrixOffsetTransformBase_double_3_3
Parameters: 0.9999884969952871 -0.00040012988253851155 -0.004831480563199005 0.0003992599816187807 0.9999998155822468 -0.00019286067114548944 0.004831463840608284 0.00019113972651871314 0.9999886076845863 -0.3528044652252049 -0.35881046539358863 -0.5867188341878062
FixedParameters: 0 0 0
#Transform 40
Transform: MatrixOffsetTransformBase_double_3_3
Parameters: 0.9999864301491848 -0.0001896855058023737 -0.0052471214719969515 0.0001901231908564701 0.9999998136868228 0.00022944067546909475 0.005247374728338326 -0.00022956347783126274 0.9999865111206292 -0.33240773586391015 -0.4294440180130863 -0.5181419086906232
FixedParameters: 0 0 0
#Transform 41
Transform: MatrixOffsetTransformBase_double_3_3
Parameters: 0.999992163503335 0.0000946829482109734 -0.003978472877490525 -0.00009680464871120718 0.9999995669347352 -0.0003901892069854418 0.00397822789523934 0.00039080845760036675 0.9999922915880178 -0.359297928904283 -0.3514747659042854 -0.6324695345666527
FixedParameters: 0 0 0
#Transform 42
Transform: MatrixOffsetTransformBase_double_3_3
Parameters: 0.9999859037321956 -0.00027312665601086244 -0.0052932929227188594 0.00027688171814308426 0.999999130535919 0.0007260082087699737 0.005293573904677507 -0.0007279915788030722 0.9999857161313253 -0.31897280652739823 -0.36026308722235 -0.5115918838261706
FixedParameters: 0 0 0
#Transform 43
Transform: MatrixOffsetTransformBase_double_3_3
Parameters: 0.9999840490505142 -0.0005144883841480724 -0.0055397211432909104 0.0005212683659335886 0.9999992684076082 0.0012487054221038685 0.005538632499516213 -0.0012512950522545752 0.9999836556168075 -0.3254740189687908 -0.36165858218035396 -0.4836681955798099
FixedParameters: 0 0 0
#Transform 44
Transform: MatrixOffsetTransformBase_double_3_3
Parameters: 0.999988126838112 -0.0004019936899726792 -0.004869304615935143 0.0004063900637897883 0.9999992788069816 0.0007541004326633571 0.004869204915368058 -0.0007558953791496625 0.9999877079774853 -0.35003698807066996 -0.28455855500079963 -0.5816817254522135
FixedParameters: 0 0 0
#Transform 45
Transform: MatrixOffsetTransformBase_double_3_3
Parameters: 0.9999822370248689 -0.0007027628370161346 -0.005854102049060969 0.0007164590535654422 0.999997069685809 0.0023607561681572298 0.005852145918580518 -0.0023652445868673766 0.9999799996865606 -0.3089589339785732 -0.32645835731015893 -0.45010263652363847
FixedParameters: 0 0 0
#Transform 46
Transform: MatrixOffsetTransformBase_double_3_3
Parameters: 0.9999867407638575 -0.0007528140837096325 -0.005068691006958367 0.0007585994126679602 0.9999994738080582 0.00115235108028941 0.005067968084517103 -0.0011556505978082 0.9999866035038086 -0.3441040724808033 -0.29072725945458444 -0.5728881146989124
FixedParameters: 0 0 0
#Transform 47
Transform: MatrixOffsetTransformBase_double_3_3
Parameters: 0.9999816080915287 -0.0009086047437302836 -0.006047382168514073 0.0009183095457167384 0.9999978865011395 0.001628692257801545 0.006045118216653335 -0.0016343068339529365 0.9999803979541085 -0.31990914706987894 -0.2922184387195017 -0.5168604854634822
FixedParameters: 0 0 0
#Transform 48
Transform: MatrixOffsetTransformBase_double_3_3
Parameters: 0.9999862230843601 -0.0007929923327382182 -0.005113358908067722 0.0008106669383308019 0.9999935700264138 0.0034611091775935687 0.005110868348720675 -0.0034658885497575453 0.9999806611689265 -0.3219842654433478 -0.34600165177693043 -0.4587715129365222
FixedParameters: 0 0 0
#Transform 49
Transform: MatrixOffsetTransformBase_double_3_3
Parameters: 0.9999851539892214 -0.0007501290345715175 -0.0054114839602060535 0.0007756596028615229 0.999988183760543 0.004741416128264758 0.005407686326936938 -0.004745580415894568 0.9999739680717307 -0.3631962223845733 -0.33675764350981297 -0.46359817789921465
FixedParameters: 0 0 0
#Transform 50
Transform: MatrixOffsetTransformBase_double_3_3
Parameters: 0.9999854488237859 -0.0011639904318649376 -0.005215018831063676 0.001183788205629982 0.9999922375667725 0.0038642038378778887 0.005210498498680428 -0.0038708040068135274 0.9999792957891115 -0.3606607767548553 -0.29630923810337606 -0.5147827987837559
FixedParameters: 0 0 0
#Transform 51
Transform: MatrixOffsetTransformBase_double_3_3
Parameters: 0.9999810620965403 -0.0012994968876633547 -0.006020726134989279 0.0013234525346921347 0.9999916342349127 0.003937237354084189 0.006015459394394232 -0.003944765020661989 0.9999743644752229 -0.3316461425098538 -0.3411423201381325 -0.45783886803310736
FixedParameters: 0 0 0
#Transform 52
Transform: MatrixOffsetTransformBase_double_3_3
Parameters: 0.9999841717500735 -0.0007060294003470198 -0.005686015408437689 0.0007230517518325705 0.9999958719411532 0.002983652283600313 0.0056836570019432545 -0.002987351286682205 0.9999794731918047 -0.3783888276421834 -0.275435758769504 -0.5844245669231327
FixedParameters: 0 0 0
#Transform 53
Transform: MatrixOffsetTransformBase_double_3_3
Parameters: 0.9999855440813216 -0.0009587161397192428 -0.005247669602767972 0.0009822219285886265 0.9999900947507538 0.004398258132527283 0.005243042244250568 -0.004403742862237464 0.9999767112611397 -0.34894514046969505 -0.3294165634145543 -0.47769475907477954
FixedParameters: 0 0 0
#Transform 54
Transform: MatrixOffsetTransformBase_double_3_3
Parameters: 0.9999861838178966 -0.0011367776758675389 -0.005051933994183477 0.0011508903180498231 0.9999962213797159 0.0026453742371492783 0.005049073184546807 -0.0026516252951396813 0.9999839332163949 -0.3581696222945112 -0.29449764301706693 -0.6074171952284786
FixedParameters: 0 0 0
#Transform 55
Transform: MatrixOffsetTransformBase_double_3_3
Parameters: 0.9999864583206933 -0.0014745656458507765 -0.005036628206116047 0.0014923815768588782 0.9999924754419575 0.003493792774930893 0.005031285792448957 -0.0035012059178717303 0.9999815176276722 -0.3345783804482494 -0.30457326629337445 -0.5288629720398887
FixedParameters: 0 0 0
#Transform 56
Transform: MatrixOffsetTransformBase_double_3_3
Parameters: 0.9999862317120328 -0.0011894388758429961 -0.0050354078559699785 0.001210798795328728 0.9999901325110986 0.0042560803538199965 0.005029915146533243 -0.00426191510446583 0.9999778206510607 -0.3452915234948932 -0.3030655117547383 -0.517639671432903
FixedParameters: 0 0 0
#Transform 57
Transform: MatrixOffsetTransformBase_double_3_3
Parameters: 0.9999875965441473 -0.0012537478612479624 -0.004881608830453835 0.0012750519067771804 0.9999898888083095 0.004265952685943569 0.004876358486496138 -0.004272045810144232 0.9999792586227358 -0.3543487223487176 -0.2557150561313364 -0.5045314782182544
FixedParameters: 0 0 0
#Transform 58
Transform: MatrixOffsetTransformBase_double_3_3
Parameters: 0.999988996493728 -0.0009608097612173102 -0.0045911922469757255 0.0009797948927760618 0.9999907622039074 0.004194394308122434 0.004587437041415023 -0.004199610485293687 0.9999810043031733 -0.3367391042283572 -0.32987919549896105 -0.47536854662995154
FixedParameters: 0 0 0
#Transform 59
Transform: MatrixOffsetTransformBase_double_3_3
Parameters: 0.9999904267246366 -0.0010375477292937484 -0.004300342885616391 0.0010553233788700277 0.9999915497183978 0.003974150519321984 0.004296884892951601 -0.003978850471119483 0.999983251618159 -0.3579195358022105 -0.24121181518994206 -0.543808003927893
FixedParameters: 0 0 0
#Transform 60
Transform: MatrixOffsetTransformBase_double_3_3
Parameters: 0.9999867558066337 -0.001178989330917718 -0.005084866100889889 0.001200791510090077 0.9999903038405896 0.004355077633600629 0.005079395124946511 -0.004360927145440813 0.999977467178295 -0.3381873594551479 -0.3053572075808262 -0.4570604253642614
FixedParameters: 0 0 0
#Transform 61
Transform: MatrixOffsetTransformBase_double_3_3
Parameters: 0.9999878635457768 -0.0011570145964030203 -0.00477466245945204 0.0011697990155464957 0.9999955082720692 0.002763432459853221 0.0047715936150397355 -0.002769571260899939 0.999985048097498 -0.33165063115198734 -0.23283339040240492 -0.6077881708322366
FixedParameters: 0 0 0
#Transform 62
Transform: MatrixOffsetTransformBase_double_3_3
Parameters: 0.9999873595329628 -0.0013585576920463263 -0.004877950566036056 0.0013780027571774107 0.999991927963853 0.0038762541597452127 0.004872538774004755 -0.003882744109724112 0.9999803302293125 -0.32563701579381643 -0.27417524263761095 -0.5132688396689957
FixedParameters: 0 0 0
#Transform 63
Transform: MatrixOffsetTransformBase_double_3_3
Parameters: 0.999988496355152 -0.0010373854203223017 -0.004628930710476323 0.0010562272049228917 0.9999919101694783 0.003931972100965492 0.004624742491336601 -0.003937026984286024 0.9999816253147708 -0.33948775945482623 -0.2808572711064272 -0.5258499944184649
FixedParameters: 0 0 0
#Transform 64
Transform: MatrixOffsetTransformBase_double_3_3
Parameters: 0.9999908526239829 -0.0011280863247611506 -0.004107777984310284 0.0011466358798862077 0.9999901355303068 0.004375784490019158 0.004102853746738074 -0.004380219854745959 0.9999823829493608 -0.3478154803461848 -0.2440164896660093 -0.5414083763665616
FixedParameters: 0 0 0
#Transform 65
Transform: MatrixOffsetTransformBase_double_3_3
Parameters: 0.9999872237660541 -0.0013821868411887585 -0.004782113357899165 0.0014041944020458566 0.9999883939064154 0.004635268639711282 0.004775074207649468 -0.004641732202852578 0.9999777979931046 -0.32945125196177116 -0.3342269777890863 -0.4847733249322346
FixedParameters: 0 0 0
#Transform 66
Transform: MatrixOffsetTransformBase_double_3_3
Parameters: 0.9999908137791839 -0.0010661245663910407 -0.004129412932934555 0.0010850463792190194 0.9999886552576511 0.004538037994039845 0.0041238648261376736 -0.0045429540869587615 0.9999809258773841 -0.35450527790860065 -0.2506168136298612 -0.5685357925558776
FixedParameters: 0 0 0
#Transform 67
Transform: MatrixOffsetTransformBase_double_3_3
Parameters: 0.9999880200894314 -0.0009881361083711995 -0.0047965859060952465 0.0010099548976609308 0.9999889920696157 0.004637197249034747 0.004791230469786969 -0.004641808557012378 0.9999779775827583 -0.3286427162322809 -0.2915350467386162 -0.49501914594094387
FixedParameters: 0 0 0
#Transform 68
Transform: MatrixOffsetTransformBase_double_3_3
Parameters: 0.9999874742557375 -0.0014877171171895818 -0.004828354139606186 0.0015104666572498052 0.9999879884722404 0.004751696330845212 0.004821137351377052 -0.0047593103940493375 0.9999772556468967 -0.33357315041126867 -0.2976958589436691 -0.531165901324556
FixedParameters: 0 0 0
#Transform 69
Transform: MatrixOffsetTransformBase_double_3_3
Parameters: 0.9999876271384723 -0.0009944416898271195 -0.004836095643302014 0.0010162796151110718 0.9999883626401723 0.004703124675742992 0.004830719106555242 -0.0047078759630267975 0.9999769805198748 -0.3660283165275757 -0.22410499480243118 -0.5605869632677951
FixedParameters: 0 0 0
#Transform 70
Transform: MatrixOffsetTransformBase_double_3_3
Parameters: 0.9999873044421513 -0.0003959927777919719 -0.004953401957207575 0.0004238960810909584 0.9999840679468295 0.005636039812029259 0.0049515752402438246 -0.005637959059157233 0.9999716840663697 -0.35387421667881824 -0.31753836372632804 -0.4652579326255477
FixedParameters: 0 0 0
#Transform 71
Transform: MatrixOffsetTransformBase_double_3_3
Parameters: 0.9999900569927057 -0.0009173024878801649 -0.00437040077521711 0.0009368581533142186 0.9999895766131056 0.004472598467648858 0.0043664938547090335 -0.004476401781346506 0.9999804376779459 -0.377407673544937 -0.2175641229324441 -0.5669230557131328
FixedParameters: 0 0 0
#Transform 72
Transform: MatrixOffsetTransformBase_double_3_3
Parameters: 0.9999860352340263 -0.0006630136982981274 -0.005150195023411499 0.0006903638010794556 0.9999861198370746 0.005254724140982325 0.005146691148246787 -0.005258273223892829 0.9999726530719024 -0.3636992098662404 -0.26752320875368696 -0.4760108842199884
FixedParameters: 0 0 0
#Transform 73
Transform: MatrixOffsetTransformBase_double_3_3
Parameters: 0.9999897764121433 -0.00021618927321580034 -0.004492022239879819 0.00023937095400186083 0.9999873894928074 0.005050712903891003 0.004490509567757772 -0.005051288577171326 0.9999773611265789 -0.3735948240281033 -0.2800136263089428 -0.5196521350978571
FixedParameters: 0 0 0
#Transform 74
Transform: MatrixOffsetTransformBase_double_3_3
Parameters: 0.9999880890721571 -0.0003119387529812519 -0.00477615570912827 0.0003361978623913214 0.9999872515320435 0.004947550841364973 0.004774892371828706 -0.004949446834040666 0.9999768616670833 -0.42085570249464865 -0.2288929563348887 -0.5605323013613059
FixedParameters: 0 0 0
#Transform 75
Transform: MatrixOffsetTransformBase_double_3_3
Parameters: 0.9999858653811973 -0.0006207283075963606 -0.005362050740039938 0.0006494867354373958 0.9999857219559709 0.005378004487866267 0.0053581821322808195 -0.0053820009004053315 0.9999712537558407 -0.37358127498856675 -0.27645561427746657 -0.473385838473547
FixedParameters: 0 0 0
#Transform 76
Transform: MatrixOffsetTransformBase_double_3_3
Parameters: 0.9999859901421935 -0.0003991102150872894 -0.0051817627770053805 0.00041951891034554424 0.9999917097506886 0.0039981454869932875 0.005180092214747089 -0.004000852110747022 0.9999782880566928 -0.4129588452144475 -0.22218408343523777 -0.6055874595106161
FixedParameters: 0 0 0
#Transform 77
Transform: MatrixOffsetTransformBase_double_3_3
Parameters: 0.9999871169347357 -0.0007862171923607393 -0.004925793746804758 0.0008112838090958052 0.9999862466745317 0.0051452485694535866 0.004921996758614081 -0.005148753730150307 0.9999748863498531 -0.37527847365596756 -0.2691084233214127 -0.5219512427485569
FixedParameters: 0 0 0
#Transform 78
Transform: MatrixOffsetTransformBase_double_3_3
Parameters: 0.9999902096317294 -0.0004962763850681415 -0.004532388036004979 0.0005170815407044686 0.999988713898916 0.0047054089527138465 0.004530377826657791 -0.004707588457708356 0.9999781929847557 -0.38999253251085975 -0.26617765674073723 -0.5535088250462934
FixedParameters: 0 0 0
#Transform 79
Transform: MatrixOffsetTransformBase_double_3_3
Parameters: 0.9999871656243705 -0.0005110997407799262 -0.005057157873417944 0.0005352304827042304 0.9999881191395337 0.0047575903912668305 0.005054292537098917 -0.004760403674184233 0.999975749802258 -0.40648029262413843 -0.21429579415760713 -0.5419783121934927
FixedParameters: 0 0 0
#Transform 80
Transform: MatrixOffsetTransformBase_double_3_3
Parameters: 0.999988573142986 -0.00006831337365014432 -0.004839346713044448 0.00009246855150198347 0.9999877289678992 0.004889567590552674 0.004839519080173382 -0.004890423962781859 0.9999760194506178 -0.40812087937810304 -0.24025272711197942 -0.5368931052129398
FixedParameters: 0 0 0
#Transform 81
Transform: MatrixOffsetTransformBase_double_3_3
Parameters: 0.999985553019529 -0.0003970883713781322 -0.0053184772758286935 0.00042414395461754005 0.9999869524696563 0.005076251447192093 0.005316932258298543 -0.005078748435063896 0.9999730378389399 -0.41558537907771154 -0.18167718489375773 -0.5485338452016606
FixedParameters: 0 0 0
#Transform 82
Transform: MatrixOffsetTransformBase_double_3_3
Parameters: 0.9999878539771107 -0.00038518453533383933 -0.004898553083959501 0.0004116975880512618 0.9999861266572995 0.005355952089046573 0.004896738767613752 -0.005358049141881427 0.9999733316573844 -0.40700606383154536 -0.22530718884380008 -0.5099590270886836
FixedParameters: 0 0 0
#Transform 83
Transform: MatrixOffsetTransformBase_double_3_3
Parameters: 0.9999829373388638 -0.00015830676797125656 -0.005747743065588329 0.00018119512403704766 0.9999922177592315 0.003920852172936501 0.005747200079445286 -0.003922146548211158 0.9999759628874796 -0.453050185790957 -0.14145607178514297 -0.6412659270926611
FixedParameters: 0 0 0
#Transform 84
Transform: MatrixOffsetTransformBase_double_3_3
Parameters: 0.9999873565953177 -0.0003606924050954587 -0.004951326916321391 0.00038731473753513126 0.999985311344799 0.005327243726488379 0.0049488103182982355 -0.005329747242528132 0.9999732587215714 -0.4113776918061234 -0.20947237683243713 -0.5108338819546816
FixedParameters: 0 0 0
#Transform 85
Transform: MatrixOffsetTransformBase_double_3_3
Parameters: 0.9999868086869249 -0.0004019494764300116 -0.005101834954947339 0.0004265920102527504 0.9999891160264128 0.004765957515980274 0.005099999467566417 -0.004768042591979521 0.9999752435266585 -0.4342428039956303 -0.1908951231957161 -0.5695785823761099
FixedParameters: 0 0 0
#Transform 86
Transform: MatrixOffsetTransformBase_double_3_3
Parameters: 0.9999879105210809 -0.0005042887316773941 -0.004881823009030458 0.0005283113119257847 0.9999877255591327 0.004899550221182908 0.004879861800299594 -0.004902448942860044 0.9999761447863387 -0.442680707171462 -0.18547344122264064 -0.5395227620869605
FixedParameters: 0 0 0
#Transform 87
Transform: MatrixOffsetTransformBase_double_3_3
Parameters: 0.9999872786969888 -0.00004800129221736358 -0.004972217539580649 0.00007421979394031349 0.9999855932696848 0.005298822715776308 0.004971068280999508 -0.005299173195472295 0.9999735259056597 -0.42624829207926496 -0.22627940905184118 -0.47125712319474644
FixedParameters: 0 0 0
#Transform 88
Transform: MatrixOffsetTransformBase_double_3_3
Parameters: 0.9999895611214594 -0.00023634834887682537 -0.00451490223001051 0.000260580741158503 0.9999863192074877 0.00525061344554506 0.004513251421397129 -0.005251386258202123 0.9999760952516356 -0.4378247917596241 -0.1220779213128651 -0.5723006124325707
FixedParameters: 0 0 0
#Transform 89
Transform: MatrixOffsetTransformBase_double_3_3
Parameters: 0.9999874439291667 -0.0002202210988330593 -0.004950319434153136 0.00024863731155835855 0.9999843226039313 0.005608939081307912 0.00494932877776556 -0.0056100606396057295 0.9999721874648252 -0.4286313363310086 -0.1972048757684064 -0.47335678187663177
FixedParameters: 0 0 0
#Transform 90
Transform: MatrixOffsetTransformBase_double_3_3
Parameters: 0.999987952405896 -0.00015104909170567267 -0.005002722334397065 0.00017752971999014948 0.9999870106355042 0.005177279792292294 0.0050013347030424685 -0.0051777241379313554 0.9999743280426011 -0.426794585654946 -0.16612976781749467 -0.5255362522874378
FixedParameters: 0 0 0
#Transform 91
Transform: MatrixOffsetTransformBase_double_3_3
Parameters: 0.9999871806142829 -0.0004069193517537101 -0.005065247688389683 0.00043416851387846606 0.9999860195329625 0.005366942235628364 0.005062372095227792 -0.005369060115802987 0.9999725294338352 -0.42558670070812354 -0.09618514121203248 -0.5172123126276915
FixedParameters: 0 0 0
#Transform 92
Transform: MatrixOffsetTransformBase_double_3_3
Parameters: 0.9999871657254715 -0.0003557145047102973 -0.004970313062530494 0.000382832395918708 0.9999840616871593 0.005537432792913577 0.00496901762240519 -0.00553956848137796 0.9999727532157118 -0.4299352011512383 -0.17959511785605287 -0.5007856334519829
FixedParameters: 0 0 0
#Transform 93
Transform: MatrixOffsetTransformBase_double_3_3
Parameters: 0.9999895285615579 -0.00043856327479489435 -0.004503327791593319 0.0004621562747700079 0.999985655823214 0.005392712759570345 0.004500753663601109 -0.005395297501190999 0.99997568149023 -0.43943550922294605 -0.05381816755949842 -0.5876278894134401
FixedParameters: 0 0 0
#Transform 94
Transform: MatrixOffsetTransformBase_double_3_3
Parameters: 0.999987573297427 -0.0005224420393609174 -0.005015401718760454 0.0005510139343969545 0.999983856352037 0.0057313823583653445 0.005012212759469475 -0.005734623250224724 0.999970981377489 -0.4161581407296211 -0.18201869845138674 -0.4921840754887086
FixedParameters: 0 0 0
#Transform 95
Transform: MatrixOffsetTransformBase_double_3_3
Parameters: 0.9999919302666413 -0.0003734846587230047 -0.004114731847779318 0.0003950843430653834 0.999985523368151 0.005420791764235738 0.004112509008219194 -0.005422211854342468 0.999976620871464 -0.40124409893957136 -0.1814125292575568 -0.5326864685257817
FixedParameters: 0 0 0
#Transform 96
Transform: MatrixOffsetTransformBase_double_3_3
Parameters: 0.9999901638290712 -0.0004052886383458099 -0.004321120333372723 0.00043147290697060416 0.9999815191896368 0.006034899544433203 0.00431852462785904 -0.006036101804598931 0.9999727891043733 -0.41851332477936865 -0.07713179412179727 -0.5672690800871152
FixedParameters: 0 0 0
#Transform 97
Transform: MatrixOffsetTransformBase_double_3_3
Parameters: 0.9999902300885414 -0.00021065399840596054 -0.004327289098443493 0.00023573250509175965 0.9999831886324551 0.0058036014360945964 0.004325997255839515 -0.0058043978767096105 0.9999736677444089 -0.3958399298076358 -0.17846701031696455 -0.4937021595264639
FixedParameters: 0 0 0
#Transform 98
Transform: MatrixOffsetTransformBase_double_3_3
Parameters: 0.9999897374529203 -0.0003731402617426791 -0.00448582024686132 0.0003978302433368289 0.9999841469369536 0.005536002312114069 0.004483835752627606 -0.005537989637448115 0.9999742730422853 -0.41784610497948904 -0.08137451974134535 -0.58644798849528
FixedParameters: 0 0 0
#Transform 99
Transform: MatrixOffsetTransformBase_double_3_3
Parameters: 0.9999918969525537 -0.00037316033302398137 -0.00411876933901154 0.00039578246894455096 0.9999837414687561 0.005658988061495063 0.0041165312769794 -0.005661019400604983 0.9999760834547152 -0.36314017110619545 -0.1561695360685036 -0.49980823889208637
FixedParameters: 0 0 0
#Transform 100
Transform: MatrixOffsetTransformBase_double_3_3
Parameters: 0.9999945229677006 -0.0002245184623665964 -0.00322908047301067 0.00024229472118183522 0.9999833696048439 0.005705110575489891 0.003227680207347912 -0.005705882453014871 0.9999780472420182 -0.3525495618499832 -0.10550095624843436 -0.5316155011880994
FixedParameters: 0 0 0
#Transform 101
Transform: MatrixOffsetTransformBase_double_3_3
Parameters: 0.999993829120338 -0.0002667847282147478 -0.003478583227275777 0.00028615387857484 0.9999843982234674 0.005525070124389159 0.0034767910968430287 -0.005525922452972815 0.9999783679856916 -0.346705603735046 -0.03137453085398079 -0.5533201052599424
FixedParameters: 0 0 0
#Transform 102
Transform: MatrixOffsetTransformBase_double_3_3
Parameters: 0.9999929356754652 -0.0003317984456782735 -0.0038671948436327023 0.00035329602451144963 0.999984690871257 0.0055000471022877695 0.0038650300252871164 -0.005500954237598693 0.9999777331107328 -0.35371879786021054 -0.0717029235954243 -0.5004324660664707
FixedParameters: 0 0 0
#Transform 103
Transform: MatrixOffsetTransformBase_double_3_3
Parameters: 0.9999932775371444 -0.00028003790635153464 -0.003555485816585705 0.00029962868118156794 0.9999856266402923 0.005412006280637233 0.0035545969227140854 -0.005412996392244324 0.9999790599543888 -0.3774848791480281 -0.03855029356721218 -0.5797294907332287
FixedParameters: 0 0 0
#Transform 104
Transform: MatrixOffsetTransformBase_double_3_3
Parameters: 0.9999917517906005 -0.00035493789014240845 -0.00401527844955203 0.0003782633458093504 0.9999821959022697 0.005892894757358824 0.00401307149050169 -0.005894096448019304 0.9999740883706603 -0.36286878994391714 -0.06774369310157624 -0.5118787540906027
FixedParameters: 0 0 0
#Transform 105
Transform: MatrixOffsetTransformBase_double_3_3
Parameters: 0.9999940882568976 -0.000260248700623498 -0.0034411262058276085 0.00027993025557296016 0.999984511180197 0.005605108916872686 0.0034403467875613954 -0.005605896899797985 0.9999787331029862 -0.3623611432531533 -0.07495733715445851 -0.5437534602551892
FixedParameters: 0 0 0
#Transform 106
Transform: MatrixOffsetTransformBase_double_3_3
Parameters: 0.9999938910881923 -0.0003447417035809175 -0.003604402241891332 0.00036519857512911475 0.9999837309083482 0.005756758437761439 0.0036019182905657255 -0.0057582458581890705 0.9999768617758643 -0.3923181002686249 -0.04404282204552601 -0.5474794562285012
FixedParameters: 0 0 0
#Transform 107
Transform: MatrixOffsetTransformBase_double_3_3
Parameters: 0.9999912896729635 -0.0003850563869739407 -0.004190781299912865 0.0004087357986992336 0.9999834026541009 0.005687903661484334 0.004188379565639761 -0.005690094426094 0.9999751567776382 -0.373385237003788 -0.098443915678601 -0.49519360480705643
FixedParameters: 0 0 0
#Transform 108
Transform: MatrixOffsetTransformBase_double_3_3
Parameters: 0.9999927444754735 -0.0003144922803973828 -0.0037626267895630615 0.0003345172308511548 0.9999851451401555 0.005456983757546052 0.0037606883660236175 -0.005458019042116791 0.9999780300516875 -0.39076809956358716 -0.04820412117355488 -0.5822390725433308
FixedParameters: 0 0 0
#Transform 109
Transform: MatrixOffsetTransformBase_double_3_3
Parameters: 0.9999910778992762 -0.00036868592262770123 -0.00409714210075276 0.0003927665701078882 0.999982346480416 0.0058670085059982224 0.004094788045576151 -0.0058689924963704065 0.9999748636810164 -0.3771468957242945 -0.08851236974744836 -0.5243760078585638
FixedParameters: 0 0 0
#Transform 110
Transform: MatrixOffsetTransformBase_double_3_3
Parameters: 0.99999307898553 0.0004114760988364149 -0.0035705513934573786 -0.0003922603452702327 0.99998451174367 0.005568532843419793 0.003573503419168278 -0.005566475304987967 0.9999785724035077 -0.4232913099874196 -0.012564634404782282 -0.6421789796514616
FixedParameters: 0 0 0
#Transform 111
Transform: MatrixOffsetTransformBase_double_3_3
Parameters: 0.9999942436130869 0.0007436687023047041 -0.0031941357778787448 -0.000741527375802425 0.9999993814525295 0.0008261307515357585 0.003194885552388802 -0.0008228706241913408 0.9999945025552902 -0.41120320858316006 -0.2664845560172182 -0.6459279621247163
FixedParameters: 0 0 0
#Transform 112
Transform: MatrixOffsetTransformBase_double_3_3
Parameters: 0.9999960352384674 -0.00016993143390668517 -0.002816956815616711 0.0001720199213431608 0.9999993998073684 0.000720217807818585 0.0028170508601268853 -0.0007207813409155217 0.9999955971891502 -0.35200187555197715 -0.439255358847376 -0.6381728022951876
FixedParameters: 0 0 0
#Transform 113
Transform: MatrixOffsetTransformBase_double_3_3
Parameters: 0.9999932627452831 -0.000571895735125671 -0.003661873085838836 0.0005872130764675943 0.9999906747798508 0.004244082353732942 0.0036596754003474434 -0.004246919528969523 0.9999845391310198 -0.356574858395291 -0.3513738410423457 -0.55298188639307
FixedParameters: 0 0 0
#Transform 114
Transform: MatrixOffsetTransformBase_double_3_3
Parameters: 0.9999909201041547 -0.00010375331776724562 -0.0043665688550624075 0.00012807026560521034 0.9999850978639285 0.005551064785841081 0.004366410809549085 -0.005550942101270467 0.9999751942315463 -0.3644688421017719 -0.327647962598121 -0.5025871499665158
FixedParameters: 0 0 0
#Transform 115
Transform: MatrixOffsetTransformBase_double_3_3
Parameters: 0.999992713467492 -0.0010852398539486557 -0.00375623573848321 0.0011034582667421725 0.9999874022005358 0.00487303548381432 0.003750769427740549 -0.004877960643855123 0.9999807698214359 -0.30518168374784693 -0.2357332520820563 -0.5112442341185215
FixedParameters: 0 0 0
#Transform 116
Transform: MatrixOffsetTransformBase_double_3_3
Parameters: 0.9999931078671965 -0.0007088040631977724 -0.0035200934556972553 0.0007208779603866355 0.9999931884278397 0.003534659481930741 0.003517250787313674 -0.0035373419460404953 0.9999879126835767 -0.32700075826237196 -0.11368984481957511 -0.6680675213773242
FixedParameters: 0 0 0
#Transform 117
Transform: MatrixOffsetTransformBase_double_3_3
Parameters: 0.999993053700854 -0.0009147450506699081 -0.0034796624293377413 0.0009320372668568323 0.9999876134979944 0.004985769726174399 0.0034754861025992853 -0.00498923735037779 0.9999816893847177 -0.3263012676889474 -0.11183558167068952 -0.5831198166464446
FixedParameters: 0 0 0
#Transform 118
Transform: MatrixOffsetTransformBase_double_3_3
Parameters: 0.9999924313086622 -0.0008380787995050018 -0.003723800834722569 0.000858513759738525 0.9999841998644001 0.0055010140871239455 0.003719024179620611 -0.005504979737383869 0.9999776647815193 -0.32242731056182095 -0.17871994490798215 -0.5547389706083408
FixedParameters: 0 0 0
#Transform 119
Transform: MatrixOffsetTransformBase_double_3_3
Parameters: 0.9999917246240024 -0.001097523572761257 -0.003882354564002402 0.0011202724584668002 0.9999825810428308 0.0058079824415570025 0.0038753546360559546 -0.005812017345782433 0.9999756305379788 -0.30280599850088663 -0.17662951307057995 -0.5343017805807904
FixedParameters: 0 0 0
#Transform 120
Transform: MatrixOffsetTransformBase_double_3_3
Parameters: 0.9999931265722022 -0.0006559064589618344 -0.003527137693292282 0.0006757148411911988 0.9999845937777653 0.0055786612982383355 0.003524096769000405 -0.005581343434172076 0.9999782592828776 -0.33883238745632127 -0.07240097527670741 -0.6065561992352002
FixedParameters: 0 0 0
#Transform 121
Transform: MatrixOffsetTransformBase_double_3_3
Parameters: 0.9999920829472746 -0.0007766391254714623 -0.003783726451339775 0.0007965343783013021 0.999984808056742 0.005365366535006355 0.0037788575222454136 -0.005368631636469667 0.999978664892749 -0.33018444124526525 -0.0891201139843929 -0.5742319649890817
FixedParameters: 0 0 0
#Transform 122
Transform: MatrixOffsetTransformBase_double_3_3
Parameters: 0.9999903066541483 -0.000516882506724118 -0.004292480029437257 0.0005413160306825789 0.9999842001781875 0.005621267676781616 0.00428962985483752 -0.005623731527408082 0.9999748806727037 -0.31112979000486973 -0.18203971282510167 -0.49804053677803495
FixedParameters: 0 0 0
#Transform 123
Transform: MatrixOffsetTransformBase_double_3_3
Parameters: 0.9999937952096739 -0.000279784305474183 -0.003482426881843222 0.0002998323280496492 0.999983761403506 0.0057580305582557445 0.003480522493859581 -0.0057589778613086895 0.9999777123612708 -0.3153376944374173 -0.17063287950026051 -0.5550381061781025
FixedParameters: 0 0 0
#Transform 124
Transform: MatrixOffsetTransformBase_double_3_3
Parameters: 0.9999924010354136 -0.0008180792552936274 -0.003732269971598869 0.0008398146561574045 0.9999829100345764 0.005795082510796384 0.0037273890519528095 -0.005798918104286094 0.9999762797694906 -0.31968073545576203 -0.0635556087097342 -0.5959324412449121
FixedParameters: 0 0 0
#Transform 125
Transform: MatrixOffsetTransformBase_double_3_3
Parameters: 0.9999913802888917 -0.0005492211140834614 -0.004039659471887491 0.0005737226963842706 0.9999819460702388 0.005982102163829467 0.004036039860375715 -0.005984894966678006 0.9999738287529447 -0.3069262615176882 -0.20485750982128081 -0.5170564960191797
FixedParameters: 0 0 0
#Transform 126
Transform: MatrixOffsetTransformBase_double_3_3
Parameters: 0.9999929065840427 -0.0007520057586361938 -0.003678381634466855 0.00077257819888797 0.9999841155735292 0.005611374290110882 0.00367339843056837 -0.0056146304153597 0.9999777787279779 -0.3177126379200814 -0.09055016944826377 -0.5962945460869236
FixedParameters: 0 0 0
#Transform 127
Transform: MatrixOffsetTransformBase_double_3_3
Parameters: 0.9999937622087661 -0.0006245491853672489 -0.0034421711459143856 0.0006460519480917413 0.9999811560670916 0.006131821685095046 0.0034379528445457486 -0.006134179992849764 0.9999753778158524 -0.3289731701245415 -0.07183106426934671 -0.5780079955113422
FixedParameters: 0 0 0
#Transform 128
Transform: MatrixOffsetTransformBase_double_3_3
Parameters: 0.9999931547586062 -0.0005410647964667237 -0.00368108686385547 0.0005646770603980016 0.9999788864166091 0.006554973728446822 0.00367809277070188 -0.006557029756052213 0.9999713048263548 -0.32547466632345845 -0.16441462594211487 -0.5269489822057807
FixedParameters: 0 0 0
#Transform 129
Transform: MatrixOffsetTransformBase_double_3_3
Parameters: 0.999994310941535 -0.0007422748780261231 -0.0033374066009660944 0.0007620238652582692 0.9999813239952597 0.0060364676856088095 0.003332884101831825 -0.006038530041071577 0.9999760832702085 -0.35331995867093724 -0.04090793682784977 -0.619255803044922
FixedParameters: 0 0 0
#Transform 130
Transform: MatrixOffsetTransformBase_double_3_3
Parameters: 0.9999936151541178 -0.000656014839860898 -0.003457243840720801 0.0006787238884872484 0.9999779721559341 0.006539868203894239 0.003453413431181412 -0.006542132073662499 0.9999730724544571 -0.3410916976302616 -0.08433384791791809 -0.5659955659401987
FixedParameters: 0 0 0
#Transform 131
Transform: MatrixOffsetTransformBase_double_3_3
Parameters: 0.9999933984802468 -0.0008006240464297863 -0.003458616149434446 0.000823462009476934 0.9999777713599997 0.0067001768390538285 0.00345280260711312 -0.006702834535805613 0.9999718055483414 -0.33690241686734623 -0.09301911097546167 -0.5623655428642422
FixedParameters: 0 0 0
#Transform 132
Transform: MatrixOffsetTransformBase_double_3_3
Parameters: 0.9999935520755554 -0.0004825783409616911 -0.0034951470462711662 0.0005060450787917896 0.9999780117585665 0.006626277949006637 0.0034915247550390523 -0.006627718897397078 0.9999717048422158 -0.3711040069761964 -0.02002417887348429 -0.6239821193071293
FixedParameters: 0 0 0
#Transform 133
Transform: MatrixOffsetTransformBase_double_3_3
Parameters: 0.9999932461677921 -0.0005116438309403811 -0.0036727783735979215 0.0005364628038128775 0.9999775672513163 0.006734255210894408 0.003669974531469643 -0.006735755098567775 0.9999709570566568 -0.3549235346336559 -0.133219035648807 -0.5729800308672139
FixedParameters: 0 0 0
#Transform 134
Transform: MatrixOffsetTransformBase_double_3_3
Parameters: 0.9999934095473245 -0.00011586740980056508 -0.003546703496867515 0.0001399758200717987 0.9999752543599865 0.006968605693539381 0.0035452340890232935 -0.006969384346328433 0.9999690198499356 -0.36583581542362253 -0.1543356894061958 -0.5595395167324426
FixedParameters: 0 0 0
#Transform 135
Transform: MatrixOffsetTransformBase_double_3_3
Parameters: 0.9999943123231535 -0.00019893595170833488 -0.0032635624932377924 0.00021977586099492105 0.9999803372623352 0.006292184344840246 0.0032613756680061894 -0.006292815216375841 0.9999747829554783 -0.3757788645736184 -0.07121946136560098 -0.6384999829074047
FixedParameters: 0 0 0
#Transform 136
Transform: MatrixOffsetTransformBase_double_3_3
Parameters: 0.9999947590769132 -0.00045251938145140304 -0.0033216935855972228 0.00047636784262599974 0.9999758723985109 0.007003297898142025 0.0033191024016626237 -0.007004704964898939 0.9999697731475031 -0.3675035454358806 -0.15137093403103563 -0.5652993156246424
FixedParameters: 0 0 0
#Transform 137
Transform: MatrixOffsetTransformBase_double_3_3
Parameters: 0.9999957846004146 -0.000059459240140431074 -0.003035038158675371 0.00008071027286289705 0.9999760195006666 0.006994490415502569 0.003034675912225707 -0.006994516076932744 0.9999709175717412 -0.33616185424192224 -0.17163848455835762 -0.538119123540227
FixedParameters: 0 0 0
#Transform 138
Transform: MatrixOffsetTransformBase_double_3_3
Parameters: 0.9999948219857978 -0.00042700977046171223 -0.0031617410557360465 0.0004485235135880669 0.9999770245631797 0.0067046220405474755 0.0031584595151013272 -0.0067053761553178826 0.9999728821458066 -0.3652314275183528 -0.05050053761628703 -0.6235516598472657
FixedParameters: 0 0 0
#Transform 139
Transform: MatrixOffsetTransformBase_double_3_3
Parameters: 0.9999954284777972 -0.0009065703416385727 -0.002958085189346176 0.0009232064656344968 0.9999843547246511 0.0055899085311991725 0.0029527191844083444 -0.005592090400214439 0.9999795545593925 -0.34959792900401965 -0.09169681773205696 -0.5571881924814335
FixedParameters: 0 0 0
#Transform 140
Transform: MatrixOffsetTransformBase_double_3_3
Parameters: 0.999990897629187 -0.002090097071390106 -0.0037053971307674503 0.0020237192225477886 0.999838006069494 -0.017890659935927478 0.0037430824348924116 0.017883338316356967 0.9998329479659382 -0.3473255141140328 -0.24522929862102671 -0.7562869344389469
FixedParameters: 0 0 0
#Transform 141
Transform: MatrixOffsetTransformBase_double_3_3
Parameters: 0.9999943164008134 -0.001421668538562893 -0.0031084690425042232 0.001404098565460134 0.9999832354344718 -0.005695650371354943 0.0031163967030192 0.005691358710986555 0.9999792483156182 -0.2966561620472419 -0.43477932941496533 -0.6537063316977765
FixedParameters: 0 0 0
#Transform 142
Transform: MatrixOffsetTransformBase_double_3_3
Parameters: 0.9999915439753347 -0.0015366722359691834 -0.00375438497793116 0.0015153619401761873 0.9999829841615321 -0.005608482463639208 0.0037628217176326065 0.005602520732685606 0.9999777157834069 -0.2933950348249965 -0.44577937335685647 -0.6832580161412096
FixedParameters: 0 0 0
#Transform 143
Transform: MatrixOffsetTransformBase_double_3_3
Parameters: 0.9999933838270705 -0.0019919456809148013 -0.0029408852394055794 0.0019795356186549347 0.999990131402249 -0.004111324806848837 0.0029490770203184622 0.004105680884889551 0.9999874926082846 -0.31922738014519325 -0.32005698210076616 -0.8040589773644768
FixedParameters: 0 0 0
#Transform 144
Transform: MatrixOffsetTransformBase_double_3_3
Parameters: 0.9999932486604552 -0.0014922477729137182 -0.0033949273128781937 0.0014825313899815612 0.9999947591535712 -0.0029531351818021245 0.0033988759198648787 0.002947868984377877 0.9999900784964377 -0.3010764503325305 -0.35569780413383967 -0.7475090601662089
FixedParameters: 0 0 0
#Transform 145
Transform: MatrixOffsetTransformBase_double_3_3
Parameters: 0.9999942055977955 -0.0014921942013795518 -0.003093178197776385 0.0014857630274099612 0.9999970272397654 -0.00210085786706507 0.0030962651843734197 0.002096145318408238 0.999993370911419 -0.3029851826257044 -0.3881414121340754 -0.7263820049523559
FixedParameters: 0 0 0
#Transform 146
Transform: MatrixOffsetTransformBase_double_3_3
Parameters: 0.9999938247228171 -0.002111056775989425 -0.0029525349052593576 0.0021053322946081353 0.9999953095390957 -0.0020527019256089685 0.002957028737400723 0.002046295458204339 0.9999931142522474 -0.303427092325677 -0.26457557624203787 -0.8095918871720045
FixedParameters: 0 0 0
#Transform 147
Transform: MatrixOffsetTransformBase_double_3_3
Parameters: 0.9999925482600591 -0.0021989800665159066 -0.0031010709873839012 0.002193419060947825 0.9999960106576677 -0.001770288082452498 0.0031048527128051833 0.0017627106616655008 0.9999932965330409 -0.291384965704637 -0.3736572313943327 -0.7539389369139258
FixedParameters: 0 0 0
#Transform 148
Transform: MatrixOffsetTransformBase_double_3_3
Parameters: 0.9999925149337263 -0.0023543074165378744 -0.0031531090224916547 0.002348444693643897 0.9999954359720641 -0.0017887540738073804 0.0031575259899011892 0.0017812449366269023 0.9999937064837404 -0.2755040588021558 -0.3363759159053501 -0.7818890738335256
FixedParameters: 0 0 0
#Transform 149
Transform: MatrixOffsetTransformBase_double_3_3
Parameters: 0.9999911353186475 -0.0025179900814758737 -0.0032445772489681 0.0025124992616206406 0.9999952649776342 -0.0016555298667809137 0.003247922253887286 0.0016474712193334795 0.9999934154078651 -0.28571961091321896 -0.2467163147090048 -0.8439408434821019
FixedParameters: 0 0 0
#Transform 150
Transform: MatrixOffsetTransformBase_double_3_3
Parameters: 0.9999914257334996 -0.002246823125552186 -0.0035390282122611957 0.002240179174476818 0.9999952303910666 -0.00198311156300221 0.0035435901350169114 0.0019748866686738753 0.9999913624220966 -0.2756915807938469 -0.3367035838658836 -0.7760104266565122
FixedParameters: 0 0 0
#Transform 151
Transform: MatrixOffsetTransformBase_double_3_3
Parameters: 0.9999874782606017 -0.0030130040397852004 -0.003930236700036867 0.0030037748296966927 0.999992557919915 -0.002301948183774133 0.003936436781868094 0.002290050718914305 0.9999893770327521 -0.283464759694823 -0.2017112572986406 -0.8648121933360216
FixedParameters: 0 0 0
#Transform 152
Transform: MatrixOffsetTransformBase_double_3_3
Parameters: 0.999991933876334 -0.0018488227803790374 -0.0036944123388265716 0.0018431449553014169 0.9999971495292673 -0.001525764385566536 0.003697039467797263 0.001518236213729901 0.9999921513557549 -0.30035405110631075 -0.3884403120542004 -0.8203635841230437
FixedParameters: 0 0 0
#Transform 153
Transform: MatrixOffsetTransformBase_double_3_3
Parameters: 0.999964139774912 -0.003478052377869722 -0.007730224869267839 0.0034357003778556243 0.9999792412159526 -0.005556082247772598 0.007749879651848449 0.005529924139300257 0.9999544472501111 -0.35404139491397757 -0.4463178130997676 -0.9196062544929617
FixedParameters: 0 0 0
#Transform 154
Transform: MatrixOffsetTransformBase_double_3_3
Parameters: 0.9999737499136826 -0.002873615300838082 -0.006632519044170261 0.002845755893396797 0.9999865945219079 -0.004244307392228419 0.006644736867731869 0.0042256934865100015 0.999969284308902 -0.3326334361671712 -0.44083941210803346 -0.9180306654956496
FixedParameters: 0 0 0
#Transform 155
Transform: MatrixOffsetTransformBase_double_3_3
Parameters: 0.9999751806920081 -0.003612038289223493 -0.005980538700478829 0.003593071909341532 0.9999885940500919 -0.003141037976430283 0.005992792573062351 0.0031199558479040324 0.9999769863134965 -0.2735031807435888 -0.4457213409034608 -0.8668139365249203
FixedParameters: 0 0 0
#Transform 156
Transform: MatrixOffsetTransformBase_double_3_3
Parameters: 0.9999758803021578 -0.003791073236438302 -0.005808880538766665 0.0037792626053507533 0.9999908071489879 -0.0020558111583283967 0.005817218525057671 0.002033186024970546 0.9999807130894047 -0.25772424602102717 -0.3732178408388762 -0.8204005662228582
FixedParameters: 0 0 0
#Transform 157
Transform: MatrixOffsetTransformBase_double_3_3
Parameters: 0.9999762516365097 -0.0036642973680739 -0.005771964581929355 0.003652751165881409 0.9999912677046199 -0.0021309135698057424 0.005780166958767278 0.002109089393519531 0.9999809950106013 -0.25126879759433507 -0.27251715114252306 -0.8912672278236045
FixedParameters: 0 0 0
#Transform 158
Transform: MatrixOffsetTransformBase_double_3_3
Parameters: 0.9999703739017299 -0.004859253671718916 -0.006000558614798278 0.004845167974934651 0.9999854882395708 -0.0023861868424610855 0.0060129664044370375 0.002356812415837628 0.9999796374561677 -0.24216753932900303 -0.19076178756971274 -0.9044679577896346
FixedParameters: 0 0 0
#Transform 159
Transform: MatrixOffsetTransformBase_double_3_3
Parameters: 0.9999722900988609 -0.004628506549137156 -0.0057694248580220375 0.004620551161009329 0.9999879915746664 -0.001396846225592746 0.005775762183169721 0.001370153490728332 0.999982470325905 -0.2205444031997814 -0.22884958000817335 -0.8544768936897071
FixedParameters: 0 0 0
#Transform 160
Transform: MatrixOffsetTransformBase_double_3_3
Parameters: 0.9999772369590795 -0.003382202161020943 -0.00577283232296452 0.0033752093031569398 0.9999932504704532 -0.0011680930671687795 0.005776513178390557 0.0011489042960606821 0.9999823022164096 -0.2415328753367021 -0.1844857401628417 -0.8823902242242241
FixedParameters: 0 0 0
#Transform 161
Transform: MatrixOffsetTransformBase_double_3_3
Parameters: 0.9999733823760849 -0.003929697703977992 -0.0060968668978681854 0.003923170086562443 0.9999919926998825 -0.0011514811793053026 0.006101497462940856 0.0011275216788396991 0.9999807927174705 -0.24452962518070365 -0.1420485004290697 -0.9242133258285605
FixedParameters: 0 0 0
#Transform 162
Transform: MatrixOffsetTransformBase_double_3_3
Parameters: 0.9999773990223324 -0.003827553139540316 -0.005563256379728222 0.0038279611322775274 0.9999925946123592 0.0001877317637671294 0.005563062553807336 -0.00020927434004389123 0.9999847256034051 -0.21656351972053756 -0.20151920542014068 -0.861620569612839
FixedParameters: 0 0 0
#Transform 163
Transform: MatrixOffsetTransformBase_double_3_3
Parameters: 0.999975875652966 -0.003930340984854076 -0.005628192799417554 0.003928482805715285 0.99999190753103 -0.0003361235771263127 0.005629421116222572 0.0003138760183370448 0.9999837568694887 -0.23410364486078095 -0.15688283640960776 -0.9213430960836888
FixedParameters: 0 0 0
#Transform 164
Transform: MatrixOffsetTransformBase_double_3_3
Parameters: 0.9999757689443428 -0.0038785742765731395 -0.0058466698808485205 0.0038799106117218597 0.9999924290176067 0.00017264962571719722 0.005846397915019705 -0.00019535069384304937 0.9999832722138413 -0.2438531802673225 -0.15564217683946424 -0.8554534450502729
FixedParameters: 0 0 0
#Transform 165
Transform: MatrixOffsetTransformBase_double_3_3
Parameters: 0.9999760032066874 -0.004263074939494918 -0.005461111338924437 0.0042678054005036515 0.9999906757496001 0.0009163161704861533 0.005457172056239987 -0.0009396860041237243 0.9999846050660799 -0.21813339303641044 -0.18450754295795946 -0.8670986596432897
FixedParameters: 0 0 0
#Transform 166
Transform: MatrixOffsetTransformBase_double_3_3
Parameters: 0.9999696098645815 -0.0037982961230147725 -0.0067796418890940695 0.003806752472927944 0.9999918838219478 0.0012277039439723136 0.00677469578608466 -0.0012532955122498135 0.9999766483152968 -0.2511230355751479 -0.1187530147316096 -0.9602962132954502
FixedParameters: 0 0 0
#Transform 167
Transform: MatrixOffsetTransformBase_double_3_3
Parameters: 0.9999736503214279 -0.003600321764503844 -0.006355221210321006 0.003611238328885335 0.9999924134664611 0.001724958345724087 0.006348682303755654 -0.0017480424521761628 0.9999782059041987 -0.23474611319113592 -0.17805694116536586 -0.8883846185690345
FixedParameters: 0 0 0
#Transform 168
Transform: MatrixOffsetTransformBase_double_3_3
Parameters: 0.9999764344498443 -0.0032905798338243456 -0.005977965771281079 0.003303469198502815 0.9999923248282783 0.0021519156286886054 0.00597101921861522 -0.0021720853211796287 0.9999797610118006 -0.22796841555908998 -0.1295557688492721 -0.9503277602326818
FixedParameters: 0 0 0
#Transform 169
Transform: MatrixOffsetTransformBase_double_3_3
Parameters: 0.9999742252389276 -0.0036452002338591893 -0.006122714474043061 0.003658301667136963 0.9999908883431778 0.002264354010858338 0.006114730902785999 -0.0022866541872804957 0.9999789809316894 -0.23128992242428126 -0.1145983440535332 -0.9397679477888516
FixedParameters: 0 0 0
#Transform 170
Transform: MatrixOffsetTransformBase_double_3_3
Parameters: 0.9999816443974398 -0.0024028735713850988 -0.005619517469642563 0.002416526243718779 0.9999940919000859 0.002464057452742835 0.005614105790154535 -0.0024769461902508505 0.9999813456153656 -0.229295283507696 -0.15317863635435458 -0.9602999489968767
FixedParameters: 0 0 0
#Transform 171
Transform: MatrixOffsetTransformBase_double_3_3
Parameters: 0.9999795899760907 -0.0027720331452919544 -0.005807568524262422 0.0027849403430169825 0.9999942639007087 0.002078401836000915 0.0058009725135001146 -0.0020945910777294408 0.9999806190261854 -0.25255584687640464 -0.107301299300957 -0.9492261746019466
FixedParameters: 0 0 0
#Transform 172
Transform: MatrixOffsetTransformBase_double_3_3
Parameters: 0.9999803783477702 -0.002542363935899898 -0.005758283709741169 0.0025609265416219745 0.9999919186844216 0.0032439103295378025 0.005750021375253901 -0.003259094616693742 0.9999783148777569 -0.20273421844288464 -0.14074354325306615 -0.8930574040552841
FixedParameters: 0 0 0
#Transform 173
Transform: MatrixOffsetTransformBase_double_3_3
Parameters: 0.9999777516363076 -0.0031166992111550974 -0.005876891436059737 0.003129761023116099 0.9999929519910541 0.0022191303357353143 0.005869295591103818 -0.0022378674316251568 0.9999798671038442 -0.24086353082969936 -0.07281063529978837 -0.9998541526290694
FixedParameters: 0 0 0
#Transform 174
Transform: MatrixOffsetTransformBase_double_3_3
Parameters: 0.9999777730094593 -0.003121538893422803 -0.0058721459785549554 0.0031401448789982345 0.9999903242412341 0.003238108031047904 0.0058622831265966 -0.0032568977607715655 0.9999773559484343 -0.20245629448655222 -0.11558408297113942 -0.9149746506273431
FixedParameters: 0 0 0
#Transform 175
Transform: MatrixOffsetTransformBase_double_3_3
Parameters: 0.9999801057471072 -0.0028164873781488173 -0.005653816447826706 0.002834007380825532 0.9999915137295388 0.003124405046216583 0.005644277068903729 -0.003140595504886351 0.9999789666596852 -0.18787851614119688 -0.11094521557326686 -0.941478068271465
FixedParameters: 0 0 0
#Transform 176
Transform: MatrixOffsetTransformBase_double_3_3
Parameters: 0.9999781492251711 -0.0032624180889924623 -0.005762265594548914 0.003279106699095986 0.9999908135480327 0.00287661588510979 0.005753348128462883 -0.0028953897147176444 0.9999796774519493 -0.21051375382495507 -0.05654271645997255 -0.9715748836340197
FixedParameters: 0 0 0
#Transform 177
Transform: MatrixOffsetTransformBase_double_3_3
Parameters: 0.9999819125198817 -0.002986892981915944 -0.00530721200972251 0.00300541577123642 0.9999892690392996 0.0034852833801870264 0.005296582664176312 -0.00350071789524084 0.9999802410775077 -0.19663584496059627 -0.11674024675569683 -0.9053393484529835
FixedParameters: 0 0 0
#Transform 178
Transform: MatrixOffsetTransformBase_double_3_3
Parameters: 0.9999780278997497 -0.0032172052603718104 -0.00588394772550086 0.0032399158048399563 0.9999865972922866 0.003971637948284257 0.005871535655961222 -0.003990364861441081 0.9999747333921588 -0.22268256355967253 -0.046772924879405764 -0.9871477938408475
FixedParameters: 0 0 0
#Transform 179
Transform: MatrixOffsetTransformBase_double_3_3
Parameters: 0.9999788359412489 -0.002864416941076326 -0.005827567654824307 0.002889211520209138 0.9999858836791036 0.004373954243746675 0.005815001106024967 -0.004391047522448732 0.9999735390527447 -0.2022658538304114 -0.10613922533235609 -0.9125219982632871
FixedParameters: 0 0 0
#Transform 180
Transform: MatrixOffsetTransformBase_double_3_3
Parameters: 0.9999822556695659 -0.0029253812126655457 -0.005213602947646665 0.002948102734213728 0.9999868974774114 0.004202736034289334 0.005201655802712314 -0.004218264418656831 0.9999779010958715 -0.23894622249967767 -0.05142357646884932 -1.031202549275207
FixedParameters: 0 0 0
#Transform 181
Transform: MatrixOffsetTransformBase_double_3_3
Parameters: 0.9999802749663325 -0.0030554160887675025 -0.005420958045517141 0.003079272591597488 0.9999861817722532 0.004237527045529266 0.005407866565291511 -0.004253464749980701 0.9999760441771555 -0.22030702139103653 -0.06660632778350362 -0.9725144263231442
FixedParameters: 0 0 0
#Transform 182
Transform: MatrixOffsetTransformBase_double_3_3
Parameters: 0.9999781171543611 -0.0030800148721891363 -0.005778547929230565 0.0031098403386328605 0.9999824040941323 0.005059612155205645 0.0057632900942432164 -0.005077384520459943 0.9999703328115935 -0.2165010609019049 -0.07119615238289612 -0.948939575322143
FixedParameters: 0 0 0
#Transform 183
Transform: MatrixOffsetTransformBase_double_3_3
Parameters: 0.9999768030276762 -0.0032974516693700536 -0.00594309030258421 0.003325739891096108 0.9999838342045463 0.004705931159706245 0.005927803884152136 -0.004725074429974524 0.9999714961557835 -0.23164550497214975 -0.019603166419898344 -1.0337371109012992
FixedParameters: 0 0 0
#Transform 184
Transform: MatrixOffsetTransformBase_double_3_3
Parameters: 0.9999768201343855 -0.003105141840366182 -0.006126668577494334 0.003140595808846477 0.9999786097805873 0.005781675461918767 0.006108791659198772 -0.005800323568953103 0.9999641376440922 -0.1993835540615123 -0.07526303869614992 -0.9505462101432158
FixedParameters: 0 0 0
#Transform 185
Transform: MatrixOffsetTransformBase_double_3_3
Parameters: 0.999973424231894 -0.003252394620865225 -0.006557277216214903 0.003287268191863494 0.9999803625409175 0.005293009832215145 0.006539730647305324 -0.0053139894584503244 0.9999648063213726 -0.24187946088430579 -0.021488820282883125 -1.0659110671815597
FixedParameters: 0 0 0
#Transform 186
Transform: MatrixOffsetTransformBase_double_3_3
Parameters: 0.9999740422507511 -0.0033195709582571602 -0.0063981695402068935 0.0033538460566400457 0.9999800938585045 0.00536476923378576 0.006380418503835714 -0.0053862331803090635 0.9999651552105848 -0.22245087963446508 -0.0734734398049568 -0.992227806593803
FixedParameters: 0 0 0
#Transform 187
Transform: MatrixOffsetTransformBase_double_3_3
Parameters: 0.9999793334677867 -0.0030856344814814006 -0.005669632839036003 0.003116075285325461 0.999980714408444 0.005298947027049583 0.005652999766638481 -0.005317050135540596 0.9999702683629142 -0.2091269138367835 -0.02704181381753301 -1.0359802176026562
FixedParameters: 0 0 0
#Transform 188
Transform: MatrixOffsetTransformBase_double_3_3
Parameters: 0.9999811991288257 -0.002995504780635416 -0.005275598981979962 0.0030187649147198617 0.9999853344329664 0.004579161527897946 0.0052614754372744725 -0.004594847384905676 0.9999757829084824 -0.2216300921864871 0.004565824349413106 -1.0348043388960093
FixedParameters: 0 0 0
#Transform 189
Transform: MatrixOffsetTransformBase_double_3_3
Parameters: 0.9999830633290867 -0.0023499779699287585 -0.005330243619673292 0.0023775243504148332 0.9999837833175618 0.00522870333185671 0.0053184843130498856 -0.005241306418110658 0.9999724686701175 -0.20625356819829221 -0.05113201583291982 -0.9680477636362781
FixedParameters: 0 0 0
#Transform 190
Transform: MatrixOffsetTransformBase_double_3_3
Parameters: 0.9999839333762928 -0.002656608103850379 -0.0050008477120968885 0.0026823486494235555 0.9999838479495378 0.005080419827946436 0.004987149695011726 -0.0050945790472588515 0.9999743193705593 -0.23199573199831036 0.007615893629179027 -1.0908101028050368
FixedParameters: 0 0 0
#Transform 191
Transform: MatrixOffsetTransformBase_double_3_3
Parameters: 0.999986053015342 -0.0027494027102522352 -0.0046248920899952545 0.0027740108855124723 0.9999814550000128 0.005354831067639759 0.004609727607025077 -0.005368166273549996 0.9999751058359003 -0.18967172919637676 -0.05894298975971424 -1.003909711947074
FixedParameters: 0 0 0
#Transform 192
Transform: MatrixOffsetTransformBase_double_3_3
Parameters: 0.9999841392563492 -0.0027478512764164795 -0.004930604074331843 0.0027727620540798853 0.999983673567444 0.004969300028169282 0.004916427224967216 -0.004982699802034668 0.9999759438369774 -0.20484335473291537 -0.003246732628710447 -1.0806888842578104
FixedParameters: 0 0 0
#Transform 193
Transform: MatrixOffsetTransformBase_double_3_3
Parameters: 0.9999869734597852 -0.002264285950408307 -0.004679368672216793 0.0022919571968331278 0.9999800561354013 0.005849165275824991 0.004666498492154681 -0.005859836796403617 0.9999723659211496 -0.20962237775205494 -0.01729494484401073 -1.0148213697511892
FixedParameters: 0 0 0
#Transform 194
Transform: MatrixOffsetTransformBase_double_3_3
Parameters: 0.9999838435498314 -0.002463902096871554 -0.005107827579770588 0.0024945583596247337 0.999977900448082 0.006133474587223409 0.0050920378662275565 -0.006146530082389939 0.9999685425565368 -0.20096126703920447 -0.01826727989794108 -1.0251582674212614
FixedParameters: 0 0 0
#Transform 195
Transform: MatrixOffsetTransformBase_double_3_3
Parameters: 0.9999826223828004 -0.002656613394339373 -0.00522627975113681 0.0026879615095106568 0.9999797770108623 0.005838114535655775 0.005211326375409534 -0.005851890400641824 0.9999695161224361 -0.19264356804060867 -0.011808098860655036 -0.9824855311803162
FixedParameters: 0 0 0
#Transform 196
Transform: MatrixOffsetTransformBase_double_3_3
Parameters: 0.9999847461268194 -0.0029028878691927007 -0.0047775927779238545 0.002928938809992199 0.9999813499122439 0.005316784009954639 0.004761981737887749 -0.005330212943424895 0.999974716081943 -0.20028958055898727 -0.0031226252644671604 -1.0131746819730694
FixedParameters: 0 0 0
#Transform 197
Transform: MatrixOffsetTransformBase_double_3_3
Parameters: 0.9999814579799762 -0.0027313075097883796 -0.005392862149704259 0.0027610428759166816 0.999979991765554 0.005614607236098607 0.005377454603571894 -0.005629397128602526 0.9999702513452924 -0.21330045896009153 0.016963301863285096 -0.9717663362913669
FixedParameters: 0 0 0
#Transform 198
Transform: MatrixOffsetTransformBase_double_3_3
Parameters: 0.9999835899370447 -0.0028148130303005865 -0.005048074395067187 0.0028454436472872767 0.9999786359786436 0.005957601555184766 0.005031584824665218 -0.005971405256621376 0.9999698021704408 -0.20447185875954688 -0.009792084604910656 -0.9688941829872704
FixedParameters: 0 0 0
#Transform 199
Transform: MatrixOffsetTransformBase_double_3_3
Parameters: 0.999981884723418 -0.0025417271907925225 -0.005352630028875314 0.0025717152587883133 0.9999802324153053 0.00568055533252898 0.005339020401966989 -0.005693439022603192 0.9999689673117704 -0.21021611593867817 0.045558520710741846 -1.0440565127265558
FixedParameters: 0 0 0
#Transform 200
Transform: MatrixOffsetTransformBase_double_3_3
Parameters: 0.9999839864330342 -0.0023931746674347174 -0.0051274224200322715 0.0024239702456207244 0.9999794953711224 0.005947786104342517 0.005112070599838516 -0.005960216322983325 0.9999695896198278 -0.20143542402773562 -0.02300348001706709 -0.967963478982611
FixedParameters: 0 0 0
#Transform 201
Transform: MatrixOffsetTransformBase_double_3_3
Parameters: 0.9999838884566394 -0.002328413886071614 -0.005166123861742397 0.0023583351040769125 0.9999813626383537 0.00562605346861858 0.005152714859908015 -0.005638944064353613 0.9999710747074266 -0.22277392823836806 0.050808853575290414 -1.0440273456050306
FixedParameters: 0 0 0
#Transform 202
Transform: MatrixOffsetTransformBase_double_3_3
Parameters: 0.9999859996050199 -0.001918801445033997 -0.005031512839904461 0.0019514345225395335 0.9999779756979748 0.006358309138603496 0.005019398937141786 -0.006368688030665148 0.9999670342534415 -0.1979250869298994 0.010961511329270479 -0.9825008781648421
FixedParameters: 0 0 0
#Transform 203
Transform: MatrixOffsetTransformBase_double_3_3
Parameters: 0.9999860165763131 -0.0016271193023839367 -0.005033513089659359 0.0016595221314075167 0.9999772207338281 0.006562802367666043 0.005022813703663053 -0.0065711993408295866 0.9999655433200084 -0.21021647637155638 0.00976471370736931 -1.0336506776879162
FixedParameters: 0 0 0
#Transform 204
Transform: MatrixOffsetTransformBase_double_3_3
Parameters: 0.9999839680400696 -0.001557566870266285 -0.0054408990535573425 0.0015977480175634266 0.9999716816287374 0.007330022283381116 0.005429661527433749 -0.007338979287636049 0.999958694310942 -0.23398774681919576 -0.04362427107547262 -0.7393487015351496
FixedParameters: 0 0 0
#Transform 205
Transform: MatrixOffsetTransformBase_double_3_3
Parameters: 0.9999875567235289 -0.002118417763041297 -0.00446747513362006 0.002151862674865296 0.9999709339055171 0.007329979430113709 0.004450807775582855 -0.007340014772887343 0.9999630163056895 -0.2065966732578346 -0.01903912471802016 -0.5570268406893462
FixedParameters: 0 0 0
#Transform 206
Transform: MatrixOffsetTransformBase_double_3_3
Parameters: 0.9999882324421876 -0.002152285669631363 -0.004258255331442513 0.0021867281600778466 0.9999650922273607 0.008097087092759248 0.004241224699706974 -0.008105913722359914 0.9999578687025937 -0.1692692791320809 -0.017405904130711747 -0.530967597420684
FixedParameters: 0 0 0
#Transform 207
Transform: MatrixOffsetTransformBase_double_3_3
Parameters: 0.999986290107536 -0.0021847241173136136 -0.004789627578388366 0.0022248108173874835 0.9999608552826523 0.008527266396507721 0.004770330970268055 -0.008537724611675401 0.9999518241302838 -0.14414541203517217 0.04311138114765356 -0.8119787210753202
FixedParameters: 0 0 0
#Transform 208
Transform: MatrixOffsetTransformBase_double_3_3
Parameters: 0.999983969587198 -0.0032362474011318125 -0.0046428373341456716 0.0032765067219718454 0.9999569429120417 0.008638248983003582 0.004614709343272647 -0.00865373668161662 0.9999515161760886 -0.08211012591425515 -0.0344564209097058 -0.8266290959154503
FixedParameters: 0 0 0
#Transform 209
Transform: MatrixOffsetTransformBase_double_3_3
Parameters: 0.9999813001299747 -0.0035728593784655296 -0.004892275318590517 0.0036160366454970703 0.9999542799895283 0.008848912730161057 0.004860414052099549 -0.008867090539516564 0.999949087265272 -0.01507673177138713 -0.021020562509434626 -0.8516448297798433
FixedParameters: 0 0 0
#Transform 210
Transform: MatrixOffsetTransformBase_double_3_3
Parameters: 0.9999857064643449 -0.0032364220391080368 -0.004338137812830069 0.003275373499559318 0.9999523974918003 0.009173087928876611 0.004308681656287379 -0.009186918116727755 0.9999487593315615 -0.04280149469684602 0.08647328115182518 -0.91725287634587
FixedParameters: 0 0 0
#Transform 211
Transform: MatrixOffsetTransformBase_double_3_3
Parameters: 0.999982725213507 -0.002843303523660779 -0.005117433038254197 0.0028743148750111766 0.9999778377630899 0.006010253531369164 0.00510046847988151 -0.006024741590897442 0.999968465591224 -0.12187195699181075 -0.08606061294933909 -0.8258293117964968
FixedParameters: 0 0 0
#Transform 212
Transform: MatrixOffsetTransformBase_double_3_3
Parameters: 0.9999767555519073 -0.003593308433577291 -0.005773213727619459 0.003621352438571362 0.9999812505487995 0.00487959360626275 0.005756020204417597 -0.004900408503633852 0.9999716799541064 -0.1722720235497519 -0.1823986602230434 -0.9269244294826251
FixedParameters: 0 0 0
#Transform 213
Transform: MatrixOffsetTransformBase_double_3_3
Parameters: 0.999963501724319 -0.004257545728402959 -0.007441688194035519 0.004311304004664058 0.9999633084463551 0.00734418073580706 0.007409525581528848 -0.007375809675978867 0.9999448506909011 -0.08809359554165042 -0.22221653867066493 -0.8349325439880033
FixedParameters: 0 0 0
#Transform 214
Transform: MatrixOffsetTransformBase_double_3_3
Parameters: 0.9999810187962186 -0.0028826754502807098 -0.005447229484547223 0.002918051807864578 0.9999747111540288 0.006409590218101557 0.005428125213391129 -0.006425403496233467 0.9999649374401322 -0.15425059083904102 -0.10607977718305506 -1.0116551768988842
FixedParameters: 0 0 0
#Transform 215
Transform: MatrixOffsetTransformBase_double_3_3
Parameters: 0.9999737965475582 -0.005112071699776757 -0.005202797321638923 0.005062721920898515 0.9999421339047804 -0.009471638639775765 0.005250906162651325 0.009445360603670627 0.9999417298232962 -0.23062948448956888 -0.1887731300598432 -1.1762102109391037
FixedParameters: 0 0 0
#Transform 216
Transform: MatrixOffsetTransformBase_double_3_3
Parameters: 0.9999578565028813 -0.007613347578013571 -0.005213309389815257 0.0075729417003414625 0.9999418552399799 -0.007744229081706744 0.0052718538201383235 0.007704783955975653 0.9999566610413796 -0.08027257421410638 -0.5638748260567326 -1.2445467400194872
FixedParameters: 0 0 0
#Transform 217
Transform: MatrixOffsetTransformBase_double_3_3
Parameters: 0.9999496169413447 -0.007830545258803405 -0.006329480109328832 0.007792151860969776 0.999950929738626 -0.0060779008319120365 0.0063768015776126995 0.006028095262133409 0.99996140707976 -0.11412788874712021 -0.47484134033503267 -1.154136929359609
FixedParameters: 0 0 0
