#Insight Transform File V1.0
#Transform 0
Transform: MatrixOffsetTransformBase_double_3_3
Parameters: 0.9999991891274439 -0.000327350559150453 -0.0016443369372491428 0.00032892229778704805 0.9999990251696868 0.001376628385272749 0.00164394387770268 -0.0013773719416448893 0.9999973716946204 -0.21424490081702174 0.05027017358960961 -0.3060598207939762
FixedParameters: 0 0 0
#Transform 1
Transform: MatrixOffsetTransformBase_double_3_3
Parameters: 0.9999984241097243 -0.00031930008744014156 -0.0018638486683977425 0.0003214763931266804 0.9999990591645347 0.001376739163803653 0.0018634769473279695 -0.001377262455254269 0.9999975726797995 -0.19860626511501778 0.0231940400763051 -0.2704058301344361
FixedParameters: 0 0 0
#Transform 2
Transform: MatrixOffsetTransformBase_double_3_3
Parameters: 0.9999994875103777 0.00007102320963418631 -0.0012275541236064335 -0.00006904038980671848 0.9999984319690872 0.001610253132021372 0.0012281200474956156 -0.0016097457071944932 0.9999978713379477 -0.2068877528744224 0.044450256161198354 -0.3377910157779951
FixedParameters: 0 0 0
#Transform 3
Transform: MatrixOffsetTransformBase_double_3_3
Parameters: 0.9999996243372813 0.0002988960586386172 -0.0005351775075708871 -0.00029864419824734723 0.9999991815134022 0.0013151601826436043 0.0005351480760708524 -0.0013148404034991068 0.9999989843712742 -0.20453772988487628 0.028587150578886167 -0.31084974366071094
FixedParameters: 0 0 0
#Transform 4
Transform: MatrixOffsetTransformBase_double_3_3
Parameters: 0.9999991506082653 0.0005807406035048988 -0.0007159974370418674 -0.0005793864731251265 0.9999981628852779 0.0018714157722510005 0.000716367432800464 -0.0018705849119099172 0.9999979864320059 -0.1923961612613425 0.019164926216447498 -0.3194999707120161
FixedParameters: 0 0 0
#Transform 5
Transform: MatrixOffsetTransformBase_double_3_3
Parameters: 0.9999991305484697 0.0008683575279234681 -0.0003389198797727061 -0.0008683229626375133 0.9999972379814617 0.0020022942743993244 0.0003405961151377888 -0.0020017042262489293 0.9999978765522385 -0.16976449863032883 0.05398982393593599 -0.35803160304656956
FixedParameters: 0 0 0
#Transform 6
Transform: MatrixOffsetTransformBase_double_3_3
Parameters: 1.0000000116187904 0.0007187803910221422 -0.0006866350890692467 -0.0007170544096097332 0.999998066597329 0.0020953259069951824 0.0006888279710669718 -0.002094673891649107 0.9999971669602697 -0.15753379910820797 0.015076936786542205 -0.28114059347048226
FixedParameters: 0 0 0
#Transform 7
Transform: MatrixOffsetTransformBase_double_3_3
Parameters: 0.9999997134538418 0.0004758895736999976 0.00024444607371434273 -0.00047706391638027923 0.9999975376077362 0.0020578828973908114 -0.0002434703001474294 -0.002058115382410547 0.9999977051121307 -0.15019575191416834 0.06905772360600793 -0.3676830419557291
FixedParameters: 0 0 0
#Transform 8
Transform: MatrixOffsetTransformBase_double_3_3
Parameters: 0.9999998420297134 0.0002575899502539246 0.0003030185642535569 -0.0002579224163624512 0.9999971898811194 0.002177920223064622 -0.00030206598551285347 -0.0021780761913146873 0.999997164777113 -0.11893457029127319 0.05866601191017651 -0.27594490550528405
FixedParameters: 0 0 0
#Transform 9
Transform: MatrixOffsetTransformBase_double_3_3
Parameters: 0.9999985230181513 0.0010998580216895898 0.0015060213850323367 -0.001103434526090086 0.9999957904134233 0.002712452432524798 -0.0015028656994010073 -0.002713547606910588 0.999995011826864 -0.08704340854453108 0.08121637641312418 -0.35385453898271635
FixedParameters: 0 0 0
#Transform 10
Transform: MatrixOffsetTransformBase_double_3_3
Parameters: 0.9999984765935814 0.0007657407321792246 0.0013914464668030274 -0.000770053369961358 0.9999955101483365 0.0028450698327397717 -0.0013897280082475515 -0.0028459279901518475 0.9999947726679641 -0.1013278408898799 0.09893647152765084 -0.2740100943235433
FixedParameters: 0 0 0
#Transform 11
Transform: MatrixOffsetTransformBase_double_3_3
Parameters: 0.999998839846206 0.0003635922341143519 0.0014242278902179858 -0.0003676765244133722 0.9999959485085358 0.0028186470367643213 -0.0014228472749311758 -0.0028193525823395904 0.9999949977765964 -0.11425914688577166 0.1264024507942736 -0.3501724752155013
FixedParameters: 0 0 0
#Transform 12
Transform: MatrixOffsetTransformBase_double_3_3
Parameters: 0.999998089113859 0.00026754407773375074 0.0016849858559981768 -0.00027182397687537446 0.9999958055909919 0.0030247152973069957 -0.0016843755205106135 -0.003025288516373126 0.9999939822061193 -0.09278492643217362 0.11990367804963853 -0.27619145832741765
FixedParameters: 0 0 0
#Transform 13
Transform: MatrixOffsetTransformBase_double_3_3
Parameters: 0.9999988952551604 0.0004464140189452087 0.0013807574458200174 -0.00044940071099500606 0.9999957735059132 0.002867520467713408 -0.0013790397373633814 -0.0028674791001022937 0.9999946765958104 -0.07326600190249621 0.12535975023233448 -0.24397882984925445
FixedParameters: 0 0 0
#Transform 14
Transform: MatrixOffsetTransformBase_double_3_3
Parameters: 0.9999988161336133 0.0003592342643048437 0.0014331453311138952 -0.00036409188999318536 0.9999946421089005 0.0033546517768507644 -0.0014325550221124448 -0.0033553527512061865 0.9999936618841017 -0.09285569485611234 0.1732553012551108 -0.3456633771339739
FixedParameters: 0 0 0
#Transform 15
Transform: MatrixOffsetTransformBase_double_3_3
Parameters: 0.9999989244987932 0.0004903947030495801 0.001355096407843538 -0.000493889508601749 0.999995114641631 0.0031095025843607405 -0.0013528863178538476 -0.0031104998553779517 0.9999944655928682 -0.07137858188461621 0.14213804179692602 -0.2524947493856473
FixedParameters: 0 0 0
#Transform 16
Transform: MatrixOffsetTransformBase_double_3_3
Parameters: 0.9999983614969582 0.000534979641290863 0.0015341578415990868 -0.0005395337496529749 0.9999953444722735 0.0030923154635648376 -0.0015316859435864855 -0.0030926851115161413 0.999993889852156 -0.1100961934538276 0.1647642687605071 -0.3406415738554358
FixedParameters: 0 0 0
#Transform 17
Transform: MatrixOffsetTransformBase_double_3_3
Parameters: 0.9999984203135914 0.00017952260810878733 0.0015964046373815207 -0.00018502202921813571 0.9999938260561926 0.0036288789946216093 -0.0015951175454907859 -0.0036291252793616557 0.9999922548562937 -0.09240709271358583 0.16364075844774106 -0.3244876939613306
FixedParameters: 0 0 0
#Transform 18
Transform: MatrixOffsetTransformBase_double_3_3
Parameters: 0.9999983243906341 0.000579027988266957 0.0015299039253642865 -0.0005843787427701941 0.9999935281566338 0.003627280344783379 -0.0015276897303888018 -0.003628723520336885 0.9999924713479096 -0.04935466915003417 0.16507446323845443 -0.33307976973931375
FixedParameters: 0 0 0
#Transform 19
Transform: MatrixOffsetTransformBase_double_3_3
Parameters: 0.9999986537735015 0.0003472783551092527 0.0014920667791972172 -0.0003535500960580673 0.9999904050213824 0.004415646819990432 -0.0014901633662047626 -0.004416356398844801 0.9999892464129259 -0.08866707277591956 0.23415823265810332 -0.32777085164350694
FixedParameters: 0 0 0
#Transform 20
Transform: MatrixOffsetTransformBase_double_3_3
Parameters: 0.9999984284861276 0.0004500536608598484 0.0015395021655385606 -0.00045486260890422023 0.9999938502055408 0.0034844414794187872 -0.0015373702289420415 -0.0034845561386200596 0.9999922947193552 -0.08877181879198304 0.24537191457980612 -0.3219472605414069
FixedParameters: 0 0 0
#Transform 21
Transform: MatrixOffsetTransformBase_double_3_3
Parameters: 0.9999989403848913 -0.00008712663634999273 0.001432406224458653 0.00008060766922787237 0.9999915869653262 0.004054285475960012 -0.0014329518664717225 -0.004053709719798293 0.9999904834552769 -0.09038467814089302 0.27719210623769186 -0.3515863633520411
FixedParameters: 0 0 0
#Transform 22
Transform: MatrixOffsetTransformBase_double_3_3
Parameters: 0.9999999625950112 -0.00013963087277520312 0.0010091154175797148 0.0001358500501185225 0.9999899126052545 0.00448330885678383 -0.0010092306333684652 -0.00448269540456725 0.9999898551803277 -0.049087519239179755 0.25846649832934077 -0.30960165471509526
FixedParameters: 0 0 0
#Transform 23
Transform: MatrixOffsetTransformBase_double_3_3
Parameters: 0.9999979726780509 0.00018533238248189278 0.0017303329615668216 -0.00019098413802438082 0.9999944878697425 0.003391842324915073 -0.0017290923382498908 -0.0033921578030211286 0.9999924733961482 -0.06517501912433943 0.3037176861520692 -0.36793475622013716
FixedParameters: 0 0 0
#Transform 24
Transform: MatrixOffsetTransformBase_double_3_3
Parameters: 0.9999987006957645 0.0004062152198618411 0.0017700835670438828 -0.00041314533038171224 0.9999919981731336 0.003858608421855897 -0.0017690985202478545 -0.003859387463092445 0.9999909186411653 -0.05322028225759823 0.2885534509070027 -0.3396102096165521
FixedParameters: 0 0 0
#Transform 25
Transform: MatrixOffsetTransformBase_double_3_3
Parameters: 0.9999988506848957 0.00034368271847998405 0.00174116856163545 -0.000352848254961225 0.9999850701762891 0.005464732738239664 -0.0017390640809086845 -0.005465273899141726 0.9999840475293704 -0.08451937806728438 0.25164697388427726 -0.36462610146529073
FixedParameters: 0 0 0
#Transform 26
Transform: MatrixOffsetTransformBase_double_3_3
Parameters: 0.9999982837838288 0.00016986269518375028 0.001920346705602512 -0.00017877588025101628 0.999987702774616 0.004932000397709552 -0.0019193438961866954 -0.0049319988397895365 0.9999859314239823 -0.10317122461769657 0.25874393704400234 -0.4285035194114215
FixedParameters: 0 0 0
#Transform 27
Transform: MatrixOffsetTransformBase_double_3_3
Parameters: 0.9999982807793845 -0.00044159732971651067 0.0018773080947495344 0.0004327451191347941 0.9999909341145397 0.0043290188895646065 -0.001879327954327254 -0.004327983199413465 0.999988874621103 -0.07489692616951515 0.20416425773183278 -0.3972093619793071
FixedParameters: 0 0 0
#Transform 28
Transform: MatrixOffsetTransformBase_double_3_3
Parameters: 0.9999989982234596 -0.000014380337004822738 0.0017322922574487963 0.000006132354058986991 0.9999887576560571 0.004704383827369596 -0.0017327650336702576 -0.004704619449583725 0.9999879756334531 -0.0506235629970746 0.21976034391816768 -0.3268190901461736
FixedParameters: 0 0 0
#Transform 29
Transform: MatrixOffsetTransformBase_double_3_3
Parameters: 0.9999978709165789 0.0005152950442195715 0.0022051792427317325 -0.0005271832713241882 0.9999867939462082 0.005117326053531629 -0.002202702039396163 -0.005117675224762364 0.9999846989414145 -0.09167943854886573 0.23201514616263808 -0.40794624897357323
FixedParameters: 0 0 0
#Transform 30
Transform: MatrixOffsetTransformBase_double_3_3
Parameters: 0.999998539770372 0.00017473987556058655 0.0018516062861811085 -0.00018378278221650287 0.9999886001256146 0.0048368351830465894 -0.0018514039953374936 -0.004837163547782464 0.9999861461989352 -0.07517505909606825 0.23088265369145233 -0.35188687374554206
FixedParameters: 0 0 0
#Transform 31
Transform: MatrixOffsetTransformBase_double_3_3
Parameters: 0.9999975681962826 0.0005049389740214009 0.002043632532174715 -0.0005142624784179712 0.9999878468543133 0.004893294507752666 -0.0020415022395836573 -0.0048947054144072855 0.9999858185304801 -0.06082454242091728 0.2072060786576202 -0.358772478317249
FixedParameters: 0 0 0
#Transform 32
Transform: MatrixOffsetTransformBase_double_3_3
Parameters: 0.9999955328954672 0.0008169115258570764 0.0029666439152719838 -0.000830320149710135 0.9999888450580072 0.004558365583211793 -0.00296250164547165 -0.00456062965264023 0.9999851094643126 -0.06665149802410042 0.31352282444730406 -0.44330296949010517
FixedParameters: 0 0 0
#Transform 33
Transform: MatrixOffsetTransformBase_double_3_3
Parameters: 0.9999967598675857 0.0004276787911800576 0.0024611630314250966 -0.00044042472718315323 0.9999869872690992 0.004993602220800919 -0.0024588702029464797 -0.004994395989759537 0.9999848921469755 -0.06145744061404912 0.2705429596490063 -0.33575117975395585
FixedParameters: 0 0 0
#Transform 34
Transform: MatrixOffsetTransformBase_double_3_3
Parameters: 0.9999969637869522 0.0005192437791821657 0.0026009465772869186 -0.0005321770812958118 0.9999876526045727 0.004917305485850981 -0.0025989737893937284 -0.00491869735648498 0.9999849373427557 -0.07401043490385462 0.29478441699068014 -0.40150862527622166
FixedParameters: 0 0 0
#Transform 35
Transform: MatrixOffsetTransformBase_double_3_3
Parameters: 0.9999961170541704 0.0001569331494569492 0.0026190701381825898 -0.0001691964831553065 0.9999876484402439 0.005041078123312309 -0.002617838222632146 -0.005040925740159935 0.9999836448222713 -0.06079235246525627 0.29763765371966144 -0.38146680324878446
FixedParameters: 0 0 0
#Transform 36
Transform: MatrixOffsetTransformBase_double_3_3
Parameters: 0.9999968515664958 0.0004371348482806486 0.0024403149770521274 -0.00044931360552911737 0.9999871855112823 0.00508639364162658 -0.0024390041704780217 -0.005086607879491473 0.9999839206691866 -0.031042735206625593 0.29658126137822194 -0.3647411635240161
FixedParameters: 0 0 0
#Transform 37
Transform: MatrixOffsetTransformBase_double_3_3
Parameters: 0.9999960181518749 0.0005072223774561577 0.0027793948895510692 -0.0005214679349584231 0.999987378910189 0.005046244381425008 -0.0027765859762293264 -0.005047760301126442 0.9999836943741208 -0.06507463111076106 0.39255688747789463 -0.4276792682084505
FixedParameters: 0 0 0
#Transform 38
Transform: MatrixOffsetTransformBase_double_3_3
Parameters: 0.9999963214445682 0.0004720259306377919 0.0027305369613284803 -0.0004850710977669914 0.9999877098029883 0.0049163651893315286 -0.002728213812412144 -0.004917635688354682 0.9999842574741636 -0.04341679872067061 0.2891097695923719 -0.3565240946034862
FixedParameters: 0 0 0
#Transform 39
Transform: MatrixOffsetTransformBase_double_3_3
Parameters: 0.999993191385809 0.000976685394394447 0.003585626029208202 -0.0009918443980132933 0.9999899846330559 0.0042896169595949 -0.00358088676969726 -0.0042933805579672135 0.9999843725222771 -0.0583903814306268 0.40527410500122585 -0.44295356092210625
FixedParameters: 0 0 0
#Transform 40
Transform: MatrixOffsetTransformBase_double_3_3
Parameters: 0.9999954579786022 0.0005231165807449672 0.0030444074146324836 -0.0005373065622770666 0.9999882059667241 0.004759223509954114 -0.003041912904950012 -0.004760773322978362 0.9999839364622315 -0.05104466162660515 0.3290679499366149 -0.3865658877790139
FixedParameters: 0 0 0
#Transform 41
Transform: MatrixOffsetTransformBase_double_3_3
Parameters: 0.9999950647963672 0.0005344605473469884 0.00310638082706014 -0.0005483940684799351 0.9999899153462235 0.004464157709224037 -0.0031039287789599297 -0.004465842915597262 0.9999852766995926 -0.049261448053655954 0.3863548394360663 -0.3960579007785441
FixedParameters: 0 0 0
#Transform 42
Transform: MatrixOffsetTransformBase_double_3_3
Parameters: 0.9999943134119337 0.0004728874189405626 0.0033854832193186747 -0.0004873336092975806 0.9999915376092744 0.004171384000054984 -0.00338386008876375 -0.004172621347797445 0.999985964359495 -0.06749403962638212 0.45419690042990624 -0.4306511247662428
FixedParameters: 0 0 0
#Transform 43
Transform: MatrixOffsetTransformBase_double_3_3
Parameters: 0.9999963996994078 0.0008182992502455957 0.002435319476658922 -0.0008310539084054227 0.9999867056368833 0.005182471730118876 -0.002430953518108812 -0.005184536462607581 0.9999839562261821 -0.042760875171609314 0.3426391265675903 -0.38042694679653266
FixedParameters: 0 0 0
#Transform 44
Transform: MatrixOffsetTransformBase_double_3_3
Parameters: 0.9999947418027519 0.0008438936172052252 0.0030898552984803475 -0.0008580546265048641 0.9999893427852513 0.004498179773654826 -0.0030855656615786575 -0.004500815635215399 0.9999849077289275 -0.06925416351687375 0.460535261965461 -0.46461439755151446
FixedParameters: 0 0 0
#Transform 45
Transform: MatrixOffsetTransformBase_double_3_3
Parameters: 0.9999955712578791 0.0007930256528849135 0.0029665565167999825 -0.0008065308047905025 0.9999902001474296 0.0044082693939200834 -0.002962701352895349 -0.004410727665884573 0.9999854834623583 -0.05061299540555808 0.3606653646397433 -0.38502610464576037
FixedParameters: 0 0 0
#Transform 46
Transform: MatrixOffsetTransformBase_double_3_3
Parameters: 0.9999948909468273 0.0008190411727469181 0.003230919165747877 -0.0008332815646164747 0.9999896713430023 0.004466139903295807 -0.003227075909107413 -0.004468855983288694 0.9999843021997231 -0.04686452914511108 0.4583266062160618 -0.45461115151978504
FixedParameters: 0 0 0
#Transform 47
Transform: MatrixOffsetTransformBase_double_3_3
Parameters: 0.9999940178496322 0.0004658689849603601 0.003430289981711996 -0.00047925035306813134 0.9999918825262102 0.0039864156710426035 -0.003427918810782572 -0.003988585967692138 0.9999863347829002 -0.034804324403808096 0.4331334652365655 -0.43751246702524327
FixedParameters: 0 0 0
#Transform 48
Transform: MatrixOffsetTransformBase_double_3_3
Parameters: 0.999993707758651 0.0005790082177855958 0.0034578601296115217 -0.0005947932656708979 0.9999890280861036 0.004563145517695072 -0.0034552262102333577 -0.004564854692064496 0.9999840191349589 -0.06676078364463933 0.359748228730453 -0.40257113226310537
FixedParameters: 0 0 0
#Transform 49
Transform: MatrixOffsetTransformBase_double_3_3
Parameters: 0.9999946249512712 0.0005507825970511601 0.003173615041138095 -0.0005673847187170008 0.9999868016594555 0.0051010633120737725 -0.0031706334507999065 -0.005102933064291992 0.9999817620284789 -0.06635724209893112 0.4112600985983619 -0.4598355433395511
FixedParameters: 0 0 0
#Transform 50
Transform: MatrixOffsetTransformBase_double_3_3
Parameters: 0.9999959133790859 0.0007569036653451012 0.002917924070181542 -0.0007700714897582488 0.9999894279740763 0.004592446370817349 -0.0029142774285653935 -0.004595557421606777 0.999985275397253 -0.052770878437087276 0.30743356382841114 -0.3691653504961181
FixedParameters: 0 0 0
#Transform 51
Transform: MatrixOffsetTransformBase_double_3_3
Parameters: 0.9999928426037755 0.0009835092020816308 0.0036320359438181456 -0.000998064143968185 0.9999912484428792 0.004015547644696665 -0.003627613457830834 -0.004019450258303137 0.999985313312389 -0.06602349303582855 0.4116146004126904 -0.4666291249173611
FixedParameters: 0 0 0
#Transform 52
Transform: MatrixOffsetTransformBase_double_3_3
Parameters: 0.9999952042343475 0.0006866558782945367 0.0028851641125994237 -0.000700194396491156 0.9999878107001936 0.0048796710976536095 -0.002881933388292515 -0.004882328385731577 0.9999837448261929 -0.049902384596308025 0.38514492887870233 -0.43472383991789343
FixedParameters: 0 0 0
#Transform 53
Transform: MatrixOffsetTransformBase_double_3_3
Parameters: 0.999993954601174 0.001141808091287441 0.0032774585406232758 -0.0011584664123172024 0.9999863869486479 0.00517201607577078 -0.0032715767992725123 -0.0051759870739125635 0.9999810265649278 -0.05992132920306403 0.3677385444940455 -0.4292562817361585
FixedParameters: 0 0 0
#Transform 54
Transform: MatrixOffsetTransformBase_double_3_3
Parameters: 0.999991164237264 0.0007849099860984132 0.004027571033702727 -0.0008006837173873529 0.9999912808429127 0.004160153091696817 -0.004024035499932254 -0.0041638528357917926 0.9999832385858505 -0.060786418513743 0.4620455166498232 -0.46801198233029595
FixedParameters: 0 0 0
#Transform 55
Transform: MatrixOffsetTransformBase_double_3_3
Parameters: 0.9999917973879708 0.0013181746890424638 0.0038033696322809264 -0.0013371532136657082 0.9999870256731641 0.004891208590420526 -0.003796565859725976 -0.0048957890774444235 0.9999808785611185 -0.07338003732422749 0.3124458983183871 -0.4167667704434308
FixedParameters: 0 0 0
#Transform 56
Transform: MatrixOffsetTransformBase_double_3_3
Parameters: 0.9999896415775189 0.0007499623594478249 0.004449234739582677 -0.0007702417407365996 0.9999884616390545 0.004715296237900707 -0.00444580847193499 -0.0047187029431905725 0.999978679290375 -0.08286810254406873 0.43211728015727147 -0.5294429677404651
FixedParameters: 0 0 0
#Transform 57
Transform: MatrixOffsetTransformBase_double_3_3
Parameters: 0.9999931228988581 0.0010755513134557276 0.0037042343100433524 -0.0010941192009015456 0.9999859329008658 0.005122126749513317 -0.003698490720533171 -0.0051268673635583295 0.9999796684876969 -0.04446305331009626 0.3703640291935102 -0.44988387181076916
FixedParameters: 0 0 0
#Transform 58
Transform: MatrixOffsetTransformBase_double_3_3
Parameters: 0.9999936376460545 0.0010260404959104854 0.0035084241124858306 -0.0010417074991315972 0.999989779876102 0.0044323217551115734 -0.0035039498174160486 -0.004435674906103554 0.9999835367483261 -0.055775538891296605 0.4530425723485223 -0.4526802225497022
FixedParameters: 0 0 0
#Transform 59
Transform: MatrixOffsetTransformBase_double_3_3
Parameters: 0.9999900121205902 0.0007985738712241638 0.0043984718392220444 -0.0008178758609395204 0.9999902985414877 0.004415097214015951 -0.004395722332452521 -0.004417908387517766 0.9999807022251229 -0.08126171689474404 0.4770909169781419 -0.5116247736384736
FixedParameters: 0 0 0
#Transform 60
Transform: MatrixOffsetTransformBase_double_3_3
Parameters: 0.9999905634009201 0.0013132263567699292 0.004087952659412374 -0.0013319787509419988 0.999988270660164 0.004642050264814013 -0.004082025966494758 -0.004647952839895109 0.9999811402448266 -0.07363482428306156 0.3885481774788815 -0.4443909536625057
FixedParameters: 0 0 0
#Transform 61
Transform: MatrixOffsetTransformBase_double_3_3
Parameters: 0.9999864045249564 0.0011409035946583904 0.005029374879091578 -0.0011619376774242248 0.9999903127862378 0.004228363004126018 -0.005024360308397106 -0.004234636302645423 0.9999782801587886 -0.1082792140736899 0.46349999540120734 -0.5343130944014547
FixedParameters: 0 0 0
#Transform 62
Transform: MatrixOffsetTransformBase_double_3_3
Parameters: 0.999992672570833 0.0010964607407381902 0.0037584483594859442 -0.0011152814669493465 0.9999868118251481 0.004951129104969781 -0.0037526982901442533 -0.0049548678271146285 0.9999807958540324 -0.05721910747695347 0.37016837630508803 -0.4385396109992854
FixedParameters: 0 0 0
#Transform 63
Transform: MatrixOffsetTransformBase_double_3_3
Parameters: 0.9999900468342194 0.0010564913309760076 0.004339804859312664 -0.0010743269573288373 0.9999908957149929 0.004172030028864737 -0.004336114473761809 -0.004176976946376559 0.9999822978641664 -0.08400663723601554 0.4620103214253106 -0.4968411269266255
FixedParameters: 0 0 0
#Transform 64
Transform: MatrixOffsetTransformBase_double_3_3
Parameters: 0.9999911972922111 0.0010586424131871605 0.004084287501230405 -0.001080001448771485 0.9999859265579032 0.005228119930625635 -0.004078816618569852 -0.0052328879015877405 0.9999785538154913 -0.0908258779533071 0.4384589315995271 -0.4608676622371206
FixedParameters: 0 0 0
#Transform 65
Transform: MatrixOffsetTransformBase_double_3_3
Parameters: 0.9999888725496505 0.0010880053842217245 0.004684618681286893 -0.0011117964849710778 0.999986788965886 0.005045665754706552 -0.004678583275399833 -0.00505133246655734 0.9999761082687004 -0.0697039837992861 0.4490969673455112 -0.5200244174839952
FixedParameters: 0 0 0
#Transform 66
Transform: MatrixOffsetTransformBase_double_3_3
Parameters: 0.9999905880335466 0.0009088301144362259 0.004311046226576798 -0.0009298277199697334 0.9999882022066127 0.004815548126981206 -0.004306747281479209 -0.004820451748279664 0.9999789590852298 -0.0820684167681236 0.47195441880757016 -0.49746917577887473
FixedParameters: 0 0 0
#Transform 67
Transform: MatrixOffsetTransformBase_double_3_3
Parameters: 0.9999901160388591 0.0007812280984110727 0.004390238885316366 -0.0008017348618525498 0.9999896393672302 0.004580035544381078 -0.004386389862079291 -0.0045839631053711805 0.9999794868011432 -0.08044946205488657 0.4561364990668011 -0.4896944323552219
FixedParameters: 0 0 0
#Transform 68
Transform: MatrixOffsetTransformBase_double_3_3
Parameters: 0.9999902294972611 0.00015933332369267607 0.004443398039586379 -0.0001771292652828361 0.999992483393802 0.003925818049564739 -0.004442999830753734 -0.003926178084786819 0.9999819188958355 -0.075550600159346 0.5269217257789904 -0.5427622621508164
FixedParameters: 0 0 0
#Transform 69
Transform: MatrixOffsetTransformBase_double_3_3
Parameters: 0.9999937215271221 -0.0005050392825689289 0.0036089263298542205 0.0004864983523335727 0.999986540362113 0.00516674285955554 -0.0036111999839690133 -0.005165254296744359 0.9999798055344201 -0.03391473232369435 0.4268258848282187 -0.4631889535589693
FixedParameters: 0 0 0
#Transform 70
Transform: MatrixOffsetTransformBase_double_3_3
Parameters: 0.9999908690824667 0.00017698311571088903 0.004370011439963085 -0.00019806829374135223 0.9999885710597005 0.004705772520447182 -0.004369679620105499 -0.004707218570477345 0.9999789953232331 -0.10731578325342639 0.5126136775634222 -0.5403408511075867
FixedParameters: 0 0 0
#Transform 71
Transform: MatrixOffsetTransformBase_double_3_3
Parameters: 0.9999910607825073 0.00044995231058338127 0.0040909854423689445 -0.00046876535489343756 0.9999896053435613 0.004608493395799884 -0.004088999146833415 -0.004610509434023913 0.9999809600396135 -0.07580156765511958 0.4481795908099002 -0.500551411026791
FixedParameters: 0 0 0
#Transform 72
Transform: MatrixOffsetTransformBase_double_3_3
Parameters: 0.9999911721105393 0.0006542126654411427 0.004049605395420384 -0.0006692663337122959 0.9999931277913147 0.0035618288436989887 -0.004047272741838489 -0.003564167849759353 0.9999856542056266 -0.09004376548492132 0.4890389923791503 -0.569839230411759
FixedParameters: 0 0 0
#Transform 73
Transform: MatrixOffsetTransformBase_double_3_3
Parameters: 0.9999920777671517 0.0003688335532056003 0.003845221918553586 -0.000383904437616113 0.9999926481887692 0.0039037571230096657 -0.0038438505676186797 -0.003905244977204264 0.9999849390996344 -0.08195728770897404 0.506074548582518 -0.5379538829272548
FixedParameters: 0 0 0
#Transform 74
Transform: MatrixOffsetTransformBase_double_3_3
Parameters: 0.9999930224580087 0.0006282681153937498 0.003818689636583766 -0.000644811471594574 0.9999907791308553 0.004359746541592241 -0.003816031254206686 -0.004362258229094557 0.9999832063410548 -0.07095683477898262 0.4837713373588315 -0.5130825992971495
FixedParameters: 0 0 0
#Transform 75
Transform: MatrixOffsetTransformBase_double_3_3
Parameters: 0.9999887703998942 0.0005642598600611053 0.004680577159654608 -0.0005776043230317002 0.9999954178375949 0.002898201129151734 -0.004679649237808253 -0.0029007973152647415 0.9999845382376552 -0.09903889238159991 0.5825390465557518 -0.554102283092206
FixedParameters: 0 0 0
#Transform 76
Transform: MatrixOffsetTransformBase_double_3_3
Parameters: 0.9999904207240725 0.00046658269635032777 0.0042849872054802965 -0.00048565900023176827 0.9999902629631132 0.004315665609919611 -0.004282955184447913 -0.004317332571179 0.9999818930778694 -0.08411228987723973 0.5091551102537863 -0.4872317218840294
FixedParameters: 0 0 0
#Transform 77
Transform: MatrixOffsetTransformBase_double_3_3
Parameters: 0.9999884848432057 0.0001732661487123462 0.004846057685264136 -0.00018964104225450702 0.9999945499403247 0.0033510523162439965 -0.004845593932084554 -0.0033519471262432043 0.9999824696050991 -0.10476758622367299 0.6068738022193969 -0.5637464811056674
FixedParameters: 0 0 0
#Transform 78
Transform: MatrixOffsetTransformBase_double_3_3
Parameters: 0.9999916468559055 -0.00016670489471943683 0.004162558052084532 0.00014985766720826768 0.9999917495892544 0.00411808975967326 -0.004162813444159124 -0.00411691456442026 0.9999829893456289 -0.0802374633678653 0.5711764644809278 -0.4931061818659259
FixedParameters: 0 0 0
#Transform 79
Transform: MatrixOffsetTransformBase_double_3_3
Parameters: 0.9999939479027703 -0.00010369431777951677 0.0036111753294916327 0.00008767731105750036 0.9999898392342697 0.004471407784634895 -0.003611798096086081 -0.0044705880519452235 0.9999831286748997 -0.047773954012555464 0.5749166099990788 -0.5084586603375101
FixedParameters: 0 0 0
#Transform 80
Transform: MatrixOffsetTransformBase_double_3_3
Parameters: 0.9999899805336014 0.00021580858705935225 0.004355697094944538 -0.00023338382013033852 0.9999911510310378 0.0040927564933103955 -0.004354951497223399 -0.004093242490941729 0.9999823239091737 -0.08811030050691215 0.6041338900495674 -0.5641050906105676
FixedParameters: 0 0 0
#Transform 81
Transform: MatrixOffsetTransformBase_double_3_3
Parameters: 0.9999944744013353 -0.00027267015949310365 0.003384052770968713 0.0002579113130226848 0.9999896394046506 0.0044648209528345695 -0.0033850330805654245 -0.0044641740880814185 0.9999839711850371 -0.03334116519759789 0.5733536015604699 -0.4819614276238582
FixedParameters: 0 0 0
#Transform 82
Transform: MatrixOffsetTransformBase_double_3_3
Parameters: 0.9999895197793877 -0.00026759511067786154 0.004626857095785135 0.00024866472194039365 0.9999920700799786 0.004035848163136624 -0.0046280626218280965 -0.004035150403456478 0.9999808788773691 -0.060990106777069286 0.6390849438109285 -0.5969259072085009
FixedParameters: 0 0 0
#Transform 83
Transform: MatrixOffsetTransformBase_double_3_3
Parameters: 0.9999878357016929 -0.00016100234941345318 0.004913222137302821 0.00014079119762828258 0.9999921721233412 0.0039316980037420735 -0.004913530647480939 -0.003930293427749448 0.9999797577843538 -0.056131742847910004 0.609795523349149 -0.5311959497035161
FixedParameters: 0 0 0
#Transform 84
Transform: MatrixOffsetTransformBase_double_3_3
Parameters: 0.9999881260672817 -0.000015680310040943344 0.004885988885739358 -7.728963862972324e-7 0.9999940380047797 0.003551001087067407 -0.004886149374402637 -0.003551006516086891 0.9999818686036055 -0.07707045954134628 0.6003623715373294 -0.5385045370665438
FixedParameters: 0 0 0
#Transform 85
Transform: MatrixOffsetTransformBase_double_3_3
Parameters: 0.9999866884012969 -0.00023709645242014563 0.005124015143331991 0.00021707591587976467 0.9999933910715272 0.0037513221314112166 -0.0051248406828011675 -0.0037496796032845114 0.9999801645391776 -0.08606736688136607 0.6117600335118709 -0.5622979557401777
FixedParameters: 0 0 0
#Transform 86
Transform: MatrixOffsetTransformBase_double_3_3
Parameters: 0.9999933291040289 -0.0006978957911251341 0.003490284883160125 0.0006803863767453956 0.9999872844492133 0.005052223246834492 -0.003494228458688206 -0.005050778376781029 0.9999810088553116 -0.035873471290940984 0.5518097854548358 -0.49017827564365746
FixedParameters: 0 0 0
#Transform 87
Transform: MatrixOffsetTransformBase_double_3_3
Parameters: 0.9999884988315824 -0.0003659931754553473 0.0047293734165635 0.000346170832927769 0.9999911040073126 0.004269509574693547 -0.004730890479196126 -0.004267496686304634 0.9999799542421975 -0.06130549876581881 0.6423862179713495 -0.6054317658901596
FixedParameters: 0 0 0
#Transform 88
Transform: MatrixOffsetTransformBase_double_3_3
Parameters: 0.9999935192440856 -0.000810399382461691 0.0035809676028277105 0.0007943463406191811 0.9999898997879128 0.004446860191264057 -0.0035847422604244326 -0.0044441436117611255 0.9999840941703887 -0.03823356044070181 0.6204665025040441 -0.5217788455247643
FixedParameters: 0 0 0
#Transform 89
Transform: MatrixOffsetTransformBase_double_3_3
Parameters: 0.9999894283636424 -0.000455667657441208 0.0046224078020606725 0.00043761720152976977 0.9999931637589675 0.0037507182665652283 -0.004623553519284123 -0.003748279822245959 0.9999821468610072 -0.06106086389929999 0.6190396669331761 -0.5343290555560998
FixedParameters: 0 0 0
#Transform 90
Transform: MatrixOffsetTransformBase_double_3_3
Parameters: 0.9999899636217716 -0.0001933135726322068 0.00458224584221204 0.00017600307838084098 0.9999929883218707 0.0036646673402770114 -0.004583366345944227 -0.003664330599424531 0.9999831179556283 -0.08087122623295784 0.6970408003707718 -0.6153318767297833
FixedParameters: 0 0 0
#Transform 91
Transform: MatrixOffsetTransformBase_double_3_3
Parameters: 0.9999901597668378 -0.0006937101392013189 0.004284818604057074 0.0006761996157621927 0.9999908146554394 0.004117450322734639 -0.0042874383222405625 -0.004114547399171109 0.9999824619057426 -0.056473865323368955 0.6475312906956816 -0.5170631814211504
FixedParameters: 0 0 0
#Transform 92
Transform: MatrixOffsetTransformBase_double_3_3
Parameters: 0.9999869491838556 -0.00031239862229339495 0.004995558166819254 0.00029273423525742 0.9999918282775606 0.003927698309755673 -0.004996241489687126 -0.003926302033808782 0.9999802779349967 -0.0622054818092721 0.6940238582744627 -0.6216519090914545
FixedParameters: 0 0 0
#Transform 93
Transform: MatrixOffsetTransformBase_double_3_3
Parameters: 0.9999896847750143 -0.0002602144956513901 0.004609427995269008 0.00024178006036086648 0.9999925506843247 0.003997783951493139 -0.0046105566343052524 -0.003996218907206167 0.9999811817637096 -0.06851616126591864 0.6526811874417433 -0.5476496815325191
FixedParameters: 0 0 0
#Transform 94
Transform: MatrixOffsetTransformBase_double_3_3
Parameters: 0.9999930603439506 -0.0010762441543128453 0.003574877992310266 0.0010622163526690727 0.9999918029356163 0.0038956686549504183 -0.0035795054989516207 -0.0038923294608912695 0.999985930723149 -0.04262019030986153 0.6277109225532342 -0.5461046637600759
FixedParameters: 0 0 0
#Transform 95
Transform: MatrixOffsetTransformBase_double_3_3
Parameters: 0.9999899886026141 -0.0006512459527750167 0.004537560738345664 0.0006334909424288414 0.9999924932467358 0.003915431950758552 -0.004539570357610477 -0.003912569782740571 0.9999818562787274 -0.07803247828363169 0.7151032885588364 -0.6365696444540134
FixedParameters: 0 0 0
#Transform 96
Transform: MatrixOffsetTransformBase_double_3_3
Parameters: 0.9999895117475731 -0.0005808079630586833 0.0045990675380435 0.0005639553049734302 0.9999936626435125 0.0036391484733375723 -0.004601028535564114 -0.0036368512061383806 0.9999823787878092 -0.05216203263097441 0.6714786863844466 -0.5637959458751851
FixedParameters: 0 0 0
#Transform 97
Transform: MatrixOffsetTransformBase_double_3_3
Parameters: 0.9999883948383875 -0.0006849721566846716 0.004704455941835603 0.0006697886089547552 0.9999942228904922 0.0032580392105753253 -0.0047074786086017915 -0.003253961514848941 0.999983968697993 -0.036759308570836424 0.705336527736236 -0.6453284076795285
FixedParameters: 0 0 0
#Transform 98
Transform: MatrixOffsetTransformBase_double_3_3
Parameters: 0.999989300690224 -0.0005966414324054925 0.00451021503991008 0.0005797405659559201 0.9999922853156914 0.003825337806892981 -0.0045126800951327825 -0.003822663858288111 0.9999827691579004 -0.06932613591105508 0.7113330576195125 -0.6045859881121203
FixedParameters: 0 0 0
#Transform 99
Transform: MatrixOffsetTransformBase_double_3_3
Parameters: 0.9999888123693437 -0.0005684741096843773 0.0046758951391186986 0.0005507187071674234 0.9999926527208158 0.0037812989637656946 -0.004678092253614492 -0.003778697743468451 0.9999815826004856 -0.041359127252817984 0.6502428034635699 -0.5812245666721765
FixedParameters: 0 0 0
#Transform 100
Transform: MatrixOffsetTransformBase_double_3_3
Parameters: 0.9999895828387445 -0.0009275907759797415 0.004533759234179148 0.0009080829633200166 0.9999903316970538 0.004347709959003215 -0.004538072371670547 -0.004343294209453896 0.9999804840025962 -0.045256683602417525 0.7195969760500844 -0.6471189551699581
FixedParameters: 0 0 0
#Transform 101
Transform: MatrixOffsetTransformBase_double_3_3
Parameters: 0.9999922864497987 -0.0006988809800820918 0.003901904325645082 0.0006845853277287484 0.9999931110455099 0.0037088530069276926 -0.0039044894636958752 -0.0037061506120625587 0.9999856840759628 -0.04541626230420093 0.6336078290115381 -0.5614697767177574
FixedParameters: 0 0 0
#Transform 102
Transform: MatrixOffsetTransformBase_double_3_3
Parameters: 0.9999907402011646 -0.0007485863702885148 0.004207209244146656 0.000735512782570392 0.9999947233117047 0.003178441710496832 -0.004209209211427874 -0.0031745583928058096 0.9999858364419465 -0.07097484975433588 0.7148360742853725 -0.6540680530951164
FixedParameters: 0 0 0
#Transform 103
Transform: MatrixOffsetTransformBase_double_3_3
Parameters: 0.999989662929363 -0.0008009598842119688 0.004438050609659544 0.0007828345824032284 0.9999921375552576 0.003934031350885908 -0.004441089059826271 -0.003929968654947269 0.9999826038495414 -0.042957037504407936 0.7098502926674541 -0.6201406995531897
FixedParameters: 0 0 0
#Transform 104
Transform: MatrixOffsetTransformBase_double_3_3
Parameters: 0.9999915238463198 -0.0008499102001467148 0.0040929611067192714 0.000843177392142653 0.9999979644007675 0.0015878124708730845 -0.004094696804352528 -0.0015841854099180042 0.9999905286319178 -0.0841840438818906 0.5512720830375741 -0.5796808280517212
FixedParameters: 0 0 0
#Transform 105
Transform: MatrixOffsetTransformBase_double_3_3
Parameters: 0.9999950959080338 -0.0009862431925825306 0.002988372382232645 0.0009743458442119909 0.9999913111801008 0.004138383257789396 -0.0029926134646136963 -0.004135617425203547 0.9999865549562008 -0.12310864208839689 0.4184547067865054 -0.5936718053711161
FixedParameters: 0 0 0
#Transform 106
Transform: MatrixOffsetTransformBase_double_3_3
Parameters: 0.9999954026351415 -0.0011116415989108747 0.0027131764792529597 0.0010991145848661186 0.9999871705725393 0.004917423326635695 -0.0027183730093542817 -0.004913574636746493 0.9999839073967308 -0.08690970839336387 0.4246976095540873 -0.5752238134272147
FixedParameters: 0 0 0
#Transform 107
Transform: MatrixOffsetTransformBase_double_3_3
Parameters: 0.9999951581251861 -0.0013684707185533272 0.0026402218401926237 0.0013565740769950383 0.999988424167341 0.004592883282564769 -0.002645736248461486 -0.004589113778316417 0.9999855790940279 -0.07594753990645131 0.5728105508962642 -0.5887574411408139
FixedParameters: 0 0 0
#Transform 108
Transform: MatrixOffsetTransformBase_double_3_3
Parameters: 0.9999933874232804 -0.0013129099071038529 0.0032996699855499887 0.0013011170320037903 0.9999924285989596 0.0037589671800994373 -0.003304634315974173 -0.0037540391437311804 0.9999877360277766 -0.08236131018070125 0.6409842736397167 -0.618887601883614
FixedParameters: 0 0 0
#Transform 109
Transform: MatrixOffsetTransformBase_double_3_3
Parameters: 0.9999937381944551 -0.0010539563903661654 0.0033394523440114154 0.0010401000856690252 0.9999908044597199 0.00417031674123855 -0.0033434963575199655 -0.004166687944020114 0.9999861806733962 -0.061899289748609476 0.6561576644077292 -0.5953290433445062
FixedParameters: 0 0 0
#Transform 110
Transform: MatrixOffsetTransformBase_double_3_3
Parameters: 0.9999902748714223 -0.0004877460649011251 0.004414414276219963 0.00047325420566045415 0.9999944005115622 0.003281606117128494 -0.004416008167653728 -0.0032793897444022 0.9999843508491582 -0.10477906454943309 0.6781457012370424 -0.6808324385975908
FixedParameters: 0 0 0
#Transform 111
Transform: MatrixOffsetTransformBase_double_3_3
Parameters: 0.999992464076184 -0.0011288799975963323 0.0037767037523767514 0.0011145650004403132 0.9999928111557322 0.003749083949782628 -0.003780424871037538 -0.003744917437406098 0.9999855726898613 -0.08123751718287053 0.6468865251705012 -0.6265821636863365
FixedParameters: 0 0 0
#Transform 112
Transform: MatrixOffsetTransformBase_double_3_3
Parameters: 0.9999952710359162 -0.0007547320830238154 0.0028567068655035175 0.0007421638323345222 0.9999900887691076 0.004446762471613769 -0.0028594921771182605 -0.004445246053719265 0.9999866481157674 -0.07373751337445356 0.673325618580705 -0.5806750808109342
FixedParameters: 0 0 0
#Transform 113
Transform: MatrixOffsetTransformBase_double_3_3
Parameters: 0.9999956712553851 -0.0010033091925298562 0.0027057731842528047 0.0009908525715088155 0.9999894048524522 0.004491120650069874 -0.0027106859054039996 -0.0044878752336327266 0.9999859549140617 -0.10345616805113877 0.7002710346548042 -0.6212002530210015
FixedParameters: 0 0 0
#Transform 114
Transform: MatrixOffsetTransformBase_double_3_3
Parameters: 0.9999942059793347 -0.001251787402231303 0.0030375336867735554 0.0012385751306675955 0.9999893871570864 0.004505268280557806 -0.003043078588439544 -0.004501736150663127 0.9999852554626255 -0.0432588246149237 0.6429590541871306 -0.589347982866741
FixedParameters: 0 0 0
#Transform 115
Transform: MatrixOffsetTransformBase_double_3_3
Parameters: 0.9999931462876483 -0.0010066231958254651 0.00358302035520984 0.000994135247241621 0.9999929888013974 0.0035115689586046883 -0.0035871575502687686 -0.0035074290424975396 0.9999875241518842 -0.05649025057466872 0.7239487169800185 -0.6626326515825696
FixedParameters: 0 0 0
#Transform 116
Transform: MatrixOffsetTransformBase_double_3_3
Parameters: 0.9999938981146235 -0.0013132342585591527 0.003221451294854671 0.0013004017376549587 0.9999915039493982 0.0038578898357052305 -0.0032265039964869038 -0.003854109473106715 0.999987656495596 -0.06114598687948103 0.7075172070646829 -0.6243873151074268
FixedParameters: 0 0 0
#Transform 117
Transform: MatrixOffsetTransformBase_double_3_3
Parameters: 0.9999922147423178 -0.0017758385338701905 0.0035539785181550477 0.0017605924196062474 0.9999890903873585 0.004323827064325936 -0.0035617866604164498 -0.004317168250765779 0.9999837906134987 -0.04196108761867379 0.705107428498934 -0.6125018344639415
FixedParameters: 0 0 0
#Transform 118
Transform: MatrixOffsetTransformBase_double_3_3
Parameters: 0.9999922937385334 -0.0012018380432874563 0.0036417205214282445 0.0011875328732705815 0.9999915966944711 0.003886196264473507 -0.003646315781343862 -0.0038817998285929634 0.9999855259225066 -0.07075841421726636 0.7605947891312468 -0.6941608844028622
FixedParameters: 0 0 0
#Transform 119
Transform: MatrixOffsetTransformBase_double_3_3
Parameters: 0.9999947983986981 -0.0011903925713365002 0.002964163200590665 0.0011762230040135672 0.9999885622308787 0.004611988697699687 -0.0029692338145756404 -0.004609007001704718 0.9999847224329965 -0.05397073465363178 0.66426197827397 -0.5815848288373786
FixedParameters: 0 0 0
#Transform 120
Transform: MatrixOffsetTransformBase_double_3_3
Parameters: 0.9999949959397904 -0.0009836611897402674 0.0028348388074159164 0.0009721631982617109 0.9999914809222847 0.00411822805675105 -0.0028388508512944203 -0.004115776985132241 0.9999876153987932 -0.04825106140226865 0.6509608183694127 -0.5877441608509031
FixedParameters: 0 0 0
#Transform 121
Transform: MatrixOffsetTransformBase_double_3_3
Parameters: 0.9999943618745941 -0.0011202340343056875 0.0032221002915287294 0.0011108376156303296 0.9999952448241984 0.0027872418707043933 -0.0032257350204189478 -0.002783752978662707 0.9999905989691339 -0.048006889286142496 0.7194429626043757 -0.7038186640143493
FixedParameters: 0 0 0
#Transform 122
Transform: MatrixOffsetTransformBase_double_3_3
Parameters: 0.9999941195683285 -0.0012588397488156333 0.003208678199309804 0.0012466047979855937 0.9999927296903064 0.003600669770147197 -0.003213483753447181 -0.00359632846940261 0.9999884913191557 -0.037264580139748205 0.7096575272957892 -0.6631369802145457
FixedParameters: 0 0 0
#Transform 123
Transform: MatrixOffsetTransformBase_double_3_3
Parameters: 0.9999927692080767 -0.0011484646289814503 0.0037295855602451854 0.0011376167172042033 0.9999947114986696 0.003022279104193226 -0.0037334348430345756 -0.0030177236093038295 0.9999888167901797 -0.036066290521674205 0.7233559482342997 -0.687594575978224
FixedParameters: 0 0 0
#Transform 124
Transform: MatrixOffsetTransformBase_double_3_3
Parameters: 0.9999927761683962 -0.001422293524000666 0.0034929396202661835 0.0014079424326041983 0.9999902678343063 0.004081649784191815 -0.0034988151181671954 -0.004077343602877759 0.9999852234642018 -0.05177974004047314 0.7343659582555091 -0.6323676323493146
FixedParameters: 0 0 0
#Transform 125
Transform: MatrixOffsetTransformBase_double_3_3
Parameters: 0.9999940682997779 -0.0014427589719631 0.003138539599877857 0.0014286432961065781 0.9999884783468426 0.004531017997021408 -0.0031448883385004306 -0.004526978250925878 0.9999845659554095 -0.03829001800940546 0.6932441425490339 -0.5993726374730386
FixedParameters: 0 0 0
#Transform 126
Transform: MatrixOffsetTransformBase_double_3_3
Parameters: 0.9999948691439622 -0.00155566934873744 0.002951200241761532 0.001542668836663441 0.9999896332857977 0.004267057833999166 -0.002958402256341011 -0.004261942181740613 0.9999868636710824 -0.0354650391853113 0.7649950593535806 -0.6828658598151236
FixedParameters: 0 0 0
#Transform 127
Transform: MatrixOffsetTransformBase_double_3_3
Parameters: 0.9999947741723136 -0.0016163435104321214 0.0029349400995947153 0.00160335346723752 0.9999890040184787 0.004318209265924938 -0.002941838447080495 -0.004312787862007811 0.9999865228080386 -0.01480743514673577 0.7378650889129403 -0.6311246687326957
FixedParameters: 0 0 0
#Transform 128
Transform: MatrixOffsetTransformBase_double_3_3
Parameters: 0.9999929039944299 -0.0010391931841627893 0.0037441835760590176 0.001026925329695586 0.9999946674153732 0.0032227142963437705 -0.0037467984398948 -0.003219286174063557 0.9999874867635533 -0.0358406970333931 0.8063309546524522 -0.726912236118892
FixedParameters: 0 0 0
#Transform 129
Transform: MatrixOffsetTransformBase_double_3_3
Parameters: 0.9999938709974945 -0.0015800693925562292 0.003260923189518474 0.0015667498029564432 0.999990708620724 0.004088677140606928 -0.003266956603192008 -0.004084329558190936 0.9999867631362345 -0.021662567685510226 0.778388529998054 -0.6413526794637079
FixedParameters: 0 0 0
#Transform 130
Transform: MatrixOffsetTransformBase_double_3_3
Parameters: 0.9999941964189092 -0.0015212483863758473 0.003080363330907103 0.0015093223891009355 0.9999918797787172 0.0037271813621161665 -0.003086456526291375 -0.003722818258146021 0.9999885652135526 -0.02349247226671025 0.7667741229541178 -0.6779541627174979
FixedParameters: 0 0 0
#Transform 131
Transform: MatrixOffsetTransformBase_double_3_3
Parameters: 0.9999941109200648 -0.001361287090413926 0.003167763534849325 0.0013478314285597938 0.999989434206653 0.00435894388474467 -0.003173895374858442 -0.004354057602595496 0.9999857182297555 -0.02165496964663305 0.8051945672840475 -0.7080304067189047
FixedParameters: 0 0 0
#Transform 132
Transform: MatrixOffsetTransformBase_double_3_3
Parameters: 0.9999954690706444 -0.0015785587995131507 0.002652960740762411 0.0015658729820116845 0.9999874823562512 0.004717489250186779 -0.0026607920682108267 -0.004713509660819487 0.999985514485858 0.003031852357793241 0.7680581890218292 -0.6360960781045577
FixedParameters: 0 0 0
#Transform 133
Transform: MatrixOffsetTransformBase_double_3_3
Parameters: 0.9999942762450957 -0.0011244988255311584 0.003075647937813369 0.0011124095488939242 0.999991334097422 0.004079923577470251 -0.003079915890542674 -0.004077078209063167 0.999986673588545 -0.025299237241512174 0.8010264592378746 -0.6916668102720394
FixedParameters: 0 0 0
#Transform 134
Transform: MatrixOffsetTransformBase_double_3_3
Parameters: 0.9999946469789825 -0.0015323711324534326 0.003000826482375994 0.0015195262407243526 0.9999896756208021 0.004362927478323869 -0.003007309748965529 -0.004359076212586355 0.9999859344115625 -0.021565891441909457 0.8024536245047926 -0.654022384938358
FixedParameters: 0 0 0
#Transform 135
Transform: MatrixOffsetTransformBase_double_3_3
Parameters: 0.9999919499362588 -0.0014379479570950228 0.00373895558144018 0.0014250650200915774 0.9999929574638847 0.0035950633255806275 -0.003744555905407942 -0.0035899386070239736 0.9999861801664244 -0.001848010886760676 0.7748772515407865 -0.6974501937015418
FixedParameters: 0 0 0
#Transform 136
Transform: MatrixOffsetTransformBase_double_3_3
Parameters: 0.999994132351981 -0.0013515378072251091 0.0030070991582892485 0.0013381101669654625 0.9999902843175013 0.004259529152731173 -0.003012539464765242 -0.004255473129589599 0.999986595149394 -0.03619864601508027 0.8240526136553967 -0.6652697056537562
FixedParameters: 0 0 0
#Transform 137
Transform: MatrixOffsetTransformBase_double_3_3
Parameters: 0.9999960825229 -0.0013705806976392274 0.002457414832288872 0.0013574266609933567 0.9999869849531116 0.004952641589519663 -0.0024647401501234453 -0.004949360479812648 0.9999850723602283 -0.006006100028614014 0.7515328795650049 -0.6231925649397425
FixedParameters: 0 0 0
#Transform 138
Transform: MatrixOffsetTransformBase_double_3_3
Parameters: 0.9999950629669825 -0.001402533540899774 0.0026394950616690743 0.0013904001028645742 0.9999873007320088 0.004791001989325139 -0.002647031187661951 -0.0047879943104643385 0.9999848832666829 -0.0283381163912253 0.8553503941755309 -0.720635458254506
FixedParameters: 0 0 0
#Transform 139
Transform: MatrixOffsetTransformBase_double_3_3
Parameters: 0.9999943505671067 -0.0013593081304610964 0.0029671351759784676 0.001345112055765652 0.9999878750027112 0.004640492246518219 -0.0029728535721059088 -0.004636499458161469 0.9999844438925924 -0.005920524394142035 0.7764877300725317 -0.6366158688694128
FixedParameters: 0 0 0
#Transform 140
Transform: MatrixOffsetTransformBase_double_3_3
Parameters: 0.9999946311951462 -0.0010285460613599093 0.0030516228313394703 0.0010136621354079121 0.9999894776101156 0.004569568104476451 -0.003056096370515615 -0.004566428771146047 0.9999844200257966 -0.030328518643742086 0.8036448879812923 -0.6649043962352579
FixedParameters: 0 0 0
#Transform 141
Transform: MatrixOffsetTransformBase_double_3_3
Parameters: 0.9999964731779545 -0.0008289351522685511 0.002416796569987379 0.0008178146683597341 0.9999891969279656 0.00454841395471367 -0.0024200748633662434 -0.0045465866481738115 0.9999869164534239 -0.1043971701641766 0.6487673760110937 -0.6426365730887653
FixedParameters: 0 0 0
#Transform 142
Transform: MatrixOffsetTransformBase_double_3_3
Parameters: 0.9999951834830261 -0.0007242518166824713 0.0030485663677855086 0.0007093884724567603 0.9999863779156476 0.005055971885122079 -0.0030514687647669285 -0.005054025657604849 0.9999826990782769 -0.04599007126792287 0.5187153173153547 -0.6028680882945991
FixedParameters: 0 0 0
#Transform 143
Transform: MatrixOffsetTransformBase_double_3_3
Parameters: 0.999996189802569 -0.0014709834946090427 0.002155654833110753 0.001461980870391448 0.9999905337285581 0.003960448308450826 -0.0021615601247606114 -0.0039575499355030685 0.9999903085431636 -0.084653070069308 0.5279372499383186 -0.6408879147278697
FixedParameters: 0 0 0
#Transform 144
Transform: MatrixOffsetTransformBase_double_3_3
Parameters: 0.9999970755337972 -0.0013237457064108346 0.0017813672856972975 0.0013154113753566367 0.9999900368099874 0.004327444339563363 -0.0017869090743879866 -0.004325561870948458 0.9999896012714286 -0.07043058014983217 0.5380688777328686 -0.5779501006733625
FixedParameters: 0 0 0
#Transform 145
Transform: MatrixOffsetTransformBase_double_3_3
Parameters: 0.9999970535915713 -0.0015304885767995098 0.0018988795266215027 0.0015215738742607662 0.9999883788636557 0.004560990839079182 -0.0019051182941119428 -0.0045580119640776795 0.999988096356825 -0.02448181322081666 0.6316272431622423 -0.6220352719425648
FixedParameters: 0 0 0
#Transform 146
Transform: MatrixOffsetTransformBase_double_3_3
Parameters: 0.9999968965083247 -0.0014564332356174492 0.0019959004793190967 0.0014475132122600235 0.999988352468685 0.004587989600779885 -0.00200171252317709 -0.0045850113185209596 0.9999874717854731 -0.05513079908351415 0.6940055104912517 -0.6797740310303766
FixedParameters: 0 0 0
#Transform 147
Transform: MatrixOffsetTransformBase_double_3_3
Parameters: 0.9999978002444555 -0.0009280258060656132 0.0018270733157418947 0.000919163664250892 0.9999892287666237 0.0045409158883917 -0.0018317240453106461 -0.004539085289315015 0.9999883480168898 -0.05259899948291036 0.6553941543453874 -0.6131303322271577
FixedParameters: 0 0 0
#Transform 148
Transform: MatrixOffsetTransformBase_double_3_3
Parameters: 0.9999940544239989 -0.0008912358041717025 0.0033395423057500915 0.0008792859486849726 0.9999939980137432 0.0033917742290887343 -0.00334232035184581 -0.0033892274945945544 0.9999890652894349 -0.08657048726308858 0.6145810877976174 -0.6867186994692815
FixedParameters: 0 0 0
#Transform 149
Transform: MatrixOffsetTransformBase_double_3_3
Parameters: 0.9999942269022707 -0.0011693045721623105 0.0032251589860252334 0.0011567400725607168 0.999991179702704 0.004090404403148701 -0.0032309693791812487 -0.00408659966489297 0.9999866152803917 -0.037082780495794054 0.6109213568398957 -0.63945235372897
FixedParameters: 0 0 0
#Transform 150
Transform: MatrixOffsetTransformBase_double_3_3
Parameters: 0.9999962047878158 -0.000805175152351466 0.002479563245625823 0.0008074850001314675 0.9999987022783975 -0.001095578486642379 -0.0024782697435433627 0.0010974208797724927 0.9999960978808494 -0.10586969879311425 0.381431385977109 -0.6172590964533811
FixedParameters: 0 0 0
#Transform 151
Transform: MatrixOffsetTransformBase_double_3_3
Parameters: 0.9999952819810038 -0.0005638874585341157 0.002898280553700046 0.0005639425323639893 1.0000002656457532 -0.00000877548951155882 -0.0028982698432101733 0.000010224439835199162 0.9999960161548662 -0.10883368339823107 0.27043476441119196 -0.7387547559420824
FixedParameters: 0 0 0
#Transform 152
Transform: MatrixOffsetTransformBase_double_3_3
Parameters: 0.9999972936355686 -0.0009037885526829987 0.00197198091640493 0.000894343046074857 0.999988688265811 0.004604997596387744 -0.001976694214967001 -0.004602996119905639 0.9999872114922068 -0.047558044462888915 0.2880735486140793 -0.5918628981786327
FixedParameters: 0 0 0
#Transform 153
Transform: MatrixOffsetTransformBase_double_3_3
Parameters: 0.9999962029582395 -0.0010005268842332466 0.0024073609579507507 0.0009989863760434942 0.9999989707894507 0.0007658299021408022 -0.002408244605284453 -0.0007631707275413679 0.9999970632456443 -0.03662751499633998 0.4106026539294163 -0.7441375733079525
FixedParameters: 0 0 0
#Transform 154
Transform: MatrixOffsetTransformBase_double_3_3
Parameters: 0.9999958246713723 -0.001265163285364174 0.0027520435254372463 0.0012626218016437993 0.999998869567037 0.0008517910140074525 -0.002753548426077335 -0.0008492073623467267 0.9999955084019841 -0.038296551825197866 0.4754501697156286 -0.6590580611299544
FixedParameters: 0 0 0
#Transform 155
Transform: MatrixOffsetTransformBase_double_3_3
Parameters: 0.9999909321079036 -0.001487196620260259 0.003981856018101449 0.0014768613358231125 0.9999952713082263 0.0025199728831852564 -0.003985921451006646 -0.0025140235350231965 0.9999889901536141 0.017277933743855556 0.5126676265830667 -0.6445482410526182
FixedParameters: 0 0 0
#Transform 156
Transform: MatrixOffsetTransformBase_double_3_3
Parameters: 0.9999935655808362 -0.0012565936461766754 0.003443356472652177 0.001247249256766894 0.9999956568094924 0.002626158133366724 -0.0034463612314290064 -0.0026218432521905033 0.9999911379459513 -0.01696628559597002 0.5835321519696208 -0.671409995304316
FixedParameters: 0 0 0
#Transform 157
Transform: MatrixOffsetTransformBase_double_3_3
Parameters: 0.9999930102691876 -0.0010327227175034044 0.0034530142896101743 0.0010211966878985845 0.99999387025499 0.0032193601499424795 -0.003456397875630268 -0.0032156328986621407 0.9999884353033711 -0.013692783105938133 0.5558298644796622 -0.6273153752153746
FixedParameters: 0 0 0
#Transform 158
Transform: MatrixOffsetTransformBase_double_3_3
Parameters: 0.9999946996759989 -0.0011243611078960859 0.0030055892448218355 0.0011197930859663783 0.9999982853877482 0.0016368546609255574 -0.00300813980746586 -0.0016341461602265295 0.9999940645493228 -0.034617621673689314 0.5818453763911862 -0.6934097149312777
FixedParameters: 0 0 0
#Transform 159
Transform: MatrixOffsetTransformBase_double_3_3
Parameters: 0.9999948143931233 -0.0015898113743579158 0.0027672088179799994 0.001577110879224056 0.9999890593281836 0.004317695672726218 -0.002774694609114631 -0.004313295053413296 0.9999865077564429 0.006899038101607857 0.5450857098792312 -0.6174592223474633
FixedParameters: 0 0 0
#Transform 160
Transform: MatrixOffsetTransformBase_double_3_3
Parameters: 0.9999959485239627 -0.0014972257660077959 0.0026096315721950815 0.0014948654016825396 0.9999984985853102 0.0006752166973684193 -0.002610831555815038 -0.0006717814702950353 0.9999965427331711 0.005519775311299213 0.5251838929926009 -0.7123854814436186
FixedParameters: 0 0 0
#Transform 161
Transform: MatrixOffsetTransformBase_double_3_3
Parameters: 0.9999923532204562 -0.0012666928649828681 0.0037473191608613284 0.001254767914359605 0.9999944584370618 0.0031745719433113606 -0.0037512771500492425 -0.0031694287174250935 0.9999877714841285 -0.019282791225037954 0.5878343759103899 -0.6999729699675044
FixedParameters: 0 0 0
#Transform 162
Transform: MatrixOffsetTransformBase_double_3_3
Parameters: 0.999996327908962 -0.0008019663561998147 0.0024555360069831696 0.0008123066430051552 0.9999905119278708 -0.004287598455014585 -0.0024518380991864173 0.004289404139844938 0.9999880332749485 -0.07640411802408664 0.49592476543411124 -0.7652908404780447
FixedParameters: 0 0 0
#Transform 163
Transform: MatrixOffsetTransformBase_double_3_3
Parameters: 0.999997042458116 -0.0008777300833941066 0.002046363577578673 0.0008827432565533474 0.9999963906498737 -0.00255397422824874 -0.002043970733316764 0.002556026044397336 0.9999945957198632 -0.058355429415641424 0.45647589670987543 -0.7466797837599728
FixedParameters: 0 0 0
#Transform 164
Transform: MatrixOffsetTransformBase_double_3_3
Parameters: 0.9999963402572181 -0.0012475800804386565 0.002470468828173252 0.001252306177341384 0.9999975093961543 -0.0018566581587203257 -0.0024680981674399245 0.0018603403883743208 0.9999949228003099 -0.013496530926346395 0.46795776690730406 -0.7380343593460736
FixedParameters: 0 0 0
#Transform 165
Transform: MatrixOffsetTransformBase_double_3_3
Parameters: 0.99999617736576 -0.0017861497377708558 0.0021525664300269744 0.0017898850034704697 0.9999963568144145 -0.0019410394687906785 -0.0021488789717344333 0.001944962321798277 0.9999962700282146 -0.04604590183745927 0.5486969196288101 -0.7953212404469241
FixedParameters: 0 0 0
#Transform 166
Transform: MatrixOffsetTransformBase_double_3_3
Parameters: 0.9999935454179093 -0.0012778683490152825 0.003289802774845365 0.001271024654817468 0.9999974563269606 0.002043843414830354 -0.0032920859951043615 -0.002039159049230521 0.9999927536070361 -0.04319681854919111 0.5402203015694056 -0.6330751506618526
FixedParameters: 0 0 0
#Transform 167
Transform: MatrixOffsetTransformBase_double_3_3
Parameters: 0.9999967581054291 -0.0014626711011654385 0.002025477210994713 0.0014648040641739148 0.9999981497792878 -0.0010959492203759524 -0.0020238947029121456 0.0010990502807677882 0.9999971993097522 -0.03682078568211011 0.5882142546389701 -0.8300189300296665
FixedParameters: 0 0 0
#Transform 168
Transform: MatrixOffsetTransformBase_double_3_3
Parameters: 0.9999964905122369 -0.001448455231212811 0.00210032805740252 0.001451176285213755 0.99999795844464 -0.0011968682042813872 -0.0020984832447105547 0.00120012955340984 0.9999966592602859 -0.03429555532187578 0.5309692091292959 -0.7422621542680048
FixedParameters: 0 0 0
#Transform 169
Transform: MatrixOffsetTransformBase_double_3_3
Parameters: 0.9999970959614548 -0.0015739327845010584 0.0018514058148910426 0.0015773819137052374 0.9999965190782896 -0.0018679973886148449 -0.0018479600184365444 0.0018710001682410993 0.9999965868110536 -0.06433474215809554 0.499091571415903 -0.7908215308791569
FixedParameters: 0 0 0
#Transform 170
Transform: MatrixOffsetTransformBase_double_3_3
Parameters: 0.999995797539729 -0.0018078386429879753 0.002221001038331098 0.0018112754616910335 0.9999972776944361 -0.0013308668895519737 -0.002218792557661875 0.001335132743492673 0.9999969660590764 -0.027879058228350573 0.5265892013277096 -0.7693670410084508
FixedParameters: 0 0 0
#Transform 171
Transform: MatrixOffsetTransformBase_double_3_3
Parameters: 0.9999952658072951 -0.0017853959038031295 0.0023551687909683233 0.0017872519787522953 0.9999983259353873 -0.0008828462804260639 -0.0023536373927647088 0.0008871540777354858 0.9999963734180469 -0.005556364553214621 0.5068826060423675 -0.7589645826068789
FixedParameters: 0 0 0
#Transform 172
Transform: MatrixOffsetTransformBase_double_3_3
Parameters: 0.9999949940469909 -0.001977844478446804 0.0024687264306330796 0.0019798100036904995 0.9999974947755159 -0.0008639720699377684 -0.002466927516371594 0.0008690286165713434 0.9999969976225612 -0.000857299898399333 0.5093050516412347 -0.7770001523355461
FixedParameters: 0 0 0
#Transform 173
Transform: MatrixOffsetTransformBase_double_3_3
Parameters: 0.9999935055182441 -0.0015626804683950702 0.0033243896280730286 0.0015643503786930192 0.9999984553425884 -0.0004221253648218626 -0.0033238758406145255 0.0004278740773339673 0.9999946889248921 -0.026321442596952238 0.5947258309074925 -0.8245755748601056
FixedParameters: 0 0 0
#Transform 174
Transform: MatrixOffsetTransformBase_double_3_3
Parameters: 0.9999914942259491 -0.0018111473589565356 0.003636800309442027 0.0018106664129123456 0.999998386114523 0.00022815407104329055 -0.003636800031988567 -0.0002218477575820499 0.999993006860699 0.007624131095326447 0.5665503025233392 -0.6595677668544795
FixedParameters: 0 0 0
#Transform 175
Transform: MatrixOffsetTransformBase_double_3_3
Parameters: 0.999991975519884 -0.0022387860008038847 0.0033184193600117157 0.0022423385306573613 0.9999965476504283 -0.0010541677899824076 -0.0033161239125021886 0.0010618319576334578 0.9999941891323634 0.032354890523578206 0.6219146892929359 -0.8451154532849756
FixedParameters: 0 0 0
#Transform 176
Transform: MatrixOffsetTransformBase_double_3_3
Parameters: 0.9999918362401806 -0.002389025094797613 0.0032339345166771684 0.0023807547934731584 0.9999943298123374 0.002378950858166362 -0.0032393862164785624 -0.0023710490788548255 0.9999922251165874 0.027191340730055913 0.6074377336711052 -0.6237075230545344
FixedParameters: 0 0 0
#Transform 177
Transform: MatrixOffsetTransformBase_double_3_3
Parameters: 0.9999945015958325 -0.002448257416406843 0.002346147694586265 0.0024485835109754584 0.9999971038192738 -0.00006644625778823299 -0.002345807372042026 0.00007255297726793675 0.9999973881161177 0.04749153050028099 0.5682767051855109 -0.7927371817766442
FixedParameters: 0 0 0
#Transform 178
Transform: MatrixOffsetTransformBase_double_3_3
Parameters: 0.9999937502640587 -0.0021319870938407027 0.002775278085206563 0.00213474827958256 0.9999977032448223 -0.0007340451474994181 -0.0027739362411984595 0.000738953840638934 0.9999959621525769 -0.0012478666109672076 0.6287129644532143 -0.846173751753156
FixedParameters: 0 0 0
#Transform 179
Transform: MatrixOffsetTransformBase_double_3_3
Parameters: 0.9999932359119299 -0.002254556489824329 0.002771105453103379 0.002257184034506961 0.999997198896059 -0.0007107146427545175 -0.0027696869314173156 0.0007162841404314835 0.9999960188489584 0.02993303423556881 0.5721461346523427 -0.7867950462277236
FixedParameters: 0 0 0
#Transform 180
Transform: MatrixOffsetTransformBase_double_3_3
Parameters: 0.9999932360106509 -0.00205116578701788 0.002925605419452341 0.002054334281140876 0.9999973899850351 -0.0011027945033129372 -0.002922526968639313 0.0011082048983683257 0.9999954017573548 -0.00536334796336746 0.657476284594793 -0.8727545048849237
FixedParameters: 0 0 0
#Transform 181
Transform: MatrixOffsetTransformBase_double_3_3
Parameters: 0.9999930967382771 -0.0017678784044049657 0.003282997983602488 0.0017625722291051923 0.9999970072381514 0.001664336816946388 -0.0032857732757157745 -0.0016586649130727327 0.9999935683098756 -0.014793571138568495 0.6138652821046122 -0.6567229249475304
FixedParameters: 0 0 0
#Transform 182
Transform: MatrixOffsetTransformBase_double_3_3
Parameters: 0.9999946764257207 -0.0016962027528350527 0.002906509942566335 0.0016993037600477932 0.9999979280355495 -0.0010987257638603587 -0.0029042316730142734 0.0011032741033588367 0.9999953239807022 -0.028634753379634503 0.6274746072035384 -0.8495663706631831
FixedParameters: 0 0 0
#Transform 183
Transform: MatrixOffsetTransformBase_double_3_3
Parameters: 0.9999937906399546 -0.0019429948474884934 0.003071016903532633 0.0019454122599107378 0.999997703459705 -0.000606659104612356 -0.0030704475265718734 0.0006123404453335923 0.9999953441974955 -0.02397964333962932 0.5900428827400646 -0.8139563163870065
FixedParameters: 0 0 0
#Transform 184
Transform: MatrixOffsetTransformBase_double_3_3
Parameters: 0.9999946795407613 -0.0013610905126886083 0.002910138515751389 0.0013621240068797742 0.9999990677616524 -0.000543558823201562 -0.002909297991632312 0.0005474432465253087 0.9999960166360569 -0.018902796902651176 0.6301401890797109 -0.8322969070628687
FixedParameters: 0 0 0
#Transform 185
Transform: MatrixOffsetTransformBase_double_3_3
Parameters: 0.9999955160761818 -0.001380138294637141 0.002753353146289289 0.0013799430262927538 0.9999992652351024 -0.00014188865567452136 -0.002752786869063286 0.00014511252952600917 0.9999962096564626 -0.041896294923688515 0.682712501846936 -0.833584714653
FixedParameters: 0 0 0
#Transform 186
Transform: MatrixOffsetTransformBase_double_3_3
Parameters: 0.9999943464595954 -0.001185460918466196 0.003040902133014799 0.0011870207320115855 0.9999996127798378 -0.0004449126591354047 -0.0030406580212741985 0.0004480874882140107 0.9999953349542726 -0.02274774304807181 0.6525947545944746 -0.8159502840975819
FixedParameters: 0 0 0
#Transform 187
Transform: MatrixOffsetTransformBase_double_3_3
Parameters: 0.9999973216088702 -0.00047104345510495923 0.0023358681406127468 0.00047995226358222166 0.9999913292741259 -0.004162525562178082 -0.002334148185908439 0.004164475010715263 0.9999883226688128 -0.08148975443636175 0.5095502527332485 -0.786880768732118
FixedParameters: 0 0 0
#Transform 188
Transform: MatrixOffsetTransformBase_double_3_3
Parameters: 0.9999972250907265 -0.0011363505201415244 0.0018666092698852853 0.0011409891367439042 0.9999958219344773 -0.002745819011638534 -0.0018634439852904783 0.0027481822150977053 0.9999943110883616 -0.14810883886454462 0.24859854157615757 -0.8739544822131364
FixedParameters: 0 0 0
#Transform 189
Transform: MatrixOffsetTransformBase_double_3_3
Parameters: 0.9999970273159448 -0.00116889475299205 0.002146320186735948 0.001173040125576018 0.9999973063193578 -0.0020022625849655806 -0.0021439023257238056 0.0020057376512796765 0.9999956889445198 -0.1033911692559144 0.3129143614132346 -0.7961334387005508
FixedParameters: 0 0 0
#Transform 190
Transform: MatrixOffsetTransformBase_double_3_3
Parameters: 0.999996979082202 -0.0011712591417753493 0.002155889898845598 0.001176482403587931 0.9999970815325675 -0.002015214903980156 -0.002153601266854714 0.002017782986341171 0.9999957649889335 -0.06644434196383031 0.39477723719127766 -0.8334511485243752
FixedParameters: 0 0 0
#Transform 191
Transform: MatrixOffsetTransformBase_double_3_3
Parameters: 0.9999960301731683 -0.0021138577695764735 0.0018706597091044984 0.0021163537572692604 0.9999968546053273 -0.0010651259447540251 -0.0018689299677950822 0.0010698739717108219 0.9999978964507146 -0.06837113460078115 0.44931266265928116 -0.8705387398333357
FixedParameters: 0 0 0
#Transform 192
Transform: MatrixOffsetTransformBase_double_3_3
Parameters: 0.9999961571398116 -0.0015975603211715063 0.0020715027008697253 0.001599156523933799 0.9999984185829986 -0.0012207724321311453 -0.0020700403048693923 0.0012242304959935446 0.999996749534662 -0.025748290069302016 0.42524093816521713 -0.8075705830710689
FixedParameters: 0 0 0
#Transform 193
Transform: MatrixOffsetTransformBase_double_3_3
Parameters: 0.9999964417063609 -0.001583219966944761 0.0022475986151887697 0.0015862734411823758 0.9999983920283882 -0.0011923242656309563 -0.0022454446347360416 0.0011956763847424112 0.9999971983990841 -0.029006419298582387 0.5075877615479953 -0.8844164829461221
FixedParameters: 0 0 0
#Transform 194
Transform: MatrixOffsetTransformBase_double_3_3
Parameters: 0.9999959472069115 -0.0017796230667384626 0.001971036023377069 0.0017816044299402791 0.9999980146958509 -0.0011305734061301531 -0.0019696187329487145 0.001134428586293118 0.9999973673908028 -0.025493152050927392 0.45645086520919165 -0.7959007684253692
FixedParameters: 0 0 0
#Transform 195
Transform: MatrixOffsetTransformBase_double_3_3
Parameters: 0.9999972181881409 -0.0012877103240025176 0.0020309824065966615 0.0012898540576292293 0.9999982369481132 -0.0013381589487164725 -0.0020289886535613632 0.0013418427178113201 0.9999973900316717 -0.05953576890156853 0.4827907410487029 -0.8749055381507844
FixedParameters: 0 0 0
#Transform 196
Transform: MatrixOffsetTransformBase_double_3_3
Parameters: 0.9999951376863062 -0.001648081063798328 0.0024795277700784 0.0016503639583743503 0.9999986448702227 -0.0008907676560569178 -0.002477228896402781 0.0008942321828569744 0.999996899700187 -0.028716819214906764 0.48206661494768355 -0.8389009109342851
FixedParameters: 0 0 0
#Transform 197
Transform: MatrixOffsetTransformBase_double_3_3
Parameters: 0.9999943991522445 -0.0017306917190715787 0.002757678679709109 0.0017344637950172802 0.999997296804038 -0.0013108822663265018 -0.0027555745182198726 0.001315117544691713 0.9999956544001024 -0.018354051545500738 0.4953761579727285 -0.8405782147864329
FixedParameters: 0 0 0
#Transform 198
Transform: MatrixOffsetTransformBase_double_3_3
Parameters: 0.9999951982502653 -0.0015901290762326257 0.0026967565729484402 0.0015924741914845524 0.9999979124584938 -0.0008613965642223775 -0.00269563879110785 0.0008656026814437279 0.9999957945242246 -0.03224907944589006 0.5545624672885481 -0.8939805001836021
FixedParameters: 0 0 0
#Transform 199
Transform: MatrixOffsetTransformBase_double_3_3
Parameters: 0.999993195116769 -0.0017296905134684066 0.003288347596297016 0.001733811381302036 0.9999973521874014 -0.001300797536794629 -0.0032861065640864178 0.0013072014653568165 0.999993442085911 -0.012404838757419157 0.5273274877138334 -0.8386384193617005
FixedParameters: 0 0 0
#Transform 200
Transform: MatrixOffsetTransformBase_double_3_3
Parameters: 0.9999957353512401 -0.001226616705416606 0.0027858358679000894 0.0012291073786865976 0.9999990202703548 -0.0008301000101970935 -0.0027844389232550997 0.0008329001659072577 0.9999963322931776 -0.07116930025028978 0.5211402988381764 -0.8590820636487422
FixedParameters: 0 0 0
#Transform 201
Transform: MatrixOffsetTransformBase_double_3_3
Parameters: 0.9999955436502806 -0.0016880092733247243 0.0025699345047216575 0.0016894178714135422 0.9999982232801914 -0.0005293771935866165 -0.002569938320546232 0.0005346242117201805 0.9999967543203838 -0.031033120646711154 0.5005786496896008 -0.7989990301701084
FixedParameters: 0 0 0
#Transform 202
Transform: MatrixOffsetTransformBase_double_3_3
Parameters: 0.9999945032132996 -0.0020450946892225496 0.002704076660602842 0.0020460656338963136 0.9999977647144644 -0.0002082946968961774 -0.002704198838828562 0.00021370544067506048 0.9999966494566155 -0.016680709170415753 0.5598142226220659 -0.8693280672732158
FixedParameters: 0 0 0
#Transform 203
Transform: MatrixOffsetTransformBase_double_3_3
Parameters: 0.999995608667558 -0.0019507144082810165 0.0023629855734606255 0.0019506315106777442 0.9999984439175968 0.00022855860177897758 -0.0023640374958624486 -0.00022344138725155505 0.9999970625979108 -0.0019143112557173936 0.570486049446771 -0.8361711878372233
FixedParameters: 0 0 0
#Transform 204
Transform: MatrixOffsetTransformBase_double_3_3
Parameters: 0.9999951170557999 -0.0018443347731903206 0.002341276061931529 0.001845693070442629 0.9999986076702544 -0.0005347330819459595 -0.0023401097175774063 0.0005392666470605267 0.9999969326464366 0.012102494592525659 0.5664709298089008 -0.840764531754175
FixedParameters: 0 0 0
#Transform 205
Transform: MatrixOffsetTransformBase_double_3_3
Parameters: 0.9999948052722116 -0.0014606712767347364 0.0028391042934394306 0.0014626354124860814 0.9999987519545822 -0.0005475374132073441 -0.0028383131378993034 0.0005514610179370993 0.9999954494165607 -0.015715865114557914 0.6373694876786828 -0.9096974697576599
FixedParameters: 0 0 0
#Transform 206
Transform: MatrixOffsetTransformBase_double_3_3
Parameters: 0.9999930535315034 -0.002195482807074213 0.002850663625189598 0.0021962894620956193 0.9999979549960737 -0.00013870501264384716 -0.002850042197427319 0.00014429329883958175 0.9999960584911985 0.02277197470348824 0.6199438615342956 -0.8203821021342748
FixedParameters: 0 0 0
#Transform 207
Transform: MatrixOffsetTransformBase_double_3_3
Parameters: 0.9999939001362383 -0.0016029653529168375 0.0030873565706116468 0.0016051208403423827 0.9999979942055176 -0.0006935389622207966 -0.0030857687317069863 0.0006984595154558848 0.9999949370969614 -0.01959305322675675 0.6562656214107534 -0.9165339052013763
FixedParameters: 0 0 0
#Transform 208
Transform: MatrixOffsetTransformBase_double_3_3
Parameters: 0.9999921269514966 -0.0025371783812141164 0.0030718305426863358 0.0025383692271805664 0.9999970140082031 -0.000378309212053729 -0.0030707068842892723 0.0003856902794529826 0.9999948210946462 0.015923241841520053 0.639774302439676 -0.8527534621508721
FixedParameters: 0 0 0
#Transform 209
Transform: MatrixOffsetTransformBase_double_3_3
Parameters: 0.9999946400395422 -0.0022110428099880114 0.002543954116680174 0.002212793964461074 0.9999978842205196 -0.0005685645758366498 -0.002542241095354942 0.0005744336664108562 0.9999961025940398 0.03454181454746674 0.6475519198078246 -0.8646005339528813
FixedParameters: 0 0 0
#Transform 210
Transform: MatrixOffsetTransformBase_double_3_3
Parameters: 0.9999926612722638 -0.0028422251622013295 0.002694114625135337 0.002843754691947973 0.9999955568416302 -0.0003116411241620154 -0.0026933061116085717 0.0003193568112987155 0.9999959053502065 0.00380255261318041 0.7253483205101645 -0.9003473126730768
FixedParameters: 0 0 0
#Transform 211
Transform: MatrixOffsetTransformBase_double_3_3
Parameters: 0.9999928700198989 -0.0027421938841285074 0.0027581029194842137 0.002741625999024535 0.9999961706382667 0.00028543128862382194 -0.0027598168373328524 -0.0002775669045765039 0.9999965408970439 0.04859790797553387 0.6593201528253729 -0.826796873405641
FixedParameters: 0 0 0
#Transform 212
Transform: MatrixOffsetTransformBase_double_3_3
Parameters: 0.9999939131164923 -0.0019414209468847864 0.0028836122297219015 0.001941458396764512 0.9999982231502553 -0.00003322795799692857 -0.0028844578587003704 0.00003877400765253669 0.999995687374193 0.04838718594858449 0.691049525818201 -0.9222304985703289
FixedParameters: 0 0 0
#Transform 213
Transform: MatrixOffsetTransformBase_double_3_3
Parameters: 0.9999934879322889 -0.0021365347785774207 0.0028195134266188085 0.0021360791143836787 0.99999741749943 0.000114197218207851 -0.0028190022896010174 -0.00010780391837425518 0.999996045790746 0.030676759463304393 0.6922746354061644 -0.857914093654486
FixedParameters: 0 0 0
#Transform 214
Transform: MatrixOffsetTransformBase_double_3_3
Parameters: 0.9999946305670439 -0.001581542593089476 0.0028048554871902796 0.0015840015330716552 0.9999979907828526 -0.000848081270575507 -0.0028037935861579114 0.0008529191285962245 0.9999961930797782 -0.05310341669461138 0.512473097904703 -0.843099744110404
FixedParameters: 0 0 0
#Transform 215
Transform: MatrixOffsetTransformBase_double_3_3
Parameters: 0.9999967944051923 -0.0007247314518155827 0.002584758314926136 0.0007160219207570134 0.9999931109549818 0.0037552588064664882 -0.002586941990004908 -0.0037527464357517137 0.9999894982486971 -0.059553256524608855 0.35650519097644917 -0.5927728440178157
FixedParameters: 0 0 0
#Transform 216
Transform: MatrixOffsetTransformBase_double_3_3
Parameters: 0.9999967467084315 -0.002217513207314863 0.0015277083934947609 0.0022126529979732985 0.9999908539024501 0.0036959764052492683 -0.0015360581057786314 -0.003693022411775382 0.9999915940073381 -0.02034658825459701 0.28687795188398013 -0.5446997993161204
FixedParameters: 0 0 0
#Transform 217
Transform: MatrixOffsetTransformBase_double_3_3
Parameters: 0.9999927064382211 -0.0014183686895258179 0.0036442301275966564 0.001419490710532357 0.9999988307786851 -0.0003099557994387103 -0.003644158498062886 0.0003150449490452456 0.9999936803460785 -0.026342555346374752 0.3755045946823543 -0.744121336176164
FixedParameters: 0 0 0
#Transform 218
Transform: MatrixOffsetTransformBase_double_3_3
Parameters: 0.9999924056905667 -0.002483277504138161 0.002903191417372087 0.0024733637671846345 0.9999914088022255 0.0033572417494415197 -0.00291132123247283 -0.0033497612863391812 0.9999905048084453 0.037010675990899244 0.46713638948543235 -0.6018662379170223
FixedParameters: 0 0 0
#Transform 219
Transform: MatrixOffsetTransformBase_double_3_3
Parameters: 0.9999914534985416 -0.0023719197750589056 0.0033041268825753922 0.002363152430455245 0.9999937790820966 0.002701063491763106 -0.003311361283455442 -0.0026929374492312697 0.9999911267093458 0.05820930238297706 0.5089999716998506 -0.6047709392905034
FixedParameters: 0 0 0
#Transform 220
Transform: MatrixOffsetTransformBase_double_3_3
Parameters: 0.9999934843719258 -0.002311656272933398 0.0028586602955182547 0.002302245897807786 0.9999929483650378 0.003089639493366353 -0.00286620939639386 -0.0030833622883561784 0.9999914829273835 0.049589973720443936 0.5789344779591516 -0.6311247156824464
FixedParameters: 0 0 0
#Transform 221
Transform: MatrixOffsetTransformBase_double_3_3
Parameters: 0.9999918684614909 -0.002326195724255113 0.003117927489800134 0.0023135704140360767 0.9999887607532926 0.004088446260070849 -0.00312692619042418 -0.004080553212686494 0.9999867411643997 0.09519265480375338 0.5583583302721706 -0.5977421691351168
FixedParameters: 0 0 0
#Transform 222
Transform: MatrixOffsetTransformBase_double_3_3
Parameters: 0.9999928303603509 -0.0025143769110632314 0.002974526570376408 0.002502571863626603 0.9999886838418914 0.003981507620829272 -0.0029843588446096508 -0.003973489654603923 0.9999875052717181 0.09532347914527861 0.6305762532684582 -0.6090046524820423
FixedParameters: 0 0 0
#Transform 223
Transform: MatrixOffsetTransformBase_double_3_3
Parameters: 0.9999952312388424 -0.002037436274296537 0.0021491318782854017 0.002027826991134377 0.9999892924022623 0.004230327897445069 -0.0021576573269830542 -0.004225677408520007 0.9999891866081669 0.0688778324380479 0.6507534359651004 -0.5742122617147913
FixedParameters: 0 0 0
#Transform 224
Transform: MatrixOffsetTransformBase_double_3_3
Parameters: 0.9999954573288417 -0.0017418957615632016 0.0025513146510346783 0.0017310662155820913 0.9999891204181705 0.004383553445133304 -0.002558377825954074 -0.004378448738290658 0.9999869503035932 0.10947394132853105 0.5848013300085171 -0.5674989513679662
FixedParameters: 0 0 0
#Transform 225
Transform: MatrixOffsetTransformBase_double_3_3
Parameters: 0.9999939713798885 -0.0018779996657646188 0.0029161025368805763 0.0018657022471364941 0.9999904099109095 0.0038898050451784405 -0.002923317625600664 -0.00388419134196763 0.9999883437401309 0.08880473136728995 0.6499754918608147 -0.5845256800139538
FixedParameters: 0 0 0
#Transform 226
Transform: MatrixOffsetTransformBase_double_3_3
Parameters: 0.9999941971103906 -0.002044155414011114 0.0027614766673814315 0.0020329683752824007 0.9999903614237341 0.003936813496827007 -0.002769193995502599 -0.003931191162222347 0.999988882745453 0.08974245251384616 0.6302132970835714 -0.5828002823643317
FixedParameters: 0 0 0
#Transform 227
Transform: MatrixOffsetTransformBase_double_3_3
Parameters: 0.9999922890942319 -0.002008945761694827 0.003267526910971117 0.0019924955495110403 0.9999868069427099 0.004785948896703279 -0.003277053820905977 -0.004780055914430703 0.9999837275209708 0.1079037501225315 0.6061158441025754 -0.5599462157407231
FixedParameters: 0 0 0
#Transform 228
Transform: MatrixOffsetTransformBase_double_3_3
Parameters: 0.999990832288274 -0.002522232791211979 0.0034358189096323696 0.002508838432512245 0.9999897717411977 0.003797917143941537 -0.0034459372670746047 -0.003789084219917749 0.999987279023313 0.1060445818849729 0.6924965695923362 -0.6177216010819961
FixedParameters: 0 0 0
#Transform 229
Transform: MatrixOffsetTransformBase_double_3_3
Parameters: 0.999991260039752 -0.0026477744880286634 0.0032752764116613735 0.0026344194891504257 0.9999880594376979 0.0041787614617627145 -0.0032865593502047563 -0.004170244850588478 0.9999863473690441 0.11990446830782275 0.6747728224109864 -0.5554716644382296
FixedParameters: 0 0 0
#Transform 230
Transform: MatrixOffsetTransformBase_double_3_3
Parameters: 0.9999915558585605 -0.0027615793866645802 0.0031335874946301625 0.0027481681299111257 0.9999875723385767 0.004062710330451802 -0.0031448380431590103 -0.004053285824632685 0.9999870485287938 0.1279792511122082 0.6980267173562709 -0.5767390659886473
FixedParameters: 0 0 0
#Transform 231
Transform: MatrixOffsetTransformBase_double_3_3
Parameters: 0.9999914130584132 -0.002688686907340379 0.003218398108621432 0.0026750633099818996 0.999988292830753 0.0041415425290859675 -0.003229650143114151 -0.004132456886722008 0.9999858903954967 0.12516884896194824 0.7166715531422909 -0.6224403160647825
FixedParameters: 0 0 0
#Transform 232
Transform: MatrixOffsetTransformBase_double_3_3
Parameters: 0.9999934927171162 -0.0022859069292093114 0.002698383440137416 0.0022719837323386563 0.9999837203796393 0.005204167745375993 -0.0027103360790920895 -0.005197829246821523 0.9999826710160836 0.11799625042336004 0.6663529550543075 -0.5351305317076083
FixedParameters: 0 0 0
#Transform 233
Transform: MatrixOffsetTransformBase_double_3_3
Parameters: 0.9999941837301547 -0.0024500297066243452 0.0024107091687546925 0.0024422154180492213 0.9999916423199836 0.003365748356503301 -0.0024194846920067878 -0.003360256303314685 0.9999919217261283 0.08000755688480865 0.6364290711569964 -0.5914000332835343
FixedParameters: 0 0 0
#Transform 234
Transform: MatrixOffsetTransformBase_double_3_3
Parameters: 0.9999924894646675 -0.0027498887925491607 0.002819017965403796 0.0027385828815315602 0.9999879254922931 0.004140481348778091 -0.0028306157533674395 -0.004133520128331292 0.999987334149401 0.10514251397657404 0.6877529008170455 -0.5930600399607329
FixedParameters: 0 0 0
#Transform 235
Transform: MatrixOffsetTransformBase_double_3_3
Parameters: 0.9999920829121564 -0.0030380102584932037 0.002585967070952535 0.0030269576167496733 0.9999857259643228 0.004338390798556968 -0.002599006672077165 -0.004330603525610044 0.9999867808662112 0.12440972155205543 0.6603898531675298 -0.5603905256828341
FixedParameters: 0 0 0
#Transform 236
Transform: MatrixOffsetTransformBase_double_3_3
Parameters: 0.9999942131964483 -0.00234398242461449 0.00250814399531262 0.0023337073048591075 0.9999880135637336 0.004183882465082056 -0.002518393968946411 -0.00417811388849712 0.9999882378704222 0.1086459496344645 0.6928301530650174 -0.6380350027826012
FixedParameters: 0 0 0
#Transform 237
Transform: MatrixOffsetTransformBase_double_3_3
Parameters: 0.9999917577141169 -0.002995014489045648 0.002876645177336118 0.002980543245124959 0.9999846480677715 0.0046943448139591115 -0.002890606390935056 -0.0046856561979499445 0.9999851170099926 0.12497687040357164 0.6842733168614359 -0.6181673129612051
FixedParameters: 0 0 0
#Transform 238
Transform: MatrixOffsetTransformBase_double_3_3
Parameters: 0.999994614566479 -0.0023710736521262922 0.0024009046683393163 0.0023598370280722538 0.999987001419273 0.004640505270914891 -0.0024115660358680234 -0.0046345026985805116 0.9999865999443702 0.13032151235857725 0.658195873189996 -0.6118015609157936
FixedParameters: 0 0 0
#Transform 239
Transform: MatrixOffsetTransformBase_double_3_3
Parameters: 0.9999928252285728 -0.002536217241797428 0.0029571443165671346 0.0025231871943033717 0.9999872859554999 0.004239555385267768 -0.0029674679211682993 -0.00423243967987888 0.9999866516050351 0.103184256816931 0.6578909013579022 -0.6555119180683135
FixedParameters: 0 0 0
#Transform 240
Transform: MatrixOffsetTransformBase_double_3_3
Parameters: 0.9999934125156417 -0.002286343803468139 0.0027128657782477666 0.002272695894097276 0.9999845230267094 0.00512620624079968 -0.0027244687840668786 -0.005119799413558557 0.999983398692415 0.13079117784087657 0.6397361440996718 -0.6003912373397924
FixedParameters: 0 0 0
#Transform 241
Transform: MatrixOffsetTransformBase_double_3_3
Parameters: 0.9999912205148564 -0.0025368355813863955 0.0033682606135118833 0.002526124958499025 0.9999920958209587 0.0031596302296315604 -0.0033759147075511165 -0.0031513713458478088 0.9999892101904552 0.13146492325182635 0.6445161438964675 -0.6081168465941431
FixedParameters: 0 0 0
#Transform 242
Transform: MatrixOffsetTransformBase_double_3_3
Parameters: 0.9999872066405678 -0.0029891936942769847 0.003981952890296388 0.002976640920262478 0.9999907511067269 0.0030290976733111097 -0.003991838763931072 -0.0030178944988022705 0.9999871722981266 0.12982400446206555 0.7179611182598649 -0.6801064462978559
FixedParameters: 0 0 0
#Transform 243
Transform: MatrixOffsetTransformBase_double_3_3
Parameters: 0.9999890767721397 -0.003220404599619267 0.0032486530382326976 0.0032061560022840206 0.9999858323909615 0.004277219248243702 -0.003262210162602354 -0.00426578267587116 0.9999857525914287 0.1139619885733083 0.7007746344746408 -0.6001163525602067
FixedParameters: 0 0 0
#Transform 244
Transform: MatrixOffsetTransformBase_double_3_3
Parameters: 0.9999899133798456 -0.0030512299840182045 0.003282598597489207 0.003039240701506934 0.9999884341680205 0.0038387737211522943 -0.0032940232282747846 -0.0038282310656150287 0.999987087493734 0.10209726861208424 0.700765305943591 -0.6729479540021686
FixedParameters: 0 0 0
#Transform 245
Transform: MatrixOffsetTransformBase_double_3_3
Parameters: 0.9999917782481073 -0.003127276789640181 0.0027278276542340614 0.0031147180857482954 0.9999846873747281 0.004599098138088176 -0.002742445470418343 -0.004590903550279579 0.9999858624108497 0.09887726402082819 0.7204504510711587 -0.6295340225527326
FixedParameters: 0 0 0
#Transform 246
Transform: MatrixOffsetTransformBase_double_3_3
Parameters: 0.9999932537064846 -0.0023365235810841973 0.0026996066137126994 0.002322466741312847 0.9999838938085047 0.0052581416919882384 -0.00271135125320144 -0.005251860021594473 0.9999821292818716 0.11371108993790813 0.6888742125588294 -0.6118982712682879
FixedParameters: 0 0 0
#Transform 247
Transform: MatrixOffsetTransformBase_double_3_3
Parameters: 0.9999927911859413 -0.002671102709768485 0.002660036361652904 0.0026567932507172735 0.9999837487059422 0.005012940178267311 -0.0026736450454093157 -0.0050050546289104325 0.9999838618513167 0.08045888600015871 0.7286258314957905 -0.6888702771180277
FixedParameters: 0 0 0
#Transform 248
Transform: MatrixOffsetTransformBase_double_3_3
Parameters: 0.9999902295827446 -0.002806378155357981 0.003449164534238585 0.002786435989390783 0.9999808870776685 0.005637594079937525 -0.003464667070944171 -0.005627409372880643 0.9999778915568914 0.1257515756384464 0.6866800097189127 -0.6137205900633234
FixedParameters: 0 0 0
#Transform 249
Transform: MatrixOffsetTransformBase_double_3_3
Parameters: 0.9999896968609486 -0.0022324453119546123 0.003913920662306865 0.0022142937569340675 0.9999873572733491 0.004614312369540241 -0.003924331189198896 -0.0046046924710940185 0.9999818441439703 0.08000272498678385 0.7626676090891777 -0.6838353811004367
FixedParameters: 0 0 0
#Transform 250
Transform: MatrixOffsetTransformBase_double_3_3
Parameters: 0.9999925066743436 -0.0023726104754844507 0.003140325026845853 0.0023572991107122902 0.999984995893327 0.005007506580377241 -0.00315258096335236 -0.0050004959194137055 0.9999824302291577 0.1047431426339358 0.6774999191463706 -0.6171960078757621
FixedParameters: 0 0 0
#Transform 251
Transform: MatrixOffsetTransformBase_double_3_3
Parameters: 0.9999904674850755 -0.0026251905346491937 0.003555151349270015 0.0026088140354979658 0.9999867230536863 0.004575413993927191 -0.003567660842429943 -0.004565587363749374 0.9999829650629664 0.09336006952636922 0.722720786652971 -0.6554594571175727
FixedParameters: 0 0 0
#Transform 252
Transform: MatrixOffsetTransformBase_double_3_3
Parameters: 0.999990585759856 -0.002828642790675196 0.003226812355366615 0.002812828754853943 0.9999832199798775 0.005030045745317235 -0.003240794887460361 -0.005020951560857051 0.9999818539416224 0.10304367434822836 0.7528461136147513 -0.6654329623660402
FixedParameters: 0 0 0
#Transform 253
Transform: MatrixOffsetTransformBase_double_3_3
Parameters: 0.9999865941075172 -0.00352040514642934 0.0037431067966246147 0.0035030058486963038 0.9999836905942707 0.004572849015863301 -0.0037598216758604397 -0.0045591471120272065 0.9999822063266192 0.1654629836083643 0.6760816517919608 -0.6624572854382649
FixedParameters: 0 0 0
#Transform 254
Transform: MatrixOffsetTransformBase_double_3_3
Parameters: 0.9999913245682048 -0.0028475571986349615 0.0029267263635325926 0.0028324578541019897 0.9999830115561928 0.005056229006722923 -0.0029416981141610313 -0.0050477698205395605 0.9999832670714652 0.09509641686521775 0.718191518269407 -0.6605540943750725
FixedParameters: 0 0 0
#Transform 255
Transform: MatrixOffsetTransformBase_double_3_3
Parameters: 0.9999913073796493 -0.0029270369576083347 0.0030208764073272622 0.0029100191769121913 0.999980434826854 0.0054337623916517475 -0.0030370444680203486 -0.005425231395903285 0.9999809129511115 0.1253657660007974 0.668004643873715 -0.5888709282106959
FixedParameters: 0 0 0
#Transform 256
Transform: MatrixOffsetTransformBase_double_3_3
Parameters: 0.9999898942717786 -0.0029708066654879333 0.0032062653224025997 0.0029546562001790777 0.9999829247334173 0.004960474490866784 -0.003221093043888149 -0.004951523223565624 0.9999828451415034 0.08012028052480957 0.7683676464328784 -0.6829995989891415
FixedParameters: 0 0 0
#Transform 257
Transform: MatrixOffsetTransformBase_double_3_3
Parameters: 0.9999946349241444 -0.0031814629752419396 0.001114677855679202 0.0031902575683343736 0.9999647490902912 -0.007782434385512543 -0.0010900192901384248 0.007785561556871823 0.9999687023735873 0.01379018085471273 0.38064434073065456 -0.635548787678573
FixedParameters: 0 0 0
#Transform 258
Transform: MatrixOffsetTransformBase_double_3_3
Parameters: 0.9999961626969824 -0.0022079362461080976 0.0017208230613673956 0.002217937267119866 0.9999819288987404 -0.0056204565152727926 -0.0017085425920419371 0.00562454849404781 0.9999830081341645 0.0029721959153050648 0.31310105875238037 -0.8153207215751053
FixedParameters: 0 0 0
#Transform 259
Transform: MatrixOffsetTransformBase_double_3_3
Parameters: 0.9999940487120317 -0.0028440267933351566 0.0016912299238925135 0.002849704204878434 0.9999907265055921 -0.0030607496384214283 -0.0016831333968231274 0.0030652460227632017 0.999993558186555 0.07567764012348732 0.3173864377691302 -0.7837030452082274
FixedParameters: 0 0 0
#Transform 260
Transform: MatrixOffsetTransformBase_double_3_3
Parameters: 0.9999942664029706 -0.002664231261128576 0.0019067993454740337 0.002669881985754699 0.999992646452799 -0.002876451551545589 -0.0018986474611440284 0.002880548851786263 0.9999940483461778 0.06773128602219458 0.31840116780753647 -0.734791074013458
FixedParameters: 0 0 0
#Transform 261
Transform: MatrixOffsetTransformBase_double_3_3
Parameters: 0.9999940893315508 -0.0030399762717849173 0.0012911783109737698 0.0030433288618855335 0.9999934927924096 -0.0021448359457769406 -0.0012848480955389755 0.002148167924821087 0.9999973815709907 0.043783736657914574 0.4071699579481418 -0.8228668018053327
FixedParameters: 0 0 0
#Transform 262
Transform: MatrixOffsetTransformBase_double_3_3
Parameters: 0.9999946285277123 -0.003070892013781509 0.0009704001053038357 0.003072247968753185 0.9999940679343787 -0.0017358097619358526 -0.000965471676738935 0.0017381945719061875 0.9999985262280858 0.10140535547388652 0.36247811507084293 -0.7594452029146197
FixedParameters: 0 0 0
#Transform 263
Transform: MatrixOffsetTransformBase_double_3_3
Parameters: 0.9999954951792243 -0.002288690139805215 0.0018076651993718452 0.0022914649292996563 0.9999960759188851 -0.0014531119727600739 -0.0018036145782317785 0.0014578850397944099 0.9999971822931495 0.07731829149442149 0.43714297774118904 -0.8024996975155574
FixedParameters: 0 0 0
#Transform 264
Transform: MatrixOffsetTransformBase_double_3_3
Parameters: 0.9999970404129233 -0.002362851457768201 0.0011733641666354965 0.0023641937567411737 0.9999965248599402 -0.0012096754494496376 -0.001170425725385214 0.0012123245905207858 0.9999985825044957 0.08561681352848893 0.42457497780951314 -0.7438969743744508
FixedParameters: 0 0 0
#Transform 265
Transform: MatrixOffsetTransformBase_double_3_3
Parameters: 0.9999953298442087 -0.0022035573482677346 0.002194129871054641 0.0022063232897864414 0.9999968100366853 -0.0011943550901055977 -0.00219146924838797 0.0011986439103615631 0.999996656576446 0.08487100151739924 0.43703696198159037 -0.7786136700742929
FixedParameters: 0 0 0
#Transform 266
Transform: MatrixOffsetTransformBase_double_3_3
Parameters: 0.9999954290108781 -0.002392024938969944 0.0019621397363083016 0.002394440734479781 0.9999959835657658 -0.0012465268720302791 -0.0019587772371667017 0.0012514714357526602 0.999997325436669 0.09261371077280955 0.4661455926480613 -0.7880149675844592
FixedParameters: 0 0 0
#Transform 267
Transform: MatrixOffsetTransformBase_double_3_3
Parameters: 0.9999970169650565 -0.00166968491264775 0.0014821017710139597 0.0016709308351769954 0.9999983742666227 -0.0011998040859794723 -0.0014797200870861173 0.0012021962341159376 0.9999977578915975 0.05899630287993318 0.3937193653425197 -0.7152038057083843
FixedParameters: 0 0 0
#Transform 268
Transform: MatrixOffsetTransformBase_double_3_3
Parameters: 0.9999967922020732 -0.002089567203209151 0.0016859829758146519 0.0020908765435804417 0.9999975347508707 -0.0007297258841861831 -0.0016837401823559836 0.0007332722909697831 0.999998187265825 0.053396418822174496 0.45622111197286586 -0.7990281656927039
FixedParameters: 0 0 0
#Transform 269
Transform: MatrixOffsetTransformBase_double_3_3
Parameters: 0.9999969983925686 -0.0020686544043364507 0.001312151227594085 0.0020635244384604665 0.9999899492833649 0.004028474336979143 -0.0013206058473766828 -0.004026531883119966 0.9999916073920997 0.10398288629400554 0.39987691974543793 -0.623382660139967
FixedParameters: 0 0 0
#Transform 270
Transform: MatrixOffsetTransformBase_double_3_3
Parameters: 0.9999943607272834 -0.002359718272743226 0.002251676914748542 0.0023620048041350355 0.9999968857344563 -0.0007998764054356622 -0.002249688336237423 0.0008051223499018212 0.9999971869775943 0.09399752323730581 0.4583675260748663 -0.7952868675548643
FixedParameters: 0 0 0
#Transform 271
Transform: MatrixOffsetTransformBase_double_3_3
Parameters: 0.9999941795187961 -0.002592191222189221 0.002025421507581358 0.002593343373237608 0.9999961948142682 -0.0005671373237128297 -0.0020232809535943213 0.0005728601235557018 0.9999973349044019 0.07992868380779328 0.4662113582387377 -0.7578762303976418
FixedParameters: 0 0 0
#Transform 272
Transform: MatrixOffsetTransformBase_double_3_3
Parameters: 0.9999947631935967 -0.0019780833063091567 0.0027062402695665956 0.0019749440166826992 0.9999975696579262 0.0012223575094918449 -0.0027086173878489027 -0.0012176427410024726 0.9999952167261632 0.0886906232555873 0.4926505718422334 -0.6403484416419758
FixedParameters: 0 0 0
#Transform 273
Transform: MatrixOffsetTransformBase_double_3_3
Parameters: 0.9999965168513676 -0.0014335303477540945 0.002329822993722385 0.001424059742595375 0.9999905159030746 0.003976614137821077 -0.0023356458054712504 -0.0039733808844883145 0.999989399534384 0.014019632177621588 0.5341058630467757 -0.6445958285110294
FixedParameters: 0 0 0
#Transform 274
Transform: MatrixOffsetTransformBase_double_3_3
Parameters: 0.9999956300501246 -0.0017522565705993282 0.002301825569160805 0.0017440303916344357 0.9999907449707235 0.0037911731081556876 -0.002308553242921264 -0.003787823752612912 0.9999901643080854 0.05879910732112137 0.42204787800795884 -0.6063529678084905
FixedParameters: 0 0 0
#Transform 275
Transform: MatrixOffsetTransformBase_double_3_3
Parameters: 0.9999944746315539 -0.0017563041175381604 0.002727770419169862 0.001756372316362276 0.999998105451327 -0.00000989648437083046 -0.002727726517348621 0.000015103377491360037 0.999996368867877 0.07068067807973932 0.4750562621221377 -0.7822898346050664
FixedParameters: 0 0 0
#Transform 276
Transform: MatrixOffsetTransformBase_double_3_3
Parameters: 0.9999937179412729 -0.0021147482874823396 0.002968117784166173 0.0021052726543606087 0.9999926189305064 0.0031534416882437466 -0.0029748893457712737 -0.003146554154682263 0.999990253908973 0.11409813990756845 0.47198036289317713 -0.6365469086384081
FixedParameters: 0 0 0
#Transform 277
Transform: MatrixOffsetTransformBase_double_3_3
Parameters: 0.999998774767714 -0.000534715196517874 0.0017146937949391024 0.0005385195698079339 0.9999973170686507 -0.002021852776411953 -0.0017129984932219196 0.0020221434798964877 0.999996280724017 -0.02119382824602667 0.22769431955684638 -0.8179657964820848
FixedParameters: 0 0 0
#Transform 278
Transform: MatrixOffsetTransformBase_double_3_3
Parameters: 0.9999989083510377 -0.0009431981078931258 0.0014836923969488442 0.0009374712741953871 0.9999923975776897 0.0038154254170208457 -0.0014877756637771916 -0.0038135732932263744 0.9999914098293722 0.025680602186611168 0.18340062243680677 -0.6709989928038027
FixedParameters: 0 0 0
#Transform 279
Transform: MatrixOffsetTransformBase_double_3_3
Parameters: 0.9999981899947323 -0.0009755604511197023 0.0016906460614482884 0.0009753609513451591 0.9999997095436163 0.00005970705154045852 -0.0016907611696240599 -0.00005829273446997241 0.9999984734891847 0.05349749153565142 0.2561479879518771 -0.76634006572273
FixedParameters: 0 0 0
