#Insight Transform File V1.0
#Transform 0
Transform: MatrixOffsetTransformBase_double_3_3
Parameters: 0.9999942415795245 -0.000557165095508383 -0.0032323287954742004 0.0005584228458361148 0.9999997133128111 0.00034603530926075043 0.0032321118964184366 -0.00034796389084365553 0.9999942874483889 -0.24711495220684299 -0.014324164660862948 -0.35766804285964326
FixedParameters: 0 0 0
#Transform 1
Transform: MatrixOffsetTransformBase_double_3_3
Parameters: 0.9999959894822696 0.0012057615424793057 -0.0025605941614418714 -0.001205751305294276 0.9999989331835997 0.0000035387905756023574 0.0025605989896334814 -4.611933842602056e-7 0.9999970562908974 -0.349549147197294 -0.09729588101686204 -0.30483362418728177
FixedParameters: 0 0 0
#Transform 2
Transform: MatrixOffsetTransformBase_double_3_3
Parameters: 0.9999933940123064 0.0006097544819477855 -0.0036379006801085354 -0.0006127683848124245 0.9999993879709499 -0.0008428215934443151 0.0036373436512627693 0.0008451777162039875 0.9999925813650133 -0.33297802406228527 -0.16221835101730164 -0.37569595763892494
FixedParameters: 0 0 0
#Transform 3
Transform: MatrixOffsetTransformBase_double_3_3
Parameters: 0.9999965885853623 0.00004759540242831815 -0.0027221610580218103 -0.00004920941991744351 0.9999995121918192 -0.0006581685163831175 0.0027217568947458352 0.0006588317676968769 0.9999962091472996 -0.2665235452052883 -0.22840897298826235 -0.4104719919049984
FixedParameters: 0 0 0
#Transform 4
Transform: MatrixOffsetTransformBase_double_3_3
Parameters: 0.9999948724605328 -0.000030426461408370018 -0.0031823105351682117 0.00003075631733396092 0.999999797859734 -0.00010320181956666175 0.003182146630179505 0.00010280026296258238 0.999995053382626 -0.2318396586123015 -0.19748252175658365 -0.3537946452748031
FixedParameters: 0 0 0
#Transform 5
Transform: MatrixOffsetTransformBase_double_3_3
Parameters: 0.9999948923202067 -0.000031934406620402994 -0.003179333940500832 0.00003019825392413958 0.999999263792356 -0.0007382027272876401 0.0031788691689894643 0.0007377983438663915 0.999994539236436 -0.2537604679966279 -0.14011251839184524 -0.3898652510508356
FixedParameters: 0 0 0
#Transform 6
Transform: MatrixOffsetTransformBase_double_3_3
Parameters: 0.9999944317113658 0.000054229120691420656 -0.003250339880398313 -0.000051801556010850074 0.9999995309707091 0.00052506742438993 0.0032505657589209647 -0.0005249296335118891 0.9999943494907884 -0.23776359132440916 -0.21216148763367926 -0.33434724531036863
FixedParameters: 0 0 0
#Transform 7
Transform: MatrixOffsetTransformBase_double_3_3
Parameters: 0.9999967573579842 -0.00003526952337734959 -0.0026907473802095386 0.000038865787660870624 0.9999994355082418 0.0012174318521034067 0.00269116775136529 -0.001217567051650409 0.9999953572320783 -0.214674553675394 -0.23978478154437255 -0.3158601637217089
FixedParameters: 0 0 0
#Transform 8
Transform: MatrixOffsetTransformBase_double_3_3
Parameters: 0.9999974811908388 0.0004404942966123808 -0.0020798926273496677 -0.00043936429614054755 0.9999993947294512 0.0005502791880586666 0.0020795609153176314 -0.0005487204739283436 0.9999974825606548 -0.23486492900521228 -0.147322105295558 -0.39056835721073924
FixedParameters: 0 0 0
#Transform 9
Transform: MatrixOffsetTransformBase_double_3_3
Parameters: 0.9999954996147739 0.00023288773149912026 -0.0030735751430689064 -0.00022852681924355217 0.9999992436839918 0.0012184367419655062 0.0030736623712084637 -0.0012175608362333668 0.9999942888775964 -0.23032672470766613 -0.17268514512605293 -0.32462167590675506
FixedParameters: 0 0 0
#Transform 10
Transform: MatrixOffsetTransformBase_double_3_3
Parameters: 0.9999964904632804 0.000048140568334567515 -0.002739647454843756 -0.000045493586786767904 0.9999998714899347 0.0010226608281482807 0.002740253827503671 -0.0010223399777950781 0.9999955279557023 -0.2217279387750608 -0.18384850699030153 -0.323775547743125
FixedParameters: 0 0 0
#Transform 11
Transform: MatrixOffsetTransformBase_double_3_3
Parameters: 0.9999970965234982 -0.00007890049039743573 -0.0024287813826104855 0.00008009366433374247 0.9999994415868659 0.0006863393534892182 0.0024280272457096624 -0.000686661160972657 0.9999967123703958 -0.24976370586939822 -0.061542254084827164 -0.3929273612230304
FixedParameters: 0 0 0
#Transform 12
Transform: MatrixOffsetTransformBase_double_3_3
Parameters: 0.9999953323383827 0.000016495865461983706 -0.0031092069271714804 -0.000011462923524376718 0.9999987528005826 0.001787744103230987 0.0031092927566496306 -0.0017872574241687422 0.9999931892023578 -0.2183205076188841 -0.1695015749839115 -0.25887826247385703
FixedParameters: 0 0 0
#Transform 13
Transform: MatrixOffsetTransformBase_double_3_3
Parameters: 0.9999974613806677 0.000520596787465579 -0.0022950070917527325 -0.0005181637609948421 0.9999989862139811 0.0012115856520800439 0.0022957902569085953 -0.0012104144924701132 0.9999965421193516 -0.2720610496593707 -0.08666881651853942 -0.3505442445802771
FixedParameters: 0 0 0
#Transform 14
Transform: MatrixOffsetTransformBase_double_3_3
Parameters: 0.9999967365312695 0.00041048214507691624 -0.0024689426509143676 -0.00040691956365487397 0.9999992214314126 0.0011554011350267401 0.0024692417650367645 -0.0011545961047628173 0.9999958470481731 -0.2690586109948043 -0.09824697239108104 -0.2924393069862816
FixedParameters: 0 0 0
#Transform 15
Transform: MatrixOffsetTransformBase_double_3_3
Parameters: 0.9999954851234465 0.000299017396861849 -0.0030705263889884687 -0.0002944538724273058 0.9999984496152966 0.0014406675991454065 0.003070091310002454 -0.0014403298263010456 0.9999938854197914 -0.24099276637987543 -0.11394675222361172 -0.310960063044746
FixedParameters: 0 0 0
#Transform 16
Transform: MatrixOffsetTransformBase_double_3_3
Parameters: 0.9999953205774189 0.0002657679078465029 -0.0029341673854174338 -0.0002620634262887716 0.9999993558853246 0.001164503191855626 0.002934307006803535 -0.0011634967152502063 0.9999952548933772 -0.27758616696968375 -0.043691644235906324 -0.34508297954590716
FixedParameters: 0 0 0
#Transform 17
Transform: MatrixOffsetTransformBase_double_3_3
Parameters: 0.999995239827001 0.0004150430467920626 -0.002930545040525258 -0.0004092439412627253 0.999998354452568 0.002056770242522904 0.0029312902259051622 -0.002055232079603536 0.9999934310704504 -0.2476116238953523 -0.15298143767991235 -0.24510689060896595
FixedParameters: 0 0 0
#Transform 18
Transform: MatrixOffsetTransformBase_double_3_3
Parameters: 0.9999965767331296 0.0004450644659904279 -0.0024949895589333687 -0.0004414035262292232 0.9999987054054178 0.0013606667028204789 0.002495720382349689 -0.0013593324069762214 0.999996172121371 -0.2896144229920168 -0.0315423786407365 -0.3620110631639477
FixedParameters: 0 0 0
#Transform 19
Transform: MatrixOffsetTransformBase_double_3_3
Parameters: 0.9999958417428199 0.00032639913278721314 -0.002837047714369101 -0.0003199501444588736 0.9999968367074349 0.002381675837461017 0.0028387930642180263 -0.002381325913126092 0.999993661908003 -0.26326103081744634 -0.10001934163501858 -0.28468475082904376
FixedParameters: 0 0 0
#Transform 20
Transform: MatrixOffsetTransformBase_double_3_3
Parameters: 0.99999659016435 0.0002289049749318954 -0.002712438311821241 -0.00022426849874040373 0.9999992676866215 0.001613147558647443 0.002712864490375906 -0.0016118539571185753 0.9999951221502764 -0.27447844357507734 -0.0713016028134632 -0.3243724471850413
FixedParameters: 0 0 0
#Transform 21
Transform: MatrixOffsetTransformBase_double_3_3
Parameters: 0.9999947638424225 0.00031726649813050014 -0.003337166105263548 -0.0003118556734594372 0.9999984889650118 0.0017479766484967962 0.0033373159440407787 -0.0017470260292403728 0.9999931673383445 -0.2579066080655963 -0.06378763830818457 -0.28942163130577114
FixedParameters: 0 0 0
#Transform 22
Transform: MatrixOffsetTransformBase_double_3_3
Parameters: 0.9999953605342278 0.0006222398627498524 -0.0028725742880499586 -0.0006188301144858671 0.9999989047660699 0.0011383719462006725 0.002873511232970808 -0.0011366261073743056 0.9999948679515372 -0.28875115000847984 -0.025264793697687082 -0.35202828571522105
FixedParameters: 0 0 0
#Transform 23
Transform: MatrixOffsetTransformBase_double_3_3
Parameters: 0.9999963451036123 0.000449198221709719 -0.0025400862156798104 -0.0004449563275414126 0.9999988198744422 0.001644529042940629 0.002541251642647745 -0.0016434705001450167 0.9999951197453357 -0.2799162183487738 -0.02234530093917897 -0.33337022254153226
FixedParameters: 0 0 0
#Transform 24
Transform: MatrixOffsetTransformBase_double_3_3
Parameters: 0.9999973031371661 0.0001706831800223626 -0.002380464709406073 -0.00016573046813080615 0.9999974911074148 0.002317765030187907 0.002381280202962883 -0.002317235227104558 0.9999940703871235 -0.2680224994073228 -0.06733014479856081 -0.30466263854064835
FixedParameters: 0 0 0
#Transform 25
Transform: MatrixOffsetTransformBase_double_3_3
Parameters: 0.9999960532049271 0.00026527497008810796 -0.002979173593026366 -0.000259064599889836 0.9999979434640079 0.0018975379615245591 0.0029800341715639895 -0.0018974600044455725 0.9999939087097311 -0.30015343498411085 0.004805167292346368 -0.3846749302467458
FixedParameters: 0 0 0
#Transform 26
Transform: MatrixOffsetTransformBase_double_3_3
Parameters: 0.9999930053569991 0.000018852879849053507 -0.0037408566020612414 -0.000014157972024056614 0.9999986243026322 0.0014403239301211956 0.003740940005852264 -0.001440678456119171 0.9999922309540281 -0.2591330054266763 -0.042348940632408016 -0.3288325544890256
FixedParameters: 0 0 0
#Transform 27
Transform: MatrixOffsetTransformBase_double_3_3
Parameters: 0.9999963493536694 0.0000857976401453518 -0.0025777424000448103 -0.00008323988456556758 1.0000000812128151 0.0009117505199149056 0.002577251491710299 -0.0009112505293548678 0.9999966064725924 -0.24820530869222068 0.017612342770902956 -0.3998744977526343
FixedParameters: 0 0 0
#Transform 28
Transform: MatrixOffsetTransformBase_double_3_3
Parameters: 0.999995485301614 -0.0002821187112063673 -0.003071499761652045 0.00028576060107704635 0.9999993435459634 0.001233827682271621 0.0030714795521348368 -0.0012351721772079494 0.999994093767169 -0.2494545946486113 0.0385242163622479 -0.3431544787309093
FixedParameters: 0 0 0
#Transform 29
Transform: MatrixOffsetTransformBase_double_3_3
Parameters: 0.9999964849411942 0.0001642473664530959 -0.002547306524500458 -0.0001603407146552927 0.9999989870687166 0.0013809448574637062 0.0025472798432153495 -0.0013800537385931233 0.9999956863059548 -0.2365667317438067 0.028104445338769324 -0.3495871613293531
FixedParameters: 0 0 0
#Transform 30
Transform: MatrixOffsetTransformBase_double_3_3
Parameters: 0.9999962671716887 0.0001263557821826718 -0.002777876186217578 -0.00012054637899563015 0.9999979118179315 0.00196307184683317 0.0027782264985374847 -0.001962928250726914 0.9999946485934565 -0.25507345546603233 0.07240605545969458 -0.38493924974142146
FixedParameters: 0 0 0
#Transform 31
Transform: MatrixOffsetTransformBase_double_3_3
Parameters: 0.9999949663486424 0.00002194481016352945 -0.003005482974346687 -0.00001545826372334252 0.9999974367648085 0.002090952705490229 0.003005597035849239 -0.0020910471498467864 0.9999937849929531 -0.24265316367842615 0.028942519794739496 -0.3262261647569744
FixedParameters: 0 0 0
#Transform 32
Transform: MatrixOffsetTransformBase_double_3_3
Parameters: 0.9999966960095072 0.00013890600656178475 -0.0026990642358760636 -0.00013424564729452805 0.9999990921807561 0.001624930539370295 0.0026992035397498614 -0.0016250710306223992 0.9999953225633377 -0.25863826227255515 0.07196698096699095 -0.3878820473589428
FixedParameters: 0 0 0
#Transform 33
Transform: MatrixOffsetTransformBase_double_3_3
Parameters: 0.9999930882555238 -0.0005529949855684156 -0.003688530706224518 0.0005607305995576072 0.9999972411549743 0.00211614856621134 0.0036875340571685456 -0.0021188499455630228 0.9999908794503044 -0.22468390657327575 0.07485465502168154 -0.3220772881119416
FixedParameters: 0 0 0
#Transform 34
Transform: MatrixOffsetTransformBase_double_3_3
Parameters: 0.9999970414967462 0.00018608676255866185 -0.0024337754670879968 -0.0001796193715746757 0.9999972427417989 0.0023759772756961617 0.0024345098491993277 -0.00237502279648788 0.9999945127217659 -0.26631339014129196 0.10634036083911269 -0.41571583421242053
FixedParameters: 0 0 0
#Transform 35
Transform: MatrixOffsetTransformBase_double_3_3
Parameters: 0.9999949389685217 -0.0004788897986193951 -0.002971772373825014 0.00048664689606201623 0.9999959843479562 0.0026314031378915637 0.0029705927489289425 -0.0026325946827387703 0.99999209972286 -0.22456065892212962 0.06962249983661195 -0.3109594968908027
FixedParameters: 0 0 0
#Transform 36
Transform: MatrixOffsetTransformBase_double_3_3
Parameters: 0.9999958259478263 -0.00011055730859536606 -0.0030272414715316206 0.00011812530555089281 0.999996253846273 0.002771354247000757 0.0030261687443493817 -0.0027716466631085845 0.9999912096097734 -0.23250607050151473 0.07909844530128396 -0.36781686353198495
FixedParameters: 0 0 0
#Transform 37
Transform: MatrixOffsetTransformBase_double_3_3
Parameters: 0.9999976845844605 0.000018383182043740884 -0.002077235512933906 -0.00001089062951849549 0.9999942134258706 0.0032673913665063337 0.0020773670158395247 -0.0032676017157280968 0.9999921179890158 -0.2634652835128577 0.12663415506195008 -0.3890466994240285
FixedParameters: 0 0 0
#Transform 38
Transform: MatrixOffsetTransformBase_double_3_3
Parameters: 0.9999969442987047 0.0003807530701668746 -0.0026286966060155292 -0.00037211996996013713 0.9999955014034088 0.003018551054039892 0.0026301894416009084 -0.003017449173690623 0.9999922261728503 -0.30012041350511254 0.12401950650134097 -0.3424012082420802
FixedParameters: 0 0 0
#Transform 39
Transform: MatrixOffsetTransformBase_double_3_3
Parameters: 0.9999956798846256 0.0005376610130999283 -0.003005083583271329 -0.0005307034277763308 0.9999974693706989 0.0021981940662495203 0.003006481765936529 -0.0021968026053001966 0.9999925524747513 -0.33463862390551924 0.16988779100148577 -0.400263393486469
FixedParameters: 0 0 0
#Transform 40
Transform: MatrixOffsetTransformBase_double_3_3
Parameters: 0.9999973190760263 -0.000024362067261073062 -0.0021634259316892362 0.00003089401824681449 0.9999953893003165 0.0029153019557676962 0.0021633006816868692 -0.002915692655302532 0.9999929294551999 -0.26041892184414905 0.09712119002492159 -0.3203661874704409
FixedParameters: 0 0 0
#Transform 41
Transform: MatrixOffsetTransformBase_double_3_3
Parameters: 0.999997293839909 0.00020527637479739457 -0.0023800004290104905 -0.00019937369763311716 0.9999962289037998 0.0027608454998195864 0.00238033812211036 -0.0027601535203336247 0.9999928241678254 -0.3040219376824922 0.14530215617988063 -0.3990549156338261
FixedParameters: 0 0 0
#Transform 42
Transform: MatrixOffsetTransformBase_double_3_3
Parameters: 0.9999976931407978 0.0003290377938119078 -0.0022799153282800277 -0.00032108716195785583 0.9999945278864308 0.003330135136503015 0.002281300906242597 -0.003329865668443427 0.9999919873608047 -0.2811014518531607 0.1181605146132938 -0.34153224023690143
FixedParameters: 0 0 0
#Transform 43
Transform: MatrixOffsetTransformBase_double_3_3
Parameters: 0.9999977755396653 0.00031935474692277265 -0.0022631712071794975 -0.00031222474052172407 0.9999947193668359 0.0031740771606797447 0.0022643961875377697 -0.0031729185541669036 0.9999919139051304 -0.2796343976961282 0.15064337914385817 -0.36872761058702963
FixedParameters: 0 0 0
#Transform 44
Transform: MatrixOffsetTransformBase_double_3_3
Parameters: 0.9999957184008901 0.00018259666331303849 -0.0028719088564659483 -0.00017383690278090832 0.9999949642498883 0.0031282412740314403 0.002872584858952091 -0.003127759817909914 0.9999911852912412 -0.30483163566000826 0.20135823824280408 -0.37530931780311505
FixedParameters: 0 0 0
#Transform 45
Transform: MatrixOffsetTransformBase_double_3_3
Parameters: 0.9999968872140647 -0.00010525190940050228 -0.002664813885259642 0.00011406938928563443 0.9999946812661202 0.003350240816329786 0.002664625525692685 -0.003350760957133936 0.9999907541384943 -0.27409500767498685 0.15013633195221132 -0.30596134430649613
FixedParameters: 0 0 0
#Transform 46
Transform: MatrixOffsetTransformBase_double_3_3
Parameters: 0.999996447101704 0.00015681669563681096 -0.0025552264198464565 -0.00014877169922431383 0.999995952719035 0.002990924424979724 0.0025553609392900945 -0.0029900792612949922 0.9999926081221895 -0.29385163937169523 0.18390844527246486 -0.3757995301381811
FixedParameters: 0 0 0
#Transform 47
Transform: MatrixOffsetTransformBase_double_3_3
Parameters: 0.9999974633256726 0.00019313804267816767 -0.0023451708616057695 -0.00018496227302824917 0.9999948889164065 0.0032858376808540257 0.0023456339532342474 -0.0032861641007177478 0.9999919787235754 -0.2918871675891239 0.15108122521296252 -0.2772750348294579
FixedParameters: 0 0 0
#Transform 48
Transform: MatrixOffsetTransformBase_double_3_3
Parameters: 0.9999969200401714 0.0002903833952518606 -0.0026446465043652562 -0.00028244523245320906 0.9999941942787656 0.003241487142153221 0.002646064126838642 -0.0032405141128229176 0.9999917175032794 -0.2967184169282291 0.16534987384967792 -0.34653940128303873
FixedParameters: 0 0 0
#Transform 49
Transform: MatrixOffsetTransformBase_double_3_3
Parameters: 0.9999961624204222 0.0005624199301674581 -0.0027422477114287273 -0.0005529296651405573 0.9999945847152152 0.0034399240162578115 0.002744659086236378 -0.003438077306275461 0.9999899241430057 -0.3241783363943682 0.1755667125934508 -0.34827704854096453
FixedParameters: 0 0 0
#Transform 50
Transform: MatrixOffsetTransformBase_double_3_3
Parameters: 0.999997263955274 0.00022432562119619555 -0.0021646733648564734 -0.0002160684060307312 0.9999940360117839 0.003578843568836032 0.002165469976212399 -0.003578161239734562 0.9999916164896969 -0.27789030249576285 0.14619105219263417 -0.3138955143750195
FixedParameters: 0 0 0
#Transform 51
Transform: MatrixOffsetTransformBase_double_3_3
Parameters: 0.9999978857220897 0.0005975847721614506 -0.0021812168114138885 -0.0005909708685015202 0.9999942438175722 0.003478524799635424 0.0021827706688514687 -0.0034774800419435092 0.9999914488156533 -0.31912853201161795 0.245564464623655 -0.4055185659873928
FixedParameters: 0 0 0
#Transform 52
Transform: MatrixOffsetTransformBase_double_3_3
Parameters: 0.9999972898154601 0.00018816801304516326 -0.002382528100794166 -0.0001791374472386548 0.9999929297845325 0.003863803093895446 0.002382522852265866 -0.003863199138821244 0.9999895066039782 -0.3133030747371208 0.17768987968395322 -0.33483918302127336
FixedParameters: 0 0 0
#Transform 53
Transform: MatrixOffsetTransformBase_double_3_3
Parameters: 0.999995326985536 0.00009140951893906737 -0.0029436592651539096 -0.00008202603280899913 0.9999947999143248 0.003157983016925242 0.0029437680475298015 -0.003158014785789587 0.9999905810571533 -0.30078478070720394 0.19144117871903177 -0.42873153054141255
FixedParameters: 0 0 0
#Transform 54
Transform: MatrixOffsetTransformBase_double_3_3
Parameters: 0.9999970977701841 0.00021934055505595714 -0.0022029754884885845 -0.00020974561059787183 0.9999906410835833 0.004266834151053195 0.0022043672721126293 -0.004266159738973346 0.9999880504579225 -0.31071916650493847 0.18925205620843144 -0.3765523588015327
FixedParameters: 0 0 0
#Transform 55
Transform: MatrixOffsetTransformBase_double_3_3
Parameters: 0.9999977073003794 0.0006299102235419946 -0.0022125248156535196 -0.0006217268972933168 0.9999922617607114 0.0040056131062697065 0.002215127905614523 -0.004004390856914092 0.9999893653028483 -0.309373310430729 0.15536379043240345 -0.36923899630301094
FixedParameters: 0 0 0
#Transform 56
Transform: MatrixOffsetTransformBase_double_3_3
Parameters: 0.9999969767964617 0.00030499276127495786 -0.00222062936005544 -0.00029569384949651353 0.9999917679305563 0.003983058524009903 0.0022214273571031203 -0.0039829375955827695 0.9999894801376441 -0.31836960394458913 0.21582278722048898 -0.4271473298301345
FixedParameters: 0 0 0
#Transform 57
Transform: MatrixOffsetTransformBase_double_3_3
Parameters: 0.9999972210509916 0.0003056331886040023 -0.002384742834774899 -0.0002962462476993645 0.9999904211242745 0.004383112086739166 0.002385311554998005 -0.004382889804058376 0.9999873783005382 -0.2957648611065906 0.18050368138329986 -0.35307940845778774
FixedParameters: 0 0 0
#Transform 58
Transform: MatrixOffsetTransformBase_double_3_3
Parameters: 0.9999970793399374 0.0006789243923194218 -0.0023364302682330564 -0.0006698897999969449 0.9999913032228891 0.0039749962718404475 0.0023393814158693027 -0.003973998129633505 0.9999891826677944 -0.32360335135355456 0.2486715636936765 -0.41763358263794714
FixedParameters: 0 0 0
#Transform 59
Transform: MatrixOffsetTransformBase_double_3_3
Parameters: 0.9999974774015596 0.0005179878943389318 -0.0022920798147792686 -0.0005083012771289479 0.9999919197437939 0.003942568158754767 0.002294530925508381 -0.0039414277681145415 0.9999894787821662 -0.3094137536538568 0.23509535141243987 -0.38335436637720477
FixedParameters: 0 0 0
#Transform 60
Transform: MatrixOffsetTransformBase_double_3_3
Parameters: 0.9999963977549018 0.00012488895063229096 -0.002754296853787129 -0.00011489211938896616 0.9999933048045528 0.003664890638954893 0.002754906936043968 -0.0036651079018827915 0.9999892283646054 -0.31040268107570057 0.2196100578998852 -0.41171519566694315
FixedParameters: 0 0 0
#Transform 61
Transform: MatrixOffsetTransformBase_double_3_3
Parameters: 0.9999960047448924 0.00014387578600280642 -0.0026409129269393855 -0.00013406818454354672 0.9999937720877126 0.0035999297225986493 0.0026414746006974688 -0.0036000733830777454 0.9999903125167181 -0.3063908400731066 0.29128813381372254 -0.4266604197951125
FixedParameters: 0 0 0
#Transform 62
Transform: MatrixOffsetTransformBase_double_3_3
Parameters: 0.9999977799362975 0.0001788663298053945 -0.0020467911456435823 -0.0001683924021555489 0.9999883422619318 0.004849721120490341 0.0020470508461978075 -0.004849281469805677 0.9999864020352073 -0.2753216453501608 0.24425890463403732 -0.38034264739883383
FixedParameters: 0 0 0
#Transform 63
Transform: MatrixOffsetTransformBase_double_3_3
Parameters: 0.9999989202850784 0.0003000022066075642 -0.0017288479988338506 -0.0002928268793269458 0.9999914135809107 0.004166709780497158 0.0017305386898945469 -0.004166290974934095 0.99998978707892 -0.3001431814286093 0.32543474824099405 -0.41902278367989254
FixedParameters: 0 0 0
#Transform 64
Transform: MatrixOffsetTransformBase_double_3_3
Parameters: 0.9999975740400211 -0.0007060087452202934 -0.0022193399526702303 0.0007139446412206901 0.9999935808929741 0.0034878995896542586 0.0022177189226802534 -0.003489101400536765 0.9999916537720597 -0.24445923752338672 0.18990824450501975 -0.3554700018751049
FixedParameters: 0 0 0
#Transform 65
Transform: MatrixOffsetTransformBase_double_3_3
Parameters: 0.9999960548678442 -0.0007411487344599281 -0.0027195599830036493 0.0007509420240703229 0.999992391532313 0.003762643087030698 0.002716801431510182 -0.0037653570840257555 0.9999893277865485 -0.2710480666021766 0.25773935397717196 -0.4528025597259102
FixedParameters: 0 0 0
#Transform 66
Transform: MatrixOffsetTransformBase_double_3_3
Parameters: 0.999998469265286 -0.0005501494824462587 -0.0017967009631169224 0.0005591883548938079 0.9999891509855048 0.004665312200168081 0.001793872399040557 -0.004665690839377207 0.9999877842100203 -0.27175357432507496 0.2230375010160941 -0.3822310171211143
FixedParameters: 0 0 0
#Transform 67
Transform: MatrixOffsetTransformBase_double_3_3
Parameters: 0.999997359699169 -0.000058420153207885885 -0.0021532007020902697 0.00006741020300101206 0.9999913593864901 0.004186229624511623 0.0021532203901031563 -0.004186771726677335 0.9999889465482579 -0.2746427662013531 0.24184228413177777 -0.4243358859785218
FixedParameters: 0 0 0
#Transform 68
Transform: MatrixOffsetTransformBase_double_3_3
Parameters: 0.9999969137042423 -0.00046698069396716474 -0.0022060751821400275 0.00047654509635250745 0.9999918592787559 0.004140267007403026 0.0022046857926697463 -0.004140734895852649 0.9999887667467673 -0.27733400255338836 0.26657169804825287 -0.4252138166562247
FixedParameters: 0 0 0
#Transform 69
Transform: MatrixOffsetTransformBase_double_3_3
Parameters: 0.999997278239356 -0.0010009614543515758 -0.0019286216849697243 0.0010092006207077517 0.9999906318474455 0.004306202914129392 0.0019244509681677617 -0.004308798087455712 0.9999885370595201 -0.22815097226418857 0.21756503779648995 -0.3707055117837825
FixedParameters: 0 0 0
#Transform 70
Transform: MatrixOffsetTransformBase_double_3_3
Parameters: 0.9999983328705594 -0.000030192723874023397 -0.0019146959659289491 0.000037586227267710824 0.9999926270633299 0.00377629901650281 0.0019146460570417284 -0.003776699952673962 0.9999911817788776 -0.2642645883799588 0.3236210713438794 -0.4555551193493983
FixedParameters: 0 0 0
#Transform 71
Transform: MatrixOffsetTransformBase_double_3_3
Parameters: 0.999997568073767 -0.0007536602421132081 -0.0019659985584107383 0.0007611092978650568 0.9999927562178147 0.003858822116632077 0.001962499355160603 -0.0038601845625173548 0.9999910202060829 -0.24457679550343414 0.301402478945235 -0.39256134974813506
FixedParameters: 0 0 0
#Transform 72
Transform: MatrixOffsetTransformBase_double_3_3
Parameters: 0.9999976208991704 -0.0001935844844630476 -0.0020838486859440708 0.0002013661386900547 0.9999924073698259 0.0037999507158585633 0.002082723933265868 -0.003801044678788279 0.9999903258108093 -0.2565458725761829 0.3140265526875936 -0.42451353906410816
FixedParameters: 0 0 0
#Transform 73
Transform: MatrixOffsetTransformBase_double_3_3
Parameters: 0.9999980359772785 -0.00017502239995409542 -0.001983412168102688 0.00018422197341492292 0.9999898457877358 0.004598810837146194 0.0019823064692725 -0.0045991877304966955 0.9999868883290444 -0.27393311901640516 0.2838399479721829 -0.4344503557503714
FixedParameters: 0 0 0
#Transform 74
Transform: MatrixOffsetTransformBase_double_3_3
Parameters: 0.9999988448043952 -0.00038631678117078853 -0.0017339764499732767 0.000394957547678283 0.9999881713934835 0.004767656636412376 0.0017316129811965814 -0.004768339540536848 0.9999872054868341 -0.26412322910194064 0.2624464414955838 -0.3997042573760723
FixedParameters: 0 0 0
#Transform 75
Transform: MatrixOffsetTransformBase_double_3_3
Parameters: 0.9999981466010387 -0.00014794317883266316 -0.0019575031285531236 0.0001577311641677727 0.9999888693710076 0.00480986792671767 0.001956579302461648 -0.00481013070580899 0.9999860047248484 -0.28316321734605765 0.3565291872291567 -0.5054439925025491
FixedParameters: 0 0 0
#Transform 76
Transform: MatrixOffsetTransformBase_double_3_3
Parameters: 0.9999978150868086 -0.00022135132456998583 -0.0020334526085702656 0.0002313760406829352 0.9999906113774568 0.004403876426330722 0.00203282046723958 -0.004404125990849078 0.9999884130381901 -0.2511594959898815 0.28890502009303987 -0.4132084798193034
FixedParameters: 0 0 0
#Transform 77
Transform: MatrixOffsetTransformBase_double_3_3
Parameters: 0.9999981375482031 -0.00010674694168430211 -0.001962451002078003 0.00011645677402538252 0.9999893884583643 0.004526142715644027 0.001961816930228901 -0.004526851837748425 0.9999877704607663 -0.2577517969757821 0.31790429954807564 -0.4747490596711259
FixedParameters: 0 0 0
#Transform 78
Transform: MatrixOffsetTransformBase_double_3_3
Parameters: 0.9999979477605699 -0.00042644525919982687 -0.0019675107841641325 0.00043550795930301194 0.9999903046387435 0.004308484752232916 0.0019651582788402485 -0.004309508758161523 0.9999885079779847 -0.2842976267652233 0.40213119232655004 -0.4918970779762617
FixedParameters: 0 0 0
#Transform 79
Transform: MatrixOffsetTransformBase_double_3_3
Parameters: 0.999997132428122 -0.0003028273201814525 -0.0024030608656185177 0.0003130687775255162 0.9999907461850779 0.004386767319226603 0.002402231224253319 -0.004387240757216776 0.9999878944283148 -0.28101000740539916 0.29981699489155744 -0.4342382535035796
FixedParameters: 0 0 0
#Transform 80
Transform: MatrixOffsetTransformBase_double_3_3
Parameters: 0.9999971210770198 -0.00003159306434473793 -0.002208478447391262 0.00004129618905199424 0.999991896152765 0.004020251641556782 0.0022085617054550537 -0.0040197417216329134 0.9999889039812464 -0.30459436818738084 0.42821797886139734 -0.5287606484812244
FixedParameters: 0 0 0
#Transform 81
Transform: MatrixOffsetTransformBase_double_3_3
Parameters: 0.999998042883086 0.000034303019290415795 -0.001988920497001391 -0.000024452793613801685 0.9999859420559958 0.005286423904301452 0.001989132602288902 -0.005286578200241615 0.999984206205697 -0.2705808405028165 0.3093200795052553 -0.4066925006562201
FixedParameters: 0 0 0
#Transform 82
Transform: MatrixOffsetTransformBase_double_3_3
Parameters: 0.999997595512307 0.0002380838024674235 -0.002085465285232893 -0.00022873279429915023 0.9999905714118145 0.004253878501714686 0.0020858565802249524 -0.004254118097908072 0.9999888308797116 -0.2848760765151468 0.4363708215577162 -0.5130009687357813
FixedParameters: 0 0 0
#Transform 83
Transform: MatrixOffsetTransformBase_double_3_3
Parameters: 0.9999970704372775 0.00018065301261293464 -0.002428610236210379 -0.0001696688499530584 0.9999903756806784 0.004394817244941923 0.002428895775067266 -0.004395179618298856 0.9999870624769804 -0.2750918806364382 0.4158054755315135 -0.4759319728979392
FixedParameters: 0 0 0
#Transform 84
Transform: MatrixOffsetTransformBase_double_3_3
Parameters: 0.9999972673484112 0.000020845333574077778 -0.0023939366206869863 -0.00001767954033657994 0.9999992842542087 0.0012785787741348698 0.0023944965063308113 -0.0012784222409009671 0.99999671396254 -0.30795720715455843 0.4616048050710191 -0.5074798656990396
FixedParameters: 0 0 0
#Transform 85
Transform: MatrixOffsetTransformBase_double_3_3
Parameters: 0.9999957077703778 -0.00011618962703751804 -0.002877372927960968 0.00013078596277908488 0.9999879976517357 0.0049933488403410276 0.0028765517617810876 -0.004993659646740256 0.9999838395778956 -0.2825310534985306 0.3508790926720593 -0.4586296721700762
FixedParameters: 0 0 0
#Transform 86
Transform: MatrixOffsetTransformBase_double_3_3
Parameters: 0.9999976285549951 -0.00003000218713695665 -0.0023171598929299713 0.000039895783348921994 0.9999904493633794 0.004297450578480272 0.002317576198994215 -0.004297548266221113 0.9999882419639612 -0.27762690719424654 0.300152541789231 -0.42947283453442253
FixedParameters: 0 0 0
#Transform 87
Transform: MatrixOffsetTransformBase_double_3_3
Parameters: 0.9999964861118114 -0.00067672201887196 -0.0026559898284057135 0.0006821282217037035 0.9999981605027413 0.0019128385049097807 0.0026552261198327016 -0.0019141632229239258 0.9999950026210388 -0.318390911281341 0.4922041559346013 -0.5215845392867635
FixedParameters: 0 0 0
#Transform 88
Transform: MatrixOffsetTransformBase_double_3_3
Parameters: 0.9999966421252187 -0.0006754567021725873 -0.002429177385285369 0.0006820294844806486 0.9999962945419778 0.0027378270173266106 0.0024276367728601656 -0.002739175148335965 0.99999334876094 -0.29033507320176 -0.0007439834667195555 -0.23871156092080525
FixedParameters: 0 0 0
#Transform 89
Transform: MatrixOffsetTransformBase_double_3_3
Parameters: 0.9999938892567474 -0.0017039566972950773 -0.0030342999048476064 0.0017148352209362255 0.9999928237754918 0.003467372352036424 0.003028250561847018 -0.003472625687060582 0.9999889835429088 -0.20913709247186318 -0.0482124389013876 -0.24671579779094088
FixedParameters: 0 0 0
#Transform 90
Transform: MatrixOffsetTransformBase_double_3_3
Parameters: 0.999992809388474 -0.0023437966797530546 -0.00294948571862481 0.0023551554871741693 0.9999890452719198 0.0040655808367824064 0.0029396463135458553 -0.0040724231710590475 0.9999876503237751 -0.1459272582425939 0.026822357709491484 -0.2592315330101087
FixedParameters: 0 0 0
#Transform 91
Transform: MatrixOffsetTransformBase_double_3_3
Parameters: 0.9999944399442056 -0.0018892727428377063 -0.0028266735877977987 0.001901893191667967 0.9999884964298479 0.004321201896481913 0.002818405632739013 -0.0043267926685297 0.999986549303121 -0.14318487173933647 0.10526353583814796 -0.28289500611876406
FixedParameters: 0 0 0
#Transform 92
Transform: MatrixOffsetTransformBase_double_3_3
Parameters: 0.9999937946843171 -0.00173058050991486 -0.003034913856366353 0.0017439393269236736 0.9999889706074572 0.004336456802887856 0.0030271477664284866 -0.0043415427831047515 0.9999861699445801 -0.16738896388307012 0.1725622305359309 -0.3627865989481478
FixedParameters: 0 0 0
#Transform 93
Transform: MatrixOffsetTransformBase_double_3_3
Parameters: 0.9999953825735112 -0.0019464278851481103 -0.0024147623061316456 0.0019587288888235545 0.9999843993386458 0.005166650596438144 0.0024038591059020536 -0.005170342785484616 0.9999835559999276 -0.14508501220146286 0.17453102679762367 -0.30360171025124316
FixedParameters: 0 0 0
#Transform 94
Transform: MatrixOffsetTransformBase_double_3_3
Parameters: 0.9999957202403913 -0.002149161953164672 -0.0021585943864810353 0.0021606932389085427 0.9999844002671607 0.00506557736069263 0.0021476630339434233 -0.005070417993089438 0.9999849502998399 -0.12702880818700635 0.19068092675010462 -0.28729594319956675
FixedParameters: 0 0 0
#Transform 95
Transform: MatrixOffsetTransformBase_double_3_3
Parameters: 0.9999972322768027 -0.0013279258492327676 -0.002000469726118205 0.0013398582123041092 0.9999841281398121 0.005444580960585088 0.0019937269467742813 -0.005446411768439574 0.9999827967114 -0.14439837336708194 0.2146294361698864 -0.3140192470998784
FixedParameters: 0 0 0
#Transform 96
Transform: MatrixOffsetTransformBase_double_3_3
Parameters: 0.999997603255326 -0.0014651382000248302 -0.0018032398115012216 0.0014742004187665247 0.9999837227762152 0.0055194653414809 0.0017949665356246658 -0.005522534002608298 0.9999829170539649 -0.14528322422474105 0.22677908055712237 -0.3214066972534795
FixedParameters: 0 0 0
#Transform 97
Transform: MatrixOffsetTransformBase_double_3_3
Parameters: 0.9999961084077448 -0.0017284788036795254 -0.001976044630101856 0.0017391359762672911 0.9999843603719639 0.0053986648970323625 0.0019662579640545375 -0.005402338542480928 0.9999834166909252 -0.10190325777567466 0.19385298022055508 -0.2924015509064759
FixedParameters: 0 0 0
#Transform 98
Transform: MatrixOffsetTransformBase_double_3_3
Parameters: 0.9999950652281399 -0.0023632998283946685 -0.0020858532589796805 0.0023746026494460438 0.9999822086634309 0.0053870910825031815 0.002072384883685029 -0.005391896121199807 0.9999827626475489 -0.07518562987789323 0.21324789289487 -0.29182246089807506
FixedParameters: 0 0 0
#Transform 99
Transform: MatrixOffsetTransformBase_double_3_3
Parameters: 0.9999974249090762 -0.0013878326123065359 -0.0016273326026174243 0.0013983465309449065 0.9999798467779277 0.00620984924943227 0.0016187976146378714 -0.006212151895037571 0.9999794242496337 -0.14025148276741106 0.27414552420651717 -0.33587942016713157
FixedParameters: 0 0 0
#Transform 100
Transform: MatrixOffsetTransformBase_double_3_3
Parameters: 0.9999963773375348 -0.001967129742797287 -0.001937652436813639 0.001976305719709244 0.9999849954205402 0.005079238609403208 0.0019275414534787175 -0.005082756069104438 0.999984748390641 -0.10560841917167352 0.21727024859274024 -0.2830556268142459
FixedParameters: 0 0 0
#Transform 101
Transform: MatrixOffsetTransformBase_double_3_3
Parameters: 0.9999974495524363 -0.0020291950310944817 -0.0011966647574317801 0.002035712356652028 0.9999837771138891 0.005327352121157564 0.0011862184399201 -0.0053306466091739835 0.9999848754816432 -0.07356546984860302 0.23032799688064642 -0.2978298597796396
FixedParameters: 0 0 0
#Transform 102
Transform: MatrixOffsetTransformBase_double_3_3
Parameters: 0.9999975474898227 -0.0016653716173844976 -0.0016367523970228818 0.001675760284608545 0.9999796711491485 0.0060873497478860505 0.0016261652667755597 -0.006089639115942402 0.9999797359561517 -0.10297542022385642 0.27796008605869815 -0.3554785867374335
FixedParameters: 0 0 0
#Transform 103
Transform: MatrixOffsetTransformBase_double_3_3
Parameters: 0.99999625388389 -0.001877686264450445 -0.0017943620364317223 0.001889126232714238 0.9999782503328715 0.006301711606251148 0.0017826844553941207 -0.006305287106694174 0.9999785344110806 -0.08048107868785337 0.2543659778375513 -0.3305002240680892
FixedParameters: 0 0 0
#Transform 104
Transform: MatrixOffsetTransformBase_double_3_3
Parameters: 0.999996890833218 -0.0018552801378554672 -0.0016334398427534321 0.0018658949696224423 0.9999755074949903 0.006674049242591157 0.0016206656170676874 -0.006676942257291318 0.9999762576656818 -0.09293229353619381 0.3473061285900627 -0.3854888617089074
FixedParameters: 0 0 0
#Transform 105
Transform: MatrixOffsetTransformBase_double_3_3
Parameters: 0.9999968264977567 -0.0019221824083593035 -0.0015740660173913488 0.0019319681086581004 0.9999782224795644 0.006291061176524587 0.001562695503211235 -0.0062939444030984115 0.9999794119646476 -0.08096688070861546 0.30644136393496524 -0.34107136812772865
FixedParameters: 0 0 0
#Transform 106
Transform: MatrixOffsetTransformBase_double_3_3
Parameters: 0.9999981810449815 -0.0010873888624109282 -0.0016239576227765175 0.0010980313495266613 0.999977667605077 0.0066703432795049145 0.0016163480559613108 -0.006671664480772055 0.9999765078312728 -0.08987611583047794 0.31689057992018377 -0.3611499727538501
FixedParameters: 0 0 0
#Transform 107
Transform: MatrixOffsetTransformBase_double_3_3
Parameters: 0.9999970757888992 -0.0010584542492047288 -0.0019504256280811869 0.0010722865277418264 0.9999744064769402 0.007130208534856991 0.001942711279397902 -0.007131801219434103 0.9999729655023845 -0.10481975332332638 0.35352843136408296 -0.39165585251585355
FixedParameters: 0 0 0
#Transform 108
Transform: MatrixOffsetTransformBase_double_3_3
Parameters: 0.9999969504237175 -0.0015780200026878281 -0.0016004515193847847 0.0015880826144490882 0.9999763761962106 0.0067425918488625 0.001589195010517871 -0.006745421732443246 0.9999766099150643 -0.07305862961091236 0.30271517371394907 -0.35983975682809444
FixedParameters: 0 0 0
#Transform 109
Transform: MatrixOffsetTransformBase_double_3_3
Parameters: 0.9999966883063514 -0.0010562723962753548 -0.0022794234089326933 0.00107341380860203 0.9999713820814483 0.007476021591047821 0.0022714903106426155 -0.007477977218635329 0.9999694934367043 -0.11100207610110147 0.41264042864746386 -0.43906040723534545
FixedParameters: 0 0 0
#Transform 110
Transform: MatrixOffsetTransformBase_double_3_3
Parameters: 0.9999971991901359 -0.0014583868253219652 -0.001916669200575188 0.0014720842227839046 0.9999739061514908 0.0070913073443110985 0.0019063194833916029 -0.007094689449590935 0.9999726703521445 -0.07853539266373843 0.33333060125139014 -0.38965747988800103
FixedParameters: 0 0 0
#Transform 111
Transform: MatrixOffsetTransformBase_double_3_3
Parameters: 0.9999987098457557 -0.0011835630250643875 -0.001374671597666493 0.001193564977740809 0.999971249948165 0.007529486322973039 0.0013657119253361685 -0.007530523934694222 0.9999710563197876 -0.06846914911577073 0.34721022740153273 -0.3992919767165404
FixedParameters: 0 0 0
#Transform 112
Transform: MatrixOffsetTransformBase_double_3_3
Parameters: 0.9999978486362427 -0.001049307409294473 -0.0020121036846731154 0.0010652321170007144 0.9999698350334797 0.007634351442230458 0.0020045936750790923 -0.007636649839710741 0.9999694100231349 -0.11388707895700634 0.4580328992338849 -0.4437789107118988
FixedParameters: 0 0 0
#Transform 113
Transform: MatrixOffsetTransformBase_double_3_3
Parameters: 0.9999988368653007 -0.0004939810502573864 -0.0017082177452728898 0.0005056483562504651 0.9999768120331199 0.006781485278319538 0.0017054515188517922 -0.006782520605855602 0.9999760326137904 -0.09943446872806305 0.29176659194629906 -0.3689353596568026
FixedParameters: 0 0 0
#Transform 114
Transform: MatrixOffsetTransformBase_double_3_3
Parameters: 0.9999962860242633 -0.0006263938416100087 -0.0025145145075730225 0.0006442811314474853 0.999973105448652 0.007252075449857648 0.002509517537867772 -0.0072539256641182825 0.9999709669894317 -0.12683072752872704 0.319287746888989 -0.4284400119054226
FixedParameters: 0 0 0
#Transform 115
Transform: MatrixOffsetTransformBase_double_3_3
Parameters: 0.9999979172845088 -0.0009034488935655663 -0.00180695579516544 0.0009171983806880654 0.9999727897258197 0.0073984691162238825 0.0018007946213181767 -0.007399533827278676 0.9999706355252215 -0.09258834336104371 0.28046907776223406 -0.40215696862061634
FixedParameters: 0 0 0
#Transform 116
Transform: MatrixOffsetTransformBase_double_3_3
Parameters: 0.9999983078191002 -0.0005156162978754265 -0.0018508111892829966 0.000530075733726366 0.9999696803993481 0.007814201689761296 0.0018471629426935685 -0.007815799751822838 0.999967476981022 -0.08554853034867449 0.3355646518295714 -0.40421696613938707
FixedParameters: 0 0 0
#Transform 117
Transform: MatrixOffsetTransformBase_double_3_3
Parameters: 0.9999985434723948 -0.0003866163803785954 -0.0018183433485129926 0.0004004243472233096 0.9999697207318776 0.007819454049787344 0.0018157271544364272 -0.007820548712086317 0.9999675159435658 -0.10413419016167325 0.3906926833964093 -0.4257312285761401
FixedParameters: 0 0 0
#Transform 118
Transform: MatrixOffsetTransformBase_double_3_3
Parameters: 0.9999981244590941 -0.0006113314742816716 -0.001581421610082961 0.0006223855546853144 0.9999746820781322 0.007080160623895354 0.0015776849153930508 -0.007080831872140009 0.9999731741449166 -0.08512749832536315 0.29407706925111654 -0.37518624179284643
FixedParameters: 0 0 0
#Transform 119
Transform: MatrixOffsetTransformBase_double_3_3
Parameters: 0.9999979786650508 -0.0009213782188911147 -0.0020423565873778334 0.0009368943773189475 0.9999700175019746 0.0077024134532950594 0.002035861775132935 -0.007704589780582444 0.9999682714035769 -0.10545776618448599 0.35819184948893223 -0.4328478912889864
FixedParameters: 0 0 0
#Transform 120
Transform: MatrixOffsetTransformBase_double_3_3
Parameters: 0.9999981604254433 -0.00047729746721104444 -0.0016158687669595975 0.000489347401132917 0.9999712858131945 0.007594358071377094 0.0016127110278119378 -0.007594641040805872 0.9999695200133866 -0.0857627781317376 0.29228009646990927 -0.38308236412299834
FixedParameters: 0 0 0
#Transform 121
Transform: MatrixOffsetTransformBase_double_3_3
Parameters: 0.9999989923366271 -0.0007483270027307449 -0.0012034694967425796 0.0007572751757758739 0.9999682911966912 0.007958240611019213 0.0011973008945261325 -0.007958770445692265 0.9999680235382584 -0.06689447225825518 0.3082511903016467 -0.3831969147981624
FixedParameters: 0 0 0
#Transform 122
Transform: MatrixOffsetTransformBase_double_3_3
Parameters: 0.9999979198972274 -0.0006495700096151957 -0.0019128529812822402 0.0006648094182477958 0.999969427706863 0.007769047484213837 0.001907164690687063 -0.007769945059390437 0.9999677600427621 -0.09380809341104168 0.36266545877110445 -0.421658732468444
FixedParameters: 0 0 0
#Transform 123
Transform: MatrixOffsetTransformBase_double_3_3
Parameters: 0.9999961375510327 -0.0020071704026888206 -0.001683234456187478 0.0020208501934419762 0.9999670954129295 0.007832707590580634 0.0016670398069221868 -0.007836293592514698 0.9999682812539562 -0.04384160759965994 0.3182159116735761 -0.4083951891873454
FixedParameters: 0 0 0
#Transform 124
Transform: MatrixOffsetTransformBase_double_3_3
Parameters: 0.9999983964515621 -0.0008309240392297161 -0.0013833248605436554 0.000842175184141079 0.9999693016551015 0.007757979988186753 0.0013761578324808282 -0.007759010979816544 0.9999687043319818 -0.10932154018287576 0.3850793986501486 -0.44116376273809976
FixedParameters: 0 0 0
#Transform 125
Transform: MatrixOffsetTransformBase_double_3_3
Parameters: 0.9999979183332006 -0.0011219277870630014 -0.001680010112360517 0.0011345198119928155 0.999969078819005 0.007810219292669313 0.001671835732241762 -0.007811781426946357 0.9999678140809594 -0.07993599453625677 0.34236670906057043 -0.4119028903719908
FixedParameters: 0 0 0
#Transform 126
Transform: MatrixOffsetTransformBase_double_3_3
Parameters: 0.9999976787777397 -0.0010686637374677658 -0.0017831633050398663 0.0010822942202525212 0.999967459313482 0.007974395627443731 0.0017746438412441028 -0.007976609090612624 0.9999670000657903 -0.0846498018098174 0.34821977487817435 -0.40959175731444475
FixedParameters: 0 0 0
#Transform 127
Transform: MatrixOffsetTransformBase_double_3_3
Parameters: 0.9999972835525719 -0.0009375191842938262 -0.0021992061469178373 0.0009564597615261508 0.9999642328046028 0.008383364470870097 0.0021914877620405207 -0.008384632033325595 0.9999624651941675 -0.10420978061972619 0.39897662882856366 -0.4646279033233185
FixedParameters: 0 0 0
#Transform 128
Transform: MatrixOffsetTransformBase_double_3_3
Parameters: 0.9999972700802114 -0.0013314590968651061 -0.001989306933747272 0.0013470184726135529 0.9999668283495246 0.008046623849033346 0.0019786972015999878 -0.008049383038819746 0.999965898784077 -0.07783932421772022 0.3095832435767534 -0.40362774169014415
FixedParameters: 0 0 0
#Transform 129
Transform: MatrixOffsetTransformBase_double_3_3
Parameters: 0.9999974842089091 -0.0006365641356824605 -0.002027707686475366 0.0006535218384317294 0.9999638384668763 0.008482998531830599 0.0020217976067104073 -0.008483997744396732 0.999961703476748 -0.09626119621601958 0.38320546187441096 -0.4599689545090939
FixedParameters: 0 0 0
#Transform 130
Transform: MatrixOffsetTransformBase_double_3_3
Parameters: 0.9999965908259298 -0.000886057347642927 -0.0025735499065357484 0.0009089228975024623 0.9999636099817859 0.008533170547039032 0.0025659165807759825 -0.008535834865034259 0.999960302495007 -0.09978337263623871 0.388770219969345 -0.45419970555039413
FixedParameters: 0 0 0
#Transform 131
Transform: MatrixOffsetTransformBase_double_3_3
Parameters: 0.9999986923082134 -0.0009936234785824095 -0.0015238867688747988 0.001004834738645006 0.9999681941981929 0.007947593052881424 0.0015153127172937318 -0.007948410404784723 0.9999671545749415 -0.07508915004797245 0.3574770085002541 -0.43615752028655663
FixedParameters: 0 0 0
#Transform 132
Transform: MatrixOffsetTransformBase_double_3_3
Parameters: 0.9999972365362662 -0.0006242060994083166 -0.002091485887725529 0.0006413184707362006 0.9999655882284991 0.00825997972488543 0.0020860664149449366 -0.008261010227036597 0.9999631741797801 -0.11174988901791494 0.40816728977921457 -0.4668840254554141
FixedParameters: 0 0 0
#Transform 133
Transform: MatrixOffsetTransformBase_double_3_3
Parameters: 0.9999976672838591 -0.0015094928228336435 -0.0014330937175100113 0.0015214660661511132 0.999965650879344 0.008086942173836376 0.0014206456883918714 -0.008089047485919043 0.9999661827189734 -0.06884196193081493 0.31669601950696347 -0.4230328082538648
FixedParameters: 0 0 0
#Transform 134
Transform: MatrixOffsetTransformBase_double_3_3
Parameters: 0.9999982472800101 -0.0005381890706031894 -0.0015695783224695353 0.0005511957042028295 0.9999646228711759 0.008442288147216481 0.0015647347626425302 -0.008442717921634507 0.9999630701068987 -0.12112228895271926 0.3782775057830179 -0.48027985248126015
FixedParameters: 0 0 0
#Transform 135
Transform: MatrixOffsetTransformBase_double_3_3
Parameters: 0.9999981811127517 -0.0010450011821756657 -0.0016512764321921672 0.0010519832787147204 0.9999916664105799 0.00405241204793419 0.0016469239489432883 -0.004054592701638021 0.9999906527923894 -0.1558125627139333 0.09529724350015556 -0.23495542203487219
FixedParameters: 0 0 0
#Transform 136
Transform: MatrixOffsetTransformBase_double_3_3
Parameters: 0.9999959870745015 -0.0015608040992321143 -0.0021390572089652433 0.0015655046919902191 0.9999965700967246 0.0021309071867237628 0.002136197604917415 -0.002134093019763278 0.9999953218383248 -0.12893312871489115 -0.030589240555073616 -0.2851836194847124
FixedParameters: 0 0 0
#Transform 137
Transform: MatrixOffsetTransformBase_double_3_3
Parameters: 0.9999956309155981 -0.0018869915971230368 -0.0021929150992841284 0.0018971895078561023 0.9999863280954047 0.004757104075834906 0.0021838445126717006 -0.004761888304856798 0.9999859968251472 -0.1008149555335649 -0.007833214937988942 -0.3304397565076016
FixedParameters: 0 0 0
#Transform 138
Transform: MatrixOffsetTransformBase_double_3_3
Parameters: 0.9999962383257498 -0.0017514247287263348 -0.002166769926813239 0.0017628310512134825 0.9999842854591156 0.005323419311287436 0.0021571669258621962 -0.005326577964803264 0.9999832411193168 -0.08638102435541839 0.03234376006015793 -0.3714417758643407
FixedParameters: 0 0 0
#Transform 139
Transform: MatrixOffsetTransformBase_double_3_3
Parameters: 0.9999968755691593 -0.001999241403877436 -0.0014590244311701696 0.0020061192276677547 0.9999841654503244 0.0052260000725687095 0.0014486569972588144 -0.0052289971119283685 0.9999850561640667 -0.07739075523984695 0.07036311783866722 -0.40767901347689417
FixedParameters: 0 0 0
#Transform 140
Transform: MatrixOffsetTransformBase_double_3_3
Parameters: 0.9999971166342032 -0.0017018349525080162 -0.0014094211948847937 0.0017101169781070045 0.9999816584302036 0.005909520922789069 0.0013998254198058138 -0.005911487312777491 0.9999815894395555 -0.04659663852579854 0.02815020454059436 -0.36459001729987506
FixedParameters: 0 0 0
#Transform 141
Transform: MatrixOffsetTransformBase_double_3_3
Parameters: 0.9999959187294278 -0.002073653107691882 -0.001944155765432051 0.00208407255537044 0.9999845293619323 0.0050851887627637316 0.0019337462074286876 -0.005088811333766374 0.9999856337900357 -0.062249074964540796 0.061407577708450845 -0.4496622736734537
FixedParameters: 0 0 0
#Transform 142
Transform: MatrixOffsetTransformBase_double_3_3
Parameters: 0.9999963838001691 -0.0020476037045768307 -0.0018498370850599897 0.0020590270855986017 0.9999795495579289 0.006061297605193278 0.0018379884644903215 -0.0060657083424449365 0.999980301326088 -0.04582541467132728 0.03500057185523531 -0.3676191796250379
FixedParameters: 0 0 0
#Transform 143
Transform: MatrixOffsetTransformBase_double_3_3
Parameters: 0.9999966857941889 -0.0020220339858437373 -0.0017957724724237613 0.0020325024589107413 0.9999813422109356 0.005749453434541862 0.0017843491617274903 -0.0057535497588769025 0.9999821833923642 -0.02210029628616894 0.03692514115093104 -0.3438053493250095
FixedParameters: 0 0 0
#Transform 144
Transform: MatrixOffsetTransformBase_double_3_3
Parameters: 0.9999958097184202 -0.0017710532632110659 -0.0024605974455381434 0.0017856184526675665 0.9999792110846961 0.006098045640085703 0.0024496765410251847 -0.00610294534156669 0.9999781656250739 -0.04015634162468018 0.12932241539384393 -0.41121499500687264
FixedParameters: 0 0 0
#Transform 145
Transform: MatrixOffsetTransformBase_double_3_3
Parameters: 0.9999966719838164 -0.0017769004862784555 -0.0020423017771426222 0.0017894769857119742 0.999978352978759 0.00633858902216583 0.0020311124955680396 -0.006341413644332106 0.9999779268332347 -0.029023458356036258 0.07869778825033791 -0.3621667230819412
FixedParameters: 0 0 0
#Transform 146
Transform: MatrixOffsetTransformBase_double_3_3
Parameters: 0.9999969520414531 -0.0010886727359173231 -0.0024217853507585967 0.0011015489540459654 0.9999835549099566 0.005610826122579293 0.002415001965622976 -0.005614174591446447 0.9999813962078749 -0.09547082233875415 0.15315295823161534 -0.43147974592083926
FixedParameters: 0 0 0
#Transform 147
Transform: MatrixOffsetTransformBase_double_3_3
Parameters: 0.9999950131348961 -0.0014449584205732894 -0.002626728127677926 0.00146198874838418 0.9999780902808781 0.006433773226427381 0.0026169964396139966 -0.006437226975922389 0.9999760904883618 -0.07804246752979793 0.1047763386451237 -0.386442016508056
FixedParameters: 0 0 0
#Transform 148
Transform: MatrixOffsetTransformBase_double_3_3
Parameters: 0.9999954881737528 -0.0012261693147710736 -0.002830119903520444 0.001243901528104843 0.9999800415740224 0.006153117886747328 0.0028219218315133805 -0.006156872538949948 0.9999766777110587 -0.08925125728386263 0.13127521746977777 -0.40943400016381304
FixedParameters: 0 0 0
#Transform 149
Transform: MatrixOffsetTransformBase_double_3_3
Parameters: 0.9999952402144306 -0.0011020348403137157 -0.002747342912400699 0.0011183239793024053 0.9999809107298997 0.006106569187004335 0.0027398007825107187 -0.0061094350657115715 0.9999777132711243 -0.10380788773004213 0.1705680771439262 -0.4319461973079086
FixedParameters: 0 0 0
#Transform 150
Transform: MatrixOffsetTransformBase_double_3_3
Parameters: 0.999994948304258 -0.001793074089605493 -0.0026143103698471172 0.0018096428239214991 0.9999790614330173 0.00627869115870347 0.0026036138754001615 -0.006283316046685722 0.9999769839276801 -0.0649241044949207 0.12027912486222192 -0.37356013130568044
FixedParameters: 0 0 0
#Transform 151
Transform: MatrixOffsetTransformBase_double_3_3
Parameters: 0.9999917816755638 -0.0011652847230687598 -0.003982283755606419 0.0011857184118567849 0.9999858635768775 0.005224607334130604 0.003976695767158359 -0.0052293955030957295 0.9999782744173173 -0.16574570188244309 0.03723499823770737 -0.3167633709169735
FixedParameters: 0 0 0
#Transform 152
Transform: MatrixOffsetTransformBase_double_3_3
Parameters: 0.9999927988470796 -0.0014718213435025644 -0.0034691189070700434 0.0014919183739134042 0.9999822627395011 0.005760782859210667 0.003460538627294494 -0.00576621296549773 0.9999770994796636 -0.12689894438257454 -0.03672666167113903 -0.3271753423835406
FixedParameters: 0 0 0
#Transform 153
Transform: MatrixOffsetTransformBase_double_3_3
Parameters: 0.9999938596893796 -0.0011437266259135455 -0.0034401581840326914 0.0011656834723136314 0.9999781154621579 0.006559983797362251 0.003432044863141044 -0.00656402246282356 0.9999726232880449 -0.11428394881187387 -0.0112169353115803 -0.32405365917395557
FixedParameters: 0 0 0
#Transform 154
Transform: MatrixOffsetTransformBase_double_3_3
Parameters: 0.9999906734262505 -0.0012723977769356395 -0.004208304573966993 0.001298255425441114 0.9999793039223764 0.006293047031607907 0.004199841582379024 -0.006298951241869022 0.9999710891140957 -0.1614962847153123 0.030585986156324907 -0.4033757715735504
FixedParameters: 0 0 0
#Transform 155
Transform: MatrixOffsetTransformBase_double_3_3
Parameters: 0.9999896636531 -0.001288025846902025 -0.004321678370092056 0.0013176722163517553 0.9999750035245658 0.007003972185530227 0.004312809573718224 -0.007009041124351412 0.9999664762469958 -0.14558461102146225 -0.0026083091128583646 -0.37824752097900216
FixedParameters: 0 0 0
#Transform 156
Transform: MatrixOffsetTransformBase_double_3_3
Parameters: 0.9999916397603563 -0.0012313965170989006 -0.003980360718860856 0.0012594681019941834 0.999974481850388 0.007035330279947266 0.003971707430187818 -0.007040666492997949 0.9999670893879244 -0.11957091269424325 0.015515285471408902 -0.35806235732719927
FixedParameters: 0 0 0
#Transform 157
Transform: MatrixOffsetTransformBase_double_3_3
Parameters: 0.9999876102649825 -0.00135960573341751 -0.004747580554606659 0.0013921652130496208 0.9999758732299571 0.006785397221143075 0.004738458384725549 -0.006791597573646141 0.9999655679820285 -0.13502212842173833 0.07388151584044067 -0.42473773759228095
FixedParameters: 0 0 0
#Transform 158
Transform: MatrixOffsetTransformBase_double_3_3
Parameters: 0.999989086616005 -0.001314541909368083 -0.004492861769358246 0.0013470849034073233 0.999971240366147 0.007388811293167846 0.004483085605987475 -0.007395182766789327 0.9999625608745377 -0.14074122560845126 0.1120806304610511 -0.43264744878949557
FixedParameters: 0 0 0
#Transform 159
Transform: MatrixOffsetTransformBase_double_3_3
Parameters: 0.9999911897277314 -0.001003953044454119 -0.0040992296424897726 0.0010339089042981755 0.9999716555012851 0.007463311475759876 0.004091433213569029 -0.007467696240956695 0.9999640647389473 -0.1261036179878232 0.06231111297438474 -0.38087320493075083
FixedParameters: 0 0 0
#Transform 160
Transform: MatrixOffsetTransformBase_double_3_3
Parameters: 0.9999898394649134 -0.0007397858066132072 -0.00442864635938321 0.0007748988909683355 0.9999696214673608 0.007750322266240339 0.0044226914119429705 -0.007753671396520612 0.9999600286272355 -0.1457295746739362 0.09452197758011494 -0.42694455802558196
FixedParameters: 0 0 0
#Transform 161
Transform: MatrixOffsetTransformBase_double_3_3
Parameters: 0.9999905208024181 -0.00038536082882393316 -0.00439680282343295 0.0004205565159672342 0.9999689663566679 0.007872935901416966 0.00439328820702058 -0.007874065571692235 0.999959567904469 -0.14757282925081938 0.11431820919651159 -0.4184413303016754
FixedParameters: 0 0 0
#Transform 162
Transform: MatrixOffsetTransformBase_double_3_3
Parameters: 0.9999887283554323 -0.0006257484731096075 -0.004677437794498059 0.0006635291463853651 0.999966198046012 0.008168001106223288 0.004672558244831474 -0.008170003186829589 0.999956062183167 -0.14727047744989363 0.0783867913249594 -0.402696643786399
FixedParameters: 0 0 0
#Transform 163
Transform: MatrixOffsetTransformBase_double_3_3
Parameters: 0.9999873808317462 0.00001773480571397876 -0.004962023726731376 0.00002590884206844063 0.9999611467386043 0.008805109826078489 0.004961387483664255 -0.0088048932208879 0.9999491740565011 -0.1684016135623807 0.1560585281101936 -0.4858978154247211
FixedParameters: 0 0 0
#Transform 164
Transform: MatrixOffsetTransformBase_double_3_3
Parameters: 0.9999860566631423 -0.00023491575597302272 -0.005185057872793324 0.000281426762714427 0.9999598900565879 0.008938925075778287 0.005183344534034341 -0.008940067274054386 0.9999463330843708 -0.1729946874743149 0.15883471676281147 -0.46926661433823824
FixedParameters: 0 0 0
#Transform 165
Transform: MatrixOffsetTransformBase_double_3_3
Parameters: 0.9999891950012777 -0.0003455494912660899 -0.004656409324462287 0.00038584259389664303 0.9999626122923265 0.008615199000869683 0.004653959686511975 -0.00861679799544704 0.9999521082579179 -0.16167573850758288 0.12523619104109684 -0.4307430665555927
FixedParameters: 0 0 0
#Transform 166
Transform: MatrixOffsetTransformBase_double_3_3
Parameters: 0.9999887369604422 0.0002188179490910623 -0.00481779110895158 -0.00017746523087335399 0.9999630452723797 0.008623777420836753 0.004820303891733965 -0.008623223442388472 0.9999509585459961 -0.19189133802720448 0.19952619203702682 -0.489074546816866
FixedParameters: 0 0 0
#Transform 167
Transform: MatrixOffsetTransformBase_double_3_3
Parameters: 0.9999889404529669 -0.00016514958992991575 -0.004799320901425619 0.00020673234661761563 0.9999604057416418 0.008854210113131505 0.004797434550157763 -0.008854795357268297 0.9999497263449585 -0.1703209454791903 0.17305034090369986 -0.4545324890514024
FixedParameters: 0 0 0
#Transform 168
Transform: MatrixOffsetTransformBase_double_3_3
Parameters: 0.9999873704026628 -0.00015996072076803738 -0.004960253042182498 0.0002036285231673523 0.9999610170822258 0.008876206783260066 0.004958602336535742 -0.008876810789927636 0.9999487645856783 -0.17953289155330765 0.1526432308891259 -0.4518400231790167
FixedParameters: 0 0 0
#Transform 169
Transform: MatrixOffsetTransformBase_double_3_3
Parameters: 0.9999857376410152 0.00003644452072442935 -0.0054096257328934295 0.000013561575729353122 0.9999581071702972 0.009135552479882486 0.005409136151253251 -0.009135442689374274 0.9999437110903727 -0.1882798275087083 0.22362043696183775 -0.5049832793140041
FixedParameters: 0 0 0
#Transform 170
Transform: MatrixOffsetTransformBase_double_3_3
Parameters: 0.9999860836036398 0.00003383233691097397 -0.005283203022559552 0.000017201299534944266 0.9999547619953643 0.009527369922898404 0.005283818502594188 -0.009527631474291365 0.9999407696953393 -0.18091406498639628 0.2177763042062537 -0.46591036556125687
FixedParameters: 0 0 0
#Transform 171
Transform: MatrixOffsetTransformBase_double_3_3
Parameters: 0.9999849704343745 0.0004402190220091273 -0.005369676019521163 -0.0003881715049690914 0.9999542360246203 0.009529602950533511 0.0053740849725208185 -0.009527386334257648 0.9999401444474353 -0.22122377485780476 0.27608985736505076 -0.5220050699755205
FixedParameters: 0 0 0
#Transform 172
Transform: MatrixOffsetTransformBase_double_3_3
Parameters: 0.9999859880395612 0.0011779566411067618 -0.005255706704850911 -0.0011244461866075977 0.9999484757858663 0.010093019925712376 0.005267741042813403 -0.010086970988667648 0.9999348894856048 -0.22568953977736328 0.24574917017336873 -0.49403775563804686
FixedParameters: 0 0 0
#Transform 173
Transform: MatrixOffsetTransformBase_double_3_3
Parameters: 0.9999855778655731 0.0007834814902937284 -0.005273565420648937 -0.0007291247779377901 0.9999475183092513 0.010187263720345036 0.005280901308735071 -0.010183734209186779 0.9999345639010347 -0.21099374215727096 0.2423757729705045 -0.4945967295022342
FixedParameters: 0 0 0
#Transform 174
Transform: MatrixOffsetTransformBase_double_3_3
Parameters: 0.9999835824466888 0.0005797799872785191 -0.0057517078033723825 -0.0005193144582930764 0.999945429979437 0.010457741177535507 0.005757305973374425 -0.01045425636127531 0.9999284888175721 -0.23165248068305289 0.2925371945935922 -0.5276369262148535
FixedParameters: 0 0 0
#Transform 175
Transform: MatrixOffsetTransformBase_double_3_3
Parameters: 0.9999855099217791 0.0005116502435869421 -0.005313264563983314 -0.0004569927756023266 0.9999460559630625 0.010387790267485542 0.005317735888618605 -0.01038521028633832 0.9999316878323009 -0.19592986190902195 0.2680385416396831 -0.4898346028272016
FixedParameters: 0 0 0
#Transform 176
Transform: MatrixOffsetTransformBase_double_3_3
Parameters: 0.999985342144576 0.0007121692099942353 -0.0053057178050704935 -0.0006553810426635596 0.999942501066895 0.010725704084521198 0.0053129935238602445 -0.010722289525819412 0.9999278245331117 -0.2398415953261832 0.34577493840821205 -0.5716498013324269
FixedParameters: 0 0 0
#Transform 177
Transform: MatrixOffsetTransformBase_double_3_3
Parameters: 0.9999848279844348 0.0010106076157921455 -0.005399362878439506 -0.0009522793181002394 0.9999413415625725 0.010834446090278754 0.00540946378564185 -0.010829568098468328 0.9999268131664192 -0.22452165280304826 0.3092882126405101 -0.5072481965140838
FixedParameters: 0 0 0
#Transform 178
Transform: MatrixOffsetTransformBase_double_3_3
Parameters: 0.9999881661948999 0.0010791350179797 -0.004761181975539513 -0.0010278751880966345 0.9999411792351836 0.010800590587306619 0.004772566382475821 -0.010795399245409731 0.9999297852744173 -0.2263076009681413 0.3331458442554691 -0.5305201689492662
FixedParameters: 0 0 0
#Transform 179
Transform: MatrixOffsetTransformBase_double_3_3
Parameters: 0.9999852035446825 0.001012975888182974 -0.005269835015665919 -0.0009560364400659221 0.9999394144608614 0.010968334540259195 0.005280266155131086 -0.010963678160959195 0.9999262736701704 -0.24558704154104305 0.36560985031799476 -0.5408154940599132
FixedParameters: 0 0 0
#Transform 180
Transform: MatrixOffsetTransformBase_double_3_3
Parameters: 0.9999855795326956 0.0012624168022468745 -0.00517925070249619 -0.001202971167721622 0.999932938890114 0.011542368805687375 0.00519375215979513 -0.011535647621152889 0.9999203326541055 -0.23093385808340372 0.3205186208659683 -0.48819072345276027
FixedParameters: 0 0 0
#Transform 181
Transform: MatrixOffsetTransformBase_double_3_3
Parameters: 0.9999838081651884 0.0012602846446945941 -0.005532013768494704 -0.0011948647135652832 0.9999307314647047 0.01171795839829523 0.005546523429404159 -0.011711030762189878 0.9999156061814757 -0.260473009631184 0.3985415370529779 -0.5832179079831263
FixedParameters: 0 0 0
#Transform 182
Transform: MatrixOffsetTransformBase_double_3_3
Parameters: 0.9999856291730282 0.0009176143555194536 -0.005246887697827687 -0.0008553696170146657 0.9999297657136409 0.011802755944043453 0.005257159454585539 -0.011798232373227358 0.9999163483250614 -0.24600484091915575 0.36638279135500795 -0.5216552209166281
FixedParameters: 0 0 0
#Transform 183
Transform: MatrixOffsetTransformBase_double_3_3
Parameters: 0.9999843116777756 0.0013768174901080711 -0.005366082233127447 -0.0013130808822924183 0.999929005742598 0.011862224355467882 0.005381588302100231 -0.011854776808583128 0.9999150458306141 -0.24503042891116422 0.3614378004553913 -0.5357071036205951
FixedParameters: 0 0 0
#Transform 184
Transform: MatrixOffsetTransformBase_double_3_3
Parameters: 0.999982258756713 0.0012303395313242893 -0.005850103669013558 -0.001163681634199847 0.9999353754623699 0.011341544922265245 0.0058643216559811 -0.011334465875566857 0.9999187721234442 -0.261874123523242 0.37862536556973225 -0.5624202700827539
FixedParameters: 0 0 0
#Transform 185
Transform: MatrixOffsetTransformBase_double_3_3
Parameters: 0.9999846210537371 0.0009506082310778591 -0.005520265553852054 -0.0008850632549175266 0.999927605789501 0.011978513588266099 0.00553146408512945 -0.011972487124628617 0.999913177520999 -0.23876924388042653 0.34987135056314855 -0.5171886635019263
FixedParameters: 0 0 0
#Transform 186
Transform: MatrixOffsetTransformBase_double_3_3
Parameters: 0.9999820192181255 0.002376055026756924 -0.005416055488310936 -0.0023129573617364065 0.9999303368228382 0.011568365025317606 0.005443514025739977 -0.011555628372066001 0.9999183115092928 -0.2715763022076345 0.37650835344139466 -0.4961604446878738
FixedParameters: 0 0 0
#Transform 187
Transform: MatrixOffsetTransformBase_double_3_3
Parameters: 0.999983978734811 0.000811088217180072 -0.0055999544098951064 -0.0007788891607243503 0.9999843000645805 0.005650726131704781 0.005605173168783484 -0.00564627113521618 0.9999678665618938 -0.29492170309016785 -0.2628304288828076 -0.30338550188578495
FixedParameters: 0 0 0
#Transform 188
Transform: MatrixOffsetTransformBase_double_3_3
Parameters: 0.9999824498035794 -0.000009036066620554152 -0.005962426206763556 0.00004644550569077971 0.999981091519266 0.0061148558913952655 0.005962131816274663 -0.006115136377360109 0.9999635705177612 -0.31030887603755275 -0.2715995500475543 -0.37072207481884334
FixedParameters: 0 0 0
#Transform 189
Transform: MatrixOffsetTransformBase_double_3_3
Parameters: 0.9999846745352995 0.0005567566736457352 -0.0054785686671750084 -0.0005223896269735921 0.9999807804216017 0.0062433742686058835 0.005482053063686541 -0.006240635712106923 0.9999659675739216 -0.27268968601818244 -0.2829371595268668 -0.2890349502955587
FixedParameters: 0 0 0
#Transform 190
Transform: MatrixOffsetTransformBase_double_3_3
Parameters: 0.9999825693275434 0.000495987007500579 -0.005931407057619027 -0.0004612622313067852 0.9999832696611116 0.005782614178562906 0.005934675141461254 -0.0057803814381493235 0.9999654470566265 -0.29718875589419724 -0.10721438343676937 -0.41867161446702994
FixedParameters: 0 0 0
#Transform 191
Transform: MatrixOffsetTransformBase_double_3_3
Parameters: 0.9999810631881046 0.0004928411711424227 -0.0060576840325080395 -0.0004543711259572746 0.9999798725900257 0.00640678938346026 0.006060364942001182 -0.006403219327767218 0.9999611408933736 -0.252505488086328 -0.18183448930005852 -0.3721419937059238
FixedParameters: 0 0 0
#Transform 192
Transform: MatrixOffsetTransformBase_double_3_3
Parameters: 0.9999780185503099 0.0005690567680895673 -0.006607532502800417 -0.0005260447127077691 0.9999789442316425 0.006454090285715308 0.006610737361241818 -0.006449899455589686 0.9999568159953591 -0.28459091342345744 -0.08237176216334774 -0.4302507212710083
FixedParameters: 0 0 0
#Transform 193
Transform: MatrixOffsetTransformBase_double_3_3
Parameters: 0.9999772492278679 0.0005018656805239234 -0.006670654392785052 -0.0004516025958108676 0.999971662870356 0.0075386851968564095 0.006674356702404493 -0.0075363120907734615 0.9999489556805602 -0.3002958696789477 -0.03733808207016409 -0.44302593875019625
FixedParameters: 0 0 0
#Transform 194
Transform: MatrixOffsetTransformBase_double_3_3
Parameters: 0.9999776635530867 0.0006778159622387583 -0.006623949549814924 -0.000628508773863307 0.9999726158533405 0.0073838638200917905 0.006628782614710697 -0.00738013855539732 0.9999510571415062 -0.3030002304043933 -0.05622017285126901 -0.3975030132539814
FixedParameters: 0 0 0
#Transform 195
Transform: MatrixOffsetTransformBase_double_3_3
Parameters: 0.9999780618199171 0.0007851380656516719 -0.006505390607084072 -0.0007354741319411474 0.9999706817986111 0.007634317314751948 0.006511370566460546 -0.00762968691553409 0.9999498821938759 -0.3215462141547363 -0.0004676763393405281 -0.4468108280905483
FixedParameters: 0 0 0
#Transform 196
Transform: MatrixOffsetTransformBase_double_3_3
Parameters: 0.9999794750810829 0.0010804256780483981 -0.0063528390608156154 -0.0010272348032667727 0.9999641931355395 0.008380899364695105 0.006361438796997699 -0.008373102314728265 0.9999449297547278 -0.29744946066746536 -0.03476761621205071 -0.40051274841516715
FixedParameters: 0 0 0
#Transform 197
Transform: MatrixOffsetTransformBase_double_3_3
Parameters: 0.9999749090419093 0.001178727644651851 -0.006906787895304789 -0.0011168900623914168 0.999959835555255 0.008941560072041776 0.006916654439999375 -0.008933450192046832 0.9999363104310862 -0.34003255020400047 0.03541009992775912 -0.4828573206916644
FixedParameters: 0 0 0
#Transform 198
Transform: MatrixOffsetTransformBase_double_3_3
Parameters: 0.9999768281347629 0.0009766636675036446 -0.006798418680574911 -0.000914169395617866 0.9999584229386635 0.009107026891124442 0.006806952984097647 -0.009100978988112796 0.9999356341206828 -0.3206512778333632 -0.0025231122941278272 -0.44281155570925534
FixedParameters: 0 0 0
#Transform 199
Transform: MatrixOffsetTransformBase_double_3_3
Parameters: 0.9999731136362757 0.0010660764898817573 -0.007331129051107492 -0.0009976599139131848 0.9999554129551453 0.009409726461335088 0.0073412517404348844 -0.009402278957980903 0.9999287486158305 -0.31566870173546135 0.09712280349931746 -0.4913479442230084
FixedParameters: 0 0 0
#Transform 200
Transform: MatrixOffsetTransformBase_double_3_3
Parameters: 0.999972260080597 0.0012487465145400323 -0.007360229712609741 -0.001177952271591413 0.9999525013133557 0.009690125606723637 0.00737281451752252 -0.00968088363786207 0.9999261338423443 -0.34030494567568326 0.10929252199031225 -0.4974410598086081
FixedParameters: 0 0 0
#Transform 201
Transform: MatrixOffsetTransformBase_double_3_3
Parameters: 0.9999744935309633 0.0005631537290036841 -0.007084750984765713 -0.0004906418896742973 0.9999489243474646 0.010130742135743859 0.00708943187529735 -0.010126256220833879 0.999923388322894 -0.3165618037303517 0.10541513035400385 -0.443491117327639
FixedParameters: 0 0 0
#Transform 202
Transform: MatrixOffsetTransformBase_double_3_3
Parameters: 0.9999711476804161 0.0015414079861152034 -0.0073805378566757385 -0.0014642197652631702 0.9999447176190381 0.010419176933697538 0.007396672177912751 -0.010407823211030454 0.9999185391323316 -0.37321614923949653 0.17517629942578594 -0.5223678767943909
FixedParameters: 0 0 0
#Transform 203
Transform: MatrixOffsetTransformBase_double_3_3
Parameters: 0.9999726325507525 0.001279609497310962 -0.007261553621156899 -0.0011982314410542345 0.9999377715057459 0.011070009673755349 0.007275303296146329 -0.011060969363289958 0.999911959870918 -0.34088952622992963 0.16503446463613614 -0.4802872650208485
FixedParameters: 0 0 0
#Transform 204
Transform: MatrixOffsetTransformBase_double_3_3
Parameters: 0.9999674878140303 0.001863850983319953 -0.007876259649569492 -0.001781862868168027 0.9999432730153224 0.010496933329757985 0.007895432953610372 -0.010483076572188554 0.99991412483538 -0.34603278404638615 0.18081763267154827 -0.5198831687071248
FixedParameters: 0 0 0
#Transform 205
Transform: MatrixOffsetTransformBase_double_3_3
Parameters: 0.9999701640461283 0.0019923735695477527 -0.007474235298248926 -0.0019063036295632583 0.9999311311986957 0.01157361863550016 0.007496828625674126 -0.011559391882043996 0.9999054519287972 -0.3555510881071484 0.21967305905377543 -0.4900118970303282
FixedParameters: 0 0 0
#Transform 206
Transform: MatrixOffsetTransformBase_double_3_3
Parameters: 0.9999641021445842 0.002995265732482184 -0.00793234242496295 -0.002896057182276549 0.9999172231685822 0.012518335071478731 0.007969459158096128 -0.012494656723821718 0.9998900361372043 -0.3833667836485688 0.196533188146077 -0.5032039917992108
FixedParameters: 0 0 0
#Transform 207
Transform: MatrixOffsetTransformBase_double_3_3
Parameters: 0.9999621825990234 0.00294559692398334 -0.00819395194738086 -0.0028487919506319224 0.99992667766379 0.011765069870237732 0.00822793531286394 -0.011740926740851226 0.999897224179017 -0.42984171553183614 0.2728545282556212 -0.5568728233862998
FixedParameters: 0 0 0
#Transform 208
Transform: MatrixOffsetTransformBase_double_3_3
Parameters: 0.9999727227130192 0.0030748230143142373 -0.006769326169551436 -0.002996441077380294 0.9999289224971966 0.011540997505478795 0.00680411945044559 -0.011519988518484625 0.9999098830030028 -0.40311430000137705 0.1961617109324294 -0.4322994612364255
FixedParameters: 0 0 0
#Transform 209
Transform: MatrixOffsetTransformBase_double_3_3
Parameters: 0.999971500619996 0.0036226623905493928 -0.006661569755208352 -0.003552991450157187 0.9999400235366599 0.010336947236242927 0.006698744616958943 -0.010313040227572179 0.9999242572149407 -0.4278312261886157 0.23093253560114135 -0.4744836196462785
FixedParameters: 0 0 0
#Transform 210
Transform: MatrixOffsetTransformBase_double_3_3
Parameters: 0.9999700781441568 0.0032085996587197284 -0.007115292737593763 -0.0031254069338557304 0.9999269759069646 0.011699249812917145 0.007152008340419611 -0.01167675069541621 0.9999058700497644 -0.4399769435345462 0.2578232753647285 -0.4953942676340688
FixedParameters: 0 0 0
#Transform 211
Transform: MatrixOffsetTransformBase_double_3_3
Parameters: 0.9999697871870667 0.003557149727152576 -0.006896474310714499 -0.0034802684609173394 0.99993247027347 0.011125522693988338 0.006935191478195137 -0.011101486951119288 0.9999142856954533 -0.4349466375373652 0.24900764587022195 -0.5193060633931026
FixedParameters: 0 0 0
#Transform 212
Transform: MatrixOffsetTransformBase_double_3_3
Parameters: 0.9999711927268535 0.003398661848125305 -0.0068013083583706255 -0.00332060767310382 0.9999281997076537 0.011511207231537451 0.006839423931100741 -0.011487793697326498 0.9999105034414504 -0.42802150369496417 0.22745134200495443 -0.48301301744237435
FixedParameters: 0 0 0
#Transform 213
Transform: MatrixOffsetTransformBase_double_3_3
Parameters: 0.9999755366997193 0.003066045902629967 -0.006329432357814907 -0.0029949610287487004 0.9999321612067733 0.011272276873560638 0.006363435324616547 -0.011253735231496753 0.9999166538345456 -0.38966069952118687 0.19258134249167824 -0.4725784141698881
FixedParameters: 0 0 0
#Transform 214
Transform: MatrixOffsetTransformBase_double_3_3
Parameters: 0.9999738880351174 0.0028765052133887855 -0.006620394370954631 -0.0027943655219002236 0.9999184417733867 0.012451366167692213 0.006656591428878344 -0.012432637591870549 0.9999008234699966 -0.4048493089614169 0.21193227117304048 -0.480063584843748
FixedParameters: 0 0 0
#Transform 215
Transform: MatrixOffsetTransformBase_double_3_3
Parameters: 0.9999782554643885 0.0020867853974983093 -0.006276191154437403 -0.0020435681459732673 0.999973732138531 0.00695851079255827 0.006290205650380877 -0.00694549000247538 0.9999558604872903 -0.4676727376715917 -0.08135637222548553 -0.3990816741064833
FixedParameters: 0 0 0
#Transform 216
Transform: MatrixOffsetTransformBase_double_3_3
Parameters: 0.9999841116252803 0.0010761489245980178 -0.005452516165981694 -0.0010362163885854316 0.9999732793095047 0.0072210961324921386 0.005460266637129267 -0.007215907229301127 0.9999596166449221 -0.42626039767799284 -0.22652341745970261 -0.3633850936892742
FixedParameters: 0 0 0
#Transform 217
Transform: MatrixOffsetTransformBase_double_3_3
Parameters: 0.9999839936322267 0.0012726340462165646 -0.005602618082841745 -0.0012290673125216608 0.9999702704283344 0.007661175000328813 0.005611831738345487 -0.007653819760310737 0.9999544459447585 -0.40059842222589737 -0.17242982932063455 -0.3588534064431741
FixedParameters: 0 0 0
