#Insight Transform File V1.0
#Transform 0
Transform: MatrixOffsetTransformBase_double_3_3
Parameters: 0.999998563558793 -0.0015253084246787578 0.0010534563437767119 0.0015266953780305856 0.9999980824303241 -0.0016083955726616571 -0.0010515456629144205 0.0016096078108431943 0.9999983033535395 -0.2376315362289887 -0.181521684210594 -0.47097927342120727
FixedParameters: 0 0 0
#Transform 1
Transform: MatrixOffsetTransformBase_double_3_3
Parameters: 0.99999789749603 -0.0017513787578733728 0.001016798604913266 0.0017536222706520574 0.9999973783238499 -0.001596220830020731 -0.0010142011090117197 0.0015977801635619487 0.9999984183442108 -0.23136917422900183 -0.12577664046179393 -0.46425615548203325
FixedParameters: 0 0 0
#Transform 2
Transform: MatrixOffsetTransformBase_double_3_3
Parameters: 0.9999979698472652 -0.0014735896178459205 0.0009272418527489346 0.001474407437745855 0.9999975123598805 -0.0015206339075657309 -0.0009247564690920725 0.0015223637562388774 0.9999978275604566 -0.22033257030668096 -0.21394907136621555 -0.4507599413772567
FixedParameters: 0 0 0
#Transform 3
Transform: MatrixOffsetTransformBase_double_3_3
Parameters: 0.9999978793994755 -0.0015141091240710863 0.0009101507580040321 0.0015158884884963308 0.9999963783686474 -0.002079621711769513 -0.0009068483517826424 0.002080374470680264 0.9999968482229674 -0.2253256290075143 -0.16366595504581483 -0.47637517069510693
FixedParameters: 0 0 0
#Transform 4
Transform: MatrixOffsetTransformBase_double_3_3
Parameters: 0.9999985632272154 -0.0015456680822398831 0.0002173663262940869 0.0015463294737235102 0.9999972659212282 -0.0015306648839534338 -0.00021463247242850745 0.0015313327554320022 0.9999986093821794 -0.21116297356270763 -0.14947850059873247 -0.44201719842445186
FixedParameters: 0 0 0
#Transform 5
Transform: MatrixOffsetTransformBase_double_3_3
Parameters: 0.9999980395306519 -0.001558180631315658 0.0007298931015955847 0.0015598169973553083 0.9999953319988955 -0.002496863402783369 -0.000726105884132632 0.0024981333102620336 0.9999962324988166 -0.24144117520066288 -0.19002584520941923 -0.548568401427417
FixedParameters: 0 0 0
#Transform 6
Transform: MatrixOffsetTransformBase_double_3_3
Parameters: 0.999999677739741 -0.0011226958263040924 -0.00024787308003291185 0.0011223056079466822 0.9999959781723524 -0.0027862816390223245 0.00025112766801386723 0.0027857215095092877 0.9999961759315334 -0.28457847696023464 -0.15464672831234338 -0.6008154800879169
FixedParameters: 0 0 0
#Transform 7
Transform: MatrixOffsetTransformBase_double_3_3
Parameters: 0.9999994888911831 -0.00121057913716666 0.00021538395222280758 0.0012104216580699845 0.9999976596890601 -0.0019687415095976093 -0.00021261820552493366 0.0019682596053017722 0.9999980792053178 -0.25239468228188855 -0.20124968112379804 -0.5664690832309134
FixedParameters: 0 0 0
#Transform 8
Transform: MatrixOffsetTransformBase_double_3_3
Parameters: 0.9999988307926942 -0.0016987310330330923 0.0005320694396909759 0.0017002692081825273 0.9999953780523589 -0.0023940983705885914 -0.0005279305172888764 0.0023948998446664546 0.999996985458515 -0.22009657878000155 -0.21255187261540698 -0.6273883361351551
FixedParameters: 0 0 0
#Transform 9
Transform: MatrixOffsetTransformBase_double_3_3
Parameters: 0.9999983507388794 -0.0015404937959972405 0.0005264240024700131 0.0015415026110974545 0.9999943826574188 -0.002870190689009212 -0.0005215755647944491 0.002871805659568782 0.9999954827654375 -0.18838966055960782 -0.11939757868566403 -0.6227852531421263
FixedParameters: 0 0 0
#Transform 10
Transform: MatrixOffsetTransformBase_double_3_3
Parameters: 0.999997243931345 -0.0020818153924935545 0.0006498050777272826 0.0020831820083625874 0.9999963234254333 -0.0018266511969466835 -0.0006451935281692207 0.0018283480377840704 0.9999982409812496 -0.17845289173889967 -0.24153772696664078 -0.6890209029491103
FixedParameters: 0 0 0
#Transform 11
Transform: MatrixOffsetTransformBase_double_3_3
Parameters: 0.999997129853016 -0.0025292968213339075 0.0006882904686258202 0.0025307033352595766 0.9999934163812122 -0.0024852651426608553 -0.0006817087419736457 0.0024877312525305286 0.9999963480760571 -0.21313559463122544 -0.2309225587570296 -0.7536079099673572
FixedParameters: 0 0 0
#Transform 12
Transform: MatrixOffsetTransformBase_double_3_3
Parameters: 0.9999974537979536 -0.002097211621056995 0.0003853095703974333 0.0020977853716168237 0.9999953795105451 -0.0020541953570582983 -0.000380690929940771 0.0020548020455928573 0.9999976323338168 -0.24176460794741672 -0.21521007820287252 -0.7261102629036031
FixedParameters: 0 0 0
#Transform 13
Transform: MatrixOffsetTransformBase_double_3_3
Parameters: 0.99999739829978 -0.002087052078724806 0.0004960026778558416 0.002087946572475676 0.9999959655221792 -0.0019169688260955338 -0.0004919970999714549 0.0019180312797996244 0.9999980791495904 -0.20677080455692476 -0.23296862916998862 -0.6830288325204066
FixedParameters: 0 0 0
#Transform 14
Transform: MatrixOffsetTransformBase_double_3_3
Parameters: 0.9999975042342241 -0.002296191882943538 0.0004729423368335388 0.0022968088302877054 0.9999957796962619 -0.0017159189822350412 -0.0004690584336668816 0.0017170822908839996 0.9999988317789645 -0.23461590130544607 -0.24326890298529236 -0.7181140721191497
FixedParameters: 0 0 0
#Transform 15
Transform: MatrixOffsetTransformBase_double_3_3
Parameters: 0.9999983139421144 -0.001545572816459976 0.000546055307875432 0.0015464266488303632 0.9999957297279934 -0.002622161124477359 -0.0005419449700923929 0.0026238431772070223 0.999996823912468 -0.229219275886706 -0.17595655346102035 -0.7454487253912419
FixedParameters: 0 0 0
#Transform 16
Transform: MatrixOffsetTransformBase_double_3_3
Parameters: 0.9999975979983308 -0.002236007383579541 0.0006345141224580564 0.002236994702707848 0.9999965300111922 -0.0015705845721047573 -0.0006304870259347165 0.001571413752212513 0.9999981318984003 -0.22279263367521196 -0.25634339937364814 -0.7138855814588965
FixedParameters: 0 0 0
#Transform 17
Transform: MatrixOffsetTransformBase_double_3_3
Parameters: 0.9999977620218031 -0.002209501459271114 0.0005955927145644228 0.002211502638988687 0.9999947102217088 -0.0025296894140823837 -0.0005904053357043603 0.0025313110736638698 0.999996244901259 -0.22754239544940447 -0.202672590393135 -0.770200989825895
FixedParameters: 0 0 0
#Transform 18
Transform: MatrixOffsetTransformBase_double_3_3
Parameters: 0.9999974217591467 -0.002147132301479075 0.0009840854342645468 0.0021488678371391666 0.9999957684744704 -0.001900889858706238 -0.000979914425081449 0.0019031085402717038 0.9999974180631471 -0.2078975754688912 -0.18369777251912467 -0.7080137417482746
FixedParameters: 0 0 0
#Transform 19
Transform: MatrixOffsetTransformBase_double_3_3
Parameters: 0.9999965227153296 -0.002620661357873421 0.0007815063986981507 0.0026213412882594486 0.9999951753665648 -0.0017179583553662244 -0.0007774953714209009 0.0017200445085506322 0.9999984374064166 -0.21459889415366717 -0.2811989660140597 -0.6918619712589447
FixedParameters: 0 0 0
#Transform 20
Transform: MatrixOffsetTransformBase_double_3_3
Parameters: 0.9999970728212075 -0.002279990730549855 0.0008533854160141907 0.002282009163537579 0.999994222688637 -0.002360058290394752 -0.0008486145044068758 0.0023619405634507634 0.9999967014613937 -0.22832465206217023 -0.21583020481838844 -0.7691482601474178
FixedParameters: 0 0 0
#Transform 21
Transform: MatrixOffsetTransformBase_double_3_3
Parameters: 0.9999968442959999 -0.002262391064849161 0.0010175869875189694 0.00226461077758977 0.9999963659078402 -0.0015837010884035352 -0.001014413937460278 0.0015853005319371916 0.9999984570945378 -0.21557734374941617 -0.23635544625273042 -0.7304496461443506
FixedParameters: 0 0 0
#Transform 22
Transform: MatrixOffsetTransformBase_double_3_3
Parameters: 0.9999969469681158 -0.0022864917287528388 0.0009088037768503431 0.0022875084189372583 0.9999960040429446 -0.0016619264794612806 -0.0009051971961961358 0.001664075107851026 0.9999984117723815 -0.22637741768360797 -0.2798577204684989 -0.7559938452476018
FixedParameters: 0 0 0
#Transform 23
Transform: MatrixOffsetTransformBase_double_3_3
Parameters: 0.9999978407247765 -0.0020290097808653706 0.0010209675810414326 0.0020309920448924336 0.9999960609619567 -0.0019529326390688865 -0.001017034319019279 0.0019550697912543383 0.9999981435090861 -0.19665587708125543 -0.1827119742243184 -0.7325099728676463
FixedParameters: 0 0 0
#Transform 24
Transform: MatrixOffsetTransformBase_double_3_3
Parameters: 0.9999956488583321 -0.002712652607239097 0.0009956804615885576 0.002714349335914619 0.9999957967993038 -0.0013553030128152402 -0.0009923187152314496 0.0013576974643573314 0.9999981718648497 -0.19006404998228277 -0.23543783047126965 -0.696414632408235
FixedParameters: 0 0 0
#Transform 25
Transform: MatrixOffsetTransformBase_double_3_3
Parameters: 0.9999957597989755 -0.0025804128061796645 0.0016071653911359112 0.00258259055570155 0.9999957340549457 -0.0016108580504120987 -0.0016028374411240418 0.0016151446963761373 0.9999978221863636 -0.18373868964368967 -0.18377878483720167 -0.7359336295871941
FixedParameters: 0 0 0
#Transform 26
Transform: MatrixOffsetTransformBase_double_3_3
Parameters: 0.9999952176005904 -0.002568476004526454 0.00147764913697182 0.002570522030840731 0.9999963336607618 -0.0010292067510895792 -0.0014753482446183957 0.0010337944987942722 0.9999987559491338 -0.16197643476586165 -0.15923623931098518 -0.7080284666588739
FixedParameters: 0 0 0
#Transform 27
Transform: MatrixOffsetTransformBase_double_3_3
Parameters: 0.9999946462431124 -0.0026851741891678643 0.0017732867574186283 0.002687825469434622 0.9999952370661718 -0.0015932424053035287 -0.0017687141079585527 0.0015977580197578658 0.9999973179193812 -0.18499449922754252 -0.2061925925415835 -0.7412339407063939
FixedParameters: 0 0 0
#Transform 28
Transform: MatrixOffsetTransformBase_double_3_3
Parameters: 0.9999957267865135 -0.0024852728982580116 0.0014476903720559665 0.002488724895837575 0.9999952559244344 -0.0018844054663770377 -0.0014423068971521225 0.0018885929130800776 0.9999973530797864 -0.1304710759951746 -0.13097178943476706 -0.728124794676873
FixedParameters: 0 0 0
#Transform 29
Transform: MatrixOffsetTransformBase_double_3_3
Parameters: 0.9999952009104469 -0.0027948490653247437 0.0009952382594571995 0.0027951510112821046 0.9999958458293557 -0.0011572235485824095 -0.0009917622269480682 0.0011597772282217911 0.9999986708289569 -0.12441932564946967 -0.2097607620888624 -0.689455864649176
FixedParameters: 0 0 0
#Transform 30
Transform: MatrixOffsetTransformBase_double_3_3
Parameters: 0.999995218629513 -0.002753132923418748 0.0010966938168984143 0.002754862378231128 0.9999945101419996 -0.001702985730556684 -0.0010913054115986418 0.001706011496478885 0.9999978978346732 -0.13087769025605667 -0.13783042261619016 -0.7028276517155803
FixedParameters: 0 0 0
#Transform 31
Transform: MatrixOffsetTransformBase_double_3_3
Parameters: 0.9999965935706151 -0.0023997363592222097 0.000805771265142861 0.0024002625352882567 0.9999957719405119 -0.0015700714830801496 -0.0008022304466984065 0.0015719306933135234 0.9999988855339027 -0.1486300187643934 -0.1825138707440601 -0.6903823852562425
FixedParameters: 0 0 0
#Transform 32
Transform: MatrixOffsetTransformBase_double_3_3
Parameters: 0.9999962555424411 -0.0025987126566760425 0.0009953652124663663 0.0026002858250129724 0.9999955655587319 -0.0012934160628417667 -0.0009916324960396585 0.0012965812775076694 0.9999983359295643 -0.16001471413858326 -0.20262002683034552 -0.7137909964872478
FixedParameters: 0 0 0
#Transform 33
Transform: MatrixOffsetTransformBase_double_3_3
Parameters: 0.9999964003289236 -0.0025708059216550862 0.000995090103740147 0.002572194299593334 0.999995942565944 -0.0012004447026063368 -0.0009919082048816723 0.001203554282468028 0.9999985681498272 -0.14479122621887086 -0.12467162920461305 -0.6981642263126702
FixedParameters: 0 0 0
#Transform 34
Transform: MatrixOffsetTransformBase_double_3_3
Parameters: 0.9999950689970083 -0.0028178516661754778 0.0009952535402246714 0.0028191466548322633 0.9999957220118352 -0.0011531996143637022 -0.000991742790155137 0.001156799982409485 0.9999986789290515 -0.14250247573077957 -0.23065234060150885 -0.6858697852754858
FixedParameters: 0 0 0
#Transform 35
Transform: MatrixOffsetTransformBase_double_3_3
Parameters: 0.9999968392064114 -0.002483576438803679 0.0009955593086653134 0.002485425247407505 0.9999957737506397 -0.0014315298292428183 -0.0009924387153340136 0.001434469024612989 0.9999979584701717 -0.1451282382182626 -0.13612977816393368 -0.7378021241960369
FixedParameters: 0 0 0
#Transform 36
Transform: MatrixOffsetTransformBase_double_3_3
Parameters: 0.9999947094603557 -0.003175265956601333 0.001099125898860789 0.003175735756724374 0.9999944686042929 -0.0006675131738215278 -0.0010978770625337188 0.0006704897736010982 0.9999993457295702 -0.14213632643939889 -0.1844545450591255 -0.6776568312608902
FixedParameters: 0 0 0
#Transform 37
Transform: MatrixOffsetTransformBase_double_3_3
Parameters: 0.9999958190199156 -0.0028620932563729433 0.000994621386605237 0.002862912361176388 0.9999959679220618 -0.0009141572076794513 -0.0009923801304068313 0.0009168450143158698 0.9999991748112073 -0.1494457427200615 -0.20798572049329778 -0.6916527964482952
FixedParameters: 0 0 0
#Transform 38
Transform: MatrixOffsetTransformBase_double_3_3
Parameters: 0.9999956118255051 -0.002830382904365253 0.0011739088028272795 0.002831618807237851 0.9999950796271292 -0.001378682963406151 -0.0011700923861327343 0.0013823188489732342 0.9999987206247 -0.14578090782070774 -0.11686723564498891 -0.6904505547388737
FixedParameters: 0 0 0
#Transform 39
Transform: MatrixOffsetTransformBase_double_3_3
Parameters: 0.9999951712277338 -0.0029729526261623672 0.0009951356429667823 0.0029740479232272686 0.9999950462997262 -0.0010530455663982363 -0.0009918645147729518 0.001055953927570571 0.9999989009819548 -0.14834500393928352 -0.23283759798128756 -0.6836696989790028
FixedParameters: 0 0 0
#Transform 40
Transform: MatrixOffsetTransformBase_double_3_3
Parameters: 0.9999946267304645 -0.0030184610489801104 0.0011241345403053525 0.003019534216713096 0.999994010082618 -0.0013676126447258398 -0.0011198654773675331 0.0013713872987866724 0.9999988655764098 -0.1635532160733817 -0.18825793222067944 -0.7238485532603818
FixedParameters: 0 0 0
#Transform 41
Transform: MatrixOffsetTransformBase_double_3_3
Parameters: 0.9999964972513643 -0.002411026528489123 0.0012998074341626004 0.0024119737334280275 0.9999966229043561 -0.0007478674697626518 -0.0012981925882667579 0.0007511325595520538 0.999998750844219 -0.14335175132254108 -0.18353290184742832 -0.684869721348619
FixedParameters: 0 0 0
#Transform 42
Transform: MatrixOffsetTransformBase_double_3_3
Parameters: 0.9999954657137018 -0.0027448148407446774 0.0014142481533409397 0.0027471849909128402 0.9999950646996734 -0.0015451219146264362 -0.001409749260021743 0.001549876637963784 0.9999976114898539 -0.1497445551426182 -0.21911136815734267 -0.709770978521405
FixedParameters: 0 0 0
#Transform 43
Transform: MatrixOffsetTransformBase_double_3_3
Parameters: 0.9999935053756276 -0.003239096062622194 0.0014143664509970767 0.0032419014137514447 0.9999936833655723 -0.0013454230823962978 -0.0014096332784661986 0.001349574285107813 0.9999981904881734 -0.13833294392679818 -0.12420600298966633 -0.7400907883547205
FixedParameters: 0 0 0
#Transform 44
Transform: MatrixOffsetTransformBase_double_3_3
Parameters: 0.9999921647339152 -0.0035822189516742007 0.0014145125416169164 0.0035847757905961932 0.9999925721397435 -0.0012569386060528277 -0.00140948567673633 0.0012620584448942147 0.9999984199042778 -0.12924884740067455 -0.2071624969551351 -0.6950917183111613
FixedParameters: 0 0 0
#Transform 45
Transform: MatrixOffsetTransformBase_double_3_3
Parameters: 0.9999936351457976 -0.0031726293281581688 0.0015169649204275107 0.0031743682157452783 0.9999934811959227 -0.0015621932646783332 -0.0015120350054331916 0.001566805829930507 0.9999972586128535 -0.12363190062542628 -0.15181777485148018 -0.7355584252525631
FixedParameters: 0 0 0
#Transform 46
Transform: MatrixOffsetTransformBase_double_3_3
Parameters: 0.9999920882926542 -0.0037071137085188627 0.00147275867936013 0.003708888499301393 0.9999926032908814 -0.0012805484006119 -0.001468240196367867 0.0012864536762156196 0.9999981902403448 -0.09736686703750763 -0.1615885991578665 -0.6792717430111423
FixedParameters: 0 0 0
#Transform 47
Transform: MatrixOffsetTransformBase_double_3_3
Parameters: 0.9999912847146137 -0.003580971586372452 0.0019725070517694005 0.003584029366130263 0.9999928017114936 -0.001533943723505404 -0.0019674908061667077 0.0015410588379418577 0.9999967551641804 -0.12393555344634422 -0.20339161044887533 -0.711357907718309
FixedParameters: 0 0 0
#Transform 48
Transform: MatrixOffsetTransformBase_double_3_3
Parameters: 0.9999938643257276 -0.003047701657345567 0.0016871623038520558 0.0030503017233484207 0.9999948403307287 -0.0013628620094960607 -0.0016828385038473097 0.0013671371795007535 0.9999972975337315 -0.13044517243245934 -0.13432712851958684 -0.7272990980721374
FixedParameters: 0 0 0
#Transform 49
Transform: MatrixOffsetTransformBase_double_3_3
Parameters: 0.9999924639330019 -0.003582881205732386 0.0016424487822548203 0.003584123506971515 0.9999936919762269 -0.0006801190703823991 -0.0016405536953645722 0.0006858837561323648 0.9999988389733606 -0.14327932650758157 -0.2130409436736045 -0.6998125157375199
FixedParameters: 0 0 0
#Transform 50
Transform: MatrixOffsetTransformBase_double_3_3
Parameters: 0.9999940279329976 -0.0032111405690092914 0.0012886414295521845 0.0032128585679060385 0.9999935949880236 -0.001442868307283093 -0.0012843587158095772 0.001447132812026795 0.9999982568787436 -0.11551338310052017 -0.1418626785421253 -0.748394970619259
FixedParameters: 0 0 0
#Transform 51
Transform: MatrixOffsetTransformBase_double_3_3
Parameters: 0.9999932707400288 -0.0034246138986832797 0.0014157843654148449 0.003426383928656124 0.9999924148645254 -0.0016861593445151965 -0.001409216413226253 0.0016908364218010702 0.9999971537947755 -0.10307023875677146 -0.14328642756431975 -0.6944070746382494
FixedParameters: 0 0 0
#Transform 52
Transform: MatrixOffsetTransformBase_double_3_3
Parameters: 0.9999921453861726 -0.003584918623415783 0.0014152830954488559 0.003587081277359931 0.9999929693381514 -0.001470934780011594 -0.001409715108592655 0.0014760652698790938 0.9999978336250257 -0.11353119353067598 -0.22686442412515362 -0.7258088150729236
FixedParameters: 0 0 0
#Transform 53
Transform: MatrixOffsetTransformBase_double_3_3
Parameters: 0.9999925177381215 -0.003650353606939349 0.0010765974324790449 0.003651644972155832 0.9999923200470884 -0.001531080361667825 -0.0010704034214406909 0.0015349190923113433 0.9999984974941238 -0.13120447133636048 -0.12248507506099315 -0.7459117331319192
FixedParameters: 0 0 0
#Transform 54
Transform: MatrixOffsetTransformBase_double_3_3
Parameters: 0.9999933371554636 -0.0034153504314984196 0.001413985978015581 0.003416646051466364 0.9999929690124726 -0.001164176638196289 -0.0014100130061138793 0.0011698234540565774 0.9999986443553324 -0.11395464453974569 -0.20434597246446629 -0.6972404203979465
FixedParameters: 0 0 0
#Transform 55
Transform: MatrixOffsetTransformBase_double_3_3
Parameters: 0.9999941378968644 -0.0027230218685655293 0.0018563733316696413 0.0027259766882661634 0.9999949994364857 -0.0016029482591119776 -0.0018526249313179806 0.001608053459866992 0.9999969831796133 -0.11056571293677564 -0.19637299669282982 -0.7495173113640732
FixedParameters: 0 0 0
#Transform 56
Transform: MatrixOffsetTransformBase_double_3_3
Parameters: 0.9999934334624146 -0.0031585496694668484 0.0016098126271280363 0.003160447738782119 0.9999936964661812 -0.0015209209040284557 -0.0016051855972349946 0.001526078729450362 0.999997094875165 -0.10221261512973001 -0.1526765592177668 -0.7008644748328408
FixedParameters: 0 0 0
#Transform 57
Transform: MatrixOffsetTransformBase_double_3_3
Parameters: 0.9999912218533965 -0.0036974205405217314 0.0017633083607240879 0.0036985736378538792 0.9999925237186427 -0.0008914855796678775 -0.0017596889158204045 0.0008985136805973301 0.999998096078415 -0.08145097886907138 -0.18063317418803138 -0.6941465336152817
FixedParameters: 0 0 0
#Transform 58
Transform: MatrixOffsetTransformBase_double_3_3
Parameters: 0.9999919842948922 -0.0035141254936346383 0.0016331978036629592 0.0035168729002942613 0.9999925330228241 -0.0017602701419199545 -0.0016268020944553243 0.0017657307222434424 0.9999972349042416 -0.09247232398995209 -0.11785366613428039 -0.7343895070945337
FixedParameters: 0 0 0
#Transform 59
Transform: MatrixOffsetTransformBase_double_3_3
Parameters: 0.9999922492032529 -0.0034528793064613037 0.0016823547983160218 0.0034541192260370166 0.999993481900831 -0.001258198265457891 -0.001678641576586647 0.001264805519196959 0.9999975845204272 -0.0828761780339704 -0.1942042337199723 -0.6966899534849205
FixedParameters: 0 0 0
#Transform 60
Transform: MatrixOffsetTransformBase_double_3_3
Parameters: 0.9999923669516011 -0.0035271730905540198 0.0017865964433710214 0.003529831967818179 0.9999930342121693 -0.001582707048749599 -0.0017814039799493944 0.0015892967993610821 0.9999973019188032 -0.10158915949696734 -0.1898717899108533 -0.7067321539884119
FixedParameters: 0 0 0
#Transform 61
Transform: MatrixOffsetTransformBase_double_3_3
Parameters: 0.9999917690094734 -0.0036845807877503916 0.001628756584310484 0.0036884188250636495 0.9999909828072046 -0.0021010104779012636 -0.0016212437087398087 0.002106991664947842 0.9999969325202404 -0.09904480654525116 -0.13934295646100736 -0.7100389537307734
FixedParameters: 0 0 0
#Transform 62
Transform: MatrixOffsetTransformBase_double_3_3
Parameters: 0.999991892883996 -0.0036663207015251355 0.0016327737020194076 0.0036676773152999873 0.9999924942108961 -0.0010260196597183405 -0.001629226982608033 0.0010319814647288994 0.9999982809809358 -0.09227447238146169 -0.18632502345738544 -0.720167068706985
FixedParameters: 0 0 0
#Transform 63
Transform: MatrixOffsetTransformBase_double_3_3
Parameters: 0.9999931388142166 -0.003035696258439321 0.0019092565613840864 0.003039298486343943 0.9999937754636695 -0.001728207566958705 -0.001903737666126449 0.0017347895863028043 0.9999963671474424 -0.11449780141700217 -0.12475899934392487 -0.7579136108411859
FixedParameters: 0 0 0
#Transform 64
Transform: MatrixOffsetTransformBase_double_3_3
Parameters: 0.999990205826801 -0.0038925666968603664 0.0019089656715965287 0.0038944283000788456 0.9999912149563774 -0.001271577587178618 -0.0019040371966655531 0.0012784235793045998 0.9999977396026383 -0.08158381988594954 -0.1735993298863434 -0.7524671321024954
FixedParameters: 0 0 0
#Transform 65
Transform: MatrixOffsetTransformBase_double_3_3
Parameters: 0.9999907983424977 -0.0041175947135364726 0.001498872133081165 0.004119408146195296 0.9999911542638233 -0.0009368350169622573 -0.001494129318742714 0.0009431617547495895 0.9999988768728872 -0.09365613593044486 -0.21569529390590958 -0.7906305317900149
FixedParameters: 0 0 0
#Transform 66
Transform: MatrixOffsetTransformBase_double_3_3
Parameters: 0.9999946453751882 -0.0032037902968078597 0.0010437246868203669 0.003205212954226074 0.99999437973111 -0.0011606611971958145 -0.001040274197806038 0.0011643393962770825 0.9999985628223398 -0.0711563002721789 -0.13994270463527414 -0.7730772100206735
FixedParameters: 0 0 0
#Transform 67
Transform: MatrixOffsetTransformBase_double_3_3
Parameters: 0.9999910162202207 -0.004118816636614743 0.000135571726589695 0.004119175181322742 0.9999902031608827 -0.001352452604555707 -0.0001294256725950727 0.001353544138666756 0.9999991518285949 -0.1461157509141202 -0.23545828553027093 -0.7070350396080016
FixedParameters: 0 0 0
#Transform 68
Transform: MatrixOffsetTransformBase_double_3_3
Parameters: 0.9999923725609364 -0.003811506131919613 0.0003189210120615882 0.0038114879479385394 0.9999910590463034 -0.0015527946628249138 -0.0003130786391424293 0.0015542035393585308 0.9999984867725726 -0.19409545108359794 -0.3027133466468399 -0.7578708132662229
FixedParameters: 0 0 0
#Transform 69
Transform: MatrixOffsetTransformBase_double_3_3
Parameters: 0.9999936242028591 -0.0034668445280214366 0.0005966648362491857 0.0034691575676853038 0.9999876356971403 -0.0036509544018629384 -0.0005843343897102159 0.0036530501354644367 0.99999331410977 -0.1567829832345211 -0.2274027118923243 -0.8544975472659502
FixedParameters: 0 0 0
#Transform 70
Transform: MatrixOffsetTransformBase_double_3_3
Parameters: 0.9999936264665971 -0.003598853145335015 0.000649023602559402 0.003601148410415622 0.9999878842478939 -0.003338685621848509 -0.0006369754508871491 0.003341315249086534 0.9999944308789758 -0.12990459855187453 -0.26718474356300703 -0.842636505904494
FixedParameters: 0 0 0
#Transform 71
Transform: MatrixOffsetTransformBase_double_3_3
Parameters: 0.9999917110050847 -0.0038645075153635956 0.0011630327227303836 0.0038694915953611498 0.9999849334258077 -0.0038855302989173088 -0.0011479665687834856 0.0038894670043356657 0.9999915520401487 -0.1355661135302313 -0.3055268853700426 -0.8349634385082112
FixedParameters: 0 0 0
#Transform 72
Transform: MatrixOffsetTransformBase_double_3_3
Parameters: 0.9999910949396527 -0.00394393839921557 0.001161872685387959 0.003948059266128094 0.9999860701409784 -0.003513443216820965 -0.0011481281570150674 0.0035175585437349525 0.9999933071310687 -0.10158922561731742 -0.17313688751522704 -0.7882108247659261
FixedParameters: 0 0 0
#Transform 73
Transform: MatrixOffsetTransformBase_double_3_3
Parameters: 0.9999920464332968 -0.0037235429410589294 0.0010447899029013853 0.0037254528010551863 0.9999905560510801 -0.002358125198666354 -0.0010352064589380496 0.002362872189171531 0.9999963464110369 -0.11262972714422403 -0.24098045731979312 -0.7599392705224659
FixedParameters: 0 0 0
#Transform 74
Transform: MatrixOffsetTransformBase_double_3_3
Parameters: 0.9999898961513753 -0.004063749283058328 0.001608875452897126 0.0040702483978402055 0.999984221927312 -0.003900489553778232 -0.0015931241122729965 0.003906512196722728 0.9999911993309306 -0.1308547535995217 -0.27948633483535446 -0.853274171509014
FixedParameters: 0 0 0
#Transform 75
Transform: MatrixOffsetTransformBase_double_3_3
Parameters: 0.9999925096670134 -0.003658261407935939 0.0010510961585478804 0.003662735895627124 0.9999867984846842 -0.0035761758519464713 -0.0010379014494074144 0.0035798226828797513 0.9999931068448388 -0.13511304848077543 -0.23325196118457825 -0.8415863329277187
FixedParameters: 0 0 0
#Transform 76
Transform: MatrixOffsetTransformBase_double_3_3
Parameters: 0.9999893842561725 -0.004453185279883917 0.001334187129437199 0.004458823708929615 0.9999839450631637 -0.0036300903052334304 -0.001318809529585283 0.003635912174313149 0.9999920415766651 -0.14043694150873876 -0.33560479736111404 -0.8474994139079683
FixedParameters: 0 0 0
#Transform 77
Transform: MatrixOffsetTransformBase_double_3_3
Parameters: 0.9999916516474939 -0.0038730262442845153 0.0011611154824068695 0.003878972605622193 0.9999790452660182 -0.005187537920809043 -0.0011408860490620648 0.005191460571712455 0.9999857439861454 -0.13755129228600538 -0.25563415116501176 -0.8939653197990367
FixedParameters: 0 0 0
#Transform 78
Transform: MatrixOffsetTransformBase_double_3_3
Parameters: 0.9999906890364035 -0.004338943891075216 0.0006989011263166619 0.004340060839028218 0.9999863327726867 -0.0029709969269150313 -0.0006861026013967002 0.0029740071864834466 0.9999956846146659 -0.1331722167197853 -0.30501915910822675 -0.8246411357941668
FixedParameters: 0 0 0
#Transform 79
Transform: MatrixOffsetTransformBase_double_3_3
Parameters: 0.9999890937527915 -0.004510922153541741 0.0012478825360417397 0.004518082862160176 0.9999737512533241 -0.005730425757169379 -0.00122211855021866 0.005735576730333584 0.9999826070073258 -0.13557305072686177 -0.2744737703778952 -0.9037367496803341
FixedParameters: 0 0 0
#Transform 80
Transform: MatrixOffsetTransformBase_double_3_3
Parameters: 0.9999935121695854 -0.003458473648746773 0.0012347568007422174 0.0034635302134265206 0.9999874346939607 -0.003683750695236082 -0.001222242120160136 0.0036882544304041977 0.9999929040810226 -0.14556632009021087 -0.23722767515762655 -0.8372557438852937
FixedParameters: 0 0 0
#Transform 81
Transform: MatrixOffsetTransformBase_double_3_3
Parameters: 0.9999906211277623 -0.004365959670706036 0.0005630524448331859 0.004368040060930804 0.9999834160709838 -0.0036745754250076543 -0.0005469460010930171 0.003677422831315292 0.9999931788890387 -0.15460533375519958 -0.3747103743280178 -0.8474719232554975
FixedParameters: 0 0 0
#Transform 82
Transform: MatrixOffsetTransformBase_double_3_3
Parameters: 0.9999903630548244 -0.004233712663593834 0.0008437948106379322 0.004238279186099393 0.999977584799208 -0.005143472772089359 -0.000821205903083751 0.005146525789758793 0.9999868356162064 -0.14774232321468617 -0.32863187154821105 -0.9095795815143077
FixedParameters: 0 0 0
#Transform 83
Transform: MatrixOffsetTransformBase_double_3_3
Parameters: 0.9999904002509344 -0.004231511101169565 0.0008346992788283735 0.004233479960982702 0.9999860827835372 -0.0029984932924547133 -0.0008212998939057616 0.003002502355037978 0.999995311355974 -0.12909069768359416 -0.274826041191389 -0.7964373068011952
FixedParameters: 0 0 0
#Transform 84
Transform: MatrixOffsetTransformBase_double_3_3
Parameters: 0.9999901752362412 -0.004268176851270308 0.0007796109420790295 0.004270822531754749 0.9999844011183663 -0.0036547056138160196 -0.0007643878310455217 0.0036582977721160244 0.9999930339056842 -0.14407582422505527 -0.3325564737784674 -0.8449010880058268
FixedParameters: 0 0 0
#Transform 85
Transform: MatrixOffsetTransformBase_double_3_3
Parameters: 0.99999015823379 -0.004292271344331087 0.0006443427838624119 0.004296725650774941 0.9999737229374625 -0.005900291418567546 -0.0006186498195340894 0.005903715428677432 0.9999827671133941 -0.1535502385693519 -0.23237025483457785 -0.909293795251088
FixedParameters: 0 0 0
#Transform 86
Transform: MatrixOffsetTransformBase_double_3_3
Parameters: 0.9999886270846233 -0.004654824500800987 0.0008397881090104938 0.004658169578916543 0.9999817242903849 -0.0038181316798974203 -0.0008212121363687865 0.003821866196026429 0.9999927177327645 -0.14057042178505696 -0.3222143585216912 -0.8589718209055803
FixedParameters: 0 0 0
#Transform 87
Transform: MatrixOffsetTransformBase_double_3_3
Parameters: 0.9999898239617655 -0.004413040807866568 0.0008377388160299435 0.0044159551942006435 0.9999838027120753 -0.0035633372524651067 -0.0008212631831413427 0.0035666609708461046 0.9999936025971986 -0.15669859428508914 -0.36156951860276365 -0.8595076153773391
FixedParameters: 0 0 0
#Transform 88
Transform: MatrixOffsetTransformBase_double_3_3
Parameters: 0.9999932621914075 -0.003469754668382012 0.0008355921752947917 0.003473242695141132 0.9999866173598663 -0.003914123887694293 -0.000821406673274429 0.00391687620050422 0.999991982335496 -0.1432487463907819 -0.23308473844647892 -0.8521059470446204
FixedParameters: 0 0 0
#Transform 89
Transform: MatrixOffsetTransformBase_double_3_3
Parameters: 0.9999919490667144 -0.004044633614951508 0.0008335684131788683 0.004046366115556981 0.9999874570437374 -0.002857649432252874 -0.0008214320649425712 0.002861344777411366 0.9999951384559883 -0.14344606461033038 -0.3013196064851229 -0.8029166735818478
FixedParameters: 0 0 0
#Transform 90
Transform: MatrixOffsetTransformBase_double_3_3
Parameters: 0.9999909139189503 -0.004238272789425068 0.00035283861710409386 0.004238723959229564 0.999988687779915 -0.0020845224507118295 -0.0003431639872964107 0.002085472468300157 0.9999975316510827 -0.14558351669985825 -0.30806111192542573 -0.8121242145115275
FixedParameters: 0 0 0
#Transform 91
Transform: MatrixOffsetTransformBase_double_3_3
Parameters: 0.9999916393135558 -0.004027906843131262 0.0003691349442280151 0.004029093929800895 0.9999876958633312 -0.003011539598801273 -0.0003568630683054834 0.0030134643048869937 0.999995793010899 -0.12702852867209913 -0.23518108297257356 -0.7910569703578005
FixedParameters: 0 0 0
#Transform 92
Transform: MatrixOffsetTransformBase_double_3_3
Parameters: 0.999990674407031 -0.004373380647691567 0.0004431890749020787 0.004374625854528569 0.9999898657724875 -0.0014140753525107657 -0.000436810584614596 0.001415924493753718 0.9999988041634957 -0.11888150774410633 -0.2818467958315125 -0.756948842819611
FixedParameters: 0 0 0
#Transform 93
Transform: MatrixOffsetTransformBase_double_3_3
Parameters: 0.9999915019637956 -0.004043336462053832 0.000383069366349252 0.004044663577643994 0.9999905887153895 -0.0017474662410905042 -0.0003759274251732624 0.0017495356460107594 0.9999987987110405 -0.12950418742946113 -0.2525739203865953 -0.7459412345126566
FixedParameters: 0 0 0
#Transform 94
Transform: MatrixOffsetTransformBase_double_3_3
Parameters: 0.9999922370928777 -0.003919418407694309 0.000631893598631994 0.003921580991405569 0.9999892589912754 -0.0025225412231999855 -0.0006211028160727378 0.0025254536298111325 0.9999962368923436 -0.11019392482498347 -0.19691394658808292 -0.743549318732974
FixedParameters: 0 0 0
#Transform 95
Transform: MatrixOffsetTransformBase_double_3_3
Parameters: 0.9999897793349932 -0.004454883297363247 0.0006112054092668597 0.0044561207358436135 0.9999887572465963 -0.001840295919393602 -0.0006037956903904443 0.0018427093873304983 0.9999982397942775 -0.11191305414388353 -0.22737353929913695 -0.7219356089075859
FixedParameters: 0 0 0
#Transform 96
Transform: MatrixOffsetTransformBase_double_3_3
Parameters: 0.9999889588468921 -0.00476671637620152 0.0005639781007074018 0.004768288289234752 0.999985969226927 -0.0023013377136880337 -0.0005530236005069195 0.0023036630542164994 0.9999973865304315 -0.10499737106664497 -0.2825245029779353 -0.801146359282896
FixedParameters: 0 0 0
#Transform 97
Transform: MatrixOffsetTransformBase_double_3_3
Parameters: 0.9999901101237426 -0.004330034677822533 0.0003752989164909086 0.004330962742175855 0.9999874397336033 -0.00260839857246227 -0.00036370223157150354 0.002609598834625925 0.999996056547599 -0.12143641358687773 -0.2128701043917971 -0.8025887970541277
FixedParameters: 0 0 0
#Transform 98
Transform: MatrixOffsetTransformBase_double_3_3
Parameters: 0.9999885924476112 -0.004766426863705226 0.000831077094748348 0.004767574197667605 0.9999866503156748 -0.0019020594136300204 -0.0008219242380484771 0.0019059393215027952 0.9999976916533126 -0.10259857609857193 -0.294745735595086 -0.7588668993283818
FixedParameters: 0 0 0
#Transform 99
Transform: MatrixOffsetTransformBase_double_3_3
Parameters: 0.9999876252025579 -0.004764656125485593 0.001292391729720832 0.004768345975988017 0.9999855202398418 -0.0025968692138118987 -0.001280605727310176 0.002603133508967158 0.9999955848504845 -0.13362647048006693 -0.32186074754514493 -0.8071054804636333
FixedParameters: 0 0 0
#Transform 100
Transform: MatrixOffsetTransformBase_double_3_3
Parameters: 0.9999902608134172 -0.004244035912712843 0.0013146124636130203 0.00424696667010212 0.9999888476232297 -0.002261439210375009 -0.001304384477254491 0.002267558239187768 0.9999961572122006 -0.10651709257626862 -0.22481137632952652 -0.8061191760155708
FixedParameters: 0 0 0
#Transform 101
Transform: MatrixOffsetTransformBase_double_3_3
Parameters: 0.999988347547594 -0.004666697005399909 0.0009345281635568961 0.0046683010274242345 0.9999882585026483 -0.0013966527634615238 -0.0009274730958482646 0.001400343704216445 0.9999981774216149 -0.10376557755304816 -0.30053304349060284 -0.7701415930521591
FixedParameters: 0 0 0
#Transform 102
Transform: MatrixOffsetTransformBase_double_3_3
Parameters: 0.9999877632311114 -0.004650394662755405 0.0016165141495403078 0.004652603075097682 0.99998775516611 -0.0016114989717630154 -0.0016084897072966156 0.0016185001668481168 0.9999977915816656 -0.10838599203829347 -0.1892124371878765 -0.747487799296195
FixedParameters: 0 0 0
#Transform 103
Transform: MatrixOffsetTransformBase_double_3_3
Parameters: 0.9999884189067565 -0.0044571241404741556 0.0016460876947422198 0.004459877415793194 0.9999898186239187 -0.0011376719588289878 -0.0016419088692579936 0.0011453315877165556 0.999997994218866 -0.09207004443803157 -0.20803982620078898 -0.7396507060359596
FixedParameters: 0 0 0
#Transform 104
Transform: MatrixOffsetTransformBase_double_3_3
Parameters: 0.9999904521811818 -0.004184190765067944 0.0014283199291283768 0.004185815680427571 0.9999908702165317 -0.001268034489011591 -0.0014236815892473052 0.0012739701799782041 0.9999983510597911 -0.08717013513589222 -0.18146648343052618 -0.7304701819861208
FixedParameters: 0 0 0
#Transform 105
Transform: MatrixOffsetTransformBase_double_3_3
Parameters: 0.9999886739556523 -0.004653738779498273 0.0012931646513978943 0.00465526062088561 0.999987258954222 -0.0017509991060829422 -0.0012848365637506153 0.0017569984886677112 0.9999972619331949 -0.09008864320402665 -0.2346638244060415 -0.7060938146053672
FixedParameters: 0 0 0
#Transform 106
Transform: MatrixOffsetTransformBase_double_3_3
Parameters: 0.9999863946361273 -0.004886020186083173 0.001652808453682021 0.004889978552331715 0.9999852701616245 -0.0024119495467849424 -0.0016411894468230813 0.0024200507432004074 0.9999954502671203 -0.06472690724254448 -0.19035489424327068 -0.7536678904209566
FixedParameters: 0 0 0
#Transform 107
Transform: MatrixOffsetTransformBase_double_3_3
Parameters: 0.9999852819077173 -0.005293446834663164 0.00130341826347259 0.005295556480529853 0.9999840969322304 -0.00196412739290628 -0.0012935842154325487 0.0019708773336793027 0.999997442788713 -0.04778389667568206 -0.18285206260421205 -0.7369365906629781
FixedParameters: 0 0 0
#Transform 108
Transform: MatrixOffsetTransformBase_double_3_3
Parameters: 0.9999873849282158 -0.004765512982197084 0.0013796124220716267 0.004768482262552361 0.9999870102941709 -0.0018034443097834196 -0.0013703843729674838 0.001810553640634056 0.9999978440944671 -0.09182003979911713 -0.27823800505109375 -0.7417379832178597
FixedParameters: 0 0 0
#Transform 109
Transform: MatrixOffsetTransformBase_double_3_3
Parameters: 0.9999853442392708 -0.005248242429387839 0.0010547670891928214 0.005249752175713947 0.9999846572035775 -0.00166748642569864 -0.0010462300440034276 0.0016735146510078736 0.9999981058495746 -0.05871083215863848 -0.19408076971225796 -0.7632672818516255
FixedParameters: 0 0 0
#Transform 110
Transform: MatrixOffsetTransformBase_double_3_3
Parameters: 0.9999843848322905 -0.005463124414885049 0.0013307287130108533 0.005464877112558098 0.9999841436241979 -0.0014107503047398075 -0.0013222709347629966 0.0014182464186183778 0.9999982395586108 -0.06003494653232622 -0.266625840639378 -0.7113082096371528
FixedParameters: 0 0 0
#Transform 111
Transform: MatrixOffsetTransformBase_double_3_3
Parameters: 0.9999848139396613 -0.005138155342602919 0.0019455243561864158 0.005140841566718135 0.9999854420194545 -0.0014590200404304 -0.0019384757755080658 0.001468982017149141 0.9999970852906194 -0.04306030922496973 -0.2712478368435711 -0.7173835414648977
FixedParameters: 0 0 0
#Transform 112
Transform: MatrixOffsetTransformBase_double_3_3
Parameters: 0.9999851210542546 -0.0052127526515091975 0.0016463279110417396 0.005215252710005832 0.9999848915472089 -0.001976443785618997 -0.0016356750769255623 0.0019845562902305394 0.9999963846804921 -0.032467163785540265 -0.1663114718031835 -0.7052962002346419
FixedParameters: 0 0 0
#Transform 113
Transform: MatrixOffsetTransformBase_double_3_3
Parameters: 0.9999844272231124 -0.005367878618514152 0.0013256190585881455 0.005370121990176684 0.9999845959450872 -0.0016019059680265184 -0.0013173790498276835 0.001609096347944875 0.9999976759711194 -0.03607690009033604 -0.2759933916116495 -0.7000380545636489
FixedParameters: 0 0 0
#Transform 114
Transform: MatrixOffsetTransformBase_double_3_3
Parameters: 0.9999866178315252 -0.004764105002759538 0.0019196866006952367 0.004767889536817076 0.9999861539957631 -0.0020278732381670017 -0.0019103126675065335 0.0020371271504173076 0.999996201659606 -0.03305914140734956 -0.1439745976118445 -0.719416630326549
FixedParameters: 0 0 0
#Transform 115
Transform: MatrixOffsetTransformBase_double_3_3
Parameters: 0.999988640599212 -0.004436557501143959 0.0019179850886594124 0.004439442212315087 0.9999880694009803 -0.0017945063325297754 -0.001910021493426369 0.0018024951237730475 0.9999971019486471 -0.019175295666869374 -0.16843963601250778 -0.6852618878917127
FixedParameters: 0 0 0
#Transform 116
Transform: MatrixOffsetTransformBase_double_3_3
Parameters: 0.9999866159672643 -0.004765540734023128 0.0019161229668725318 0.004768455263924066 0.9999876256102302 -0.0012798801394979101 -0.0019098764630848452 0.0012891188041838956 0.9999976904548881 -0.025911602009529133 -0.18519177363005213 -0.7053208268760471
FixedParameters: 0 0 0
#Transform 117
Transform: MatrixOffsetTransformBase_double_3_3
Parameters: 0.9999864799725657 -0.0048830848279403155 0.001917441282688541 0.0048859153033900884 0.9999868204136197 -0.0015186523193194937 -0.001909558105435875 0.0015283454388597662 0.9999970174232401 -0.009630604034867929 -0.16055731797446526 -0.6578326754940917
FixedParameters: 0 0 0
#Transform 118
Transform: MatrixOffsetTransformBase_double_3_3
Parameters: 0.9999857694815933 -0.004954972452028391 0.0019178470695048733 0.004958032225834883 0.9999869269978985 -0.0015785141340637207 -0.0019101546614773133 0.0015874877704289856 0.9999968306645091 0.01701763826301317 -0.13934396540878424 -0.626428887262179
FixedParameters: 0 0 0
#Transform 119
Transform: MatrixOffsetTransformBase_double_3_3
Parameters: 0.9999859239682238 -0.005089889775444085 0.0017799335272633125 0.005093120057175886 0.9999859980982866 -0.0017499607049157422 -0.0017710672977652737 0.0017590407775946247 0.9999967692773954 -0.008433393150198754 -0.14280146739110933 -0.6340728036004464
FixedParameters: 0 0 0
#Transform 120
Transform: MatrixOffsetTransformBase_double_3_3
Parameters: 0.9999859514348515 -0.004937588003974874 0.0019162299023433053 0.0049394126296341215 0.9999870209022379 -0.0012565530599988122 -0.0019097749100110849 0.0012654479132125664 0.9999977502661145 -0.009903765229623218 -0.19435500398159888 -0.6206158069702923
FixedParameters: 0 0 0
#Transform 121
Transform: MatrixOffsetTransformBase_double_3_3
Parameters: 0.9999863260899452 -0.004762138253818306 0.001999214571851432 0.004765855029271244 0.9999865618298471 -0.0019294976098702633 -0.0019897825247774063 0.0019395013367063348 0.9999962796248023 -0.019848279845831485 -0.14583468140307332 -0.6222435772293835
FixedParameters: 0 0 0
#Transform 122
Transform: MatrixOffsetTransformBase_double_3_3
Parameters: 0.999985597179368 -0.00507138069010461 0.001919600578184034 0.005074627119407837 0.9999856847404571 -0.0018872878553059993 -0.0019104041668267311 0.0018967176249007427 0.999996753041719 -0.011144885323773224 -0.17646815084398781 -0.574898697871518
FixedParameters: 0 0 0
#Transform 123
Transform: MatrixOffsetTransformBase_double_3_3
Parameters: 0.9999862010880347 -0.0046690428652187265 0.0024495539578430624 0.004672954110594614 0.9999875652774685 -0.0016115749108069025 -0.0024414431702109995 0.0016234209348879392 0.9999954031652137 -0.03668711363962984 -0.19220170251560376 -0.6598355406753598
FixedParameters: 0 0 0
#Transform 124
Transform: MatrixOffsetTransformBase_double_3_3
Parameters: 0.9999857660797233 -0.005075048610100352 0.001864790923015013 0.005078953411069886 0.9999847060594601 -0.002120559526520633 -0.0018542084103874462 0.0021304410489741484 0.9999960244422705 -0.03922725435744212 -0.14666491710515572 -0.6746259059567166
FixedParameters: 0 0 0
#Transform 125
Transform: MatrixOffsetTransformBase_double_3_3
Parameters: 0.9999828366007387 -0.005493814996572268 0.0019950315250346637 0.0054961874770718825 0.9999846001838535 -0.0010920543732740142 -0.0019889698892031787 0.0011029466531588892 0.9999978273822142 -0.004989091860281292 -0.22448436029522156 -0.5930244535554863
FixedParameters: 0 0 0
#Transform 126
Transform: MatrixOffsetTransformBase_double_3_3
Parameters: 0.9999838649606158 -0.0052919163064484845 0.0022648759358548775 0.005294083867484711 0.9999851356646371 -0.0009150243362936121 -0.0022601261477754897 0.0009269753704933602 0.999997032799836 0.006510652232435632 -0.1763395412150146 -0.552633003146596
FixedParameters: 0 0 0
#Transform 127
Transform: MatrixOffsetTransformBase_double_3_3
Parameters: 0.9999837045283964 -0.005191754103506266 0.002518776907210358 0.005195250685478708 0.9999851728616447 -0.0016829431886687411 -0.00251022789594285 0.0016960615548206545 0.9999958227866982 0.015837618911106688 -0.13112983994632543 -0.5532821777684234
FixedParameters: 0 0 0
#Transform 128
Transform: MatrixOffsetTransformBase_double_3_3
Parameters: 0.999980915672918 -0.0057395116914245835 0.0024787768449099187 0.005741493459215379 0.9999830342668324 -0.0009987880955400438 -0.00247322683089473 0.0010132153535770216 0.9999968573103234 0.009897810525671957 -0.18642861403522204 -0.551626486019785
FixedParameters: 0 0 0
#Transform 129
Transform: MatrixOffsetTransformBase_double_3_3
Parameters: 0.9999837651567074 -0.005322079068049022 0.0019762938543001467 0.0053279148333066784 0.9999824090563446 -0.0024915097481899343 -0.001962700569687902 0.002502485104032396 0.9999948859754814 -0.009742354891145055 -0.07258772483201881 -0.5705330482435897
FixedParameters: 0 0 0
#Transform 130
Transform: MatrixOffsetTransformBase_double_3_3
Parameters: 0.9999792116271754 -0.005507549654850424 0.0033848922657890267 0.005512458658836223 0.9999840361261096 -0.0016043752608272711 -0.0033761112804481784 0.0016226288079296044 0.9999929686725427 0.030751892118303203 -0.12491376204161497 -0.49219681002846016
FixedParameters: 0 0 0
#Transform 131
Transform: MatrixOffsetTransformBase_double_3_3
Parameters: 0.999980669490674 -0.005317272904328338 0.0031719337792276607 0.005321721643858797 0.9999844780565599 -0.0014831476886898026 -0.003163065568150494 0.0014998470524198177 0.9999937422524172 0.04423739595272025 -0.1511653340844532 -0.5396427418864818
FixedParameters: 0 0 0
#Transform 132
Transform: MatrixOffsetTransformBase_double_3_3
Parameters: 0.9999791667729004 -0.0055014864474713585 0.0032510407528211216 0.005507507536309365 0.9999826760758919 -0.0019971347478185144 -0.0032399564583238975 0.0020148648406181696 0.9999924425355189 0.04500223497397826 -0.06857840060202136 -0.5230153601639103
FixedParameters: 0 0 0
#Transform 133
Transform: MatrixOffsetTransformBase_double_3_3
Parameters: 0.9999786371107734 -0.0059761391678239805 0.002765369333309365 0.005979868705354481 0.9999813044615833 -0.0013914941361319276 -0.002757636701062757 0.0014075110329994287 0.9999954153971576 0.04256541787300705 -0.17873015627083078 -0.5518878896112511
FixedParameters: 0 0 0
#Transform 134
Transform: MatrixOffsetTransformBase_double_3_3
Parameters: 0.9999801977918734 -0.005553660104862583 0.002821529880351792 0.00555833476202414 0.9999825394839527 -0.0018873536177436182 -0.0028114724093071825 0.0019026508967275207 0.9999944761732579 0.013039657474578803 -0.10676511750571649 -0.5790751658144728
FixedParameters: 0 0 0
#Transform 135
Transform: MatrixOffsetTransformBase_double_3_3
Parameters: 0.9999807946126598 -0.0054762331921764116 0.0028661211989448755 0.005480763752747123 0.9999832134832951 -0.0016573216607242577 -0.002857877602004204 0.0016726809087083334 0.999994036618714 0.032134048111501556 -0.15945737301763074 -0.581414789505871
FixedParameters: 0 0 0
#Transform 136
Transform: MatrixOffsetTransformBase_double_3_3
Parameters: 0.9999797626400303 -0.005531954396444467 0.0031037962310818653 0.005538041780189661 0.9999825589549133 -0.0019418502627183874 -0.0030932039585252354 0.0019591510299942147 0.9999935946984512 -0.015441010443652203 -0.1017657240139016 -0.5937056561891012
FixedParameters: 0 0 0
#Transform 137
Transform: MatrixOffsetTransformBase_double_3_3
Parameters: 0.9999802811006931 -0.005843302020680923 0.0021376368750343666 0.005849697647482858 0.9999796623356155 -0.002668548427604392 -0.002122357732118543 0.0026814547872226974 0.9999943073424519 -0.004858783886618312 -0.1068212328018916 -0.5983245842881928
FixedParameters: 0 0 0
#Transform 138
Transform: MatrixOffsetTransformBase_double_3_3
Parameters: 0.9999842456480258 -0.005059458978999278 0.0022713838326383928 0.005064539468333801 0.9999843929510646 -0.002440535580070525 -0.0022586202972857163 0.0024514666589418583 0.9999948867498212 -0.025786396259704247 -0.15057926269342659 -0.6388507086858652
FixedParameters: 0 0 0
#Transform 139
Transform: MatrixOffsetTransformBase_double_3_3
Parameters: 0.999986800344556 -0.004466967194771287 0.002499216242269364 0.004476034601653413 0.9999838538476445 -0.0036208635718944586 -0.002482784120609664 0.0036321408072101267 0.9999906432180486 -0.026792660283106784 -0.07939500494150309 -0.6268247064342347
FixedParameters: 0 0 0
#Transform 140
Transform: MatrixOffsetTransformBase_double_3_3
Parameters: 0.9999883088683474 -0.004147337085459436 0.0025472466150993876 0.004153664004655386 0.9999888114345218 -0.0022224463513675803 -0.0025377560078053835 0.002232551801874984 0.9999945738545217 0.0023931237145404793 -0.15881537929489298 -0.6312913715303949
FixedParameters: 0 0 0
#Transform 141
Transform: MatrixOffsetTransformBase_double_3_3
Parameters: 0.9999842412299627 -0.004886105659342146 0.002808050443572782 0.004896900653977207 0.9999809095033715 -0.0038873147198253484 -0.0027889549639912936 0.0039006927882444965 0.999989004870097 0.009072980572597089 -0.08819452149863594 -0.5996135458289302
FixedParameters: 0 0 0
#Transform 142
Transform: MatrixOffsetTransformBase_double_3_3
Parameters: 0.9999869288674129 -0.0044684710226460065 0.0026646726419708067 0.004476534224926386 0.9999859705935477 -0.002827111018638726 -0.002652331221827563 0.0028388915252755137 0.9999929063478101 -0.02550250243062635 -0.1985433783329853 -0.630695519668933
FixedParameters: 0 0 0
#Transform 143
Transform: MatrixOffsetTransformBase_double_3_3
Parameters: 0.9999842976690823 -0.004876801873475729 0.002813758686406502 0.00489120390215355 0.9999754510447517 -0.005062319881258036 -0.0027892439566353593 0.00507568534031128 0.9999834563385754 -0.034389159856573315 -0.14299776174955525 -0.657997629976947
FixedParameters: 0 0 0
#Transform 144
Transform: MatrixOffsetTransformBase_double_3_3
Parameters: 0.9999889946770115 -0.004174198417433519 0.001892291991982743 0.004181796187764816 0.999982408541526 -0.004135127602011504 -0.0018757020149111367 0.004143870438036334 0.9999893148966462 -0.05142852630272898 -0.17645214317695945 -0.6544506372851941
FixedParameters: 0 0 0
#Transform 145
Transform: MatrixOffsetTransformBase_double_3_3
Parameters: 0.9999900923492563 -0.00363000479852409 0.00239375278043592 0.003640992158931091 0.9999825445399072 -0.004604324695821858 -0.0023772440573571465 0.004612669831257206 0.9999860708638655 0.00914935444228604 -0.18287204550402691 -0.6185469773759706
FixedParameters: 0 0 0
#Transform 146
Transform: MatrixOffsetTransformBase_double_3_3
Parameters: 0.9999917831523245 -0.003990848287456667 0.0005377442848257586 0.0039951482456481125 0.9999598519027547 -0.007948913602701791 -0.0005062543460703679 0.007951082373789609 0.9999685237721073 0.009580437295269917 -0.27262758433016643 -0.7951451835455288
FixedParameters: 0 0 0
#Transform 147
Transform: MatrixOffsetTransformBase_double_3_3
Parameters: 0.9999906770081382 -0.00413320410900771 -0.0011117285684657545 0.004123790134904287 0.99995043928389 -0.009030661156948831 0.0011492787019681508 0.009026326373584912 0.9999582061433753 -0.01914990879900813 -0.18251756004801223 -0.2983373850050839
FixedParameters: 0 0 0
#Transform 148
Transform: MatrixOffsetTransformBase_double_3_3
Parameters: 0.9999920340838978 -0.0037042869242696827 0.001497307495150586 0.003716709361682957 0.9999618286370504 -0.00789649492838473 -0.0014676841870883714 0.007902496758168679 0.9999673988669939 0.02756721381804539 -0.13289137498877324 -0.15637690306664354
FixedParameters: 0 0 0
#Transform 149
Transform: MatrixOffsetTransformBase_double_3_3
Parameters: 0.9999886784974467 -0.004585022023820012 0.0015165176226549773 0.004594981160552631 0.999967728240491 -0.006645110023781712 -0.0014854833529073738 0.0066518894410033174 0.9999765436636803 0.0847652845217084 -0.11356777847072408 -0.13384453531391216
FixedParameters: 0 0 0
#Transform 150
Transform: MatrixOffsetTransformBase_double_3_3
Parameters: 0.9999872821113948 -0.00469525885101517 0.001635165556532112 0.004705735394868341 0.9999669406642713 -0.0066263850916505156 -0.001603831185907614 0.006634610260039516 0.9999764129078096 0.08988016607827376 -0.22255206303157138 -0.22249190387223905
FixedParameters: 0 0 0
#Transform 151
Transform: MatrixOffsetTransformBase_double_3_3
Parameters: 0.999985773262192 -0.004546134821550369 0.002925425669185319 0.004569871836079726 0.9999558101694255 -0.008203750844831674 -0.0028885769099445536 0.008217251712682904 0.9999621351936981 0.07681753458540186 -0.1591238213227939 -0.2952549119435304
FixedParameters: 0 0 0
#Transform 152
Transform: MatrixOffsetTransformBase_double_3_3
Parameters: 0.999984407027058 -0.00444669151963745 0.0032892374154867027 0.004474303659339185 0.9999553959117766 -0.008341410509159002 -0.0032517541437515358 0.008356587344597911 0.9999595960355143 0.0225251693668298 -0.1903842470717052 -0.3219020276574014
FixedParameters: 0 0 0
#Transform 153
Transform: MatrixOffsetTransformBase_double_3_3
Parameters: 0.9999841533619114 -0.004905785476610276 0.002789028681969651 0.004930212490993449 0.9999492655896466 -0.008742384586155297 -0.002745971216921217 0.008755606450949896 0.9999577937002891 -0.06692451476961025 -0.29018725678619717 -0.36809007436824004
FixedParameters: 0 0 0
#Transform 154
Transform: MatrixOffsetTransformBase_double_3_3
Parameters: 0.999991230569743 -0.003767155991853887 0.0016055314323278353 0.003784849744414695 0.999929881469995 -0.011260026226195142 -0.00156347013373159 0.011265992807407539 0.9999356294371261 -0.08458747523299337 -0.3035090469491166 -0.4536158093536642
FixedParameters: 0 0 0
#Transform 155
Transform: MatrixOffsetTransformBase_double_3_3
Parameters: 0.9999893198129042 -0.003989908929208833 0.002181642376935719 0.004014089111337499 0.9999295448450024 -0.011150360455924088 -0.0021373545161947854 0.01115964571282149 0.9999358978202478 -0.07659028634769527 -0.2971678421315005 -0.45086742299066884
FixedParameters: 0 0 0
#Transform 156
Transform: MatrixOffsetTransformBase_double_3_3
Parameters: 0.9999884107375928 -0.004266070413542971 0.0023213035968240796 0.004291940734206668 0.9999272656993877 -0.011283167719323806 -0.0022736971864429417 0.011292830481198196 0.9999332975493093 -0.05266660056790329 -0.35707368246072235 -0.4838395416421548
FixedParameters: 0 0 0
#Transform 157
Transform: MatrixOffsetTransformBase_double_3_3
Parameters: 0.999988912124508 -0.0039857646210565995 0.0024907593378673903 0.004013234636508883 0.9999261248891871 -0.011435119728812042 -0.0024452473188513527 0.01144486202839684 0.9999310302344465 -0.05544980300565783 -0.27564237351980125 -0.488989898015447
FixedParameters: 0 0 0
#Transform 158
Transform: MatrixOffsetTransformBase_double_3_3
Parameters: 0.9999890883359193 -0.004115359717023235 0.0019944080886080914 0.004137635679453746 0.9999259920990348 -0.011483874427995318 -0.0019465940023911386 0.011492137585896902 0.9999321377217054 -0.036480848382282716 -0.350539862572802 -0.45639035364183655
FixedParameters: 0 0 0
#Transform 159
Transform: MatrixOffsetTransformBase_double_3_3
Parameters: 0.9999899629915089 -0.00393600480598076 0.0018825296026476705 0.003956992203458947 0.999928102639577 -0.011279648719989748 -0.0018384657285303487 0.011287334171545241 0.9999342164832682 -0.044917940459470174 -0.31475079146314044 -0.47111477949351865
FixedParameters: 0 0 0
#Transform 160
Transform: MatrixOffsetTransformBase_double_3_3
Parameters: 0.9999869819229285 -0.004465577997703971 0.002464355577570245 0.004493427327725983 0.9999265572047473 -0.01123606843582943 -0.002414639127168083 0.011246924743549956 0.9999336725209427 -0.02169155416605406 -0.34015594198008614 -0.4352055702541975
FixedParameters: 0 0 0
#Transform 161
Transform: MatrixOffsetTransformBase_double_3_3
Parameters: 0.9999873470815904 -0.003980583703228497 0.0029683434756672495 0.004013407921675396 0.999927354811878 -0.011337226627042212 -0.002922664104353327 0.011348773859329739 0.9999316551024955 -0.03635151282497873 -0.36670043933399654 -0.45339656569369424
FixedParameters: 0 0 0
#Transform 162
Transform: MatrixOffsetTransformBase_double_3_3
Parameters: 0.9999905083688209 -0.003991049147784477 0.0018873194460451278 0.004013961041421232 0.9999161533400756 -0.012317549698398773 -0.0018386815248510454 0.012325463663799843 0.9999227031345457 -0.07363767678961608 -0.31916564801822744 -0.5008013295832541
FixedParameters: 0 0 0
#Transform 163
Transform: MatrixOffsetTransformBase_double_3_3
Parameters: 0.9999851790583308 -0.005155650622554886 0.0014961227043811436 0.00517334044273918 0.9999162537719541 -0.011831424816032774 -0.0014348739131410492 0.011838562589651198 0.9999287791567559 -0.033791774658141094 -0.34987539288023584 -0.5359759997971594
FixedParameters: 0 0 0
#Transform 164
Transform: MatrixOffsetTransformBase_double_3_3
Parameters: 0.9999872764105707 -0.004537618118393445 0.0020323294269103996 0.004562383784342826 0.9999154124832438 -0.012155875006617517 -0.001977664098131677 0.012165121280998361 0.9999240956889668 -0.051825205913687 -0.29266757589114434 -0.5587307484461661
FixedParameters: 0 0 0
#Transform 165
Transform: MatrixOffsetTransformBase_double_3_3
Parameters: 0.9999855640486769 -0.0050009159631471635 0.0018509824354847912 0.005022076924910677 0.9999200251159922 -0.011564867762641751 -0.0017930166775682608 0.0115741304009119 0.9999318214315157 -0.009419290492090227 -0.3003255200300856 -0.5286252737162584
FixedParameters: 0 0 0
#Transform 166
Transform: MatrixOffsetTransformBase_double_3_3
Parameters: 0.9999870009012066 -0.00453200791925047 0.002541249770248473 0.004562008945992398 0.9999189809784467 -0.011924569658864813 -0.0024877490930427927 0.011936437508674352 0.9999253341246275 -0.032604641778533505 -0.3365584172140217 -0.5454589793217792
FixedParameters: 0 0 0
#Transform 167
Transform: MatrixOffsetTransformBase_double_3_3
Parameters: 0.999989682197093 -0.0038593528195000077 0.0025342985721917167 0.0038896565170212496 0.9999179825335391 -0.012201276608534681 -0.0024877062966400755 0.012211735197617089 0.9999226895457267 -0.031385984770054165 -0.28871075565103865 -0.5115641920130827
FixedParameters: 0 0 0
#Transform 168
Transform: MatrixOffsetTransformBase_double_3_3
Parameters: 0.999986382959937 -0.00453363922533065 0.0024619588926069664 0.004562359449434937 0.9999217266162099 -0.011638923754751744 -0.0024090407774700427 0.011649077958667282 0.9999294798556184 -0.04736068542189287 -0.3450623693170911 -0.49934773547893485
FixedParameters: 0 0 0
#Transform 169
Transform: MatrixOffsetTransformBase_double_3_3
Parameters: 0.9999878276121867 -0.004285696542828658 0.0026094365221296448 0.0043153016110425825 0.9999219885706959 -0.011720885816867558 -0.002558572809299435 0.011732111722361376 0.9999278062795063 -0.03721156858128438 -0.2683541030652492 -0.47962018776169657
FixedParameters: 0 0 0
#Transform 170
Transform: MatrixOffsetTransformBase_double_3_3
Parameters: 0.999987787596515 -0.004001329518537502 0.0030329455953352277 0.00403567690784766 0.999929742086122 -0.011178904127661694 -0.002988048326865301 0.011191100422938818 0.9999328276062158 -0.041328602852217955 -0.3446746766732076 -0.5037114109146188
FixedParameters: 0 0 0
#Transform 171
Transform: MatrixOffsetTransformBase_double_3_3
Parameters: 0.9999876794847726 -0.0039059190846706658 0.003172940761094563 0.0039410810521672765 0.9999264520685643 -0.01144564222686854 -0.003128073386492518 0.011458365195561334 0.999929920462389 -0.06829054092028741 -0.34368902535953794 -0.5064881221274362
FixedParameters: 0 0 0
#Transform 172
Transform: MatrixOffsetTransformBase_double_3_3
Parameters: 0.999986476491897 -0.004305703693617628 0.002825830864711609 0.004338285742313889 0.9999243734470669 -0.011523891163246125 -0.0027751616525108595 0.011536099619511834 0.9999292107507949 -0.03878108494980381 -0.26110617252231805 -0.4889586017795722
FixedParameters: 0 0 0
#Transform 173
Transform: MatrixOffsetTransformBase_double_3_3
Parameters: 0.9999859314436529 -0.004529512290569755 0.0029239584961078843 0.004562493373966879 0.9999266865607723 -0.011202820261959769 -0.002873042306600606 0.011215174453479783 0.9999329518605576 -0.019420664830121837 -0.34003101110666023 -0.43191573171843345
FixedParameters: 0 0 0
#Transform 174
Transform: MatrixOffsetTransformBase_double_3_3
Parameters: 0.9999876764753931 -0.0042284365142738565 0.0025386164403658957 0.004258567904551339 0.9999170591434922 -0.012157335832138468 -0.0024873888294952634 0.012167664598491258 0.999922751773033 -0.06190001424141656 -0.31848906081224015 -0.5031224917990897
FixedParameters: 0 0 0
#Transform 175
Transform: MatrixOffsetTransformBase_double_3_3
Parameters: 0.9999893969328857 -0.0037417518773444907 0.0027570964656289374 0.003776250957629501 0.9999148864060333 -0.012523726491690363 -0.002709899212086005 0.012534277858059361 0.9999175447731339 -0.05554458270025009 -0.282230971556487 -0.49357226640992735
FixedParameters: 0 0 0
#Transform 176
Transform: MatrixOffsetTransformBase_double_3_3
Parameters: 0.9999853068272567 -0.004227311677159099 0.0032900062551253417 0.00426468903114819 0.9999247706147961 -0.011534139851979056 -0.00324099608789474 0.011547871606444576 0.9999281359361553 -0.05749504923321069 -0.3754054906586646 -0.48569508875803535
FixedParameters: 0 0 0
#Transform 177
Transform: MatrixOffsetTransformBase_double_3_3
Parameters: 0.9999844855612203 -0.004408341867446732 0.0034758974674823436 0.0044476617883729315 0.9999242860323679 -0.01148572294408506 -0.0034251068362017565 0.011501281837991359 0.999927987581773 -0.051788885851237865 -0.28070316205702284 -0.4920730615090889
FixedParameters: 0 0 0
#Transform 178
Transform: MatrixOffsetTransformBase_double_3_3
Parameters: 0.9999868341383535 -0.004135880723869128 0.0030098630618701832 0.00417112350667489 0.999922362019439 -0.011757605567077499 -0.0029611395960185737 0.011769407147370296 0.9999267007193848 -0.05221845499329447 -0.2592056650422023 -0.4932821213338059
FixedParameters: 0 0 0
#Transform 179
Transform: MatrixOffsetTransformBase_double_3_3
Parameters: 0.9999842640226894 -0.0044062515782279784 0.0035104789405340205 0.004445744165973927 0.9999253418581325 -0.011396574883287453 -0.0034595222465395397 0.011412425346396311 0.9999287863988081 -0.04848827374921427 -0.3428976515332778 -0.5181467636646602
FixedParameters: 0 0 0
#Transform 180
Transform: MatrixOffsetTransformBase_double_3_3
Parameters: 0.9999850875555194 -0.00402578635004006 0.003701892206533067 0.004072210524699331 0.9999126176462461 -0.012561113694671257 -0.003651103680435777 0.01257688737625435 0.9999144955314346 -0.05883705714053633 -0.287257439652123 -0.5486494642555186
FixedParameters: 0 0 0
#Transform 181
Transform: MatrixOffsetTransformBase_double_3_3
Parameters: 0.9999856266310707 -0.004389401317566605 0.003017920914314068 0.004427596997178542 0.9999068750139944 -0.012903822526229427 -0.0029610834848676475 0.012917182240394155 0.9999123732776506 -0.05369406599929505 -0.31682289313370404 -0.5731957355408213
FixedParameters: 0 0 0
#Transform 182
Transform: MatrixOffsetTransformBase_double_3_3
Parameters: 0.9999832737660409 -0.0037499840211938276 0.0043202607082858556 0.0038060076841563884 0.9999077019417463 -0.013030765220345644 -0.004270733105448968 0.01304722363399605 0.9999055236913806 -0.06459433185408159 -0.3475978333860468 -0.5699071380492882
FixedParameters: 0 0 0
#Transform 183
Transform: MatrixOffsetTransformBase_double_3_3
Parameters: 0.9999866917745998 -0.003078291980849325 0.00410262482970117 0.0031327156568699117 0.9999057190531057 -0.01339632666851406 -0.004061377552411889 0.01340868129519976 0.9999017001048827 -0.07910624219275064 -0.29059477452430826 -0.5310649652268893
FixedParameters: 0 0 0
#Transform 184
Transform: MatrixOffsetTransformBase_double_3_3
Parameters: 0.999987417126913 -0.003702628973740898 0.003446191830811941 0.003745366028562748 0.999912569522733 -0.01266425027023184 -0.0033988138766609874 0.012677742238281416 0.9999137242735661 -0.06789280581672585 -0.33751340005758834 -0.5485117199027911
FixedParameters: 0 0 0
#Transform 185
Transform: MatrixOffsetTransformBase_double_3_3
Parameters: 0.9999835172849778 -0.00407153958264146 0.004111672464742859 0.004126471186886479 0.9998997572425049 -0.013572258059840374 -0.004056333389466351 0.013588740550114112 0.9998988800044372 -0.023046620986491462 -0.2564369204149699 -0.5603114188993743
FixedParameters: 0 0 0
#Transform 186
Transform: MatrixOffsetTransformBase_double_3_3
Parameters: 0.999985071207437 -0.003481835032260279 0.004219976512763882 0.0035371686831495654 0.9999045553179632 -0.013376272170020725 -0.004173032789402937 0.013390728967208002 0.9999012610061485 -0.019226663806179545 -0.270460072522809 -0.5103866036968441
FixedParameters: 0 0 0
#Transform 187
Transform: MatrixOffsetTransformBase_double_3_3
Parameters: 0.9999854061811848 -0.0037404481285724113 0.0038211457871217824 0.0037915483547196725 0.999904491486618 -0.013308707247126288 -0.0037708445210393633 0.013323300166310637 0.9999042646265995 -0.05656694147012331 -0.3384935881096851 -0.5881115563652202
FixedParameters: 0 0 0
#Transform 188
Transform: MatrixOffsetTransformBase_double_3_3
Parameters: 0.9999846652412557 -0.0036060070416977213 0.004163167746900678 0.003661992545516079 0.9999017497776264 -0.01352195674508198 -0.004113833743565781 0.013536036969754849 0.999899828338353 -0.05508337419813358 -0.2540702823790326 -0.5692042901370087
FixedParameters: 0 0 0
#Transform 189
Transform: MatrixOffsetTransformBase_double_3_3
Parameters: 0.9999875857123237 -0.00323986536755236 0.0038623355850292995 0.0032911404234296773 0.9999020458015857 -0.01356844738618591 -0.003818672607789361 0.013581531030968636 0.9998999596310554 -0.05548750832564053 -0.3436261839171664 -0.5369519529210436
FixedParameters: 0 0 0
#Transform 190
Transform: MatrixOffsetTransformBase_double_3_3
Parameters: 0.9999856476177704 -0.003086488730093591 0.004452562929006593 0.003146519589812121 0.9999018178078025 -0.013648188246888559 -0.004410446665486721 0.013661811310320958 0.999896891643923 -0.07537920554048583 -0.29609637291278545 -0.5652429112061839
FixedParameters: 0 0 0
#Transform 191
Transform: MatrixOffsetTransformBase_double_3_3
Parameters: 0.9999838558567664 -0.004030886965256475 0.004110774583617647 0.004085114765210412 0.9999003800274671 -0.013487420761058567 -0.004056235170755914 0.013504564253985786 0.9999001723915285 -0.047298654311887844 -0.2608687212617724 -0.5162267410627805
FixedParameters: 0 0 0
#Transform 192
Transform: MatrixOffsetTransformBase_double_3_3
Parameters: 0.9999878262712579 -0.0029464576835026733 0.004061390334414564 0.0029995386202566706 0.9999076690294477 -0.013240983327716057 -0.004021619747112483 0.013253015299740394 0.9999041736342785 -0.07279765486858025 -0.3273130475780164 -0.547064717554747
FixedParameters: 0 0 0
#Transform 193
Transform: MatrixOffsetTransformBase_double_3_3
Parameters: 0.9999884081335837 -0.0026854527372136474 0.003921799670181627 0.0027365508066427035 0.9999093090382754 -0.013198421676711253 -0.0038862067287930794 0.013208590222393637 0.9999054169470142 -0.07309649259529749 -0.2707891854736033 -0.5419998726505924
FixedParameters: 0 0 0
#Transform 194
Transform: MatrixOffsetTransformBase_double_3_3
Parameters: 0.999990800902113 -0.0022012790835150126 0.003788332180857688 0.0022507288139948477 0.9999104557010856 -0.013170597442232368 -0.00375967420478423 0.013179400122097914 0.9999061672501767 -0.06861385984200297 -0.34773685402804233 -0.5590836332640094
FixedParameters: 0 0 0
#Transform 195
Transform: MatrixOffsetTransformBase_double_3_3
Parameters: 0.9999876864618994 -0.002540232740820751 0.0042265024080890895 0.0025997593623713136 0.9998957007105939 -0.014196186808816043 -0.0041895026243684436 0.014206817140735782 0.9998905976986325 -0.10405861110184844 -0.33154079590325125 -0.6094321891781362
FixedParameters: 0 0 0
#Transform 196
Transform: MatrixOffsetTransformBase_double_3_3
Parameters: 0.9999893622248544 -0.0023195071450641245 0.004031845623448863 0.0023744989259867175 0.9999053640691153 -0.01356457387355758 -0.00400014942000053 0.01357342595363774 0.9998997436927946 -0.09532929922949052 -0.29168110260947344 -0.540123388061545
FixedParameters: 0 0 0
#Transform 197
Transform: MatrixOffsetTransformBase_double_3_3
Parameters: 0.9999870730676625 -0.0026000967809368027 0.00437791517975522 0.002657908876270063 0.9999087471173078 -0.013273545214634828 -0.004343090604254712 0.013284473902637425 0.9999026441808391 -0.09970741398507244 -0.3296493355347394 -0.5781901864491488
FixedParameters: 0 0 0
#Transform 198
Transform: MatrixOffsetTransformBase_double_3_3
Parameters: 0.9999874841699808 -0.002658326442251012 0.004177603099268798 0.0027146609233249346 0.9999031457701817 -0.013618813966174672 -0.004140394934151598 0.013630161418096613 0.9998980652290372 -0.09057499151475668 -0.23341188817481395 -0.542563465800157
FixedParameters: 0 0 0
#Transform 199
Transform: MatrixOffsetTransformBase_double_3_3
Parameters: 0.9999887418550231 -0.0032444088591131095 0.0035677979628099686 0.003293592512112713 0.9999004899362011 -0.013698402230828228 -0.003523193226437934 0.013710583920837417 0.9998996056452729 -0.08730623246584912 -0.34663260597594103 -0.5614593003367361
FixedParameters: 0 0 0
#Transform 200
Transform: MatrixOffsetTransformBase_double_3_3
Parameters: 0.9999857674170827 -0.002739446982298865 0.004552229064316117 0.0028025601526792663 0.9999009260193423 -0.013791429726363075 -0.004514756338839803 0.013804555752123148 0.999894051177658 -0.10604804830191483 -0.3201031001955812 -0.5972111947564969
FixedParameters: 0 0 0
#Transform 201
Transform: MatrixOffsetTransformBase_double_3_3
Parameters: 0.9999878248040279 -0.0026332815175451846 0.00427103897419972 0.0026937214204825837 0.9998949894496444 -0.014273681780192869 -0.004232967679594469 0.0142853334967838 0.9998890035382034 -0.10235754289955423 -0.29209430691777527 -0.562513678853378
FixedParameters: 0 0 0
#Transform 202
Transform: MatrixOffsetTransformBase_double_3_3
Parameters: 0.9999888673226347 -0.0024544547369603703 0.004136087377660023 0.0025115478605461238 0.9999023801779059 -0.013722770463016912 -0.004101912992542235 0.013732226504923298 0.9998975787369224 -0.09689477506839239 -0.3385593493975989 -0.6062559488311905
FixedParameters: 0 0 0
#Transform 203
Transform: MatrixOffsetTransformBase_double_3_3
Parameters: 0.9999835018563559 -0.003110819101644713 0.004777082153754988 0.0031761792368197508 0.9999012668140739 -0.013698048334389399 -0.004733910945831167 0.013712947795186236 0.9998945329384256 -0.09633598254929154 -0.26210608867650365 -0.5579427029379787
FixedParameters: 0 0 0
#Transform 204
Transform: MatrixOffsetTransformBase_double_3_3
Parameters: 0.9999850156035002 -0.00332027907249777 0.0042380510140707615 0.0033767156478364336 0.9999037674340719 -0.013446877285569937 -0.00419294490235651 0.013461109953280582 0.9999002091016443 -0.0951339147814565 -0.29564781257025174 -0.5509729230125373
FixedParameters: 0 0 0
#Transform 205
Transform: MatrixOffsetTransformBase_double_3_3
Parameters: 0.9999874886088721 -0.002842268213645863 0.004053654348309036 0.0028977336767974583 0.9998998981607958 -0.0138094211693033 -0.0040143519670820475 0.013820577589109814 0.9998968614619372 -0.1008764709993244 -0.3314358791440384 -0.6244322092533423
FixedParameters: 0 0 0
#Transform 206
Transform: MatrixOffsetTransformBase_double_3_3
Parameters: 0.9999827274963464 -0.003062419988357436 0.004989380155730901 0.0031325775006593283 0.9998972256969771 -0.013998605839241495 -0.0049456080245077385 0.014013381250565764 0.9998891433036291 -0.11162379711970516 -0.26575286497721606 -0.604704770975971
FixedParameters: 0 0 0
#Transform 207
Transform: MatrixOffsetTransformBase_double_3_3
Parameters: 0.9999838786848407 -0.003131364788090842 0.00472412236804054 0.0031936358400697124 0.9999066328631718 -0.01331013429332789 -0.004681884738349695 0.013324882338901648 0.9999005154100302 -0.08801060973503638 -0.344582618530211 -0.569112560634025
FixedParameters: 0 0 0
#Transform 208
Transform: MatrixOffsetTransformBase_double_3_3
Parameters: 0.9999858336634484 -0.0030294432299252634 0.004470344681186581 0.0030915676877624116 0.9998992150294242 -0.01382838128113168 -0.004428655901848494 0.013841618197636825 0.9998947830795812 -0.08988036466324445 -0.28742209137259067 -0.5989008719508035
FixedParameters: 0 0 0
#Transform 209
Transform: MatrixOffsetTransformBase_double_3_3
Parameters: 0.9999858122397209 -0.0032190999094900276 0.004221998825592167 0.0032759007904673617 0.9999029221894051 -0.013540365070724768 -0.004178006381217676 0.013553645524460383 0.9998998280605349 -0.07699951344544331 -0.23456651182155497 -0.5340098781691154
FixedParameters: 0 0 0
#Transform 210
Transform: MatrixOffsetTransformBase_double_3_3
Parameters: 0.9999820925861411 -0.003586877947830179 0.0046953280323745695 0.0036471141547297138 0.9999077559422016 -0.01307410883500517 -0.004647684379617821 0.01309090421086186 0.9999040152254561 -0.07660672236433186 -0.3310400780171108 -0.5559300363049857
FixedParameters: 0 0 0
#Transform 211
Transform: MatrixOffsetTransformBase_double_3_3
Parameters: 0.9999788313196792 -0.004015637022926771 0.00510316235442314 0.004086359739296393 0.9998953806231022 -0.013853434677540542 -0.00504683373963347 0.013873554720964416 0.9998910350547385 -0.06461935297387811 -0.2748016594680962 -0.5680345398963738
FixedParameters: 0 0 0
#Transform 212
Transform: MatrixOffsetTransformBase_double_3_3
Parameters: 0.9999801212982565 -0.0032551890863004715 0.005411090095044458 0.0033298044972281467 0.9999005541907228 -0.013687247586991122 -0.005365893588894408 0.013705732833054556 0.9998913578131687 -0.06758046452476663 -0.30189888244814256 -0.5649402095619251
FixedParameters: 0 0 0
#Transform 213
Transform: MatrixOffsetTransformBase_double_3_3
Parameters: 0.9999815076605426 -0.0036257545908474575 0.0049341309194683 0.0036932491650174862 0.999899961431262 -0.013689041980866339 -0.004883869561150674 0.013706972984320128 0.9998942544933437 -0.07286886371778678 -0.3131438946914784 -0.6123837892725277
FixedParameters: 0 0 0
#Transform 214
Transform: MatrixOffsetTransformBase_double_3_3
Parameters: 0.9999811437905103 -0.0031151543839640456 0.0052105477205242525 0.003181852824917085 0.9999122223001586 -0.012870654212481718 -0.0051704476574107785 0.01288634045918196 0.9999031932226629 -0.06949318558299922 -0.23735432400057732 -0.5644770958884067
FixedParameters: 0 0 0
#Transform 215
Transform: MatrixOffsetTransformBase_double_3_3
Parameters: 0.9999821377619852 -0.0033791011946365766 0.004841790875675399 0.0034408994087692956 0.999911459008731 -0.012833559167460661 -0.004798207480433957 0.012849433208165045 0.9999058541340725 -0.05841156147616289 -0.309900987728156 -0.5653445818844745
FixedParameters: 0 0 0
#Transform 216
Transform: MatrixOffsetTransformBase_double_3_3
Parameters: 0.9999827263579555 -0.0036931222417462043 0.0046508143534918335 0.003755878880999839 0.999903213895838 -0.013366760492099625 -0.004601174944783004 0.013384221393831414 0.9998996855434985 -0.0565840301211864 -0.26078543464566906 -0.5517557011884122
FixedParameters: 0 0 0
#Transform 217
Transform: MatrixOffsetTransformBase_double_3_3
Parameters: 0.9999820609765484 -0.004250403361549116 0.004227640373542847 0.00430659025522287 0.9999034131868021 -0.013230027712604628 -0.00417034833611154 0.013247960415670567 0.9999030871938738 -0.0505117275010889 -0.27967363973623094 -0.5273636793864256
FixedParameters: 0 0 0
#Transform 218
Transform: MatrixOffsetTransformBase_double_3_3
Parameters: 0.9999797709826346 -0.004416633987350371 0.004660960495137611 0.004476373587067971 0.9999053724474902 -0.013022411176684302 -0.004603056269101095 0.013042605781181252 0.9999046882748637 -0.053486978399561735 -0.2623329793651834 -0.5310349229506244
FixedParameters: 0 0 0
#Transform 219
Transform: MatrixOffsetTransformBase_double_3_3
Parameters: 0.9999815553375578 -0.003573923082793479 0.004967004408228521 0.0036370805720940223 0.9999122249214388 -0.012749179724970887 -0.00492100181931904 0.012766832713750752 0.9999067808341893 -0.04497017997664443 -0.22676128212560798 -0.48799694350574896
FixedParameters: 0 0 0
#Transform 220
Transform: MatrixOffsetTransformBase_double_3_3
Parameters: 0.9999857628098828 -0.0029620510763093888 0.00441146770363042 0.003019957488475925 0.9999089496692548 -0.013187874014223595 -0.004372534121969013 0.013201148308972779 0.9999036055717323 -0.05900501376346767 -0.27959126762769415 -0.4971618389783288
FixedParameters: 0 0 0
#Transform 221
Transform: MatrixOffsetTransformBase_double_3_3
Parameters: 0.9999875687394802 -0.003137028263094066 0.0038194381370603493 0.0031879775851095618 0.9999049193456317 -0.013412983610286347 -0.0037775585924192047 0.013425010357152621 0.9999024919388699 -0.07824854552887928 -0.23072494945483868 -0.4883081803589562
FixedParameters: 0 0 0
#Transform 222
Transform: MatrixOffsetTransformBase_double_3_3
Parameters: 0.9999867158407005 -0.003005714947516643 0.004271721486118605 0.003060290733452667 0.9999138346620342 -0.012759106364307948 -0.004233282229286215 0.012771903273906609 0.9999099495731202 -0.07154013807856074 -0.2771399211045491 -0.4513682057328481
FixedParameters: 0 0 0
#Transform 223
Transform: MatrixOffsetTransformBase_double_3_3
Parameters: 0.9999860555541926 -0.0031098441613060324 0.00415607535804643 0.003164154090555948 0.999909684306184 -0.013088026554508803 -0.004114916400287655 0.013100973952085222 0.9999054223689693 -0.04391777815936848 -0.2520175623714067 -0.4480143675873336
FixedParameters: 0 0 0
#Transform 224
Transform: MatrixOffsetTransformBase_double_3_3
Parameters: 0.999987713407447 -0.0030125818055110765 0.003899881060002439 0.0030614131192360327 0.9999171562014206 -0.012468202729159217 -0.003862107601251395 0.012480776955758244 0.9999143171609948 -0.042385151193300885 -0.20961238678189886 -0.4068391437604788
FixedParameters: 0 0 0
#Transform 225
Transform: MatrixOffsetTransformBase_double_3_3
Parameters: 0.9999865310877386 -0.0032718734932204395 0.004094566103283913 0.0033221228252867593 0.9999187587648595 -0.012296564945917165 -0.00405343652468155 0.012309430099982354 0.9999160312304216 -0.03511896985027363 -0.2813832747137468 -0.4027492243869659
FixedParameters: 0 0 0
#Transform 226
Transform: MatrixOffsetTransformBase_double_3_3
Parameters: 0.9999889367284472 -0.0028613492151914263 0.0038570958487146767 0.002911650541154813 0.9999085116210934 -0.013190912522782147 -0.003818908724093314 0.013202070395333998 0.9999051129348392 -0.03522207947497691 -0.22608434006187395 -0.4165835774179243
FixedParameters: 0 0 0
#Transform 227
Transform: MatrixOffsetTransformBase_double_3_3
Parameters: 0.9999877220326432 -0.0029394638854684284 0.004079118260287591 0.002992534492727445 0.9999082968642214 -0.01318095251166766 -0.004039889110488007 0.013193034672450006 0.9999046140798974 -0.029276043585227285 -0.2188711562078396 -0.3668097764034286
FixedParameters: 0 0 0
#Transform 228
Transform: MatrixOffsetTransformBase_double_3_3
Parameters: 0.99998863990226 -0.0027363658448271476 0.00398425312934098 0.002786631339742666 0.999914433813529 -0.012759038467061688 -0.003948751550994865 0.012769946467788241 0.9999103261827617 -0.029040441217560442 -0.2901680958227786 -0.40654147836428933
FixedParameters: 0 0 0
#Transform 229
Transform: MatrixOffsetTransformBase_double_3_3
Parameters: 0.9999877583109583 -0.00302285104639668 0.004012821127906552 0.0030751532921447335 0.9999101312204902 -0.013053822195961457 -0.00397317732851777 0.013066172708263336 0.9999064832568102 -0.04759149596947054 -0.19134615499208962 -0.41573865429168677
FixedParameters: 0 0 0
#Transform 230
Transform: MatrixOffsetTransformBase_double_3_3
Parameters: 0.9999871861783501 -0.002936611154795276 0.0041458823224307 0.002988390521942858 0.9999182136821652 -0.012443772137374201 -0.004109112725934814 0.012456228676574829 0.9999139534714123 -0.03537005672508542 -0.20421759214484325 -0.3518970848312222
FixedParameters: 0 0 0
#Transform 231
Transform: MatrixOffsetTransformBase_double_3_3
Parameters: 0.9999916544544712 -0.0023550542591920616 0.003286465606751291 0.0023969363239191724 0.9999149560248268 -0.012817232802834373 -0.003255535133829174 0.012825777283022843 0.9999129017193006 -0.05992260339039035 -0.27187849726442437 -0.40596869500748767
FixedParameters: 0 0 0
#Transform 232
Transform: MatrixOffsetTransformBase_double_3_3
Parameters: 0.9999929498926465 -0.002066559681866768 0.0032837461620423354 0.002109431277738092 0.9999091536658063 -0.013281172955928776 -0.0032552674928422462 0.013287827041012995 0.9999068234447261 -0.06952694394384196 -0.1872390526228429 -0.3950611185141071
FixedParameters: 0 0 0
#Transform 233
Transform: MatrixOffsetTransformBase_double_3_3
Parameters: 0.9999899012176443 -0.003042526831782325 0.003292913796705256 0.0030824596296621164 0.9999223158799273 -0.01204896653803183 -0.003255080094978094 0.012059020585973178 0.9999219756440647 -0.008791600791397514 -0.2551921389110703 -0.36971309274657926
FixedParameters: 0 0 0
#Transform 234
Transform: MatrixOffsetTransformBase_double_3_3
Parameters: 0.9999864718598025 -0.0034345307411348847 0.003966163911823826 0.0034854821940055163 0.999908690743314 -0.013044354232987167 -0.003921846435847763 0.013057648106779802 0.9999071070321004 -0.007123877517187793 -0.1938707067342449 -0.385861941781684
FixedParameters: 0 0 0
#Transform 235
Transform: MatrixOffsetTransformBase_double_3_3
Parameters: 0.9999899429983342 -0.003032060491414245 0.003296023569710844 0.0030749416744731313 0.9999098739680208 -0.013101998539243678 -0.003255975260052228 0.013112006032657685 0.9999084655918219 -0.04340168093425234 -0.23198763972918357 -0.4052211822375824
FixedParameters: 0 0 0
#Transform 236
Transform: MatrixOffsetTransformBase_double_3_3
Parameters: 0.9999875574723256 -0.003239758150396525 0.003734618933056336 0.0032852459459700527 0.9999173710633 -0.012442880360019231 -0.003694385540238811 0.012455118574792656 0.9999152173162198 -0.034856658489616166 -0.22587685185168027 -0.41002089192599556
FixedParameters: 0 0 0
#Transform 237
Transform: MatrixOffsetTransformBase_double_3_3
Parameters: 0.9999897270510888 -0.0032254455855678 0.003297171336157354 0.0032665545850136075 0.9999146224675038 -0.012676371081429423 -0.003255836019510901 0.012687643100422802 0.9999144235103273 -0.02813914146128127 -0.21637526294988163 -0.40765914492587285
FixedParameters: 0 0 0
#Transform 238
Transform: MatrixOffsetTransformBase_double_3_3
Parameters: 0.9999869818942467 -0.003830551359701727 0.0033679020958581798 0.0038734500900638796 0.999911978173349 -0.012689117229990736 -0.003319091388686429 0.01270187674942155 0.9999136372700149 -0.011033487804951392 -0.2383442162912388 -0.4061705557681137
FixedParameters: 0 0 0
#Transform 239
Transform: MatrixOffsetTransformBase_double_3_3
Parameters: 0.9999866929714527 -0.0038064780380097415 0.003580834311725603 0.0038495110212082026 0.9999176807015308 -0.012226378576502484 -0.0035331705763981766 0.012240612162898887 0.9999186820955589 -0.007805656347969148 -0.16430943433149992 -0.3714423256325432
FixedParameters: 0 0 0
#Transform 240
Transform: MatrixOffsetTransformBase_double_3_3
Parameters: 0.999990287935985 -0.002944192000904559 0.0031695409768654494 0.0029817963958709516 0.999923346452208 -0.011989658487878951 -0.003133458760007164 0.011999335017209168 0.9999231938052974 -0.024492839168729574 -0.22639989560912 -0.36974633557478853
FixedParameters: 0 0 0
#Transform 241
Transform: MatrixOffsetTransformBase_double_3_3
Parameters: 0.9999881112569476 -0.0035548377956834297 0.0032025979857147973 0.0035901515556802845 0.9999291254049528 -0.011356637202988651 -0.0031614098797184656 0.011368373453987607 0.9999307631059527 0.006303201905680567 -0.20291509519059048 -0.3179665644966292
FixedParameters: 0 0 0
#Transform 242
Transform: MatrixOffsetTransformBase_double_3_3
Parameters: 0.9999847725102937 -0.003081789312413888 0.004661911908548923 0.003131206477407797 0.9999391230533579 -0.01058656958886718 -0.004628092155075031 0.010600430005438371 0.9999331969271208 0.09094268821129958 -0.14494158093715725 -0.24633826255481495
FixedParameters: 0 0 0
#Transform 243
Transform: MatrixOffsetTransformBase_double_3_3
Parameters: 0.9999848687680785 -0.0034001135931340737 0.004423734992091612 0.0034548950613047975 0.9999168058672901 -0.01245991027012437 -0.004381266237128752 0.012475090836545242 0.99991217127333 0.045777863548693176 -0.1946095026921455 -0.29804429675616007
FixedParameters: 0 0 0
#Transform 244
Transform: MatrixOffsetTransformBase_double_3_3
Parameters: 0.9999864752155238 -0.003743404983811408 0.0036760147646549514 0.003788593891420779 0.9999149965736884 -0.012475249981225232 -0.0036289922498441356 0.012489761883733944 0.9999158385972401 0.01908869293185944 -0.18330726761961103 -0.30981181190409757
FixedParameters: 0 0 0
#Transform 245
Transform: MatrixOffsetTransformBase_double_3_3
Parameters: 0.9999860378123905 -0.0036251441998318827 0.0038496282853266823 0.003673845409668183 0.9999153109188643 -0.012497027394296048 -0.0038033538246849564 0.012511958252340569 0.9999139876213036 0.01190604358120595 -0.2705850626247752 -0.313571062973665
FixedParameters: 0 0 0
#Transform 246
Transform: MatrixOffsetTransformBase_double_3_3
Parameters: 0.9999844763345384 -0.0037372169003187885 0.004069170078707546 0.003788777965497404 0.9999109784077927 -0.01279277648513141 -0.004020828872291134 0.012808220622194291 0.999909776437255 0.039346853303868556 -0.16931494754201992 -0.32709773425399646
FixedParameters: 0 0 0
#Transform 247
Transform: MatrixOffsetTransformBase_double_3_3
Parameters: 0.9999877414517876 -0.0032801092535727967 0.0038076760765358517 0.0033289004034005917 0.9999113389653276 -0.012906495769189261 -0.003765333176161149 0.012918521982224507 0.9999099209379085 0.003954125741074677 -0.2491691214531926 -0.36489877482719635
FixedParameters: 0 0 0
#Transform 248
Transform: MatrixOffsetTransformBase_double_3_3
Parameters: 0.9999904523860086 -0.002848491392505536 0.0033811398668115505 0.002891523213661296 0.9999123371539104 -0.012934347195394125 -0.003344866441837309 0.012943651751644025 0.9999102641518548 -0.022016488067535533 -0.28489902754695606 -0.4137755210024494
FixedParameters: 0 0 0
#Transform 249
Transform: MatrixOffsetTransformBase_double_3_3
Parameters: 0.9999854296761208 -0.0035713626341375157 0.003977064100619725 0.0036216413920175895 0.9999120500966473 -0.01279978831857509 -0.003930942450466042 0.01281323082915758 0.9999103506569414 -0.0009520313857223073 -0.1387614139259341 -0.43516639269041946
FixedParameters: 0 0 0
#Transform 250
Transform: MatrixOffsetTransformBase_double_3_3
Parameters: 0.9999924298784081 -0.0018946080478716174 0.003461363415199895 0.0019423845323834274 0.9999034396134329 -0.013739374527510263 -0.0034346288992241447 0.013746605159258176 0.9998992311383257 -0.06882960721107168 -0.2588825957058276 -0.4771193311993329
FixedParameters: 0 0 0
#Transform 251
Transform: MatrixOffsetTransformBase_double_3_3
Parameters: 0.9999892050982611 -0.002065167364922866 0.004065475450386483 0.0021258368490966 0.9998849942959046 -0.01501551340557449 -0.004034522719052501 0.01502448800790204 0.9998789821843649 -0.043368183169846475 -0.22737531294644953 -0.529198866577687
FixedParameters: 0 0 0
#Transform 252
Transform: MatrixOffsetTransformBase_double_3_3
Parameters: 0.9999883890835032 -0.002658227481066052 0.003942485450661525 0.002712775805668458 0.9998989513495058 -0.013952460676543052 -0.003905512936198063 0.013963537630588708 0.9998947650463782 -0.040942425017718165 -0.14329314634009904 -0.49176714646087305
FixedParameters: 0 0 0
#Transform 253
Transform: MatrixOffsetTransformBase_double_3_3
Parameters: 0.9999908683673405 -0.002078121647716565 0.0038485852323314525 0.002131885915656212 0.9998990712252954 -0.014048928758350475 -0.0038194188455144638 0.014057070791370124 0.9998938021383413 -0.05838074680633554 -0.23606989145483226 -0.4926625129837561
FixedParameters: 0 0 0
#Transform 254
Transform: MatrixOffsetTransformBase_double_3_3
Parameters: 0.9999873973272936 -0.002472218940810186 0.004300278198260213 0.002540774986761436 0.9998675022033151 -0.016063263259302272 -0.00425972118141805 0.016073720402752914 0.9998614654882506 -0.10099414393984318 -0.2169274648389603 -0.5641779973719281
FixedParameters: 0 0 0
