#Insight Transform File V1.0
#Transform 0
Transform: MatrixOffsetTransformBase_double_3_3
Parameters: 0.9999970554987466 -0.0006281076908146834 -0.0023557049192551222 0.0006268906920165492 0.9999993848733603 -0.0004714780797951097 0.0023562953971571787 0.0004695212971196847 0.9999972278847182 -0.19086774593550615 -0.23113294959007646 -0.2497571470697295
FixedParameters: 0 0 0
#Transform 1
Transform: MatrixOffsetTransformBase_double_3_3
Parameters: 0.9999971613168289 -0.0005091355129425612 -0.002139966129612958 0.0005088637331715947 0.9999997368866587 -0.00006408907999100667 0.002140030772558482 0.00006291055898416704 0.9999974163656139 -0.2013370010930231 -0.2503391963362418 -0.22283249016174977
FixedParameters: 0 0 0
#Transform 2
Transform: MatrixOffsetTransformBase_double_3_3
Parameters: 0.9999997535246685 -0.00029051945741897275 -0.0010778607817818985 0.00029048026439854535 0.9999996832856318 -0.0004823134673821637 0.001078140823927857 0.00048168714905572594 0.9999996055905915 -0.1962393212065905 -0.1524978486992694 -0.31070740978441336
FixedParameters: 0 0 0
#Transform 3
Transform: MatrixOffsetTransformBase_double_3_3
Parameters: 0.9999975521162388 -3.775108188227669e-7 -0.002108998987836687 -3.775108188227669e-7 0.9999999679590795 -0.0001789995560934705 0.002108998987836687 0.0001789995560934705 0.9999975200752542 -0.17885472979133965 -0.16542555583806973 -0.23680209338941438
FixedParameters: 0 0 0
#Transform 4
Transform: MatrixOffsetTransformBase_double_3_3
Parameters: 0.9999978661909051 -0.0004925453619238194 -0.001972113514334098 0.000493454684753831 0.9999997038205619 0.0002300272989988132 0.0019728862411896447 -0.00023097218582217657 0.9999980561098698 -0.2047445753670729 -0.2411216918296759 -0.31797182717312467
FixedParameters: 0 0 0
#Transform 5
Transform: MatrixOffsetTransformBase_double_3_3
Parameters: 0.9999996180925382 -0.0003411956096198668 -0.00112494166845531 0.00034080523439032975 0.9999998536166769 -0.00017338355394792818 0.001125059995524885 0.0001736163030847825 0.9999997042715891 -0.20956912765986146 -0.14622890653150478 -0.321207474191624
FixedParameters: 0 0 0
#Transform 6
Transform: MatrixOffsetTransformBase_double_3_3
Parameters: 0.9999994656853137 -0.00020861277868140007 -0.0012208960534957024 0.00020838811463328078 0.999999705025365 -0.0005012547953604704 0.0012211051795404935 0.0005017456374656007 0.9999992576552691 -0.19926605217415272 -0.18841805592150251 -0.2224481861747165
FixedParameters: 0 0 0
#Transform 7
Transform: MatrixOffsetTransformBase_double_3_3
Parameters: 0.9999973320034405 -0.0004695506004931173 -0.002334091398436121 0.0004694491934632075 0.9999997425131515 0.0001919048316019899 0.0023339106403828065 -0.00019309646095345888 0.9999975153774946 -0.2059039957343316 -0.24432862984374992 -0.25073674334312557
FixedParameters: 0 0 0
#Transform 8
Transform: MatrixOffsetTransformBase_double_3_3
Parameters: 0.9999985606973383 -0.00016727595892011284 -0.0018468854476912653 0.0001667234008741309 0.9999994946294161 -0.0006913089715282841 0.0018471162417104713 0.000690692073476948 0.999998111104301 -0.2090203005224538 -0.15883460896762358 -0.25124406031274304
FixedParameters: 0 0 0
#Transform 9
Transform: MatrixOffsetTransformBase_double_3_3
Parameters: 0.9999981338038236 -0.00024106722412615888 -0.0019518683971502606 0.0002399322813138846 0.9999996429505741 -0.0005474692474455835 0.0019511315042721467 0.000546530575600845 0.9999978924348636 -0.20541449498847442 -0.19977063545179874 -0.24078180060368481
FixedParameters: 0 0 0
#Transform 10
Transform: MatrixOffsetTransformBase_double_3_3
Parameters: 0.9999976088681634 -0.0004392018669768363 -0.0022799627383433335 0.00043879830673428143 0.9999997994464801 -0.00008900070949277288 0.002280040441390036 0.0000879988658906272 0.9999977937572746 -0.19475638803343998 -0.22176101509369062 -0.2940032804084751
FixedParameters: 0 0 0
#Transform 11
Transform: MatrixOffsetTransformBase_double_3_3
Parameters: 0.9999972417864152 -0.0003633174285443718 -0.002150778169150818 0.0003616824507624287 0.9999994934371149 -0.0006127795072736262 0.002151222232091593 0.0006122200303482437 0.9999979980363144 -0.20574033070809605 -0.14859995733893072 -0.25700274753661745
FixedParameters: 0 0 0
#Transform 12
Transform: MatrixOffsetTransformBase_double_3_3
Parameters: 0.999998570369789 -0.00036301219303623745 -0.001815998857716094 0.00036298858502277313 0.9999998681885293 -0.000006659199797932127 0.0018160035767187852 0.000006340781616329129 0.9999987020968643 -0.2182992273476998 -0.21812547089066925 -0.2686615556111036
FixedParameters: 0 0 0
#Transform 13
Transform: MatrixOffsetTransformBase_double_3_3
Parameters: 0.9999984324935143 -0.0004262238059953956 -0.0018399487963813275 0.0004267748442255148 0.9999998032140867 -0.00012278548727646807 0.0018400528624247863 0.0001212159666210203 0.999998599511584 -0.2254576938964732 -0.14534272131733417 -0.29837974102549936
FixedParameters: 0 0 0
#Transform 14
Transform: MatrixOffsetTransformBase_double_3_3
Parameters: 0.9999984449449758 -0.0003273066594150105 -0.0018567704019153955 0.00032569200149682695 0.9999993977819276 -0.0007046057952968471 0.0018572301138921013 0.000703393174358292 0.9999980559309954 -0.2210154451383488 -0.16336793032408536 -0.23310493092959916
FixedParameters: 0 0 0
#Transform 15
Transform: MatrixOffsetTransformBase_double_3_3
Parameters: 0.9999995190654353 -0.00042898954263514164 -0.0011390048811158384 0.0004280111841273974 0.9999998162975893 0.000009512502936757727 0.0011389967391116128 -0.000009488626924366658 0.9999997025875305 -0.2151307011968271 -0.20721306104776716 -0.29998323893100576
FixedParameters: 0 0 0
#Transform 16
Transform: MatrixOffsetTransformBase_double_3_3
Parameters: 0.9999986362211524 -0.00045928058929262756 -0.0014675989728977616 0.00045771980204856996 0.9999990285217111 -0.0008726719582122976 0.0014673990561226752 0.0008723262596012209 0.9999980851877723 -0.23515041925276137 -0.13571794674859916 -0.2953811486135862
FixedParameters: 0 0 0
#Transform 17
Transform: MatrixOffsetTransformBase_double_3_3
Parameters: 0.9999970492291038 -0.000546605053935813 -0.0021565934308073412 0.0005453932755478246 0.9999991476030439 -0.0007451780146460654 0.0021574064253967362 0.0007438225693306362 0.9999977930637282 -0.2518435652921198 -0.18860032520628067 -0.26400015971660196
FixedParameters: 0 0 0
#Transform 18
Transform: MatrixOffsetTransformBase_double_3_3
Parameters: 0.9999990309238738 -0.00022579331284784625 -0.0013848706631319667 0.0002252061020224859 0.9999996208206983 -0.000573312266493828 0.0013851290860551102 0.0005726876316795977 0.9999987534449565 -0.23223098566468536 -0.19812984604159567 -0.31483076086527717
FixedParameters: 0 0 0
#Transform 19
Transform: MatrixOffsetTransformBase_double_3_3
Parameters: 0.9999988226129355 -0.0004811248867103662 -0.001394611965498322 0.00048087474991743685 0.9999991181966907 -0.0008066709162135837 0.0013953878188560473 0.0008063289254966939 0.9999984035312824 -0.23181540947264523 -0.1346007360526471 -0.2929231214326222
FixedParameters: 0 0 0
#Transform 20
Transform: MatrixOffsetTransformBase_double_3_3
Parameters: 0.9999980927449512 -0.0005957772691262253 -0.001884755309877242 0.000594224029245822 0.9999994762308448 -0.00041212072126744814 0.001885245589839491 0.0004118775672861705 0.9999982770269371 -0.23650469645720307 -0.21866852764500777 -0.250219933387541
FixedParameters: 0 0 0
#Transform 21
Transform: MatrixOffsetTransformBase_double_3_3
Parameters: 0.9999986946139929 -0.0005594680596785189 -0.0017298501450063847 0.0005585321290968897 0.9999996143485648 -0.0002709666983908468 0.0017301525641943217 0.00027003255581032877 0.9999989339251417 -0.24010909287653703 -0.22271891657614162 -0.3096480534365469
FixedParameters: 0 0 0
#Transform 22
Transform: MatrixOffsetTransformBase_double_3_3
Parameters: 0.9999979828668222 -0.0005380939589995847 -0.0019304166718976219 0.0005359056164225378 0.9999995354895223 -0.0010850365002889545 0.0019315814256725032 0.001083962604496512 0.9999970950949939 -0.24735386143002813 -0.14072161111495518 -0.24886487805211743
FixedParameters: 0 0 0
#Transform 23
Transform: MatrixOffsetTransformBase_double_3_3
Parameters: 0.9999974602878506 -0.0005699780223124574 -0.002053005161739527 0.000570021135289184 0.9999996749896553 0.000009829762693662899 0.002052993191745988 -0.000011170183970071968 0.9999977850776753 -0.2480893629192309 -0.23441554445955148 -0.2825428961097316
FixedParameters: 0 0 0
#Transform 24
Transform: MatrixOffsetTransformBase_double_3_3
Parameters: 0.9999970991520989 -0.0005038631078268478 -0.002155565378606006 0.0005011375385912309 0.9999990009978676 -0.0008640821826409105 0.0021564336990439036 0.0008639153987488772 0.9999976051627713 -0.24580101335997995 -0.15220398025439863 -0.2734286700287498
FixedParameters: 0 0 0
#Transform 25
Transform: MatrixOffsetTransformBase_double_3_3
Parameters: 0.9999975980620558 -0.0005194340682149508 -0.0020323794514188606 0.0005175650239083278 0.9999992971483346 -0.0011980549625450498 0.0020336212606225836 0.001196946739363242 0.9999974328950286 -0.23903124848257562 -0.1513193323452242 -0.22174824083836597
FixedParameters: 0 0 0
#Transform 26
Transform: MatrixOffsetTransformBase_double_3_3
Parameters: 0.999997815414329 -0.0006646693104626927 -0.0021777955440851846 0.0006633298408365953 0.9999994645478687 -0.0003084451848999075 0.002178203903971194 0.00030655279842815267 0.9999971617545114 -0.2629772054958437 -0.23643508008072445 -0.2738640581128635
FixedParameters: 0 0 0
#Transform 27
Transform: MatrixOffsetTransformBase_double_3_3
Parameters: 0.9999974778327962 -0.00036239905529714063 -0.0020957571848820274 0.0003616015590688982 0.9999994233989136 -0.0006677588677926193 0.0020952404563820788 0.0006672417232930733 0.9999971633201007 -0.2569448334087525 -0.14976389034976023 -0.3117949186942468
FixedParameters: 0 0 0
#Transform 28
Transform: MatrixOffsetTransformBase_double_3_3
Parameters: 0.999997996894703 -0.0004723871745179387 -0.002186486804261729 0.00047061403408963634 0.9999995863119832 -0.0010920320576551007 0.0021865160912853203 0.001090970182799738 0.9999970278319223 -0.2492319329889341 -0.17738770373368595 -0.22145807761705782
FixedParameters: 0 0 0
#Transform 29
Transform: MatrixOffsetTransformBase_double_3_3
Parameters: 0.9999973843907151 -0.0008820623390904616 -0.0019589714500317986 0.0008819369631677727 0.9999992210515826 -0.00003272775581895636 0.001959027897996991 0.00003127207671657744 0.9999981612912359 -0.2500970411684733 -0.222675906595029 -0.23676429733757232
FixedParameters: 0 0 0
#Transform 30
Transform: MatrixOffsetTransformBase_double_3_3
Parameters: 0.9999979399446897 -0.0005189997687345052 -0.0021885282093346992 0.0005170004575243428 0.9999998971918533 -0.0009141343625407702 0.002189474597380895 0.0009128665541392565 0.9999973737850638 -0.2784368756841644 -0.15078722722583393 -0.24693043811632265
FixedParameters: 0 0 0
#Transform 31
Transform: MatrixOffsetTransformBase_double_3_3
Parameters: 0.999994117503361 -0.00025976677168452583 -0.003437643802737619 0.00025423455460510446 0.9999990115633158 -0.0013868823966022646 0.0034373564666815557 0.0013861155134526338 0.9999932611651938 -0.26665371391564463 -0.18243495913226582 -0.21786513968288546
FixedParameters: 0 0 0
#Transform 32
Transform: MatrixOffsetTransformBase_double_3_3
Parameters: 0.9999962588833742 -0.0005670873925293963 -0.0027237750035160988 0.0005659136364123919 0.9999995198756992 -0.0003995429558279391 0.0027242270715611624 0.0003984566557196526 0.9999964206053905 -0.26349726589393185 -0.22755711940584433 -0.2998887386193161
FixedParameters: 0 0 0
#Transform 33
Transform: MatrixOffsetTransformBase_double_3_3
Parameters: 0.9999982560171342 -0.00026666068966786914 -0.0016347294907862935 0.0002653383653719865 0.9999998969865015 -0.0010164357564371816 0.0016352700029072383 0.001015565936242551 0.9999982945151429 -0.25882136771195974 -0.16351165228607556 -0.33716616233262187
FixedParameters: 0 0 0
#Transform 34
Transform: MatrixOffsetTransformBase_double_3_3
Parameters: 0.9999975939013593 -0.000522822023137831 -0.0020327879538800235 0.0005221773245051287 0.9999995633732374 -0.0004050622202279472 0.0020332106566392015 0.00040393773386858964 0.999997703287297 -0.2782918575183544 -0.1620667042252535 -0.32408994124384094
FixedParameters: 0 0 0
#Transform 35
Transform: MatrixOffsetTransformBase_double_3_3
Parameters: 0.999997428202641 -0.00045023615403382277 -0.0020905195914818343 0.00044776456733097665 0.999999654566274 -0.0010699391162589849 0.002090480004470577 0.0010690618440095147 0.9999974859716574 -0.26611522011211264 -0.2228937607529673 -0.32938139554099166
FixedParameters: 0 0 0
#Transform 36
Transform: MatrixOffsetTransformBase_double_3_3
Parameters: 0.9999973873701171 -0.000593366825259591 -0.002064320799499943 0.0005906329200602748 0.9999993350712592 -0.0011472223366385975 0.0020646782575260035 0.0011457779655332952 0.9999974233701197 -0.2775329404373821 -0.15486690469600717 -0.36807740535839173
FixedParameters: 0 0 0
#Transform 37
Transform: MatrixOffsetTransformBase_double_3_3
Parameters: 0.9999944116807404 -0.000546900841368235 -0.003207336832170546 0.0005430989616228873 0.9999992243134183 -0.0012167486195014063 0.0032086622760817665 0.0012152518896016585 0.9999942300457527 -0.28599199767474204 -0.1663817299030086 -0.30655381456867303
FixedParameters: 0 0 0
#Transform 38
Transform: MatrixOffsetTransformBase_double_3_3
Parameters: 0.9999959366262333 -0.0007908140829786742 -0.0027274747244641646 0.000789186498173996 0.9999999336722095 -0.0006661555213474512 0.0027275254274892317 0.0006638460612056536 0.9999961185013233 -0.2824485260904197 -0.23776264014129822 -0.2890443245403702
FixedParameters: 0 0 0
#Transform 39
Transform: MatrixOffsetTransformBase_double_3_3
Parameters: 0.999992744787632 -0.0008991894229796594 -0.0036669730815609854 0.0008948091584349177 0.9999988900781874 -0.0011442889035946765 0.003668022732972627 0.0011407093876010935 0.9999922440889126 -0.29419952995320386 -0.16309514096191435 -0.31557291038340907
FixedParameters: 0 0 0
#Transform 40
Transform: MatrixOffsetTransformBase_double_3_3
Parameters: 0.9999929771250703 -0.0005561000299027488 -0.003703384864332239 0.000551900452945637 0.9999994676294586 -0.0011080514068357399 0.003703611425275977 0.001105947913358104 0.9999920585892985 -0.2863533156709508 -0.1609628478239955 -0.25592840605226286
FixedParameters: 0 0 0
#Transform 41
Transform: MatrixOffsetTransformBase_double_3_3
Parameters: 0.999992831789752 -0.000905290015213964 -0.0037879792604782465 0.0009007090266979399 0.9999989020270859 -0.001134420620059753 0.00378902456305236 0.0011305785609495725 0.9999923646404952 -0.2843904971471005 -0.2407662465426199 -0.2627122992250861
FixedParameters: 0 0 0
#Transform 42
Transform: MatrixOffsetTransformBase_double_3_3
Parameters: 0.9999958386726973 -0.0005104515005096351 -0.002810554941471774 0.0005085491062630988 0.9999989800238019 -0.0008724321328669685 0.0028114435116527664 0.0008715677166637131 0.9999953378781589 -0.26251592367464127 -0.20131855173484325 -0.35641263084299624
FixedParameters: 0 0 0
#Transform 43
Transform: MatrixOffsetTransformBase_double_3_3
Parameters: 0.9999933710885418 -0.0005107219998361429 -0.0035166029976305144 0.0005082776688377682 0.9999991413314562 -0.0007747915975601033 0.0035173917056619854 0.0007732077645050417 0.9999930316019586 -0.27815705794247947 -0.14966265799667156 -0.27722029426819006
FixedParameters: 0 0 0
#Transform 44
Transform: MatrixOffsetTransformBase_double_3_3
Parameters: 0.9999922503800667 -0.0005040998083006029 -0.003807591117032082 0.0005009011714205029 1.0000000848936716 -0.0008149140199914843 0.003807409190925149 0.0008130874659178694 0.9999928402884135 -0.27403017145867636 -0.20498824438624297 -0.28690676036033835
FixedParameters: 0 0 0
#Transform 45
Transform: MatrixOffsetTransformBase_double_3_3
Parameters: 0.9999952501908387 -0.0006162129210233482 -0.003061155914040504 0.0006117845854493648 0.9999987282460748 -0.0013778798017460557 0.0030618462592858766 0.001375120271765223 0.9999947324296545 -0.28638423989369244 -0.1555226000981662 -0.32659766245106425
FixedParameters: 0 0 0
#Transform 46
Transform: MatrixOffsetTransformBase_double_3_3
Parameters: 0.99999049172054 -0.0009411679847444973 -0.004197845357734873 0.000935831225870694 0.9999986038453481 -0.0012329401688450524 0.004199155955703884 0.0012290595459368162 0.9999908571385312 -0.2750841519128784 -0.18678021412415546 -0.22858489771344637
FixedParameters: 0 0 0
#Transform 47
Transform: MatrixOffsetTransformBase_double_3_3
Parameters: 0.9999928374461948 -0.0006670031198741223 -0.003703459121587459 0.0006639952103335393 0.9999998993854642 -0.0008124650440166094 0.0037045385657814567 0.0008095350054900215 0.9999926226141563 -0.269361790825414 -0.19260769823516455 -0.3060426634537521
FixedParameters: 0 0 0
#Transform 48
Transform: MatrixOffsetTransformBase_double_3_3
Parameters: 0.999992261503274 -0.0005015681414675251 -0.003806399610538229 0.0004964325093842617 0.9999993109930156 -0.0012008986996334488 0.0038065972155029554 0.001199099796954562 0.999992070500308 -0.27486880994253227 -0.11626194939032075 -0.2981455845473562
FixedParameters: 0 0 0
#Transform 49
Transform: MatrixOffsetTransformBase_double_3_3
Parameters: 0.9999908680063935 -0.0006197831008040411 -0.004212591003166534 0.0006172177022618462 0.9999991811936694 -0.0006616057530380346 0.004213408045702244 0.0006593942462947384 0.9999908142884241 -0.27711289208525614 -0.19555072731758116 -0.3027353410937508
FixedParameters: 0 0 0
#Transform 50
Transform: MatrixOffsetTransformBase_double_3_3
Parameters: 0.9999966513102114 -0.0003793290494024468 -0.0026843929523050424 0.0003746715161642168 0.9999982577092935 -0.0016130112495045298 0.002684608780316082 0.0016119871304521468 0.9999951932781369 -0.29077470630518576 -0.17714460695316347 -0.4136360783138713
FixedParameters: 0 0 0
#Transform 51
Transform: MatrixOffsetTransformBase_double_3_3
Parameters: 0.99999587473991 -0.0005739882517881064 -0.0027921827838389346 0.000570010059448 0.9999986321984526 -0.0014295972328615928 0.002792816990733734 0.0014274026072256328 0.9999951613070285 -0.3008977741093588 -0.16366042128274216 -0.3431093213758203
FixedParameters: 0 0 0
#Transform 52
Transform: MatrixOffsetTransformBase_double_3_3
Parameters: 0.999992750500908 -0.0007386159919851196 -0.003701677776142281 0.0007373841325271774 0.9999992648210416 -0.00043773254038355136 0.0037023220528587786 0.00043526836846786656 0.9999931046137523 -0.2956436448776998 -0.24656313502049443 -0.3156225413548981
FixedParameters: 0 0 0
#Transform 53
Transform: MatrixOffsetTransformBase_double_3_3
Parameters: 0.999994004981207 -0.0006814463462716894 -0.0032452769972575873 0.0006775528857500732 0.9999994104315427 -0.0010632050903655538 0.0032457202592031244 0.0010607944446617463 0.9999943388551659 -0.28238149409951063 -0.2001953423963272 -0.34359103845216055
FixedParameters: 0 0 0
#Transform 54
Transform: MatrixOffsetTransformBase_double_3_3
Parameters: 0.9999911358779068 -0.0005610490736990922 -0.004068166826465124 0.0005549493062582246 0.9999984774570122 -0.0014882692206512709 0.00406882632475596 0.001485728758383052 0.9999902360648744 -0.2900310587326942 -0.1366509729592451 -0.2748910427791458
FixedParameters: 0 0 0
#Transform 55
Transform: MatrixOffsetTransformBase_double_3_3
Parameters: 0.9999905430037783 -0.0010706111002298764 -0.004279101931140189 0.0010673915385527603 0.9999991457349316 -0.0008455761731098143 0.004279905345808241 0.000841426546659335 0.9999909742751368 -0.2994635506387766 -0.22376249822373495 -0.27799714434692646
FixedParameters: 0 0 0
#Transform 56
Transform: MatrixOffsetTransformBase_double_3_3
Parameters: 0.9999925868882715 -0.0006912031966488823 -0.003733040028911302 0.0006857978925675617 0.9999985841161427 -0.0013945699549801581 0.003733958886585142 0.0013924289027401509 0.9999921190734377 -0.2884259604290662 -0.14812168752995092 -0.3410286783602885
FixedParameters: 0 0 0
#Transform 57
Transform: MatrixOffsetTransformBase_double_3_3
Parameters: 0.9999900937874442 -0.0008436675134088203 -0.004265098848126844 0.0008333316258326017 0.9999971621291542 -0.002267576612027177 0.004267898951012037 0.002264421651156534 0.9999886620885027 -0.2850174287410141 -0.15230061599551448 -0.2422256281061408
FixedParameters: 0 0 0
#Transform 58
Transform: MatrixOffsetTransformBase_double_3_3
Parameters: 0.9999894471872885 -0.0010295413440129515 -0.004415245558394511 0.0010214562108137699 0.9999980310662533 -0.0017105272288817103 0.004416748683687892 0.0017054699682591268 0.9999885815636955 -0.2817929180773575 -0.23061709511517847 -0.26467856595526484
FixedParameters: 0 0 0
#Transform 59
Transform: MatrixOffsetTransformBase_double_3_3
Parameters: 0.9999914288545754 -0.0007050276580260612 -0.004132145156157864 0.0006999732392839621 0.9999990266121875 -0.0012179027678566792 0.004132854347121678 0.001215096575999865 0.9999904424846257 -0.28392912869051656 -0.18379831358879528 -0.36168687621977824
FixedParameters: 0 0 0
#Transform 60
Transform: MatrixOffsetTransformBase_double_3_3
Parameters: 0.9999898641602059 -0.0008219141673228411 -0.004523571712220998 0.000814084586032584 0.999998270101959 -0.0017517017293107737 0.004524433910913685 0.001747300420774778 0.9999884725170877 -0.2835447299075753 -0.15325199781824494 -0.30255989832660646
FixedParameters: 0 0 0
#Transform 61
Transform: MatrixOffsetTransformBase_double_3_3
Parameters: 0.9999904388258773 -0.0007229396163234952 -0.004247328168001124 0.000719060467958328 0.999999619896008 -0.0009290625784547967 0.004247665629858904 0.0009259376557717677 0.9999900984090209 -0.2816696147474147 -0.23843303270231786 -0.377344402133474
FixedParameters: 0 0 0
#Transform 62
Transform: MatrixOffsetTransformBase_double_3_3
Parameters: 0.999994460261498 -0.0005113044259621139 -0.003205999451553343 0.0005046932216520591 0.9999978748011086 -0.001967628146417842 0.003206997420147293 0.0019653703353364935 0.9999928511911527 -0.28287678410846695 -0.15420059443512457 -0.3745549624619997
FixedParameters: 0 0 0
#Transform 63
Transform: MatrixOffsetTransformBase_double_3_3
Parameters: 0.9999932242440556 -0.0004532297300267573 -0.003683480514748634 0.0004497675473550261 0.999999477089463 -0.001149664390993896 0.0036845176126503007 0.0011473377322145 0.9999921090381614 -0.27831881002202863 -0.152312037018973 -0.3519448887505945
FixedParameters: 0 0 0
#Transform 64
Transform: MatrixOffsetTransformBase_double_3_3
Parameters: 0.9999887629269737 -0.0008532961669227618 -0.00463757822080544 0.0008507045235805477 1.0000000290658084 -0.0004969510483713421 0.004638421705242281 0.0004930478503498729 0.9999892438092227 -0.2878454757870941 -0.22729099863718716 -0.3300790602358319
FixedParameters: 0 0 0
#Transform 65
Transform: MatrixOffsetTransformBase_double_3_3
Parameters: 0.9999939268360539 -0.0001815757252067237 -0.003469763897662569 0.0001774252994248325 0.9999992293300529 -0.0013186238804131771 0.0034702372417517407 0.001318378144366883 0.999993220606921 -0.25321878010619514 -0.18190324504804778 -0.39955383335181693
FixedParameters: 0 0 0
#Transform 66
Transform: MatrixOffsetTransformBase_double_3_3
Parameters: 0.999991054768289 -0.0005039740931356807 -0.004206169344031306 0.0004970252729596275 0.9999980005224671 -0.0016591042632317014 0.004206829009573358 0.0016568935367664121 0.9999895562933292 -0.255921958845974 -0.15463341216559456 -0.298898608487292
FixedParameters: 0 0 0
#Transform 67
Transform: MatrixOffsetTransformBase_double_3_3
Parameters: 0.9999883175519237 -0.000610658363946028 -0.004723524731972009 0.0006073416211991239 0.999999029263188 -0.0007758768660845158 0.004723468079044655 0.0007731236116150445 0.9999880885812173 -0.26245411077891845 -0.21420927277831936 -0.3035673189499164
FixedParameters: 0 0 0
#Transform 68
Transform: MatrixOffsetTransformBase_double_3_3
Parameters: 0.9999938814498008 -0.0004589925280263476 -0.003592493681798798 0.0004550088514484039 0.9999995568244736 -0.0011116421363733745 0.0035935091404559285 0.0011103581195424529 0.9999928559741372 -0.24834963896864792 -0.14025906185318604 -0.3628016271887162
FixedParameters: 0 0 0
#Transform 69
Transform: MatrixOffsetTransformBase_double_3_3
Parameters: 0.9999902062090391 -0.0006712060236732545 -0.004398206862456182 0.0006657903257328785 0.9999991512442892 -0.0011859396669615626 0.004398789876342112 0.001182058850720875 0.999989251240226 -0.2555178137475167 -0.19157134138177412 -0.24412164484097332
FixedParameters: 0 0 0
#Transform 70
Transform: MatrixOffsetTransformBase_double_3_3
Parameters: 0.9999901090809249 -0.0008093587122167578 -0.004270550234186306 0.0008076397815539845 1.0000000410669765 -0.000554454442224901 0.00427044363220722 0.0005505490159910832 0.9999904574968566 -0.2674801122417563 -0.18407856046776772 -0.35469555123398777
FixedParameters: 0 0 0
#Transform 71
Transform: MatrixOffsetTransformBase_double_3_3
Parameters: 0.9999898196526681 -0.0007693449605379199 -0.004537764983127027 0.000762659884504324 0.9999987952944541 -0.0016194792001620053 0.0045382437797024085 0.0016165269286141986 0.9999887884694287 -0.28101546748065687 -0.1277585955493663 -0.278213788994222
FixedParameters: 0 0 0
#Transform 72
Transform: MatrixOffsetTransformBase_double_3_3
Parameters: 0.9999879879696809 -0.0007900548359560866 -0.0048361751146619855 0.0007849416534935413 0.9999992867644933 -0.0010478085918631816 0.004836821785594012 0.001043191066348537 0.9999875150517307 -0.25989660445064544 -0.1988347761560476 -0.29248292319792313
FixedParameters: 0 0 0
#Transform 73
Transform: MatrixOffsetTransformBase_double_3_3
Parameters: 0.9999898609850885 -0.0005260755455276386 -0.004456405156896456 0.0005209224416230411 0.9999994286184815 -0.0011403336447602384 0.004457597695568641 0.001137667144257239 0.9999898377100754 -0.25675203231794796 -0.1579686911617415 -0.36425251999959585
FixedParameters: 0 0 0
#Transform 74
Transform: MatrixOffsetTransformBase_double_3_3
Parameters: 0.9999902383894894 -0.0005759391304971678 -0.004407843002496902 0.0005670625523644033 0.9999975626044242 -0.002028519582864933 0.004409160450665025 0.002026480632604736 0.9999884542232619 -0.269738728838945 -0.17603690948337203 -0.34940164662739903
FixedParameters: 0 0 0
#Transform 75
Transform: MatrixOffsetTransformBase_double_3_3
Parameters: 0.9999929979665582 -0.0005011801407767757 -0.003708439368134395 0.0004968211456041437 0.9999994808632765 -0.0011278511478902784 0.0037085641192251924 0.0011261500476521572 0.9999929768345427 -0.26123062564673205 -0.2531371620899705 -0.3445865776094479
FixedParameters: 0 0 0
#Transform 76
Transform: MatrixOffsetTransformBase_double_3_3
Parameters: 0.9999921484118725 -0.0005184983649331895 -0.00381839028933173 0.0005145007618897401 0.9999993455361504 -0.0011789735398940251 0.003819607168040554 0.0011770284993594365 0.9999920274939015 -0.2485253520279258 -0.17086304979136457 -0.36249106748347515
FixedParameters: 0 0 0
#Transform 77
Transform: MatrixOffsetTransformBase_double_3_3
Parameters: 0.9999895249447874 -0.00047312785156914376 -0.004500152857838701 0.00046587193465874393 0.9999985179081552 -0.0018071158997929166 0.004500848703021908 0.0018048899052068377 0.9999884837155134 -0.25295596779481855 -0.15613065001353732 -0.25183162904322387
FixedParameters: 0 0 0
#Transform 78
Transform: MatrixOffsetTransformBase_double_3_3
Parameters: 0.999988436703646 -0.0007089149028715023 -0.00480227757778781 0.0007040841219916224 0.9999994532959332 -0.0010253934620279136 0.004802723791961453 0.0010216074895546172 0.9999878882894326 -0.24218982775214215 -0.2191168278565243 -0.3143822327917718
FixedParameters: 0 0 0
#Transform 79
Transform: MatrixOffsetTransformBase_double_3_3
Parameters: 0.999989235589109 -0.0007297128291346741 -0.00449791304613067 0.0007232847345112576 0.9999982446271722 -0.0014942678777063348 0.00449908165897142 0.0014907315272143467 0.9999885358248032 -0.2618002194883644 -0.1336972243453829 -0.35675921155541346
FixedParameters: 0 0 0
#Transform 80
Transform: MatrixOffsetTransformBase_double_3_3
Parameters: 0.9999879616213295 -0.0005529520340671825 -0.004973343996895743 0.0005470503659392706 0.9999992658753208 -0.0011977357218055742 0.004973660157063309 0.001195264828495989 0.9999868325017311 -0.24872300335043462 -0.16567328568410744 -0.33391181357178823
FixedParameters: 0 0 0
#Transform 81
Transform: MatrixOffsetTransformBase_double_3_3
Parameters: 0.99999027377034 -0.00042724592337888695 -0.00430648121565226 0.00042175523953063865 0.9999993362674392 -0.0012188278803329353 0.0043065153036451085 0.0012171716416803557 0.9999899704404037 -0.2468281263475518 -0.19463725773505303 -0.38459068200508284
FixedParameters: 0 0 0
#Transform 82
Transform: MatrixOffsetTransformBase_double_3_3
Parameters: 0.9999907614444559 -0.0004684063783673951 -0.004361212789137308 0.0004605946395069108 0.9999989010186043 -0.00169902593813142 0.004361790240644442 0.001696974079329421 0.9999890939859916 -0.2600405556701446 -0.13779081793549608 -0.36508338001461027
FixedParameters: 0 0 0
#Transform 83
Transform: MatrixOffsetTransformBase_double_3_3
Parameters: 0.9999876980233259 -0.0007688612393161028 -0.004970943966055758 0.0007621398077033271 0.9999985095930946 -0.0013818052688116802 0.0049720567608260895 0.0013781938475570345 0.999986379605598 -0.26174518316221906 -0.18640652510296718 -0.34328266190919976
FixedParameters: 0 0 0
#Transform 84
Transform: MatrixOffsetTransformBase_double_3_3
Parameters: 0.9999928167427963 -0.00006990441306701469 -0.0038958692065723 0.00006209825558774911 0.9999978808103506 -0.0020282579196663573 0.0038961369727602492 0.002028743640007292 0.9999907062653148 -0.2689236517868778 -0.23583772691000604 -0.43555113045219684
FixedParameters: 0 0 0
#Transform 85
Transform: MatrixOffsetTransformBase_double_3_3
Parameters: 0.9999929561106482 -0.00046181539976387453 -0.0038510709649461805 0.0004541859409902985 0.9999976733758897 -0.0020297630737186627 0.003851929538808166 0.0020282350799642854 0.9999900490171154 -0.26309715298052083 -0.12958920713505506 -0.444866725845813
FixedParameters: 0 0 0
#Transform 86
Transform: MatrixOffsetTransformBase_double_3_3
Parameters: 0.9999895115660605 -0.0006468662725679373 -0.0044800119291954375 0.0006391334790403451 0.9999982379837566 -0.0015338781321321644 0.004480982733382865 0.0015311161784439412 0.9999885764518434 -0.26519866656956026 -0.1992426542116874 -0.4213695093871621
FixedParameters: 0 0 0
#Transform 87
Transform: MatrixOffsetTransformBase_double_3_3
Parameters: 0.9999894943147867 -0.0005123197330454087 -0.004609082652984589 0.0005036793390039491 0.9999984838909105 -0.0018063409027828442 0.004609916543181611 0.001803657624148868 0.9999874943363141 -0.2641811412749462 -0.22744801621954025 -0.4331386865800084
FixedParameters: 0 0 0
#Transform 88
Transform: MatrixOffsetTransformBase_double_3_3
Parameters: 0.9999890100523302 -0.0003084818505285901 -0.004571171594909639 0.00029551672630634944 0.9999964531150134 -0.002731379658791882 0.004571820826620317 0.0027296184575767413 0.9999856455758296 -0.22571268904239616 -0.1333530773123357 -0.4670554050510276
FixedParameters: 0 0 0
#Transform 89
Transform: MatrixOffsetTransformBase_double_3_3
Parameters: 0.9999874933669891 -0.0006389400786539377 -0.0050096183062849535 0.0006280590507579995 0.9999978309644907 -0.0021851752486965973 0.005011384821566846 0.00218182689826683 0.9999851269812718 -0.2494607447764281 -0.17199277878563635 -0.4747888021209121
FixedParameters: 0 0 0
#Transform 90
Transform: MatrixOffsetTransformBase_double_3_3
Parameters: 0.9999892444218839 -0.0006238577360851958 -0.00451278159382131 0.000615137631395536 0.9999977628266964 -0.0019647959194851318 0.004514213760949155 0.001961203670672727 0.9999877748107789 -0.24526667290386683 -0.23598314132169662 -0.4692874581648141
FixedParameters: 0 0 0
#Transform 91
Transform: MatrixOffsetTransformBase_double_3_3
Parameters: 0.9999894061597826 -0.000530321153924489 -0.004506796926207008 0.000520676658361854 0.9999974797090906 -0.002291371229255984 0.004508203730434941 0.0022886338208124592 0.9999874381714637 -0.2613883690439138 -0.16481226527457693 -0.4559768053171638
FixedParameters: 0 0 0
#Transform 92
Transform: MatrixOffsetTransformBase_double_3_3
Parameters: 0.9999874266551175 -0.00066647598424801 -0.0049123210498269575 0.0006535275994543228 0.9999961178322533 -0.0025402396891594826 0.004913672558448527 0.0025377544716942042 0.9999844156961885 -0.26399244736562366 -0.14873002066926233 -0.44006976439854384
FixedParameters: 0 0 0
#Transform 93
Transform: MatrixOffsetTransformBase_double_3_3
Parameters: 0.999986357698676 -0.0006302504009851769 -0.005122987745781271 0.0006217475044950987 0.9999980143962677 -0.001612205210249571 0.005124004103525013 0.001608790549470229 0.9999851558511615 -0.2538655520768174 -0.21160384784604958 -0.44117323727301994
FixedParameters: 0 0 0
#Transform 94
Transform: MatrixOffsetTransformBase_double_3_3
Parameters: 0.999986909616019 -0.0006767942910621375 -0.004963270996485702 0.000663204672446599 0.999996907537679 -0.0025793261142335864 0.00496472487287251 0.002575674305262017 0.9999847149594352 -0.26729807450146836 -0.17827994203206288 -0.46366069102313645
FixedParameters: 0 0 0
#Transform 95
Transform: MatrixOffsetTransformBase_double_3_3
Parameters: 0.9999821450976131 -0.0006843161818343148 -0.0058638885178864866 0.0006666829805579152 0.9999947904529228 -0.003124963252559081 0.005866107737536872 0.0031210395529452724 0.9999778481602262 -0.334037545131352 -0.12343414154251775 -0.4551051478209871
FixedParameters: 0 0 0
#Transform 96
Transform: MatrixOffsetTransformBase_double_3_3
Parameters: 0.999983088178827 -0.0007164293829726348 -0.005691951360776965 0.0006995690838948185 0.9999951696598351 -0.002888027176206185 0.005694037974187656 0.0028839658132459884 0.999979260375577 -0.3220715216140917 -0.20158342751123826 -0.453801743410736
FixedParameters: 0 0 0
#Transform 97
Transform: MatrixOffsetTransformBase_double_3_3
Parameters: 0.9999845963370532 -0.0009328090425648431 -0.005525522703675654 0.0009171895720584986 0.9999959645837886 -0.0026821103812423855 0.005528479822907451 0.0026768853350658743 0.9999812721856685 -0.3237280142010661 -0.2591645238063478 -0.4752425767204045
FixedParameters: 0 0 0
#Transform 98
Transform: MatrixOffsetTransformBase_double_3_3
Parameters: 0.9999851135506611 -0.0004962255216503849 -0.0054445441189061635 0.00047977301181596077 0.9999958813681706 -0.0029816572259054224 0.0054454526251179 0.0029783428591329763 0.9999804712105793 -0.29986694846327566 -0.20368849092659502 -0.4661815889109988
FixedParameters: 0 0 0
#Transform 99
Transform: MatrixOffsetTransformBase_double_3_3
Parameters: 0.9999794799908333 -0.0005996579219197702 -0.006337447320694627 0.0005823449959903468 0.9999967442477348 -0.002629746049229316 0.006338553657329141 0.0026262544352267823 0.9999769228103667 -0.3170633325967174 -0.14541973063948888 -0.4600213927276968
FixedParameters: 0 0 0
#Transform 100
Transform: MatrixOffsetTransformBase_double_3_3
Parameters: 0.999979547431625 -0.000499505880015924 -0.006418816938923208 0.00048449287931561484 0.9999969232180091 -0.002417161028798172 0.006420193818904561 0.002413844167434125 0.9999769547827771 -0.3103565854385124 -0.2227398968245211 -0.4261240465041993
FixedParameters: 0 0 0
#Transform 101
Transform: MatrixOffsetTransformBase_double_3_3
Parameters: 0.999983160824973 -0.0007636727476716111 -0.005679778063199841 0.0007473278740840713 0.9999958148962345 -0.00293729278792696 0.005681212896549138 0.002932709465005513 0.9999791172938066 -0.3256481271919256 -0.16765768461587527 -0.46973726805879323
FixedParameters: 0 0 0
#Transform 102
Transform: MatrixOffsetTransformBase_double_3_3
Parameters: 0.9999798497098004 -0.000597887437829752 -0.006308330436487944 0.0005791149993516673 0.9999956163498425 -0.00283670987780208 0.00630966727323714 0.002833284088444796 0.999976158733493 -0.31709590236708607 -0.1746209618465855 -0.4049270387709498
FixedParameters: 0 0 0
#Transform 103
Transform: MatrixOffsetTransformBase_double_3_3
Parameters: 0.9999826491080651 -0.0006187490132200607 -0.005828450597057528 0.0006032481729137864 0.9999962231898248 -0.0025325580364558837 0.005829542894233507 0.0025284349365663214 0.999979618945351 -0.3103979787106823 -0.20275593511686907 -0.4485082879515403
FixedParameters: 0 0 0
#Transform 104
Transform: MatrixOffsetTransformBase_double_3_3
Parameters: 0.999981643045911 -0.0005469765988833069 -0.006004567437840942 0.0005310209708729998 0.999996631134375 -0.002662238923393681 0.006006435485895849 0.0026587649304318814 0.9999788552273368 -0.3179187273196362 -0.11068782479823369 -0.4538943106740021
FixedParameters: 0 0 0
#Transform 105
Transform: MatrixOffsetTransformBase_double_3_3
Parameters: 0.9999768544901874 -0.0005842632732623744 -0.006767696175293801 0.0005687369648429144 0.9999975825564072 -0.0022569007565335208 0.0067692962229248125 0.0022530965774108067 0.9999741017598223 -0.31672343047810614 -0.16383973625245574 -0.4138599916735899
FixedParameters: 0 0 0
#Transform 106
Transform: MatrixOffsetTransformBase_double_3_3
Parameters: 0.9999777741500199 -0.000798948848615397 -0.0066020904091752515 0.0007830493515782757 0.9999965395978836 -0.0024182233635516048 0.006603911776064949 0.0024127772918814206 0.9999755651241538 -0.3135226865409493 -0.18961418554049203 -0.449674634238832
FixedParameters: 0 0 0
#Transform 107
Transform: MatrixOffsetTransformBase_double_3_3
Parameters: 0.99998323566174 -0.00045453654251891435 -0.00579280056550148 0.0004384656997934364 0.9999966101243437 -0.0026825850370985863 0.0057941951715644365 0.002680411383000462 0.9999792445155599 -0.30272033535169385 -0.13760260937881696 -0.43902132245786163
FixedParameters: 0 0 0
#Transform 108
Transform: MatrixOffsetTransformBase_double_3_3
Parameters: 0.9999824564176633 -0.0005775135053803573 -0.005848873107080786 0.0005654896673900611 0.9999978003262701 -0.0019693412074786205 0.005850122554560207 0.0019666551565977576 0.9999809099763075 -0.29809890711698017 -0.20868503497923996 -0.40220651031795285
FixedParameters: 0 0 0
#Transform 109
Transform: MatrixOffsetTransformBase_double_3_3
Parameters: 0.9999786934337002 -0.0006608957980608559 -0.006470293113800498 0.0006441012171430806 0.9999967568344605 -0.0026132228790075544 0.006472700506502025 0.002608777479558703 0.9999753017891208 -0.3090333546989825 -0.180152326865624 -0.42523670161621396
FixedParameters: 0 0 0
#Transform 110
Transform: MatrixOffsetTransformBase_double_3_3
Parameters: 0.9999806625952306 -0.0004195685047872378 -0.006257718000838108 0.00040043362494042743 0.9999950567756107 -0.0031275659280645602 0.006259281765662142 0.0031254338883044716 0.9999750555758614 -0.31549965017777026 -0.13380390706848289 -0.4312559348360594
FixedParameters: 0 0 0
#Transform 111
Transform: MatrixOffsetTransformBase_double_3_3
Parameters: 0.9999764506961545 -0.0004484686459757288 -0.006880885952656816 0.0004315307828633408 0.9999963623252865 -0.0025400291468538824 0.0068821198626650044 0.0025369733458336066 0.9999732002261329 -0.3012212190703849 -0.1993844858980509 -0.4155673080187938
FixedParameters: 0 0 0
#Transform 112
Transform: MatrixOffsetTransformBase_double_3_3
Parameters: 0.9999807007685348 -0.000181387153512707 -0.006266520013712878 0.00016361395346246947 0.9999962723085788 -0.0027750788548440083 0.006266477228712757 0.0027739168838407245 0.9999760325905217 -0.2833975708000054 -0.21256994300483711 -0.4737616249016696
FixedParameters: 0 0 0
#Transform 113
Transform: MatrixOffsetTransformBase_double_3_3
Parameters: 0.999979861348016 -0.000248006108378884 -0.006409225083081893 0.0002269976958055114 0.9999942047277731 -0.00327752128547172 0.006409781684150072 0.0032764767203437685 0.9999741788903199 -0.3039633769432015 -0.12253414483842562 -0.49025862668928255
FixedParameters: 0 0 0
#Transform 114
Transform: MatrixOffsetTransformBase_double_3_3
Parameters: 0.9999831820273701 -0.0007924876715916974 -0.005761158911379197 0.000778509740761477 0.999996902655277 -0.002343523833899545 0.005762836653878707 0.0023384716524066703 0.9999803187132242 -0.29405602537806885 -0.18461952405964155 -0.4524727464564364
FixedParameters: 0 0 0
#Transform 115
Transform: MatrixOffsetTransformBase_double_3_3
Parameters: 0.9999795315801173 -0.0007591121322068435 -0.006394343070737673 0.0007448884567781299 0.9999975657900717 -0.0022088097441949873 0.006396661686274656 0.00220419079713314 0.9999772283915905 -0.29926112500852753 -0.20772041556190857 -0.45831037434184907
FixedParameters: 0 0 0
#Transform 116
Transform: MatrixOffsetTransformBase_double_3_3
Parameters: 0.999983766008917 -0.0006089952091976546 -0.00573222344717788 0.0005920066455381961 0.9999958540027708 -0.002965444559997483 0.005734783252688095 0.0029625585471673784 0.9999793412205781 -0.29771101512322673 -0.13408430286763462 -0.4716333782861426
FixedParameters: 0 0 0
#Transform 117
Transform: MatrixOffsetTransformBase_double_3_3
Parameters: 0.9999813738743231 -0.0006754077471930187 -0.006096419805010404 0.0006605906693039767 0.9999969699480487 -0.0023650707944354414 0.006098576803557527 0.0023609244523059977 0.9999782362789819 -0.29642106350679853 -0.16195831606042077 -0.44148985192522616
FixedParameters: 0 0 0
#Transform 118
Transform: MatrixOffsetTransformBase_double_3_3
Parameters: 0.9999840352648891 -0.000635895145096194 -0.005617666493918424 0.0006241062033595232 0.9999971213680464 -0.0021185388981502626 0.00561933393917397 0.0021154595195250914 0.9999819504408198 -0.28347838645453294 -0.2204991564808978 -0.46513979774583447
FixedParameters: 0 0 0
#Transform 119
Transform: MatrixOffsetTransformBase_double_3_3
Parameters: 0.9999826030258461 -0.0005429087463099238 -0.0058393628349488955 0.0005250885587548087 0.9999953113123813 -0.0030681201700878775 0.005841637889402768 0.003064882455441956 0.9999784846550244 -0.2965642415795742 -0.14632179720045713 -0.4757441023526212
FixedParameters: 0 0 0
#Transform 120
Transform: MatrixOffsetTransformBase_double_3_3
Parameters: 0.9999813388416673 -0.0006219087005410551 -0.006022579315975691 0.0006080918814401674 0.9999972902317837 -0.002310705418872317 0.006024419416989126 0.0023072964348474258 0.9999793855316531 -0.2926796858728409 -0.18263306584235295 -0.4273736428302044
FixedParameters: 0 0 0
#Transform 121
Transform: MatrixOffsetTransformBase_double_3_3
Parameters: 0.999981859291642 -0.0010208854274409134 -0.006008328838718844 0.001011115619943784 0.9999982616811554 -0.0016481052645563455 0.006009671512924598 0.0016418948516046593 0.9999801855063855 -0.28910452473236603 -0.21178322189653898 -0.4205918362783052
FixedParameters: 0 0 0
#Transform 122
Transform: MatrixOffsetTransformBase_double_3_3
Parameters: 0.9999806865381378 -0.000577133469302195 -0.006243804193703927 0.0005638709118022825 0.9999972518685092 -0.0021045619003817514 0.006244203746809367 0.0021014374025572144 0.9999785893565842 -0.2675732112370781 -0.1589900385031342 -0.4467126735784177
FixedParameters: 0 0 0
#Transform 123
Transform: MatrixOffsetTransformBase_double_3_3
Parameters: 0.9999853954753017 -0.0007298582099490922 -0.0052985133524769724 0.0007191427365532468 0.9999972766607618 -0.0020508386952474357 0.00529948237869888 0.0020471603802009954 0.9999837219456458 -0.23812490453438784 -0.12316865801155075 -0.42184539370227014
FixedParameters: 0 0 0
#Transform 124
Transform: MatrixOffsetTransformBase_double_3_3
Parameters: 0.99997955493852 -0.0011732268693203439 -0.006329926858776046 0.0011617705810842002 0.9999974915969301 -0.0017773892166195405 0.006332068022511891 0.0017696061782146895 0.9999777726755721 -0.23218300025047256 -0.19188273083861418 -0.36003601610555336
FixedParameters: 0 0 0
#Transform 125
Transform: MatrixOffsetTransformBase_double_3_3
Parameters: 0.9999776981248396 -0.0009235632352731364 -0.006667003652469737 0.0009084370412326469 0.9999973910191191 -0.002187107354124533 0.00666900479032724 0.0021808914203547566 0.9999757672770475 -0.24030192937122763 -0.1688549767199703 -0.3900386578779518
FixedParameters: 0 0 0
#Transform 126
Transform: MatrixOffsetTransformBase_double_3_3
Parameters: 0.9999779171875307 -0.000660005129801174 -0.006681637410757733 0.0006459917304590344 0.9999971803166234 -0.0020983637174106025 0.006683374817668024 0.0020936362709337176 0.9999759503305001 -0.2433035043138574 -0.1288386496874807 -0.383539788995364
FixedParameters: 0 0 0
#Transform 127
Transform: MatrixOffsetTransformBase_double_3_3
Parameters: 0.999977693034431 -0.0011256531876421437 -0.006636372365804885 0.0011163525482579912 0.999998629197551 -0.0014574418817150648 0.00663763227853425 0.0014505615297320201 0.9999768355499348 -0.23488664323909347 -0.20644573882732686 -0.3674154603226185
FixedParameters: 0 0 0
#Transform 128
Transform: MatrixOffsetTransformBase_double_3_3
Parameters: 0.9999763885464801 -0.0008972487554131048 -0.006768037577264617 0.0008897504701007524 0.9999990545952872 -0.0010740464143074076 0.006768951475571401 0.001067950967930965 0.9999760398447445 -0.23223384145290993 -0.16535320820331378 -0.40493761660501093
FixedParameters: 0 0 0
#Transform 129
Transform: MatrixOffsetTransformBase_double_3_3
Parameters: 0.9999788250353389 -0.0005460381209426036 -0.006548008857331982 0.0005339590035683778 0.9999983282760163 -0.0018405361588890658 0.006548994457770492 0.0018364637050771544 0.9999767365164097 -0.23813145607643094 -0.12221502538224627 -0.39915967175913636
FixedParameters: 0 0 0
#Transform 130
Transform: MatrixOffsetTransformBase_double_3_3
Parameters: 0.999975909924692 -0.0010598387434696183 -0.006925504474160699 0.0010501602948355885 0.9999988691141736 -0.0014243084656087501 0.0069275017679424605 0.001416693363815408 0.9999750051158849 -0.26104751340932353 -0.20502435868560553 -0.3954127391697284
FixedParameters: 0 0 0
#Transform 131
Transform: MatrixOffsetTransformBase_double_3_3
Parameters: 0.9999801767429046 -0.0006585546650547217 -0.0062761110748486455 0.0006504447324679513 0.9999987138348175 -0.0013651097584198146 0.006276895261098774 0.0013608937340750579 0.9999797473267678 -0.24211762819577132 -0.1370145728381118 -0.426426533422017
FixedParameters: 0 0 0
#Transform 132
Transform: MatrixOffsetTransformBase_double_3_3
Parameters: 0.9999785221110883 -0.0007856655239778771 -0.006546492026307685 0.000773332947693802 0.9999976500388759 -0.0019371037974039473 0.006548507945863732 0.0019318961295507987 0.9999763874035584 -0.24983437529772345 -0.15611419093293932 -0.3947756881756277
FixedParameters: 0 0 0
#Transform 133
Transform: MatrixOffsetTransformBase_double_3_3
Parameters: 0.9999776804820686 -0.0005479047421820735 -0.006709203097414299 0.0005380898672705212 0.9999985250704997 -0.001478643894941851 0.00671080659221672 0.001474356763796488 0.9999767952546258 -0.23628826485909826 -0.2121422296693538 -0.3846177473422756
FixedParameters: 0 0 0
#Transform 134
Transform: MatrixOffsetTransformBase_double_3_3
Parameters: 0.9999761544252995 -0.0005137109774193007 -0.006825051840274123 0.0005012856673275106 0.9999982734893421 -0.0018644651745582073 0.006825942298994043 0.001860537217793692 0.9999749430316806 -0.22624199738503137 -0.1701769304911096 -0.3815372798934078
FixedParameters: 0 0 0
#Transform 135
Transform: MatrixOffsetTransformBase_double_3_3
Parameters: 0.9999780797284422 -0.0006970513951959097 -0.006665754960848861 0.0006849450313796072 0.9999982536107999 -0.0018106068291092112 0.00666725364406405 0.0018053936238821451 0.9999762883099895 -0.22476407845192625 -0.15291419421997432 -0.3542901310819957
FixedParameters: 0 0 0
#Transform 136
Transform: MatrixOffsetTransformBase_double_3_3
Parameters: 0.9999784711661863 -0.0014008578628362058 -0.006447302359757166 0.001393143894226982 0.9999985636070058 -0.0012230095474028177 0.006448706890142626 0.0012139936205093143 0.9999789380376468 -0.2269748908947946 -0.21045687861497697 -0.36545433466493193
FixedParameters: 0 0 0
#Transform 137
Transform: MatrixOffsetTransformBase_double_3_3
Parameters: 0.9999759035794302 -0.0008484527584530688 -0.006955497019045235 0.0008365499261275935 0.9999980860369458 -0.001792863072023964 0.006956513212756016 0.0017871420450223734 0.9999744092493851 -0.21722873364240058 -0.13745363511135622 -0.3898281172793787
FixedParameters: 0 0 0
#Transform 138
Transform: MatrixOffsetTransformBase_double_3_3
Parameters: 0.9999771259672389 -0.0010985703308939794 -0.006608247474087247 0.0010874279077128176 0.9999982469101045 -0.0016032219746439252 0.006609744019440026 0.0015957745398647671 0.9999767622013963 -0.24250416494862748 -0.14077924406352338 -0.35958479889291084
FixedParameters: 0 0 0
#Transform 139
Transform: MatrixOffsetTransformBase_double_3_3
Parameters: 0.9999751191963718 -0.00145618459328935 -0.006838044097191101 0.001447807957034388 0.9999980866566198 -0.0013489328188469815 0.006839945668886927 0.0013380721442956742 0.999975422503164 -0.25630543421090124 -0.2007053785650612 -0.38400865806180207
FixedParameters: 0 0 0
#Transform 140
Transform: MatrixOffsetTransformBase_double_3_3
Parameters: 0.9999751731834359 -0.0009602446865669392 -0.006993330615546705 0.0009477583722072279 0.9999980255809243 -0.0017536717159680796 0.006994670615692626 0.0017473269762771615 0.9999740190233102 -0.2378570080410043 -0.16506757074193956 -0.3846847463987757
FixedParameters: 0 0 0
#Transform 141
Transform: MatrixOffsetTransformBase_double_3_3
Parameters: 0.9999786218436655 -0.001073753951043516 -0.006498072371766742 0.001062246781002829 0.9999975886503254 -0.0018119419262546599 0.0064999353744209275 0.0018050598938380675 0.9999774917692688 -0.23224212482089968 -0.1418404064457519 -0.3411949867115709
FixedParameters: 0 0 0
#Transform 142
Transform: MatrixOffsetTransformBase_double_3_3
Parameters: 0.9999814673178495 -0.0012567648306866148 -0.005912143973268669 0.0012482326053872583 0.9999982334003679 -0.0014864076765732591 0.005913857671730493 0.0014785954744679416 0.9999818382579494 -0.20968230626618833 -0.2290073942535571 -0.3235006466471617
FixedParameters: 0 0 0
#Transform 143
Transform: MatrixOffsetTransformBase_double_3_3
Parameters: 0.9999794257061998 -0.0004226670627933901 -0.006355427021216527 0.0004143340654053588 0.9999989657027303 -0.0013646607564827213 0.006356568283721843 0.001362340725488347 0.9999787416974963 -0.21907319388763824 -0.15063469131230534 -0.4669306823179653
FixedParameters: 0 0 0
#Transform 144
Transform: MatrixOffsetTransformBase_double_3_3
Parameters: 0.9999828872382939 -0.00042458987514835494 -0.005825239500797672 0.0004144081412216973 0.999998518859393 -0.001819446220076456 0.005825764816103451 0.0018165585843955999 0.9999817580606367 -0.21602750778832558 -0.1071363795643947 -0.459097929248216
FixedParameters: 0 0 0
#Transform 145
Transform: MatrixOffsetTransformBase_double_3_3
Parameters: 0.9999806757232702 -0.0016240017676318465 -0.0059736408935119525 0.0016190003597561676 0.9999986701348228 -0.000841687571077995 0.005975355311469336 0.0008323120753110436 0.9999816044372472 -0.2334451488779905 -0.21642922501149542 -0.39444653750196323
FixedParameters: 0 0 0
#Transform 146
Transform: MatrixOffsetTransformBase_double_3_3
Parameters: 0.9999795299653085 -0.0013625225014635577 -0.0062137925846947935 0.0013574792117721501 0.9999983609384224 -0.0008924531334333979 0.006215209332327187 0.0008845495124841663 0.9999805901440335 -0.2398305316324354 -0.2161492345601772 -0.3906301590122183
FixedParameters: 0 0 0
#Transform 147
Transform: MatrixOffsetTransformBase_double_3_3
Parameters: 0.9999797009107798 -0.0008235704512956954 -0.006373770733955594 0.0008144354923392288 0.9999980762036347 -0.0015032207120516605 0.006374229403702357 0.0014987799665034558 0.9999781186556534 -0.23668461913945293 -0.12183281270699808 -0.39155321054366254
FixedParameters: 0 0 0
#Transform 148
Transform: MatrixOffsetTransformBase_double_3_3
Parameters: 0.9999779498400232 -0.0009062093071532462 -0.006498718265801683 0.0008967909471186748 0.9999981793786185 -0.0014198578036693184 0.006499273145214574 0.0014141399777192662 0.9999777546412295 -0.23196139888894152 -0.13053217878541545 -0.37889131086907923
FixedParameters: 0 0 0
#Transform 149
Transform: MatrixOffsetTransformBase_double_3_3
Parameters: 0.9999790248405845 -0.0015071904584831098 -0.006379837294807879 0.0014978129799405194 0.9999976688446751 -0.0014445860335367937 0.006382164543694361 0.001435410899984333 0.9999782087536245 -0.23405465366624867 -0.20585883805050287 -0.36243539275251635
FixedParameters: 0 0 0
#Transform 150
Transform: MatrixOffsetTransformBase_double_3_3
Parameters: 0.9999796597160068 -0.000992992149156111 -0.006273527177323074 0.0009900071658660466 0.9999997893867066 -0.00048022080954413334 0.006273473078299693 0.00047378033476065814 0.9999804152663333 -0.22395074064040443 -0.18264489001691686 -0.39947830250909533
FixedParameters: 0 0 0
#Transform 151
Transform: MatrixOffsetTransformBase_double_3_3
Parameters: 0.9999793886404255 -0.0011670797388460379 -0.006264798929334986 0.001165918293429214 0.9999996095086825 -0.00017630793827406682 0.006265201375479417 0.00016869155054066848 0.999980719618903 -0.2500685854768676 -0.12043148862522912 -0.38830810271430494
FixedParameters: 0 0 0
#Transform 152
Transform: MatrixOffsetTransformBase_double_3_3
Parameters: 0.9999813270177814 -0.0006249361183718023 -0.00610580451324292 0.0006230587699471123 0.9999995098148947 -0.0003198103183468523 0.0061062007563325565 0.0003151899723016469 0.9999816155888467 -0.23844153834342308 -0.17288259604954703 -0.3868074879946448
FixedParameters: 0 0 0
#Transform 153
Transform: MatrixOffsetTransformBase_double_3_3
Parameters: 0.9999792738588454 -0.0011778349882674236 -0.006351474773982052 0.0011751693860676624 0.9999994169123549 -0.0004494734076837163 0.006351524224985757 0.00044252815816323655 0.9999794591098591 -0.2615888962924231 -0.1952022887437863 -0.40021075688757435
FixedParameters: 0 0 0
#Transform 154
Transform: MatrixOffsetTransformBase_double_3_3
Parameters: 0.9999772853733826 -0.0006531754503251666 -0.006729209600562434 0.0006448213679197518 0.9999991025542183 -0.0012173665586352157 0.006730786686261408 0.0012126309275391285 0.9999762303375841 -0.24254031432705858 -0.13964320416074827 -0.37527712338481933
FixedParameters: 0 0 0
#Transform 155
Transform: MatrixOffsetTransformBase_double_3_3
Parameters: 0.9999761105436388 -0.001123154357487108 -0.006754641681745089 0.0011148396486916402 0.999998289755751 -0.0012115576633587421 0.0067563440934509935 0.0012034387002994962 0.9999759046449163 -0.2552809242155121 -0.11799111807674478 -0.39176105976370934
FixedParameters: 0 0 0
#Transform 156
Transform: MatrixOffsetTransformBase_double_3_3
Parameters: 0.9999778735794418 -0.0010071291549833203 -0.0065659084249066945 0.000999866562204485 0.9999988135700377 -0.0010895888097641625 0.006567088048545924 0.0010824097109597918 0.9999777011924946 -0.2504244622742533 -0.19796626648285098 -0.389960636552388
FixedParameters: 0 0 0
#Transform 157
Transform: MatrixOffsetTransformBase_double_3_3
Parameters: 0.999980512513284 -0.0010113818548337327 -0.006201965480646454 0.0010046169837647125 0.9999989250756374 -0.0010322511813015225 0.006203039964133916 0.001025746815350686 0.9999804697362648 -0.24965639333140643 -0.1664239093759221 -0.43138776314896177
FixedParameters: 0 0 0
#Transform 158
Transform: MatrixOffsetTransformBase_double_3_3
Parameters: 0.9999780009677051 -0.0006079976760460249 -0.006529163383111303 0.0005990021821235652 0.999998736879085 -0.0013799401048771953 0.0065298266475157215 0.0013760589133623268 0.999977466279185 -0.23442958225258792 -0.1020035445711045 -0.40795065382113194
FixedParameters: 0 0 0
#Transform 159
Transform: MatrixOffsetTransformBase_double_3_3
Parameters: 0.999979331584836 -0.0012924224739809115 -0.006244499525507802 0.0012905762936466782 0.9999991814654298 -0.00039206717598006815 0.006245501741689244 0.00038393617950802783 0.9999808490271107 -0.2526459533416414 -0.1835020760485122 -0.3985784053350301
FixedParameters: 0 0 0
#Transform 160
Transform: MatrixOffsetTransformBase_double_3_3
Parameters: 0.9999836675642425 -0.0010409089874444926 -0.005590087331384969 0.0010360919869422261 0.9999991506176428 -0.0008808061399876711 0.005590910953299866 0.0008751945735675055 0.9999839751652108 -0.31889839736939507 -0.18286779988456203 -0.4582947719021604
FixedParameters: 0 0 0
#Transform 161
Transform: MatrixOffsetTransformBase_double_3_3
Parameters: 0.9999804862340892 -0.001170444169610741 -0.006175969156901032 0.0011655548840326458 0.999998858711746 -0.0008852154495611243 0.006177028362592993 0.000877787004721469 0.9999800734202091 -0.2980494746834239 -0.14476040769645238 -0.41041972532040916
FixedParameters: 0 0 0
#Transform 162
Transform: MatrixOffsetTransformBase_double_3_3
Parameters: 0.9999809035732482 -0.0010414178039127697 -0.006165762999088142 0.0010395816503507918 0.9999998644493779 -0.00023341446456089844 0.006165241632644629 0.00022658393275030512 0.9999809333232735 -0.2824552523625812 -0.22160811943808767 -0.4206443630940555
FixedParameters: 0 0 0
#Transform 163
Transform: MatrixOffsetTransformBase_double_3_3
Parameters: 0.9999799663891604 -0.0017074020556463424 -0.006174061358096485 0.0017035976921248538 0.9999987876366349 -0.000556529627861403 0.0061749408366793945 0.0005454681895300094 0.9999805715455615 -0.2874227635634412 -0.22048213799435246 -0.37737920293834293
FixedParameters: 0 0 0
#Transform 164
Transform: MatrixOffsetTransformBase_double_3_3
Parameters: 0.9999783688915446 -0.0011513413871530637 -0.0064266856891357395 0.0011446608114013908 0.9999983779008301 -0.001145380086728654 0.006428307752618629 0.0011386223810491208 0.9999783826315315 -0.2691439416185517 -0.13059314464663885 -0.3523174639320672
FixedParameters: 0 0 0
#Transform 165
Transform: MatrixOffsetTransformBase_double_3_3
Parameters: 0.999978117088805 -0.0010359933955113854 -0.006542738898529176 0.0010280074485060468 0.9999984428851831 -0.0012247523287284086 0.006544260102958737 0.0012182463891680802 0.9999776900469651 -0.24811864324699684 -0.14310907178257537 -0.340223818872218
FixedParameters: 0 0 0
#Transform 166
Transform: MatrixOffsetTransformBase_double_3_3
Parameters: 0.9999824110039912 -0.0016774260870166086 -0.005725001896771499 0.0016735783289633435 0.9999988350642925 -0.0006025924627766369 0.005726005812829033 0.0005934061210996571 0.9999838607265185 -0.24534535755540787 -0.21548733758157823 -0.3278295219829772
FixedParameters: 0 0 0
#Transform 167
Transform: MatrixOffsetTransformBase_double_3_3
Parameters: 0.9999849653308941 -0.001074785630622449 -0.005373846117034801 0.001074216407085089 0.999999824123921 -0.0001487750454470777 0.0053741598743309955 0.00014322622420886235 0.9999860985749639 -0.25719054695800025 -0.21279803018693144 -0.3102097690583179
FixedParameters: 0 0 0
#Transform 168
Transform: MatrixOffsetTransformBase_double_3_3
Parameters: 0.9999864129986543 -0.0014185359470655396 -0.004957418237988337 0.0014134646472215998 0.9999987483467071 -0.001120022538388456 0.004958580191181704 0.0011129813842167026 0.9999871714857805 -0.2275079787139731 -0.10243612855857975 -0.20297200269818916
FixedParameters: 0 0 0
#Transform 169
Transform: MatrixOffsetTransformBase_double_3_3
Parameters: 0.9999883196382163 -0.0017866802487825715 -0.004414915200484352 0.0017843204008977684 0.9999984435187221 -0.0006108847291794458 0.004415082813476172 0.0006031186735585485 0.9999901392151275 -0.20474261779092728 -0.19827952112852643 -0.17833902069156693
FixedParameters: 0 0 0
#Transform 170
Transform: MatrixOffsetTransformBase_double_3_3
Parameters: 0.9999862201396941 -0.0013836794951020794 -0.005085461063027457 0.0013783212478854767 0.9999988462419862 -0.001120025916418154 0.005087544861056169 0.001112976895555473 0.9999868807323372 -0.20737848641914525 -0.213838655682963 -0.1966447293482929
FixedParameters: 0 0 0
#Transform 171
Transform: MatrixOffsetTransformBase_double_3_3
Parameters: 0.9999901614799941 -0.002141902406075711 -0.0037749606636395183 0.0021330951645458247 0.9999948755851369 -0.0023610746527203373 0.0037800368976394472 0.0023529257489310613 0.9999901749279888 -0.3648026947156495 -0.033174735217102125 0.002683552497373398
FixedParameters: 0 0 0
#Transform 172
Transform: MatrixOffsetTransformBase_double_3_3
Parameters: 0.9999230605136614 -0.007131462730859966 -0.01015257571795126 0.007097536946301445 0.9999695441060179 -0.0033283150855346324 0.010176419492263557 0.003255678475351501 0.9999428410080685 -0.9527165196873568 -0.15597153528091212 0.20323341873493916
FixedParameters: 0 0 0
#Transform 173
Transform: MatrixOffsetTransformBase_double_3_3
Parameters: 0.9999398138844369 -0.0067638657180852935 -0.008685279964646613 0.006732128260753772 0.9999700376311802 -0.0036936941401768133 0.008709730971146998 0.003634308719102737 0.9999559255476969 -0.7995843168742169 -0.11148665741613684 0.019241172361631698
FixedParameters: 0 0 0
#Transform 174
Transform: MatrixOffsetTransformBase_double_3_3
Parameters: 0.9999627717540231 -0.006192348357817144 -0.006072388922010088 0.00617764727795837 0.9999773717778419 -0.0025436087696964157 0.00608861761947766 0.002505391443465784 0.9999786535153526 -0.5862134483104597 -0.1773689751326799 -0.10289939450314023
FixedParameters: 0 0 0
#Transform 175
Transform: MatrixOffsetTransformBase_double_3_3
Parameters: 0.999958124851174 -0.006306260718449287 -0.006641486218787828 0.006291740175365143 0.9999777205928411 -0.00216587619043482 0.006654509524585079 0.0021241228443211356 0.9999752020070406 -0.6193171136153524 -0.24370491271217531 -0.11882063397364107
FixedParameters: 0 0 0
#Transform 176
Transform: MatrixOffsetTransformBase_double_3_3
Parameters: 0.9999494405091164 -0.0065312502887613835 -0.007674587628783806 0.006506758362866198 0.9999737098688672 -0.003310106160248734 0.007695418716303118 0.003259906261669154 0.9999651475433102 -0.6889578894086412 -0.13268800534352465 -0.13646641125941983
FixedParameters: 0 0 0
#Transform 177
Transform: MatrixOffsetTransformBase_double_3_3
Parameters: 0.99996634569376 -0.005975488935295268 -0.005562407652442662 0.005960513605028546 0.9999786537640479 -0.002796247854461753 0.005579590349864299 0.0027637511609030514 0.9999802348454426 -0.5717114993937997 -0.10948214592029615 -0.04366670821472951
FixedParameters: 0 0 0
#Transform 178
Transform: MatrixOffsetTransformBase_double_3_3
Parameters: 0.9999714315697618 -0.005085166643235551 -0.005631243007122066 0.005070837749532946 0.9999839007362432 -0.002526627598221866 0.005643760369609421 0.0024983722128644717 0.9999809053198873 -0.5098918748347216 -0.22655817958067814 -0.06582295437728192
FixedParameters: 0 0 0
#Transform 179
Transform: MatrixOffsetTransformBase_double_3_3
Parameters: 0.9999604746719345 -0.006033479603155722 -0.006490570744520759 0.006018521857551863 0.9999797202417182 -0.0022481536238624453 0.006503429200057433 0.002208850140882283 0.9999768217902446 -0.5868637672343056 -0.2517030458693057 -0.1086176664415035
FixedParameters: 0 0 0
#Transform 180
Transform: MatrixOffsetTransformBase_double_3_3
Parameters: 0.999945635299555 -0.004745665420228124 -0.009318974993842937 0.004719336405606838 0.9999850290699808 -0.002774130360825129 0.00933202341964643 0.0027298619180991714 0.9999524587999752 -0.6520609823409416 -0.2447639145796643 -0.19029596372999436
FixedParameters: 0 0 0
#Transform 181
Transform: MatrixOffsetTransformBase_double_3_3
Parameters: 0.9999474726463354 -0.004943020551845749 -0.009005132607117716 0.00491397514282637 0.9999823404949602 -0.0032424216460620377 0.009020873058753995 0.0031975779364003644 0.999954394752055 -0.6002794561094049 -0.10971675026270589 -0.19246427184998538
FixedParameters: 0 0 0
#Transform 182
Transform: MatrixOffsetTransformBase_double_3_3
Parameters: 0.9999459247571517 -0.005807761439426321 -0.00867981454722456 0.005785237620071166 0.9999795350191738 -0.002645357994159036 0.008695189083149577 0.00259464088110762 0.9999586605429179 -0.601344758512937 -0.27623370857877205 -0.18894630690472525
FixedParameters: 0 0 0
#Transform 183
Transform: MatrixOffsetTransformBase_double_3_3
Parameters: 0.9999523575661615 -0.0049127860471200584 -0.008455963712430303 0.004892219625425654 0.9999849327767646 -0.0024764872101007205 0.008468045417362917 0.0024355151447642445 0.9999613606050918 -0.5231064918324932 -0.3014662846494076 -0.1947711273302275
FixedParameters: 0 0 0
#Transform 184
Transform: MatrixOffsetTransformBase_double_3_3
Parameters: 0.99995282079675 -0.004820676587308643 -0.008422762289267163 0.0048013168395360665 0.9999854013531724 -0.002355550021258049 0.008433230220655721 0.002314453831213993 0.9999615147132588 -0.4708734759190065 -0.1182735104761008 -0.21814500430973283
FixedParameters: 0 0 0
#Transform 185
Transform: MatrixOffsetTransformBase_double_3_3
Parameters: 0.9999552147103391 -0.004819599219039945 -0.008158571425142485 0.004806410721231717 0.9999874535719815 -0.0015622831593671243 0.008165424686003555 0.0015237139057768755 0.999964999335713 -0.4373025032539033 -0.17557230281603609 -0.21623301222776092
FixedParameters: 0 0 0
#Transform 186
Transform: MatrixOffsetTransformBase_double_3_3
Parameters: 0.9999499893578411 -0.004945772599577378 -0.008692049714892729 0.004929229588988786 0.9999863315952991 -0.0018349381303977837 0.008700958482133436 0.0017920579453596618 0.9999610800356101 -0.47702033506438113 -0.26810763132179716 -0.24112750509071645
FixedParameters: 0 0 0
#Transform 187
Transform: MatrixOffsetTransformBase_double_3_3
Parameters: 0.9999480473218404 -0.004899900182723437 -0.008884695292944122 0.004883101418241593 0.9999864586900765 -0.001922483681723445 0.00889429327050592 0.0018795154070692089 0.9999583608389966 -0.4921700760584855 -0.18717846584969777 -0.22641503852781852
FixedParameters: 0 0 0
#Transform 188
Transform: MatrixOffsetTransformBase_double_3_3
Parameters: 0.9999543527814427 -0.005031557502272072 -0.008082568184891673 0.005017433108764273 0.9999859414449231 -0.001697630475693423 0.008091420725822652 0.0016563623796620776 0.9999657865591872 -0.47620897952708674 -0.19936161807387975 -0.1947887716143697
FixedParameters: 0 0 0
#Transform 189
Transform: MatrixOffsetTransformBase_double_3_3
Parameters: 0.9999547690065574 -0.005162774604535199 -0.008035528563172462 0.005148225066824094 0.9999850437064411 -0.0018584534824956083 0.008045475472076905 0.001816545917045702 0.999965972328955 -0.47645120228652615 -0.2793044696778395 -0.1823346118696776
FixedParameters: 0 0 0
#Transform 190
Transform: MatrixOffsetTransformBase_double_3_3
Parameters: 0.9999472447880257 -0.0048382141150374825 -0.009074844176702445 0.00482078560213958 0.9999860803784286 -0.0019178483985201476 0.009083158141791546 0.0018741519358192163 0.999956974580619 -0.521570925066996 -0.20992507084744716 -0.24306896965335056
FixedParameters: 0 0 0
#Transform 191
Transform: MatrixOffsetTransformBase_double_3_3
Parameters: 0.9999536669925639 -0.004604353374628215 -0.008493157523578009 0.0045876457142428086 0.9999871724873315 -0.0019440536014877156 0.00850184794725833 0.0019049426779264164 0.9999620869322543 -0.4698195792962139 -0.1862580476991269 -0.23058387998081287
FixedParameters: 0 0 0
#Transform 192
Transform: MatrixOffsetTransformBase_double_3_3
Parameters: 0.9999414492431145 -0.005220198570543905 -0.009449515809882318 0.005202802107498483 0.9999845305980803 -0.0018432703434635835 0.009459475798320382 0.001794723155196359 0.9999533009369264 -0.5331131013346351 -0.3038387940101188 -0.2939308832661425
FixedParameters: 0 0 0
#Transform 193
Transform: MatrixOffsetTransformBase_double_3_3
Parameters: 0.9999404701961715 -0.00463450475838686 -0.00990156559130259 0.004610490799938914 0.9999865134343693 -0.002496800573357248 0.00991343381947775 0.0024502028819645004 0.9999477199647219 -0.5205144037463185 -0.1860311267478636 -0.29654354255073656
FixedParameters: 0 0 0
#Transform 194
Transform: MatrixOffsetTransformBase_double_3_3
Parameters: 0.9999500067130362 -0.0048369586207609476 -0.008808533143090477 0.0048160445473553 0.9999850516154456 -0.0023985430333210633 0.008820483760322177 0.0023564543414175106 0.9999586497900967 -0.518102748695128 -0.17475681584912195 -0.2580646978529302
FixedParameters: 0 0 0
#Transform 195
Transform: MatrixOffsetTransformBase_double_3_3
Parameters: 0.9999554456680013 -0.005031719787419947 -0.00795180553795196 0.005014268307429117 0.9999848070388435 -0.002247971503504944 0.007963183513078185 0.002207028664641316 0.9999657148846998 -0.47651475310041747 -0.2902453975526669 -0.2205891055417908
FixedParameters: 0 0 0
#Transform 196
Transform: MatrixOffsetTransformBase_double_3_3
Parameters: 0.9999489271401282 -0.005104193286148852 -0.008776025700872504 0.0050868147644936345 0.999985203259583 -0.001979743312560637 0.008785975116820137 0.0019352537123232254 0.9999590600690931 -0.4973097132763371 -0.30202001656476796 -0.24929860203808119
FixedParameters: 0 0 0
#Transform 197
Transform: MatrixOffsetTransformBase_double_3_3
Parameters: 0.9999537505929594 -0.004735562929212551 -0.00835563110759397 0.0047194294660497516 0.9999867237861608 -0.0020015260360152862 0.0083653666368819 0.001961475645058475 0.9999631739303021 -0.47395707000748644 -0.15175203606754906 -0.23464780500202664
FixedParameters: 0 0 0
#Transform 198
Transform: MatrixOffsetTransformBase_double_3_3
Parameters: 0.9999530950054961 -0.00514295253023971 -0.00821290455451507 0.005130051915355186 0.9999861318836873 -0.0015972084941725645 0.00822109520052098 0.0015547932012494338 0.9999649954477693 -0.4703253823257967 -0.2890441521910674 -0.2129169003379161
FixedParameters: 0 0 0
#Transform 199
Transform: MatrixOffsetTransformBase_double_3_3
Parameters: 0.999952322999827 -0.005044219362410253 -0.008380265512371579 0.0050287937143937665 0.9999858944804499 -0.001954236916276286 0.00838974217891081 0.0019127726380398892 0.9999629514710394 -0.48761239330097794 -0.3053551649036734 -0.21858908611950767
FixedParameters: 0 0 0
#Transform 200
Transform: MatrixOffsetTransformBase_double_3_3
Parameters: 0.999952733208568 -0.004621720503592833 -0.00859690033491017 0.004600289823563104 0.9999869395125381 -0.0024276652129656905 0.008608107475384685 0.002388330891202703 0.9999601964845434 -0.46008670392608053 -0.14087590310322184 -0.20726674378700238
FixedParameters: 0 0 0
#Transform 201
Transform: MatrixOffsetTransformBase_double_3_3
Parameters: 0.9999641863724331 -0.004247302121594592 -0.007333157802530976 0.0042316968371386016 0.9999886769094405 -0.002101106611472546 0.007341841087115406 0.0020698907705614276 0.999970810682353 -0.4228353760444321 -0.2205027925510734 -0.18462381227666924
FixedParameters: 0 0 0
#Transform 202
Transform: MatrixOffsetTransformBase_double_3_3
Parameters: 0.999960392563638 -0.004485112652317182 -0.007712967952648768 0.0044728823522025484 0.9999884732096052 -0.0015875619650744378 0.007720032293137374 0.001552436158617238 0.9999689894560155 -0.4476725899134948 -0.2718099616226226 -0.2239330568025366
FixedParameters: 0 0 0
#Transform 203
Transform: MatrixOffsetTransformBase_double_3_3
Parameters: 0.9999662012030621 -0.004341472924311071 -0.006996422575969342 0.004326527917573283 0.9999883319050781 -0.002225346127467606 0.007005579218872134 0.002194660349739761 0.9999731009062495 -0.40913692418439496 -0.19700262292683135 -0.19065382083465465
FixedParameters: 0 0 0
#Transform 204
Transform: MatrixOffsetTransformBase_double_3_3
Parameters: 0.999967915909616 -0.004428042399881918 -0.006669019635103961 0.004415959130911397 0.9999891893066487 -0.0018195096762082255 0.006676978908354158 0.001789492668408023 0.9999762140490899 -0.3840648508155624 -0.24569010156136528 -0.17060677797334733
FixedParameters: 0 0 0
#Transform 205
Transform: MatrixOffsetTransformBase_double_3_3
Parameters: 0.9999664376687473 -0.004554582000516553 -0.0068423076762899595 0.004543421552083043 0.9999884449994333 -0.0017071457500945717 0.0068496972295497135 0.0016758597220595504 0.9999752702148389 -0.3931179530380433 -0.3105196592978956 -0.17266415446887606
FixedParameters: 0 0 0
#Transform 206
Transform: MatrixOffsetTransformBase_double_3_3
Parameters: 0.9999684077563611 -0.004408220335574642 -0.006645567712239036 0.004396779596608069 0.9999887699694027 -0.0017022721390742425 0.0066524263942215126 0.0016727267350729361 0.9999759423820462 -0.39487517496813496 -0.1689625725475139 -0.17659911780208404
FixedParameters: 0 0 0
#Transform 207
Transform: MatrixOffsetTransformBase_double_3_3
Parameters: 0.9999731092237505 -0.00427383704043771 -0.005968829707615358 0.004260162587398581 0.999988174186082 -0.002161485221713374 0.005978169523861001 0.0021365066294285247 0.9999796985183963 -0.3781766995118119 -0.20836641027409541 -0.13181534870233236
FixedParameters: 0 0 0
#Transform 208
Transform: MatrixOffsetTransformBase_double_3_3
Parameters: 0.9999673884157609 -0.004588975681470173 -0.0066750992704152435 0.004575025401840345 0.9999872315461226 -0.001957601847419617 0.006683900631027154 0.0019273898440497516 0.9999756101425962 -0.4078524887268884 -0.3029171109152884 -0.1523747842037011
FixedParameters: 0 0 0
#Transform 209
Transform: MatrixOffsetTransformBase_double_3_3
Parameters: 0.9999520965188714 -0.004771881360189587 -0.008493416189272726 0.004752113101044527 0.9999863853993264 -0.0022424694467690237 0.0085035790328896 0.002201527747255343 0.999961836311421 -0.4662533922845711 -0.24437638704468156 -0.1794359238957668
FixedParameters: 0 0 0
#Transform 210
Transform: MatrixOffsetTransformBase_double_3_3
Parameters: 0.9999530600253655 -0.004758404075300622 -0.00838413291999214 0.0047415804962936585 0.9999861291811007 -0.0020958498547268573 0.00839385063886604 0.0020551525215103815 0.9999623152298165 -0.4675823081924477 -0.20599505277110097 -0.19072543240631035
FixedParameters: 0 0 0
#Transform 211
Transform: MatrixOffsetTransformBase_double_3_3
Parameters: 0.9999582187371041 -0.00490116871649024 -0.007730773635588411 0.004884833607931622 0.9999856898199982 -0.0021088513438192176 0.007740226832175573 0.0020711500624539057 0.9999677925216731 -0.4917255204355371 -0.30603336613962995 -0.1831457111223358
FixedParameters: 0 0 0
#Transform 212
Transform: MatrixOffsetTransformBase_double_3_3
Parameters: 0.9999528620631754 -0.005274829504071984 -0.008204649996282298 0.0052541740142296916 0.9999828503250131 -0.002558230325138377 0.008217357499722182 0.0025147744765356083 0.9999631437345768 -0.533941495801713 -0.25478011615011553 -0.1968216010921111
FixedParameters: 0 0 0
#Transform 213
Transform: MatrixOffsetTransformBase_double_3_3
Parameters: 0.9999594312869464 -0.005158569873017237 -0.007413191388280062 0.0051434263206326224 0.9999840607395718 -0.0021182151897983794 0.007423815755549899 0.0020797881558224105 0.999970558749229 -0.47176644369493204 -0.22239034930993284 -0.18173854183739024
FixedParameters: 0 0 0
#Transform 214
Transform: MatrixOffsetTransformBase_double_3_3
Parameters: 0.9999678808428929 -0.004932190179098802 -0.006308270027080474 0.004920811976689826 0.9999865873727177 -0.0017881005414825272 0.006316734772336281 0.001756902414425781 0.9999790098471176 -0.4353615710961094 -0.2747955733599241 -0.16776737424687838
FixedParameters: 0 0 0
#Transform 215
Transform: MatrixOffsetTransformBase_double_3_3
Parameters: 0.9999604904205485 -0.0051724911874301725 -0.007193597673805575 0.005158500217319145 0.9999842628151441 -0.0020321873411273308 0.007204399563714802 0.001994812975201306 0.9999721190729915 -0.488872811516714 -0.23026946735889453 -0.18400551248809904
FixedParameters: 0 0 0
#Transform 216
Transform: MatrixOffsetTransformBase_double_3_3
Parameters: 0.9999577965632279 -0.005349258601714987 -0.007522346251649386 0.0053307393130283855 0.9999819402293378 -0.002578209118456832 0.007535666333020246 0.0025377975282300366 0.9999687692890049 -0.5349537116987335 -0.1393503266126146 -0.18311426145052678
FixedParameters: 0 0 0
#Transform 217
Transform: MatrixOffsetTransformBase_double_3_3
Parameters: 0.999953757964774 -0.005621800595783889 -0.0077865859949788 0.005599190897280353 0.9999799627529937 -0.0029477354691475927 0.007803413848330671 0.002903265603289818 0.9999656776771483 -0.5092602296594464 -0.15590468567899052 -0.23719041030000199
FixedParameters: 0 0 0
