#Insight Transform File V1.0
#Transform 0
Transform: MatrixOffsetTransformBase_double_3_3
Parameters: 0.9999985485719715 -0.0016529206252696637 0.0008482737752682284 0.0016525368706985155 0.9999977734062508 0.0007454063986851167 -0.000848678907149455 -0.0007435947588123604 0.99999966660369 0.211694571354613 -0.048638976107341136 -0.15593825505769132
FixedParameters: 0 0 0
#Transform 1
Transform: MatrixOffsetTransformBase_double_3_3
Parameters: 0.9999985970342095 -0.0016516727782851935 0.0008216927901663788 0.0016507025527225648 0.9999980647609931 0.0011254210424699387 -0.0008233505308541264 -0.0011235793253954254 0.999999003269384 0.24204912464882966 -0.10780825391171334 -0.11250636404075465
FixedParameters: 0 0 0
#Transform 2
Transform: MatrixOffsetTransformBase_double_3_3
Parameters: 0.9999985636280165 -0.0016524855544389717 0.0008401989627818522 0.0016520229179850072 0.9999976916524654 0.000799392634480596 -0.0008407818316701616 -0.0007976081893793438 0.9999995967695554 0.2295643682685835 0.005671673922137188 -0.229711785177372
FixedParameters: 0 0 0
#Transform 3
Transform: MatrixOffsetTransformBase_double_3_3
Parameters: 0.9999979826333539 -0.001916876612980544 0.000585204521611603 0.0019164187461978611 0.9999970813995299 0.0011411861558127678 -0.0005875206170137488 -0.001139813012578067 0.9999992997510461 0.23534605453657775 -0.12980333487789153 -0.11712429369133304
FixedParameters: 0 0 0
#Transform 4
Transform: MatrixOffsetTransformBase_double_3_3
Parameters: 0.9999980393915429 -0.0018270331447036254 0.0007901739601415177 0.0018243492291051039 0.9999959940704459 0.0021755092140587975 -0.000794061645464694 -0.002173491441175214 0.9999975883988639 0.25262948887768744 -0.009759621573394384 -0.17854350284665088
FixedParameters: 0 0 0
#Transform 5
Transform: MatrixOffsetTransformBase_double_3_3
Parameters: 0.9999977182257774 -0.002087995131552692 0.0009593246030280757 0.002086449039448027 0.9999957506837643 0.0022381337242423013 -0.000964491981374383 -0.0022358674063921932 0.9999969591758437 0.26319617673384244 -0.0376737215313625 -0.167427854738321
FixedParameters: 0 0 0
#Transform 6
Transform: MatrixOffsetTransformBase_double_3_3
Parameters: 0.9999976748188774 -0.0018206817982828847 0.0010059216759901925 0.0018182100359163504 0.9999971345388546 0.0016348990229343927 -0.0010088136114200729 -0.0016331008399402894 0.9999982003589001 0.2700779935126718 -0.002848356983676581 -0.1323150637130368
FixedParameters: 0 0 0
#Transform 7
Transform: MatrixOffsetTransformBase_double_3_3
Parameters: 0.9999975129943909 -0.0020456787850167556 0.0005491257102931213 0.0020448990055751755 0.9999958086879108 0.0022502514427453144 -0.0005532176797036347 -0.002248752984089608 0.9999975837721317 0.2702275454494725 0.012292360549238879 -0.1517575357584917
FixedParameters: 0 0 0
#Transform 8
Transform: MatrixOffsetTransformBase_double_3_3
Parameters: 0.9999968790166887 -0.0024727768342339006 0.0010030610071798023 0.002471151686715674 0.9999952257737361 0.0016846130048858918 -0.0010072725595674271 -0.001682385610083749 0.9999979848866166 0.3173064319946661 -0.020325125672684408 -0.11127579857277681
FixedParameters: 0 0 0
#Transform 9
Transform: MatrixOffsetTransformBase_double_3_3
Parameters: 0.9999969048468873 -0.002252212519352163 0.0010119456565141625 0.0022499587139034704 0.9999952449778956 0.0019513493118505504 -0.0010156151050698303 -0.001948652613258238 0.9999980548468267 0.279487663747517 0.0984400624460875 -0.13991350468972996
FixedParameters: 0 0 0
#Transform 10
Transform: MatrixOffsetTransformBase_double_3_3
Parameters: 0.9999973078523824 -0.002240507502604821 0.0008201588656871878 0.0022388918345614475 0.9999950915416752 0.0020169119175663386 -0.0008240817873469277 -0.002016089799687003 0.9999980837437416 0.2956332797202208 -0.00858479896709241 -0.11923397234706101
FixedParameters: 0 0 0
#Transform 11
Transform: MatrixOffsetTransformBase_double_3_3
Parameters: 0.9999966588882861 -0.002373270991861687 0.0008408262495768525 0.002372980578255481 0.9999959121237549 0.0012531237530015657 -0.0008436552393631727 -0.0012508753798103137 0.9999986117517214 0.33585800077149486 0.07916198349168724 -0.060712403670905246
FixedParameters: 0 0 0
#Transform 12
Transform: MatrixOffsetTransformBase_double_3_3
Parameters: 0.999997986628788 -0.0021171253584358544 0.0007277129470218197 0.0021168240353472375 0.9999964579149213 0.0014546651072838354 -0.0007307536714060602 -0.001452333722326643 0.999998303383807 0.3343913931412601 0.0655692729508246 -0.08190850105754066
FixedParameters: 0 0 0
#Transform 13
Transform: MatrixOffsetTransformBase_double_3_3
Parameters: 0.999996230684389 -0.0024300000996859755 0.0009289152911158399 0.0024289854555954817 0.9999959531547415 0.0015223908878729889 -0.0009331949260181361 -0.0015206089836484332 0.9999986475948559 0.33240943139901447 0.10106445263275532 -0.08009499151371813
FixedParameters: 0 0 0
#Transform 14
Transform: MatrixOffsetTransformBase_double_3_3
Parameters: 0.9999968934376995 -0.0023936270975623607 0.0006140205913875537 0.002392823330671346 0.9999966405527748 0.0013196581855713235 -0.0006172799078216121 -0.001318342119819134 0.9999987733558743 0.3597877735072075 0.082153957934608 -0.06371660395602419
FixedParameters: 0 0 0
#Transform 15
Transform: MatrixOffsetTransformBase_double_3_3
Parameters: 0.9999975736302568 -0.0023134651010503562 0.000273231021026409 0.0023131558264323994 0.9999974888483908 0.0004568144241939853 -0.00027434483831461595 -0.0004561854632671031 0.9999996679968566 0.3591741524899845 0.06282676027505829 -0.01615666413152894
FixedParameters: 0 0 0
#Transform 16
Transform: MatrixOffsetTransformBase_double_3_3
Parameters: 0.999998017784694 -0.0021893267358052836 0.0004367633037701852 0.002188271268319084 0.9999973145155392 0.001003084197426271 -0.0004381593235802046 -0.0010029182911958298 0.9999996912458303 0.3291128356409274 0.13168385124025406 -0.03969275547082418
FixedParameters: 0 0 0
#Transform 17
Transform: MatrixOffsetTransformBase_double_3_3
Parameters: 0.9999953672566108 -0.002781537224680742 0.0009459273963906652 0.0027806665202026112 0.9999955038293477 0.0013888833294278397 -0.0009495334058056723 -0.0013861171243833084 0.9999980131043215 0.3927946064120391 0.1037736832856524 -0.03152060432769588
FixedParameters: 0 0 0
#Transform 18
Transform: MatrixOffsetTransformBase_double_3_3
Parameters: 0.9999971810966252 -0.002165670247607435 0.0010621394977653237 0.002164150035178071 0.9999959662754682 0.0015703688525102455 -0.0010658196699955423 -0.0015676295277451333 0.9999982912918115 0.36538471364548286 0.16814405096272367 -0.06683536965141457
FixedParameters: 0 0 0
#Transform 19
Transform: MatrixOffsetTransformBase_double_3_3
Parameters: 0.9999967036398119 -0.0025439667578561233 0.0009090316614203096 0.0025420181726417417 0.9999954910873845 0.0014884453670018158 -0.0009125448179890672 -0.0014865551916590433 0.9999987872286668 0.38114877067111763 0.112872145269165 -0.06286232431867234
FixedParameters: 0 0 0
#Transform 20
Transform: MatrixOffsetTransformBase_double_3_3
Parameters: 0.9999976862013304 -0.00212174735805574 0.0009016650697498631 0.002119863156443994 0.9999963760522415 0.00149798177528164 -0.0009049607484671521 -0.0014960177936097982 0.9999988281233447 0.42333656966951594 0.1255262083616202 -0.04391979242275568
FixedParameters: 0 0 0
#Transform 21
Transform: MatrixOffsetTransformBase_double_3_3
Parameters: 0.999994421221616 -0.002856939593496049 0.0015543346500509452 0.0028538378258866114 0.9999934549484797 0.0021655833299125057 -0.0015604633054945522 -0.0021614173560989478 0.9999966047714364 0.39015431714967974 0.1819395243178974 -0.08491751007764492
FixedParameters: 0 0 0
#Transform 22
Transform: MatrixOffsetTransformBase_double_3_3
Parameters: 0.9999952215341095 -0.0028371535011895294 0.0008529535870244252 0.0028362759504558777 0.9999947438500352 0.0015426145026915528 -0.0008575876363293392 -0.0015403858563747819 0.9999987252257156 0.40164142872353636 0.11878352605512532 -0.03597506401408168
FixedParameters: 0 0 0
#Transform 23
Transform: MatrixOffsetTransformBase_double_3_3
Parameters: 0.9999974857172415 -0.002276972853014567 0.0005740732286763305 0.002276302642284941 0.99999625125481 0.0012954352125363819 -0.0005769157065231293 -0.001294563946967607 0.9999988804076423 0.3698657030040522 0.15069303857789862 -0.05378438993180623
FixedParameters: 0 0 0
#Transform 24
Transform: MatrixOffsetTransformBase_double_3_3
Parameters: 0.9999952068483263 -0.0024389721814645463 0.001686378013917442 0.002434996407309514 0.9999938587014606 0.002550194603060489 -0.0016925134037655439 -0.0025468066908538867 0.9999953583895363 0.4409824454551341 0.08656182886048214 -0.14559347321187488
FixedParameters: 0 0 0
#Transform 25
Transform: MatrixOffsetTransformBase_double_3_3
Parameters: 0.9999913689537974 -0.003936534148087863 0.0014623350356735374 0.0039322920494043 0.9999896331641609 0.0022881467302933445 -0.0014711533301895192 -0.0022818524716850946 0.9999962932819048 0.5060573236973056 0.08347811593570498 -0.11969679949901035
FixedParameters: 0 0 0
#Transform 26
Transform: MatrixOffsetTransformBase_double_3_3
Parameters: 0.9999912721607893 -0.003479283943085661 0.002150462367111315 0.003473514484913135 0.9999906833572023 0.002390636055125829 -0.002158776345917475 -0.0023833622458469678 0.9999951932059576 0.501225742245424 0.11234487033732421 -0.10821151780235994
FixedParameters: 0 0 0
#Transform 27
Transform: MatrixOffsetTransformBase_double_3_3
Parameters: 0.9999951590971722 -0.00274235673191389 0.0011496023865273845 0.0027399280455785656 0.9999945010992106 0.001793348300800711 -0.001154316860405111 -0.0017906495571933245 0.9999972354546414 0.461415326117006 0.12512672686455062 -0.07515559263781313
FixedParameters: 0 0 0
#Transform 28
Transform: MatrixOffsetTransformBase_double_3_3
Parameters: 0.9999889685437823 -0.004438122616514965 0.0015274794420299075 0.0044352236676813254 0.999988455634643 0.0020783007669279638 -0.0015366703803502172 -0.0020717025460767063 0.9999969015958402 0.4965868900914501 0.15528949455335805 -0.06780954270278983
FixedParameters: 0 0 0
#Transform 29
Transform: MatrixOffsetTransformBase_double_3_3
Parameters: 0.9999933073578653 -0.003302135246246404 0.0013371824386816868 0.0032994934853886647 0.9999925075721713 0.0019716784904236923 -0.001344017045603509 -0.0019673195190764298 0.9999970418968819 0.46417492979547603 0.2124823080253293 -0.06811997276656712
FixedParameters: 0 0 0
#Transform 30
Transform: MatrixOffsetTransformBase_double_3_3
Parameters: 0.9999880823893293 -0.004699356455064796 0.0013537958731099442 0.0046972304662675 0.9999874403129184 0.0017139407377352658 -0.0013617097105811465 -0.0017080605061520829 0.9999977869931433 0.5245169615218543 0.17257498060783405 -0.017397055441435327
FixedParameters: 0 0 0
#Transform 31
Transform: MatrixOffsetTransformBase_double_3_3
Parameters: 0.9999906582234649 -0.004226078918492948 0.0012164659683318968 0.004224512702711438 0.9999895907553834 0.0017015916983733337 -0.0012236580119894165 -0.0016964103675460515 0.9999982942306147 0.5059053913446974 0.218216115670387 -0.041157001391340486
FixedParameters: 0 0 0
#Transform 32
Transform: MatrixOffsetTransformBase_double_3_3
Parameters: 0.999993014395253 -0.003591796294166184 0.0010411682219359348 0.0035897786160984887 0.9999906691747503 0.0021730648192287497 -0.001048599250595213 -0.0021699336831509514 0.9999969143556657 0.4431858868671128 0.21841634374756325 -0.07753223103100026
FixedParameters: 0 0 0
#Transform 33
Transform: MatrixOffsetTransformBase_double_3_3
Parameters: 0.9999889835839783 -0.004438281573193859 0.001148531487870994 0.004436020867155676 0.9999888562171961 0.0016696659010412979 -0.0011562187486560515 -0.0016643314613328242 0.9999975695600327 0.5056018143234411 0.14791427864410878 -0.03497468220049882
FixedParameters: 0 0 0
#Transform 34
Transform: MatrixOffsetTransformBase_double_3_3
Parameters: 0.9999908853264671 -0.004342317373685569 0.0005106268788656304 0.004340989245559226 0.999989115089513 0.0018007810869991314 -0.0005182116952900367 -0.0017992204351240798 0.9999982901980572 0.5126223352298496 0.19888631386960753 -0.01815545025546328
FixedParameters: 0 0 0
#Transform 35
Transform: MatrixOffsetTransformBase_double_3_3
Parameters: 0.9999882331390708 -0.004680872937454549 0.0009268192961727944 0.004678155451160641 0.9999864764809244 0.0022129700080927295 -0.000937406564917615 -0.0022080270490502235 0.9999969839766485 0.44405272481189684 0.2630799129593555 -0.08003457475594189
FixedParameters: 0 0 0
#Transform 36
Transform: MatrixOffsetTransformBase_double_3_3
Parameters: 0.9999883672715477 -0.004653033084331166 0.0009913947025466628 0.004651345717910398 0.9999880752506186 0.001615242854971978 -0.0009982982407937021 -0.0016107601204713856 0.999998088445265 0.501922970954098 0.17086002745006112 -0.025628638946116666
FixedParameters: 0 0 0
#Transform 37
Transform: MatrixOffsetTransformBase_double_3_3
Parameters: 0.9999850841899437 -0.005018143320051605 0.0021746928402130734 0.005014129235457708 0.9999848599221397 0.002163510253485275 -0.0021860044341784138 -0.0021524861582311663 0.9999949102672477 0.5557495641817809 0.24592230863520115 0.037992370583666
FixedParameters: 0 0 0
#Transform 38
Transform: MatrixOffsetTransformBase_double_3_3
Parameters: 0.9999876091001942 -0.00495273268386083 0.0009280061468363942 0.004951242610906766 0.9999861826985456 0.0016182871572643157 -0.0009359065548805168 -0.0016137123710546278 0.999998203453821 0.504413781011209 0.3291208418165894 -0.017495177897842495
FixedParameters: 0 0 0
#Transform 39
Transform: MatrixOffsetTransformBase_double_3_3
Parameters: 0.9999886089712565 -0.004667995979794583 0.001265247972185885 0.004665950859467974 0.9999874495579231 0.0017784820916525515 -0.0012726584397145788 -0.001772522799557287 0.9999978545622816 0.5238687792869428 0.22566182395701162 -0.00614240434070723
FixedParameters: 0 0 0
#Transform 40
Transform: MatrixOffsetTransformBase_double_3_3
Parameters: 0.9999914917599101 -0.004149619506633605 0.0005387291742041388 0.004148323197717887 0.999989933850796 0.0017337345903300216 -0.0005460584512619404 -0.0017312654771698965 0.9999985547657224 0.49182979752623623 0.267004873553077 -0.03617790064048165
FixedParameters: 0 0 0
#Transform 41
Transform: MatrixOffsetTransformBase_double_3_3
Parameters: 0.9999886423545133 -0.004784086368763497 0.0006857748048490308 0.004782658590330996 0.9999861182971481 0.0020519101217192567 -0.0006952857652745153 -0.0020480917675499283 0.9999981189959364 0.49602344495471584 0.20790617225524954 -0.009987067369110036
FixedParameters: 0 0 0
#Transform 42
Transform: MatrixOffsetTransformBase_double_3_3
Parameters: 0.9999895584036473 -0.004550325214707139 0.0008566298257295254 0.004549662787452581 0.9999887675247553 0.0013414628101615644 -0.0008627112856568874 -0.0013375389699486762 0.9999992023353041 0.5055159260626567 0.25188720911745577 -0.0028350901628328984
FixedParameters: 0 0 0
#Transform 43
Transform: MatrixOffsetTransformBase_double_3_3
Parameters: 0.9999903302379132 -0.00438601026633862 0.0006553019002473564 0.004385605193764912 0.9999895610301052 0.0015534372326722959 -0.00066280747219724 -0.0015505624577309834 0.9999989517739574 0.5051176833337365 0.2827348160108869 -0.011231976614936912
FixedParameters: 0 0 0
#Transform 44
Transform: MatrixOffsetTransformBase_double_3_3
Parameters: 0.9999890265732747 -0.0045766654558435154 0.0010149018656306352 0.004574303058414861 0.999987865219128 0.001879217955412002 -0.0010229755827302124 -0.0018747857804288504 0.9999981150444119 0.5277565122572128 0.2220341826504324 -0.006880918205553144
FixedParameters: 0 0 0
#Transform 45
Transform: MatrixOffsetTransformBase_double_3_3
Parameters: 0.9999910688171337 -0.0042072456779887685 0.0004807787231977571 0.004206072557528209 0.9999892328566489 0.0018115256726686513 -0.0004889683375429486 -0.0018104708923641286 0.9999982764904856 0.4873461319580201 0.3024069119055923 -0.034058900126296976
FixedParameters: 0 0 0
#Transform 46
Transform: MatrixOffsetTransformBase_double_3_3
Parameters: 0.9999877213388304 -0.0048330153697651295 0.0009603051371401285 0.0048305247196544 0.9999857836235293 0.0020492761048930136 -0.000970983771901585 -0.0020447182423969854 0.9999975572494277 0.5171426751248873 0.2134676857091904 -0.0006362483180168965
FixedParameters: 0 0 0
#Transform 47
Transform: MatrixOffsetTransformBase_double_3_3
Parameters: 0.9999891942363947 -0.00461023749654104 0.0007425704071241008 0.004608642395349021 0.9999868331786701 0.002046994785841319 -0.0007523249814297052 -0.002044003306615756 0.999997992867184 0.49226007031482766 0.32542836446384626 -0.014604162792380748
FixedParameters: 0 0 0
#Transform 48
Transform: MatrixOffsetTransformBase_double_3_3
Parameters: 0.9999865912668909 -0.005097790221600067 0.0006467980611936555 0.005096647203106226 0.9999836335374834 0.0025780589589904992 -0.0006599092210916813 -0.0025749423160644075 0.9999966809119617 0.48608085575926907 0.3107728888217878 -0.03161196498918173
FixedParameters: 0 0 0
#Transform 49
Transform: MatrixOffsetTransformBase_double_3_3
Parameters: 0.9999881231754959 -0.004539645420745989 0.0015049168623842977 0.00453566752437454 0.9999846072211107 0.0030443602981464132 -0.0015191821613057847 -0.0030376343511132817 0.999994020460203 0.5083333432122146 0.2786422233766075 -0.01684466349868785
FixedParameters: 0 0 0
#Transform 50
Transform: MatrixOffsetTransformBase_double_3_3
Parameters: 0.9999903607853183 -0.0043376587989022615 0.0009076790159152533 0.00433501194075557 0.9999870102131436 0.0027315112894779753 -0.0009201926670594202 -0.0027274841603072905 0.999995450143338 0.4856455848761243 0.37383888649286234 -0.051353909085776195
FixedParameters: 0 0 0
#Transform 51
Transform: MatrixOffsetTransformBase_double_3_3
Parameters: 0.9999868379442809 -0.005095929622359383 0.001092845465795259 0.0050925201555008974 0.9999826621451986 0.002962339607187385 -0.0011077876251436227 -0.002956658897776736 0.999994658365652 0.48579317417025436 0.2696853365275871 -0.025206653026643266
FixedParameters: 0 0 0
#Transform 52
Transform: MatrixOffsetTransformBase_double_3_3
Parameters: 0.9999884150125198 -0.0047755944558645754 0.0008816314411018535 0.0047735292309563325 0.999985363063818 0.0024838510238658768 -0.0008941739842683812 -0.0024801460291770314 0.9999967312165621 0.4885630664955869 0.3104796962724947 -0.005440199980540683
FixedParameters: 0 0 0
#Transform 53
Transform: MatrixOffsetTransformBase_double_3_3
Parameters: 0.9999858901572969 -0.005214392165517851 0.0013836619640668238 0.0052110506413248865 0.9999821217626244 0.003035997351407166 -0.0013999479824916697 -0.0030290028888310463 0.9999943761052431 0.5005494528038383 0.36017932600792335 -0.008850748354532811
FixedParameters: 0 0 0
#Transform 54
Transform: MatrixOffsetTransformBase_double_3_3
Parameters: 0.9999882567868714 -0.004792804459495883 0.0008792621185028207 0.004790143337790535 0.9999847570230732 0.002758915567256638 -0.0008925274707700811 -0.002755081368168953 0.9999952975554504 0.5016006742007733 0.3136844216595591 -0.00550758091770831
FixedParameters: 0 0 0
#Transform 55
Transform: MatrixOffsetTransformBase_double_3_3
Parameters: 0.9999870015786148 -0.005053165225102515 0.0006808591197068209 0.005051238831683742 0.9999831467972008 0.002931206521749885 -0.0006953087221856743 -0.0029277977662951205 0.9999956906800564 0.4498569487369224 0.38964103241247017 -0.052510964652242365
FixedParameters: 0 0 0
#Transform 56
Transform: MatrixOffsetTransformBase_double_3_3
Parameters: 0.9999873912107945 -0.004916160126232477 0.0012006765948754457 0.004912389463359042 0.9999839855952879 0.002873610700783319 -0.0012146771016977537 -0.00286738919924813 0.9999949259359256 0.48778141839166267 0.288923425303679 -0.009443043731323542
FixedParameters: 0 0 0
#Transform 57
Transform: MatrixOffsetTransformBase_double_3_3
Parameters: 0.9999884277318958 -0.004359472294940687 0.0021370472139284297 0.004348647556720866 0.9999784322092238 0.00502274802689439 -0.0021590703915260177 -0.005013261485959805 0.9999856342136186 0.5266028330882051 0.3725819573808167 0.011695073058874073
FixedParameters: 0 0 0
#Transform 58
Transform: MatrixOffsetTransformBase_double_3_3
Parameters: 0.9999918813310528 -0.003935301639119325 0.001277074756801076 0.003931726726795057 0.9999874916969629 0.0030634238601455616 -0.001288880481974482 -0.0030585779495649473 0.9999946500623134 0.4726981336702494 0.371758797831248 -0.04012499810136205
FixedParameters: 0 0 0
#Transform 59
Transform: MatrixOffsetTransformBase_double_3_3
Parameters: 0.9999882190942313 -0.004776568305755481 0.0009819003555717283 0.0047736155143668305 0.999983970170805 0.003092338840535176 -0.0009971980926654811 -0.003087662141709864 0.9999951525614585 0.4876147809503948 0.312305248922101 -0.0015422573887491353
FixedParameters: 0 0 0
#Transform 60
Transform: MatrixOffsetTransformBase_double_3_3
Parameters: 0.999986891811798 -0.005095094077895019 0.0010704465875746145 0.005092622481366975 0.9999834452538329 0.002645164295859169 -0.0010841535201645402 -0.0026398373009284895 0.9999964808223465 0.445331522079087 0.35199259049072396 -0.016228099572003885
FixedParameters: 0 0 0
#Transform 61
Transform: MatrixOffsetTransformBase_double_3_3
Parameters: 0.9999881451416531 -0.004780005905129758 0.0010033975941124667 0.004776720378829143 0.9999835014095543 0.003162444067257235 -0.001018386288767552 -0.0031575569204971565 0.9999946723600521 0.46504568354518483 0.2991653006833701 -0.010190055234502893
FixedParameters: 0 0 0
#Transform 62
Transform: MatrixOffsetTransformBase_double_3_3
Parameters: 0.9999888721987401 -0.004727075255726051 0.0008825886343374518 0.004725101773117453 0.9999844012086125 0.002921813458133013 -0.0008969701382443783 -0.0029171838286435325 0.9999954239025929 0.4649752248461283 0.3482162490673488 -0.00014750681039288338
FixedParameters: 0 0 0
#Transform 63
Transform: MatrixOffsetTransformBase_double_3_3
Parameters: 0.9999913309476063 -0.004084545858414383 0.0009920934635347515 0.004082157813301017 0.9999875233482988 0.0028435072621493945 -0.001003083205686736 -0.0028394962060891427 0.9999956592410474 0.4672399733848067 0.3468123022996821 -0.011655844632528556
FixedParameters: 0 0 0
#Transform 64
Transform: MatrixOffsetTransformBase_double_3_3
Parameters: 0.9999876353644724 -0.004860573395492977 0.00132023156036944 0.0048543167758936575 0.9999795626002052 0.00416008189102459 -0.001340296150914289 -0.004153918070575788 0.9999905110978972 0.4828872635901149 0.352136147148272 0.013026610551023055
FixedParameters: 0 0 0
#Transform 65
Transform: MatrixOffsetTransformBase_double_3_3
Parameters: 0.9999907382625586 -0.0041472687443484335 0.0010306084196805977 0.004144264702174757 0.9999870593035741 0.0030057893065349936 -0.0010422978730280877 -0.0030012130546109017 0.9999946368044808 0.4579066865362478 0.36556732162542005 -0.011963530058778815
FixedParameters: 0 0 0
#Transform 66
Transform: MatrixOffsetTransformBase_double_3_3
Parameters: 0.9999866632428236 -0.004795670688954431 0.0018270208763803463 0.004787217309075033 0.9999778862957976 0.004664376299527609 -0.0018491233376030161 -0.004655626068055488 0.9999873452142757 0.4949425968751484 0.34221469149565564 0.024063638220013672
FixedParameters: 0 0 0
#Transform 67
Transform: MatrixOffsetTransformBase_double_3_3
Parameters: 0.9999934921035398 -0.003508932814054922 0.0010935482809312684 0.0035057036731631786 0.9999890339421958 0.0029921653776133136 -0.0011033078033210347 -0.002988833071751247 0.9999945718854075 0.41182796909886576 0.39389337099964905 -0.014754284765928105
FixedParameters: 0 0 0
#Transform 68
Transform: MatrixOffsetTransformBase_double_3_3
Parameters: 0.9999956120569524 -0.0028411960029600127 0.0005614323410533196 0.0028390630859720686 0.9999884669426817 0.003946855265262374 -0.0005726882253286278 -0.0039451465106702804 0.9999920030887816 0.33161241129603525 0.311964054655391 -0.023524852821438458
FixedParameters: 0 0 0
#Transform 69
Transform: MatrixOffsetTransformBase_double_3_3
Parameters: 0.9999978960858151 -0.001764824957343986 0.0009953920750928895 0.0017607807963010654 0.9999927424063719 0.003348821395902417 -0.001001026728697653 -0.003346176646570026 0.9999937420881414 0.30703858043375476 0.2490248972174669 -0.06056856475179018
FixedParameters: 0 0 0
#Transform 70
Transform: MatrixOffsetTransformBase_double_3_3
Parameters: 0.9999969311184898 -0.0020867616893783243 0.0008455762011245623 0.0020842021799718927 0.9999935872452123 0.0030298963508622948 -0.0008510445013417184 -0.0030281071884541155 0.9999949941150545 0.30682169536343906 0.2117476493600492 -0.07679928548699877
FixedParameters: 0 0 0
#Transform 71
Transform: MatrixOffsetTransformBase_double_3_3
Parameters: 0.9999966726351197 -0.002684755930444989 0.0003437735166907318 0.0026840216303156677 0.9999914136785606 0.0032381779214128853 -0.00035305316168072467 -0.003237819677733289 0.9999942895832427 0.34300605767001 0.2571615093415147 -0.05762320986231373
FixedParameters: 0 0 0
#Transform 72
Transform: MatrixOffsetTransformBase_double_3_3
Parameters: 0.9999966467184838 -0.002460708546598989 0.000546076332511259 0.0024591374908135687 0.9999928311602035 0.0028685354772487737 -0.0005530802117291603 -0.002867462345129107 0.999995364656714 0.31201750963744246 0.32828654919921973 -0.088424493742707
FixedParameters: 0 0 0
#Transform 73
Transform: MatrixOffsetTransformBase_double_3_3
Parameters: 0.9999951180178609 -0.0030782939249988255 0.0006372096152385624 0.003075824256331772 0.9999886373108337 0.0037422817189275565 -0.0006490737518889274 -0.0037397176322657016 0.999992490380769 0.4001223082193661 0.2744161295953802 -0.0667356123987588
FixedParameters: 0 0 0
#Transform 74
Transform: MatrixOffsetTransformBase_double_3_3
Parameters: 0.9999946167255649 -0.003055592525059621 0.0010222258296228943 0.0030521139265416064 0.9999883859655534 0.003803388412433051 -0.0010341672587394603 -0.003799613728810783 0.9999923277681685 0.3698318503372633 0.3729164130509446 -0.10714031921740741
FixedParameters: 0 0 0
#Transform 75
Transform: MatrixOffsetTransformBase_double_3_3
Parameters: 0.9999939494916337 -0.0032644454468755287 0.0011814683406254052 0.0032589631642311132 0.9999859129510209 0.004085123011615219 -0.0011948299596396673 -0.004080870409495743 0.9999906945503934 0.3866632064824529 0.30848276263655805 -0.09302302940388074
FixedParameters: 0 0 0
#Transform 76
Transform: MatrixOffsetTransformBase_double_3_3
Parameters: 0.9999938343322647 -0.0035514323088664643 0.0007438869162589589 0.0035481804133971205 0.9999846664869603 0.004231031065954474 -0.0007587041301258978 -0.004227965587269296 0.9999903902412562 0.4046110532428884 0.34056385562405467 -0.051802243473602516
FixedParameters: 0 0 0
#Transform 77
Transform: MatrixOffsetTransformBase_double_3_3
Parameters: 0.9999964598260621 -0.0024222201012443763 0.0008207597032714284 0.0024191442952604366 0.9999917424097238 0.003393182033846212 -0.0008290178510552435 -0.0033908191438267524 0.9999937059807434 0.3581692123135838 0.34935664074077977 -0.08410796270139542
FixedParameters: 0 0 0
#Transform 78
Transform: MatrixOffsetTransformBase_double_3_3
Parameters: 0.9999969815629718 -0.0025569143404903963 0.000693961217605387 0.002553959913939249 0.9999898855883688 0.003833973504613869 -0.0007033909865033134 -0.0038320333593958172 0.9999927120109177 0.3323496342944736 0.3061055896181415 -0.028947262748275193
FixedParameters: 0 0 0
#Transform 79
Transform: MatrixOffsetTransformBase_double_3_3
Parameters: 0.9999969353563053 -0.0023030994850798897 0.000871471424166105 0.0023007938331453506 0.9999917367599649 0.003329140250866773 -0.0008785701043122646 -0.00332686085545969 0.9999940473297798 0.3424416055584061 0.3405598418241169 -0.04631384595195698
FixedParameters: 0 0 0
#Transform 80
Transform: MatrixOffsetTransformBase_double_3_3
Parameters: 0.9999938077078038 -0.0035727516666062484 0.0006531946902238051 0.0035702066880853676 0.9999841380132536 0.004274722329638915 -0.0006685095302523139 -0.004272270326507462 0.9999901438344236 0.3996640616265239 0.3488304424554656 -0.04959524921834202
FixedParameters: 0 0 0
#Transform 81
Transform: MatrixOffsetTransformBase_double_3_3
Parameters: 0.9999948864396718 -0.0033215883296401497 0.00028338891457190386 0.003320506456935129 0.999986191583639 0.003978261127279711 -0.0002967122923088571 -0.003976735513391824 0.9999920536439458 0.3893574914406486 0.3438208919133956 -0.06647816711428334
FixedParameters: 0 0 0
#Transform 82
Transform: MatrixOffsetTransformBase_double_3_3
Parameters: 0.9999968608604969 -0.0026028137753271786 0.0006043232878637469 0.0025997329481912135 0.999986600815299 0.004443770204979006 -0.0006162797991794983 -0.004442225777628171 0.9999897792996051 0.340647460778186 0.3419685133487036 -0.08799731283440337
FixedParameters: 0 0 0
#Transform 83
Transform: MatrixOffsetTransformBase_double_3_3
Parameters: 0.9999952085942339 -0.0028928657728775203 0.0011931297433800125 0.0028866733808193224 0.9999826607859181 0.0051216603604806454 -0.0012073325028710816 -0.005118340166668622 0.9999861185336804 0.37125636301232134 0.314988815349281 -0.022312897287591227
FixedParameters: 0 0 0
#Transform 84
Transform: MatrixOffsetTransformBase_double_3_3
Parameters: 0.9999960889301865 -0.002468930873256831 0.0009029238941953198 0.0024654246555326086 0.9999893647637027 0.003837367639547104 -0.0009126332749969848 -0.003835630399364555 0.9999922865503006 0.3414364020619871 0.36998857381195194 -0.05742239535092608
FixedParameters: 0 0 0
#Transform 85
Transform: MatrixOffsetTransformBase_double_3_3
Parameters: 0.9999933242050966 -0.0034678610504604557 0.0008061970137907542 0.003463939561354921 0.9999826513128587 0.004854193200556585 -0.0008225707385885533 -0.004851809442183233 0.9999875692350738 0.39210196119380214 0.33286803517998464 -0.015116185936975057
FixedParameters: 0 0 0
#Transform 86
Transform: MatrixOffsetTransformBase_double_3_3
Parameters: 0.9999963262039397 -0.002583446236218039 0.001000451696798692 0.0025780501329102762 0.999985413741904 0.004806786152388852 -0.0010129800466559876 -0.004804213632863381 0.9999877264474251 0.35633106851756224 0.352154272406338 -0.018310853741098754
FixedParameters: 0 0 0
#Transform 87
Transform: MatrixOffsetTransformBase_double_3_3
Parameters: 0.9999966096328279 -0.002653495532533724 0.0005904775619009056 0.0026506838816278532 0.9999835614150464 0.005051767426757642 -0.0006040548491301014 -0.005050230113366416 0.9999870226084178 0.3379602167055822 0.36119084841052995 -0.04141051269829177
FixedParameters: 0 0 0
#Transform 88
Transform: MatrixOffsetTransformBase_double_3_3
Parameters: 0.9999973306734743 -0.0020036401014885694 0.0012860320992806205 0.001994786422428269 0.9999733933131854 0.006985650596110629 -0.0013003893097873647 -0.006983340207922177 0.9999743696160183 0.316671904008345 0.3552853188352145 0.017087039337582155
FixedParameters: 0 0 0
#Transform 89
Transform: MatrixOffsetTransformBase_double_3_3
Parameters: 0.9999965821812221 -0.002451265763147541 0.0006395125173320747 0.0024487820953073653 0.9999893860741589 0.0038377040434653398 -0.0006491520310741714 -0.0038362958895855684 0.9999927508138347 0.28390863139209443 0.2890066845908734 -0.027453432115692067
FixedParameters: 0 0 0
#Transform 90
Transform: MatrixOffsetTransformBase_double_3_3
Parameters: 0.9999963996431157 -0.0025228718003812004 0.00048479011705934206 0.0025211037846946914 0.9999881408704268 0.004196421087873624 -0.0004947962116863876 -0.004195581288980697 0.9999910457176208 0.28858491478942483 0.2789329197898667 -0.037458185033202085
FixedParameters: 0 0 0
#Transform 91
Transform: MatrixOffsetTransformBase_double_3_3
Parameters: 0.9999971208989697 -0.0021366444792639914 0.000561401170684819 0.002133111580125589 0.9999847002799065 0.005182339277145835 -0.0005723686728922742 -0.005181667917770659 0.9999867139079255 0.2810620130124306 0.2815686427861124 -0.16482523057048581
FixedParameters: 0 0 0
#Transform 92
Transform: MatrixOffsetTransformBase_double_3_3
Parameters: 0.9999974623247561 -0.0023009328853167725 0.0004948278263098868 0.002297591739291057 0.9999819238651196 0.005554276375874571 -0.0005072109278881323 -0.005552728557977615 0.9999848551469231 0.2969590957073933 0.21839317980351325 -0.062733011710435
FixedParameters: 0 0 0
#Transform 93
Transform: MatrixOffsetTransformBase_double_3_3
Parameters: 0.9999983872246954 -0.0018340353811306877 0.0004998088558014431 0.0018312250725145832 0.9999849835245157 0.005168989800134437 -0.0005085925765624384 -0.005168016320116764 0.9999869764791599 0.2824255051234701 0.2885508310443896 -0.16305245907143728
FixedParameters: 0 0 0
#Transform 94
Transform: MatrixOffsetTransformBase_double_3_3
Parameters: 0.9999965789850723 -0.002523506599286874 0.00023181431341348538 0.002521759172846545 0.9999791211989411 0.005963786197100154 -0.0002468098685636264 -0.005963216541082998 0.9999823303587194 0.28707102184175426 0.2286678230086494 -0.12428968171145982
FixedParameters: 0 0 0
#Transform 95
Transform: MatrixOffsetTransformBase_double_3_3
Parameters: 0.9999977872915247 -0.0022801795674905504 -0.00011735346960860267 0.00228063132275406 0.9999835440555688 0.005219865126575109 0.00010552472015312572 -0.005220136573123806 0.9999867459848605 0.2739720641194623 0.26944576067073456 -0.18103861014465394
FixedParameters: 0 0 0
#Transform 96
Transform: MatrixOffsetTransformBase_double_3_3
Parameters: 0.9999974411564538 -0.002356336855954074 -0.00007168919512965065 0.002357319258334568 0.9999800479283314 0.005864023936025968 0.00005708445571165296 -0.005863972227043039 0.9999826195718263 0.29878345817236607 0.25530296035123 -0.09016075215295416
FixedParameters: 0 0 0
#Transform 97
Transform: MatrixOffsetTransformBase_double_3_3
Parameters: 0.9999962468196818 -0.002568031127990525 0.0003981882370325269 0.0025659849623181855 0.999983426002684 0.005205226726622464 -0.0004107577427883377 -0.0052047808593268866 0.9999866362692127 0.30191702639068296 0.29711010554358097 -0.03014114048882277
FixedParameters: 0 0 0
#Transform 98
Transform: MatrixOffsetTransformBase_double_3_3
Parameters: 0.9999956170651165 -0.0028803301029049857 0.0002933825415080256 0.0028786528823778177 0.9999770270090225 0.0060610515507626556 -0.0003111372757836314 -0.006059948573396937 0.9999821299068357 0.2966172923914172 0.34546530637598494 -0.09389757481652339
FixedParameters: 0 0 0
#Transform 99
Transform: MatrixOffsetTransformBase_double_3_3
Parameters: 0.9999969692694106 -0.002233692938287942 0.0002024482414938241 0.0022328326184521967 0.9999844508228521 0.005158645484625517 -0.00021339150333674205 -0.0051583545515304086 0.9999862977808355 0.29194847060932716 0.29046736515886096 -0.09480456980250551
FixedParameters: 0 0 0
#Transform 100
Transform: MatrixOffsetTransformBase_double_3_3
Parameters: 0.9999976033121529 -0.002322883041076909 -0.000045508742735054434 0.002322571672058485 0.9999843369963796 0.005026026474248005 0.00003413938621284206 -0.005025974663975523 0.9999877445710073 0.2767366318651199 0.3158915679919687 -0.12958799926072118
FixedParameters: 0 0 0
#Transform 101
Transform: MatrixOffsetTransformBase_double_3_3
Parameters: 0.9999965584984262 -0.002503312137342205 0.0004187828816605485 0.0025001896150254324 0.9999717264164737 0.0070762489413311105 -0.00043598010924417315 -0.007074748256780609 0.9999747052869504 0.28917156277476863 0.30889726683044216 0.006693680730506912
FixedParameters: 0 0 0
#Transform 102
Transform: MatrixOffsetTransformBase_double_3_3
Parameters: 0.9999960910483715 -0.002608954489414927 0.00032153825349674064 0.0026070634047277415 0.9999855903711691 0.004760094528868185 -0.00033326834205383074 -0.004758906119842796 0.9999881946589122 0.26010793074334515 0.3366113104298307 -0.031652162703750264
FixedParameters: 0 0 0
#Transform 103
Transform: MatrixOffsetTransformBase_double_3_3
Parameters: 0.9999966629063889 -0.0025144269628336103 0.00012022596355680895 0.0025136811855851486 0.9999742931613644 0.006740507364036578 -0.00013702968179078585 -0.00674049835521346 0.9999774998499449 0.2811564172312444 0.3068314700152257 -0.015452545916687654
FixedParameters: 0 0 0
#Transform 104
Transform: MatrixOffsetTransformBase_double_3_3
Parameters: 0.9999976628281493 -0.002297706026539757 0.00023790954338539987 0.0022965238941099683 0.9999750219038125 0.006689742541216771 -0.00025349150736486817 -0.006689251478041815 0.9999771410232465 0.2700276234404697 0.3442299825696864 -0.051489392929610744
FixedParameters: 0 0 0
#Transform 105
Transform: MatrixOffsetTransformBase_double_3_3
Parameters: 0.9999969671992361 -0.0021993283899677148 0.0004412997330411311 0.0021966647778947556 0.9999704230481588 0.007403115015466977 -0.00045657494405177226 -0.0074018976218149235 0.9999729484057507 0.2765400799703883 0.3257942705651544 -0.009456193213850383
FixedParameters: 0 0 0
#Transform 106
Transform: MatrixOffsetTransformBase_double_3_3
Parameters: 0.9999951080056138 -0.002948532049926909 0.00044503752753571765 0.002944991369408903 0.9999647971992415 0.00785058883319905 -0.0004680464634788303 -0.00784941045817674 0.9999690636390419 0.3373407709211165 0.36611219298418973 0.009853479407553323
FixedParameters: 0 0 0
#Transform 107
Transform: MatrixOffsetTransformBase_double_3_3
Parameters: 0.9999971604221415 -0.0024121289241447862 0.00015278984900822585 0.0024103152427053486 0.9999790479883467 0.006015566319743121 -0.00016676665362352905 -0.006015433537090789 0.9999817391938147 0.25841557381890823 0.35565656884176633 -0.10544578237326618
FixedParameters: 0 0 0
#Transform 108
Transform: MatrixOffsetTransformBase_double_3_3
Parameters: 0.9999969873600719 -0.0023444924896341723 -0.0007182226383444467 0.0023495620020011353 0.9999721173903473 0.007091505697318062 0.0007016624437500595 -0.00709349007549849 0.9999742614708794 0.279181999366898 0.2934314090093153 -0.026267393998224975
FixedParameters: 0 0 0
#Transform 109
Transform: MatrixOffsetTransformBase_double_3_3
Parameters: 0.9999974091451196 -0.002113790893619947 -0.00034964354096385174 0.0021158474196640987 0.9999825555432597 0.0054733897505804124 0.0003384098709175247 -0.005474608064658583 0.9999849237441739 0.2644810223742837 0.3655989319335333 -0.12482142843060728
FixedParameters: 0 0 0
#Transform 110
Transform: MatrixOffsetTransformBase_double_3_3
Parameters: 0.9999963522408897 -0.0026935086066640934 -0.0006263135933331475 0.0026977493645743565 0.9999738063870289 0.006770571727195834 0.0006085948504381835 -0.006772434042766298 0.9999768381637874 0.2620559551435093 0.29048241998964386 -0.08944039402196324
FixedParameters: 0 0 0
#Transform 111
Transform: MatrixOffsetTransformBase_double_3_3
Parameters: 0.9999983767510948 -0.0018909176808042058 -0.00021566651837206345 0.0018928839132373988 0.9999775938955245 0.006388717713113931 0.00020347042269318615 -0.00638927388209834 0.999979143360393 0.26919849695202913 0.31858118119330925 -0.05223281068653307
FixedParameters: 0 0 0
#Transform 112
Transform: MatrixOffsetTransformBase_double_3_3
Parameters: 0.99999786269689 -0.002236558519620921 -0.0003690361896597508 0.0022384038448287724 0.9999762371329571 0.006537366290399388 0.0003546335339764659 -0.006538630290209797 0.9999781336749946 0.24525076257737055 0.3315882018391676 -0.0914370747001243
FixedParameters: 0 0 0
#Transform 113
Transform: MatrixOffsetTransformBase_double_3_3
Parameters: 0.9999964315945908 -0.002532782222537285 0.00039478163074685836 0.002529000278600193 0.9999716222064072 0.007073200598896122 -0.00041243535810440323 -0.007071795333556265 0.9999747674891647 0.2612651509942765 0.33090353868641387 0.007379001478440728
FixedParameters: 0 0 0
#Transform 114
Transform: MatrixOffsetTransformBase_double_3_3
Parameters: 0.9999986386186677 -0.0017942576489344312 -0.0003781362044164517 0.0017958059745479947 0.9999830235311057 0.005544446290968487 0.00036809292126697475 -0.005545548995974925 0.9999841205395043 0.24238844985434582 0.3773324786960046 -0.07005195030528455
FixedParameters: 0 0 0
#Transform 115
Transform: MatrixOffsetTransformBase_double_3_3
Parameters: 0.9999975605768386 -0.002096669640813822 -0.00021069458458706163 0.002097545879548973 0.9999755314901159 0.0066376893164228 0.00019676909065602895 -0.006638307009796424 0.9999779019545305 0.2431761284877183 0.30751837640664803 -0.016943718492555604
FixedParameters: 0 0 0
#Transform 116
Transform: MatrixOffsetTransformBase_double_3_3
Parameters: 0.9999981913354921 -0.0019475655750181371 0.00012337042412272704 0.0019467942823354057 0.9999703108266087 0.007409314983002728 -0.0001381302068604065 -0.007408687381542357 0.9999730923186277 0.25724602352421755 0.36708378819827203 0.0067296914545806885
FixedParameters: 0 0 0
#Transform 117
Transform: MatrixOffsetTransformBase_double_3_3
Parameters: 0.9999978781209969 -0.002261763240114717 0.00007225401053515316 0.0022616930231829425 0.9999731353266866 0.006985359923199742 -0.00008776257220513606 -0.006985635761154477 0.9999751470884969 0.2416342969510481 0.36895930803534327 0.006822096369887731
FixedParameters: 0 0 0
#Transform 118
Transform: MatrixOffsetTransformBase_double_3_3
Parameters: 0.9999956414322688 -0.0024188034927058364 0.0015838137210211645 0.002407539873623379 0.9999744387949601 0.006707913393715195 -0.0016005536587228905 -0.006704082312673922 0.9999762605949538 0.3021875729690464 0.34794204754565783 0.11375207161262324
FixedParameters: 0 0 0
#Transform 119
Transform: MatrixOffsetTransformBase_double_3_3
Parameters: 0.9999974704230001 -0.0022697082006970623 0.0006137222774070713 0.0022668285456639617 0.999981190332071 0.005725535100812459 -0.0006264205484766862 -0.005724471225959718 0.9999837281770795 0.2686617332646364 0.3845951407441248 0.02013165894730662
FixedParameters: 0 0 0
#Transform 120
Transform: MatrixOffsetTransformBase_double_3_3
Parameters: 0.9999973513883829 -0.002369500562922197 0.00018156450074404407 0.002369057469653238 0.9999856773138482 0.004770621957275269 -0.00019307069871511655 -0.004770372090912092 0.9999881584393984 0.2691662250244775 0.3091385297256153 -0.006102836886753948
FixedParameters: 0 0 0
#Transform 121
Transform: MatrixOffsetTransformBase_double_3_3
Parameters: 0.9999977519544413 -0.0022899489398134124 0.00005709060950739766 0.002290207140048424 0.9999933663825213 0.0027172562670476977 -0.00006248794824338129 -0.00271674561367255 0.999996621342321 0.2901235264142201 0.20993234397609228 -0.05893498510754114
FixedParameters: 0 0 0
#Transform 122
Transform: MatrixOffsetTransformBase_double_3_3
Parameters: 0.9999961273041346 -0.002614215978645697 0.00019605706214733654 0.002613683831707657 0.999992428972304 0.002790702521809345 -0.00020359859103916925 -0.0027902955908688243 0.999996124499406 0.2767705647213887 0.19332494809859213 -0.06447510154806935
FixedParameters: 0 0 0
#Transform 123
Transform: MatrixOffsetTransformBase_double_3_3
Parameters: 0.9999973218434999 -0.0023828265250454067 0.000037080721754512456 0.0023822809885713173 0.999994624631231 0.002385273842335313 -0.00004245609902202882 -0.0023847291259462763 0.9999973207230588 0.30397569128885493 0.18284758504923104 -0.029175176229429667
FixedParameters: 0 0 0
#Transform 124
Transform: MatrixOffsetTransformBase_double_3_3
Parameters: 0.9999958772536995 -0.0028457122420469673 -0.0001572816295369147 0.002846030677790426 0.9999931565775959 0.0021877997205325267 0.00015081464870147834 -0.002189195878356018 0.9999971415911318 0.2490119114426932 0.2227369170429796 -0.08536349125151332
FixedParameters: 0 0 0
#Transform 125
Transform: MatrixOffsetTransformBase_double_3_3
Parameters: 0.9999956906178167 -0.002882872591142706 0.000004716592215015864 0.002882289347112792 0.99999131871093 0.0028912609331075284 -0.000012399589644515549 -0.002890737973571318 0.9999956560786435 0.29387087024312564 0.17902218270570813 -0.026862792945038905
FixedParameters: 0 0 0
#Transform 126
Transform: MatrixOffsetTransformBase_double_3_3
Parameters: 0.9999958471030842 -0.0029830189480475463 -0.0005036488010617982 0.002985553747806865 0.9999867713573366 0.004270809127657517 0.0004900734404502337 -0.00427218971496654 0.9999905840762101 0.2656101862101252 0.28412516733739324 -0.10720549560438997
FixedParameters: 0 0 0
#Transform 127
Transform: MatrixOffsetTransformBase_double_3_3
Parameters: 0.9999957883769761 -0.0026852740552945798 0.000013969390395194323 0.002685464535037164 0.9999885256236443 0.00403128944389048 -0.00002457902746611578 -0.0040307123090873795 0.9999917646335077 0.26452867629691923 0.25325106542042874 -0.051739798124671665
FixedParameters: 0 0 0
#Transform 128
Transform: MatrixOffsetTransformBase_double_3_3
Parameters: 0.9999952426761362 -0.0029129359686703342 -0.0005208491491715055 0.002915203699501911 0.9999879757954081 0.0038017283695506165 0.0005096088468988788 -0.0038032646356348856 0.999992348727224 0.2559782218333311 0.2549164731739211 -0.0785001389449036
FixedParameters: 0 0 0
#Transform 129
Transform: MatrixOffsetTransformBase_double_3_3
Parameters: 0.9999959112832216 -0.0027861314379053624 -0.0005715090085478003 0.0027886861749825877 0.9999849586313458 0.004710657439594146 0.0005581015582253029 -0.0047123395679185415 0.9999885558653538 0.27497617793743245 0.2435832849376851 -0.04672617195319617
FixedParameters: 0 0 0
#Transform 130
Transform: MatrixOffsetTransformBase_double_3_3
Parameters: 0.9999974866871941 -0.002262691270580641 -0.0006270237899291567 0.0022667548315359327 0.9999767097452357 0.006409712199131473 0.00061278311685961 -0.006411290275790182 0.9999795869480034 0.30961797510079236 0.31053598965340257 -0.0010984325218288404
FixedParameters: 0 0 0
#Transform 131
Transform: MatrixOffsetTransformBase_double_3_3
Parameters: 0.9999972829182676 -0.0023368254371011568 -0.0005056373758685938 0.002340327660650467 0.9999763969160727 0.006411953469023568 0.0004904974172214974 -0.006414046229118911 0.999979631903456 0.26231269242721567 0.3431142960787952 -0.06411466866680371
FixedParameters: 0 0 0
#Transform 132
Transform: MatrixOffsetTransformBase_double_3_3
Parameters: 0.9999965189483526 -0.0025107785115155387 -0.0004220533053046577 0.0025129324580486856 0.9999786644819966 0.006083141254226931 0.00040634367977934776 -0.0060848668770708825 0.9999818235003204 0.31148625059701374 0.27668102749272805 0.0044726644889294676
FixedParameters: 0 0 0
#Transform 133
Transform: MatrixOffsetTransformBase_double_3_3
Parameters: 0.9999970093338063 -0.0021196040064314363 -0.0007053733416426144 0.0021239432225041805 0.9999813172036213 0.00575363331592698 0.0006927545576428522 -0.005755370084638493 0.9999834629390689 0.2937744143428631 0.2939031682890487 -0.01763780357515543
FixedParameters: 0 0 0
#Transform 134
Transform: MatrixOffsetTransformBase_double_3_3
Parameters: 0.9999980762343786 -0.0017083459685442858 0.00007351831984919425 0.0017079002536756994 0.9999832013867822 0.0054661909010918705 -0.00008214996768024987 -0.005465806592592479 0.9999851200592721 0.2628100096656567 0.26275367174970654 -0.01828083705812844
FixedParameters: 0 0 0
#Transform 135
Transform: MatrixOffsetTransformBase_double_3_3
Parameters: 0.9999986687761766 -0.0018241858078683643 0.00006371117817437278 0.0018234789194008494 0.9999755098333166 0.006724190868752276 -0.00007520375813687399 -0.006724812068215541 0.9999777200252179 0.2837028398488002 0.2884544119490613 0.0027466352848506403
FixedParameters: 0 0 0
#Transform 136
Transform: MatrixOffsetTransformBase_double_3_3
Parameters: 0.9999993583137005 -0.0012772353838670421 0.00010174078909516958 0.0012767114359809565 0.9999855505250356 0.005274195344613819 -0.0001081634152747448 -0.005273808895247721 0.9999861772047094 0.24426948364154555 0.28488184362235813 -0.1359526241357969
FixedParameters: 0 0 0
#Transform 137
Transform: MatrixOffsetTransformBase_double_3_3
Parameters: 0.9999972944301063 -0.002126380680806849 -0.00042956567871747385 0.00212899967693945 0.9999777556752613 0.006375274542073504 0.0004152936845237087 -0.006375723982429055 0.9999792438422216 0.2534343834751809 0.22546275063410803 -0.017317802306450858
FixedParameters: 0 0 0
#Transform 138
Transform: MatrixOffsetTransformBase_double_3_3
Parameters: 0.9999995282651359 -0.0012119389831055994 -0.00005490623307855481 0.0012120453359974273 0.99999401047929 0.0032429942196552167 0.000051038188734194887 -0.0032430042188975744 0.9999944836298634 0.24282794821056086 0.18195956307663153 -0.011213931288651224
FixedParameters: 0 0 0
#Transform 139
Transform: MatrixOffsetTransformBase_double_3_3
Parameters: 0.9999999588110182 -0.0001329695308253783 -0.00015332359686091068 0.00013333161597007317 0.999999585146958 0.0011819802698628187 0.00015300882843171895 -0.0011820210579637225 0.9999995794136551 0.15811477409313568 0.11648869481906843 -0.037106705736121626
FixedParameters: 0 0 0
#Transform 140
Transform: MatrixOffsetTransformBase_double_3_3
Parameters: 0.9999999879495005 -0.001000488515423632 -0.00010523410104953848 0.0010006369391583343 0.999999491257966 0.0007099542530596831 0.00010381330091739151 -0.0007100450140062609 0.9999994884915527 0.14113462518582764 0.0486920753694875 -0.02562550330509339
FixedParameters: 0 0 0
#Transform 141
Transform: MatrixOffsetTransformBase_double_3_3
Parameters: 0.9999995998195137 -0.0006325398099248573 -0.000010078092357055886 0.000632497855642017 0.9999998481784912 0.0008650530455165673 0.000009982073537015506 -0.0008649473297424187 0.99999925519055 0.19759551773017847 0.11558317397688711 -0.03371066352913488
FixedParameters: 0 0 0
#Transform 142
Transform: MatrixOffsetTransformBase_double_3_3
Parameters: 0.9999997934431016 -0.0003582978869739252 -0.0002798151103431506 0.0003588404870942547 0.9999956631910687 0.002864898994736978 0.00027869943729039485 -0.002865099260471203 0.9999957137725397 0.21067754045643028 0.0610009507932574 -0.1772154473694485
FixedParameters: 0 0 0
#Transform 143
Transform: MatrixOffsetTransformBase_double_3_3
Parameters: 0.9999995033226127 -0.0002980510422838775 -0.0006386669963491334 0.000299285250012213 0.9999962733753195 0.002576750579907673 0.0006380072842697019 -0.002577250285805903 0.9999969480637021 0.18653199379070884 -0.02288656192430949 -0.1563177765711714
FixedParameters: 0 0 0
#Transform 144
Transform: MatrixOffsetTransformBase_double_3_3
Parameters: 0.9999992014456781 -0.00032875384063838295 -0.0008311442770326071 0.0003308955773743087 0.9999951068099727 0.003127725652575207 0.0008299012070469843 -0.0031282735074043624 0.999994525818496 0.18112980569874537 0.00020206911858622334 -0.1926932528707539
FixedParameters: 0 0 0
#Transform 145
Transform: MatrixOffsetTransformBase_double_3_3
Parameters: 0.9999995858177346 -0.00003815198877415586 -0.001188768888731409 0.000043019323421593376 0.9999930483582181 0.0037278902631240896 0.0011882290948672625 -0.003727112173055387 0.9999927488320025 0.15506928949726273 0.06823248243921398 -0.24618178812687574
FixedParameters: 0 0 0
#Transform 146
Transform: MatrixOffsetTransformBase_double_3_3
Parameters: 0.9999995875320888 -0.0002707143955016132 -0.001157327432469197 0.0002750437486205103 0.9999937993621165 0.003622684850506583 0.0011561111557972863 -0.0036233161414682413 0.999992535813137 0.19287719428785977 0.009137737567101567 -0.21100313587631092
FixedParameters: 0 0 0
#Transform 147
Transform: MatrixOffsetTransformBase_double_3_3
Parameters: 0.9999979988222132 0.000156802780090629 -0.00199407034670249 -0.0001483023720493944 0.9999919019729946 0.004133189383166695 0.001994856903826672 -0.00413281766506185 0.9999899332624442 0.13065180837099888 0.1038141587500121 -0.29379611737381595
FixedParameters: 0 0 0
#Transform 148
Transform: MatrixOffsetTransformBase_double_3_3
Parameters: 0.9999988087760766 -0.0003770922685434556 -0.0017461281656074089 0.0003821964228396427 0.9999935711475844 0.0034972168968152237 0.0017450538792457707 -0.003497786148865513 0.9999927725110721 0.16552208695495096 0.018127984037818123 -0.18735600547734066
FixedParameters: 0 0 0
#Transform 149
Transform: MatrixOffsetTransformBase_double_3_3
Parameters: 0.9999982073096488 -0.000469384893011139 -0.001604293562833171 0.0004761565972592823 0.9999891864314988 0.004640180186917024 0.0016014277712207827 -0.004640821206612619 0.9999879521291032 0.14852772531024527 0.12597290972399833 -0.28858751785362813
FixedParameters: 0 0 0
#Transform 150
Transform: MatrixOffsetTransformBase_double_3_3
Parameters: 0.9999987782150491 -0.00037549671058484076 -0.0017553302019233026 0.00038172336063011723 0.9999911845552816 0.004083216939443406 0.0017537597249314015 -0.00408478232983598 0.9999902353852177 0.15442641949434233 0.05317533366925886 -0.22025624733429083
FixedParameters: 0 0 0
#Transform 151
Transform: MatrixOffsetTransformBase_double_3_3
Parameters: 0.9999985445338424 0.00027934914796451865 -0.0018378763857596699 -0.00027068015365587034 0.9999880350440117 0.004785384354774991 0.0018389762943519133 -0.004784609967170693 0.9999867167655326 0.11092138531790852 0.1375641329627797 -0.31156572131308735
FixedParameters: 0 0 0
#Transform 152
Transform: MatrixOffsetTransformBase_double_3_3
Parameters: 0.9999977694104587 0.00020889158883550274 -0.002277335805769056 -0.00020001299372626762 0.9999918255354495 0.004140348935663056 0.0022784356193200845 -0.004139654298364881 0.9999886644699911 0.12201186814840526 0.04418783428951656 -0.21112858385203026
FixedParameters: 0 0 0
#Transform 153
Transform: MatrixOffsetTransformBase_double_3_3
Parameters: 0.9999990508291696 0.0000294398228025756 -0.0013959366998507591 -0.000024223199679277323 0.9999918905331326 0.004013978175912376 0.0013957962636146908 -0.004014021672857221 0.9999909357591454 0.15062717045822183 0.05312233208961459 -0.18319208877309734
FixedParameters: 0 0 0
#Transform 154
Transform: MatrixOffsetTransformBase_double_3_3
Parameters: 0.9999979934163604 0.0005624417778324139 -0.0019208627598655606 -0.0005535304048186992 0.9999879061470015 0.004883958876344775 0.0019237231065683718 -0.004883043408714101 0.9999863897815813 0.10546308523997538 0.1527706026403166 -0.29282892884366163
FixedParameters: 0 0 0
#Transform 155
Transform: MatrixOffsetTransformBase_double_3_3
Parameters: 0.9999986524457519 0.00017517614782891806 -0.0015219377111589545 -0.00016901416137919464 0.9999903835811106 0.004318203058478173 0.0015230089601814805 -0.004318790402684215 0.9999889698132924 0.13360758368472148 0.050692065806430264 -0.19958366935415484
FixedParameters: 0 0 0
#Transform 156
Transform: MatrixOffsetTransformBase_double_3_3
Parameters: 0.9999983239931742 0.0007388787355114768 -0.0017689760798162242 -0.0007327117124282901 0.9999929678296914 0.0036822457918901166 0.0017719821408212796 -0.003680751728265569 0.9999912491715103 0.12700541997037362 0.09172097341566143 -0.21094463359507643
FixedParameters: 0 0 0
#Transform 157
Transform: MatrixOffsetTransformBase_double_3_3
Parameters: 0.999997482519481 0.0004047662259741573 -0.002086448277736676 -0.0003952379020478772 0.9999903105162978 0.0044207171304212894 0.0020884523257351907 -0.004419283955215361 0.9999880989635581 0.09168494100323699 0.11048300063959005 -0.25526410508550157
FixedParameters: 0 0 0
#Transform 158
Transform: MatrixOffsetTransformBase_double_3_3
Parameters: 0.9999981246859472 0.0003544791007968144 -0.0019364214862038066 -0.0003465212346734872 0.9999910741135537 0.004100557487507983 0.001937822912730826 -0.004099436363256333 0.9999894304241322 0.11795393708835888 0.05087769834814537 -0.21290466937003316
FixedParameters: 0 0 0
#Transform 159
Transform: MatrixOffsetTransformBase_double_3_3
Parameters: 0.9999977778988428 0.0006255990805274243 -0.0019572108751973087 -0.0006169023935634071 0.9999907999767998 0.004229101486387346 0.001959993893033608 -0.004227897677513005 0.9999892173034772 0.10670032467103852 0.10736739686132069 -0.24900124028484072
FixedParameters: 0 0 0
#Transform 160
Transform: MatrixOffsetTransformBase_double_3_3
Parameters: 0.9999989069183058 0.001015098161383112 -0.0014361458100999485 -0.001010028173429263 0.9999932278631307 0.0034373989552506437 0.001439813932519094 -0.003435598221797613 0.999993059912359 0.12802099547288037 0.04748756026631895 -0.16982682404120908
FixedParameters: 0 0 0
#Transform 161
Transform: MatrixOffsetTransformBase_double_3_3
Parameters: 0.9999972467969337 0.0013051151732362857 -0.0017462610723589765 -0.0012969652253778437 0.9999889353488179 0.004528224021883728 0.0017525751228317078 -0.004525776196202008 0.9999883237303078 0.12298686769057099 0.11202849286557637 -0.28137485419215125
FixedParameters: 0 0 0
#Transform 162
Transform: MatrixOffsetTransformBase_double_3_3
Parameters: 0.9999972216467454 0.0011552610169845976 -0.0021079252682630924 -0.0011441802234372473 0.9999862293227376 0.005156318140281987 0.002114135421524679 -0.005153686647422495 0.999984843819623 0.07893875341474654 0.08950453140775494 -0.3389798280568499
FixedParameters: 0 0 0
#Transform 163
Transform: MatrixOffsetTransformBase_double_3_3
Parameters: 0.9999965010718174 0.0017047903628154837 -0.0021431970431228216 -0.0016948550953494019 0.9999876291643194 0.004762604413339547 0.00215074288724742 -0.004758402726357455 0.9999865468115288 0.08824501261020146 0.004528204503401412 -0.2846589297459019
FixedParameters: 0 0 0
#Transform 164
Transform: MatrixOffsetTransformBase_double_3_3
Parameters: 0.999995926515736 0.0019129675715113595 -0.0018476296111556996 -0.00190348814248391 0.9999854392477662 0.005110547440524638 0.001857548926698309 -0.005106455946681715 0.9999852932733064 0.07823570340234198 0.03904015403347216 -0.30894718846225544
FixedParameters: 0 0 0
#Transform 165
Transform: MatrixOffsetTransformBase_double_3_3
Parameters: 0.9999979227980474 0.0015668212640652162 -0.0016188951361974227 -0.0015610883765915724 0.9999907061759679 0.004120546771637014 0.0016253151786820822 -0.00411745888034603 0.9999902840899173 0.09183709692632647 0.07406160749449953 -0.21437169588038785
FixedParameters: 0 0 0
#Transform 166
Transform: MatrixOffsetTransformBase_double_3_3
Parameters: 0.9999989378750596 0.0015259814711033823 -0.0008566951121557872 -0.0015241642012035702 0.9999972637382026 0.0015723116670928114 0.0008594326381399145 -0.0015706874086451814 0.9999987349070371 0.11456849683878545 0.03004390728536066 -0.01674360495479732
FixedParameters: 0 0 0
#Transform 167
Transform: MatrixOffsetTransformBase_double_3_3
Parameters: 0.999998050526177 0.001648220108282745 -0.00048206254230500283 -0.0016478827795581032 0.9999977532658934 0.0012598588833829874 0.00048415820537324634 -0.0012591410608929973 0.9999991245760441 0.18433800800652023 0.09891879511110346 -0.004880902543021648
FixedParameters: 0 0 0
#Transform 168
Transform: MatrixOffsetTransformBase_double_3_3
Parameters: 0.9999977914584278 0.0020401955654911204 -0.0010235227589206028 -0.002037606476297603 0.9999962530564833 0.0016631590094453655 0.001027248090815225 -0.0016618381751515726 0.9999980105833357 0.1471795326730927 0.1455858957316707 -0.08048622470687405
FixedParameters: 0 0 0
#Transform 169
Transform: MatrixOffsetTransformBase_double_3_3
Parameters: 0.9999976098702883 0.0021808534800473634 -0.0007958939882436388 -0.0021794873424232576 0.9999955244472125 0.001958864323311417 0.0008003199826990698 -0.0019571334198900323 0.9999974178818737 0.194166239564467 0.021974604906404238 -0.0810859576964873
FixedParameters: 0 0 0
#Transform 170
Transform: MatrixOffsetTransformBase_double_3_3
Parameters: 0.999996245759363 0.0023156579114910415 -0.0011791516657569173 -0.002310966855390601 0.9999884706346186 0.004284869583178842 0.0011896299501740848 -0.004282131903722987 0.9999900781435391 0.1880875681470826 0.12789617087626937 -0.27795909261638485
FixedParameters: 0 0 0
#Transform 171
Transform: MatrixOffsetTransformBase_double_3_3
Parameters: 0.9999961840821647 0.0022718753285854093 -0.0012869940863644443 -0.0022662652249635555 0.9999898234897598 0.003900056555567029 0.0012954054328022987 -0.003896938958926302 0.999990963838316 0.2008889936028737 -0.043423828434171696 -0.21433878335925272
FixedParameters: 0 0 0
#Transform 172
Transform: MatrixOffsetTransformBase_double_3_3
Parameters: 0.9999959540065335 0.002360901260680115 -0.0015721714968401988 -0.0023553869113805254 0.9999902627150667 0.0037977937745957147 0.0015806753279233366 -0.003794212328783117 0.9999918718746804 0.21036987801670648 0.0026619453428082807 -0.2118467802647359
FixedParameters: 0 0 0
#Transform 173
Transform: MatrixOffsetTransformBase_double_3_3
Parameters: 0.9999945296997043 0.0026502242604641135 -0.0018561954459373128 -0.002641986916174488 0.9999851956872013 0.00470300390446992 0.0018684997506367136 -0.004697994309278232 0.9999871442606564 0.1779014663516847 0.07967388645293738 -0.3194507770924986
FixedParameters: 0 0 0
#Transform 174
Transform: MatrixOffsetTransformBase_double_3_3
Parameters: 0.9999967067283989 0.002003614304747667 -0.0018108345825479666 -0.0019966635308058408 0.9999903559110733 0.00398664611756698 0.001818315409095771 -0.003983359140926207 0.9999905901624215 0.21442390335710115 -0.019677795361687345 -0.22265466246354038
FixedParameters: 0 0 0
#Transform 175
Transform: MatrixOffsetTransformBase_double_3_3
Parameters: 0.9999960428262303 0.0020773376214027607 -0.0021542944229464046 -0.002067088598740777 0.9999859827910491 0.004794427337670569 0.0021645181446098335 -0.004789568031150972 0.9999861331628264 0.20134855658801598 0.14272733290860629 -0.3037931684137192
FixedParameters: 0 0 0
#Transform 176
Transform: MatrixOffsetTransformBase_double_3_3
Parameters: 0.9999967511960797 0.001777616455891555 -0.0020216975390105417 -0.0017689201060429494 0.9999877189457093 0.004509539669771162 0.002030102922165318 -0.004505451988311197 0.9999873968958662 0.19440234045494265 0.07056961325071143 -0.2637159826669091
FixedParameters: 0 0 0
#Transform 177
Transform: MatrixOffsetTransformBase_double_3_3
Parameters: 0.99999445813634 0.002209772716143617 -0.0025802921168185796 -0.002199579687487534 0.9999894694916299 0.004006602166613395 0.0025893089983627764 -0.004001399397890196 0.9999889243855675 0.21478486269361952 0.07430604154095022 -0.22436396671200498
FixedParameters: 0 0 0
#Transform 178
Transform: MatrixOffsetTransformBase_double_3_3
Parameters: 0.9999957727601255 0.002029188757616937 -0.002260712443731797 -0.0020167154745377083 0.9999844919326828 0.005266545426354387 0.002271318224291937 -0.005262460497476945 0.9999838503640301 0.1596456235061794 0.188875154815193 -0.34300398559963696
FixedParameters: 0 0 0
#Transform 179
Transform: MatrixOffsetTransformBase_double_3_3
Parameters: 0.9999958773962885 0.001769158255149996 -0.002447489340580556 -0.0017588503198853406 0.9999889076423767 0.004271216560532309 0.0024559087063497397 -0.004266775551085095 0.9999875208165194 0.2057452150252317 0.07589373870790439 -0.24226955792053673
FixedParameters: 0 0 0
#Transform 180
Transform: MatrixOffsetTransformBase_double_3_3
Parameters: 0.9999942119286259 0.0019395591195377434 -0.00265070430015691 -0.0019262246515797399 0.9999851535026933 0.005043973994664948 0.0026603793859328864 -0.005039028188053379 0.9999842245104635 0.21790685091445994 0.13087476940941656 -0.26880818970558096
FixedParameters: 0 0 0
#Transform 181
Transform: MatrixOffsetTransformBase_double_3_3
Parameters: 0.999995861504374 0.0013984699175147374 -0.002486365667781985 -0.0013867532883026377 0.9999873574117704 0.004889360230028117 0.002493218136217371 -0.004885641251455283 0.9999847283904949 0.2187046882362722 0.17020344155207567 -0.28216113175182045
FixedParameters: 0 0 0
#Transform 182
Transform: MatrixOffsetTransformBase_double_3_3
Parameters: 0.9999954765006951 0.0015402540268236987 -0.0026739126951884234 -0.0015296972565635634 0.9999911540036559 0.003968947625227627 0.0026804477034741963 -0.00396505583647163 0.999988848106638 0.2530374075149524 0.1012772496000025 -0.17850091104483568
FixedParameters: 0 0 0
#Transform 183
Transform: MatrixOffsetTransformBase_double_3_3
Parameters: 0.9999936288944024 0.0016514204627963063 -0.0031055507240968765 -0.0016361928866108193 0.9999876684313003 0.0047918958884604 0.0031134196153162104 -0.004787111459060599 0.9999840814028137 0.19975955897533026 0.17656166707855903 -0.29151518103428486
FixedParameters: 0 0 0
#Transform 184
Transform: MatrixOffsetTransformBase_double_3_3
Parameters: 0.9999940037663114 0.0019766665071021157 -0.002662088754767731 -0.0019665240319499317 0.9999898467451444 0.0040731563682140925 0.0026704402758172246 -0.004067844336509176 0.9999880188492116 0.23100447261450086 0.08757307688290439 -0.2121164406679128
FixedParameters: 0 0 0
#Transform 185
Transform: MatrixOffsetTransformBase_double_3_3
Parameters: 0.9999960286500843 0.0013518522156973423 -0.002268173430760689 -0.001341275786542844 0.9999885856690289 0.004668954069990197 0.0022741018890638067 -0.004666053266756426 0.9999868715211069 0.234691719344454 0.11974327324496414 -0.22824366352448067
FixedParameters: 0 0 0
#Transform 186
Transform: MatrixOffsetTransformBase_double_3_3
Parameters: 0.9999949932542557 0.0015000780539800064 -0.0027848083918616505 -0.0014879111129705953 0.9999886337672151 0.004626005999407622 0.0027918052378662337 -0.0046220015816514776 0.9999855963646576 0.21681510734217113 0.17423249139136487 -0.2562422134188864
FixedParameters: 0 0 0
#Transform 187
Transform: MatrixOffsetTransformBase_double_3_3
Parameters: 0.9999964781721564 0.001460302248094808 -0.0023215358829791915 -0.0014515114433912909 0.9999919864947119 0.0037612799275233075 0.0023269594010868924 -0.003758720789019232 0.9999902163219391 0.28913950784343 0.12780927463809633 -0.08544874843806838
FixedParameters: 0 0 0
#Transform 188
Transform: MatrixOffsetTransformBase_double_3_3
Parameters: 0.999998174581285 0.0012980440624772627 -0.00106732282289239 -0.0012972524853874557 0.9999988002647612 0.0012774525736272482 0.001069520168486188 -0.001276547226367733 0.9999981128555516 0.2649742606466816 0.07763063838541484 -0.05440966552161797
FixedParameters: 0 0 0
#Transform 189
Transform: MatrixOffsetTransformBase_double_3_3
Parameters: 0.999998371062063 0.0012152143603367134 -0.001073395707660775 -0.0012144323166619665 0.9999980495220658 0.0012393076630148117 0.0010742897377104528 -0.0012376915656739373 0.9999982537735704 0.25064883694332707 0.028251696796402825 -0.06664643651944857
FixedParameters: 0 0 0
#Transform 190
Transform: MatrixOffsetTransformBase_double_3_3
Parameters: 0.99999561639379 0.0018213126822131899 -0.002250499452649194 -0.0018143983065356704 0.999993438060775 0.0032420527661664797 0.0022568135665824345 -0.003237949348285772 0.9999921830271384 0.21799195555193762 0.1469404220270576 -0.21166346851273943
FixedParameters: 0 0 0
#Transform 191
Transform: MatrixOffsetTransformBase_double_3_3
Parameters: 0.9999964275093761 0.0017592305973775117 -0.0018651774262385583 -0.001754414472010417 0.9999958253528948 0.002297232213990752 0.001869012841444562 -0.002293769183177037 0.9999960634817041 0.23097166334389385 0.0757369728996764 -0.12189743226601024
FixedParameters: 0 0 0
#Transform 192
Transform: MatrixOffsetTransformBase_double_3_3
Parameters: 0.9999926244125397 0.002596493219259589 -0.002763035765087379 -0.00258403464637222 0.9999866781418052 0.004479136420712834 0.002774469796924582 -0.004471861853432686 0.9999858857334226 0.18292877154803477 0.1684187381410709 -0.3408028469471418
FixedParameters: 0 0 0
#Transform 193
Transform: MatrixOffsetTransformBase_double_3_3
Parameters: 0.9999930327207297 0.002210613985564003 -0.0030135596759688736 -0.002196190435108003 0.9999857481069064 0.004774491634114114 0.0030237127369013472 -0.004767501971955308 0.9999837593446392 0.1709259044308311 0.10394451510543945 -0.35842641899762384
FixedParameters: 0 0 0
#Transform 194
Transform: MatrixOffsetTransformBase_double_3_3
Parameters: 0.999991271177146 0.0025383672120097354 -0.0032068610929189695 -0.0025245865426931145 0.9999868648831546 0.00438698070937165 0.003218180229655679 -0.004379014645365234 0.9999849845911849 0.2079065225363479 -0.07052218799941556 -0.295144172403198
FixedParameters: 0 0 0
#Transform 195
Transform: MatrixOffsetTransformBase_double_3_3
Parameters: 0.9999935388025453 0.0021498301430486625 -0.0029733163671122748 -0.0021388396870556372 0.9999904941798412 0.003781228378235142 0.0029808214773509516 -0.0037747736352913425 0.999988497849103 0.24739089581095186 0.025227350841348084 -0.2256790275179128
FixedParameters: 0 0 0
#Transform 196
Transform: MatrixOffsetTransformBase_double_3_3
Parameters: 0.9999912478453696 0.0021588276050299635 -0.0036183442718628 -0.002141522871598991 0.9999871893574956 0.004659524324744924 0.003628374527940004 -0.004652478208549728 0.9999827013770671 0.2304744436113424 0.13120526237854335 -0.34184049936503413
FixedParameters: 0 0 0
#Transform 197
Transform: MatrixOffsetTransformBase_double_3_3
Parameters: 0.9999923586054159 0.0019574541696909336 -0.003287943188320969 -0.001940963229669609 0.9999855695931066 0.005003201098286891 0.003297443101004104 -0.004996796082294801 0.9999817885308637 0.2039860940736844 0.1577348914817236 -0.36960925990298676
FixedParameters: 0 0 0
#Transform 198
Transform: MatrixOffsetTransformBase_double_3_3
Parameters: 0.9999906553014393 0.001704130741455936 -0.004054546627610169 -0.0016852394720289498 0.9999882881639214 0.004500424366952152 0.004062731826184372 -0.004493573021329966 0.9999819207311599 0.2308166748794349 0.06765588081761109 -0.30720777783162134
FixedParameters: 0 0 0
#Transform 199
Transform: MatrixOffsetTransformBase_double_3_3
Parameters: 0.9999919295868296 0.001982752678281273 -0.0033374062711699066 -0.0019685687165980005 0.9999877468776193 0.004444327355843089 0.003346019430832019 -0.0044376728661345635 0.9999847374030607 0.23637021980150053 0.08778621473938131 -0.24726251589538606
FixedParameters: 0 0 0
#Transform 200
Transform: MatrixOffsetTransformBase_double_3_3
Parameters: 0.9999879431251821 0.0020272380041784985 -0.0045768457772541 -0.002003351779534894 0.999984851275725 0.005166731667591885 0.00458724643696054 -0.005158265419944158 0.9999757883631966 0.19339445549820766 0.2394575868336517 -0.39209383614327464
FixedParameters: 0 0 0
#Transform 201
Transform: MatrixOffsetTransformBase_double_3_3
Parameters: 0.9999900207296423 0.001715014157355627 -0.004127561046158884 -0.0016931169365892896 0.9999833280155285 0.0054945900464420105 0.004136866061783921 -0.005487411769914727 0.9999763897864129 0.19688560604126337 0.10787336437348927 -0.3577019685281755
FixedParameters: 0 0 0
#Transform 202
Transform: MatrixOffsetTransformBase_double_3_3
Parameters: 0.9999900755062022 0.0019000461028952824 -0.003913316739943055 -0.001879366779543605 0.9999839393047568 0.005377015718156047 0.003923334886786907 -0.005368993184746172 0.9999783972059774 0.21271310701446566 0.11291220049966455 -0.33456433682958675
FixedParameters: 0 0 0
#Transform 203
Transform: MatrixOffsetTransformBase_double_3_3
Parameters: 0.9999885413858113 0.001740125908743939 -0.004520257672990824 -0.0017136867583798657 0.9999813554093636 0.005844248380841396 0.0045298445145211495 -0.0058367542896769625 0.9999729620984822 0.19028914830330734 0.2230023404660102 -0.39089222109954846
FixedParameters: 0 0 0
#Transform 204
Transform: MatrixOffsetTransformBase_double_3_3
Parameters: 0.9999908844096967 0.002002207392533147 -0.003755873010773099 -0.0019809684542682754 0.9999823933900807 0.005667165912396292 0.003767144877500485 -0.005659844161500012 0.9999773396934908 0.2178230925042186 0.09856697934469594 -0.3346945335282214
FixedParameters: 0 0 0
#Transform 205
Transform: MatrixOffsetTransformBase_double_3_3
Parameters: 0.9999902034006011 0.0019563714444024243 -0.0038689757728107743 -0.001936973029184685 0.9999852208986698 0.0051442127684685965 0.003878760146505817 -0.005136791477809953 0.9999791324020906 0.24579059981444118 0.13598500371658417 -0.25679971905364596
FixedParameters: 0 0 0
#Transform 206
Transform: MatrixOffsetTransformBase_double_3_3
Parameters: 0.999989490342627 0.0021845250700250436 -0.003967381887375985 -0.0021623858858195134 0.9999810933875688 0.00571624854439548 0.003978807375595233 -0.005706757213441785 0.9999761535915395 0.20193471094674464 0.17846543127629388 -0.33435588191105126
FixedParameters: 0 0 0
#Transform 207
Transform: MatrixOffsetTransformBase_double_3_3
Parameters: 0.9999903030952982 0.002126536140153473 -0.003765106040398957 -0.0021042219265014405 0.9999794724756297 0.006044649525545245 0.0037772600605975757 -0.006036355525816328 0.9999748543018295 0.19345855834315273 0.17207928641055048 -0.36996773334206523
FixedParameters: 0 0 0
#Transform 208
Transform: MatrixOffsetTransformBase_double_3_3
Parameters: 0.9999901490231109 0.0018858726149190812 -0.003910396970621249 -0.0018632334355633464 0.9999812756958293 0.005885007275654983 0.003922038267113955 -0.005876992962205153 0.9999747000800359 0.2290632743457479 0.11963846908808762 -0.3030940607438737
FixedParameters: 0 0 0
#Transform 209
Transform: MatrixOffsetTransformBase_double_3_3
Parameters: 0.9999924506897655 0.00244521041932461 -0.0030933142391465617 -0.0024290619409295428 0.9999825136008215 0.005391407346264587 0.003106530717589052 -0.005384596259772993 0.9999808753346783 0.2295145130583336 0.14429282857460635 -0.25366073145576706
FixedParameters: 0 0 0
#Transform 210
Transform: MatrixOffsetTransformBase_double_3_3
Parameters: 0.999991864977765 0.002068604056559683 -0.003585535858472726 -0.0020486118152367935 0.9999831578496847 0.00548412313488271 0.003596931997313861 -0.005476879859972035 0.9999786346426647 0.20377140574535701 0.15369420571988712 -0.2888602679925185
FixedParameters: 0 0 0
#Transform 211
Transform: MatrixOffsetTransformBase_double_3_3
Parameters: 0.9999941232421844 0.002230024753304335 -0.002429477052633464 -0.0022176673854176487 0.999984552441664 0.005082372580998973 0.002441315943438335 -0.005076623806994585 0.9999839677050852 0.23122427250659428 0.1526770156994104 -0.2636347440514726
FixedParameters: 0 0 0
#Transform 212
Transform: MatrixOffsetTransformBase_double_3_3
Parameters: 0.9999908969758978 0.00221777708998773 -0.003631502412682984 -0.002196451255092701 0.9999809581833051 0.00571875623804579 0.003643505717349244 -0.005711235003970472 0.9999766155640103 0.21853662746737257 0.1931932588533698 -0.3530568929517415
FixedParameters: 0 0 0
#Transform 213
Transform: MatrixOffsetTransformBase_double_3_3
Parameters: 0.9999916388308989 0.0024153633170784328 -0.003395060936191994 -0.0023965994227549596 0.9999825767790155 0.00530696974341982 0.00340853090850606 -0.00529901756985738 0.9999798178618746 0.2283605617254807 0.10427174017684138 -0.2995062486895961
FixedParameters: 0 0 0
#Transform 214
Transform: MatrixOffsetTransformBase_double_3_3
Parameters: 0.9999843675107638 0.002073959855795357 -0.0051317072646339034 -0.002043655817232888 0.9999805551981682 0.005902898515671884 0.005143172161243625 -0.0058921017022748184 0.9999692501611885 0.18549824809500137 0.22531682494603444 -0.4763904162110606
FixedParameters: 0 0 0
#Transform 215
Transform: MatrixOffsetTransformBase_double_3_3
Parameters: 0.9999837985553189 0.002326556874416433 -0.005271562548301511 -0.002295641963005479 0.9999796391246035 0.0058934634807099595 0.005284897218554248 -0.005880534943857575 0.9999688447263351 0.20024931716628203 0.11132501903095715 -0.42309641121572383
FixedParameters: 0 0 0
#Transform 216
Transform: MatrixOffsetTransformBase_double_3_3
Parameters: 0.9999862531762835 0.0023748961827328705 -0.0045942382587202575 -0.0023481597589468874 0.9999809032254214 0.005762370205515781 0.00460784915603246 -0.005751634179679568 0.9999730628351133 0.20975562195822306 0.0967763302789848 -0.3567197209079609
FixedParameters: 0 0 0
#Transform 217
Transform: MatrixOffsetTransformBase_double_3_3
Parameters: 0.9999842183551364 0.0021826913317637957 -0.005101025206542842 -0.002150747711366974 0.9999786315631658 0.006190389757424378 0.005113949152751127 -0.0061786139160857 0.9999680893687662 0.1978919883023167 0.19450124309321382 -0.48861725855974214
FixedParameters: 0 0 0
#Transform 218
Transform: MatrixOffsetTransformBase_double_3_3
Parameters: 0.9999842214803039 0.0018608839071415667 -0.005321446959442773 -0.0018274664698483 0.9999789077977117 0.006271085442538495 0.005332561579197857 -0.006261913192928986 0.9999657742520419 0.16393188874219788 0.18828661569305893 -0.4973068663375386
FixedParameters: 0 0 0
#Transform 219
Transform: MatrixOffsetTransformBase_double_3_3
Parameters: 0.9999839562343945 0.002038521636187382 -0.005374994274836605 -0.0020048623139096353 0.9999787959346949 0.006226139666118791 0.005387149529878051 -0.006214857483058257 0.9999657696890019 0.19910915886057978 0.11195237587430995 -0.42416589301042507
FixedParameters: 0 0 0
#Transform 220
Transform: MatrixOffsetTransformBase_double_3_3
Parameters: 0.9999826775890127 0.0020271875945792445 -0.005586828381459153 -0.0019952459387987988 0.999980528577593 0.00584239314954544 0.005598308904855772 -0.005831602752101241 0.9999670067154454 0.16225301982221652 0.22946339035424046 -0.5052960957749804
FixedParameters: 0 0 0
#Transform 221
Transform: MatrixOffsetTransformBase_double_3_3
Parameters: 0.9999813836765105 0.0021485218542023413 -0.005656912171550775 -0.002115688570421196 0.9999799807232709 0.005932221496087839 0.005669125981242077 -0.005919778463414564 0.999966166741956 0.1652469321318648 0.16040643628173257 -0.42667870694917553
FixedParameters: 0 0 0
#Transform 222
Transform: MatrixOffsetTransformBase_double_3_3
Parameters: 0.9999873874447431 0.0021414919815822674 -0.004475444145918457 -0.0021135916376603444 0.9999791964066872 0.006156039098156596 0.004487980239644204 -0.006146971077938254 0.9999715078896592 0.1716220030163953 0.16856657373350004 -0.39990485014556043
FixedParameters: 0 0 0
#Transform 223
Transform: MatrixOffsetTransformBase_double_3_3
Parameters: 0.9999823725048337 0.0019322965836925392 -0.005647499062617768 -0.0018970109066144569 0.9999789001192907 0.006251969403341072 0.005659301848098993 -0.006241033144868492 0.999964433388818 0.17073405921181006 0.2302698073938103 -0.4817124561612758
FixedParameters: 0 0 0
#Transform 224
Transform: MatrixOffsetTransformBase_double_3_3
Parameters: 0.9999865096403325 0.001953841810439698 -0.00476166838151317 -0.001925460484129134 0.9999804002025835 0.005954629766907631 0.004773050235728926 -0.0059463745988401345 0.9999712914159344 0.17662904660534196 0.1335493328543862 -0.3937696621256066
FixedParameters: 0 0 0
#Transform 225
Transform: MatrixOffsetTransformBase_double_3_3
Parameters: 0.9999847171763473 0.002403223344881285 -0.00505032870833309 -0.002372099842412261 0.9999777789314114 0.006263463099773957 0.005065274216595499 -0.006250542136608896 0.9999676367356778 0.18032342776812982 0.20672005266521865 -0.4497276883868011
FixedParameters: 0 0 0
#Transform 226
Transform: MatrixOffsetTransformBase_double_3_3
Parameters: 0.9999855717497732 0.0023673252793937126 -0.004881018449375927 -0.0023377453882086415 0.9999801167282979 0.005919942666335311 0.004895145924701242 -0.005908057213649218 0.999970503104021 0.14617083180621648 0.15865283420856713 -0.4079273499528284
FixedParameters: 0 0 0
#Transform 227
Transform: MatrixOffsetTransformBase_double_3_3
Parameters: 0.9999832921015583 0.0025068042536212846 -0.0052372994382861495 -0.0024740328709089714 0.9999783963020256 0.006097388592336335 0.005251762597484681 -0.006083609439401054 0.9999677061180511 0.1574999427725743 0.17156503500267206 -0.4272585770936246
FixedParameters: 0 0 0
#Transform 228
Transform: MatrixOffsetTransformBase_double_3_3
Parameters: 0.9999832627847387 0.002028506882719443 -0.005349698124469342 -0.0019958764798824625 0.999978658336951 0.006163982720243023 0.005362485926501572 -0.006154014678392869 0.9999667365617085 0.1533108004070698 0.2164528239684529 -0.459642384326969
FixedParameters: 0 0 0
#Transform 229
Transform: MatrixOffsetTransformBase_double_3_3
Parameters: 0.9999834761355366 0.002017544669104967 -0.005427287330578649 -0.001982971542119166 0.9999774290248524 0.00634206550124234 0.005439580697583271 -0.00633092290008002 0.9999647432409677 0.17284538861940746 0.14838163956740402 -0.4263088003763471
FixedParameters: 0 0 0
#Transform 230
Transform: MatrixOffsetTransformBase_double_3_3
Parameters: 0.9999858677965754 0.002234399769174476 -0.004913283073654595 -0.0022039928975455332 0.9999786695387248 0.006168301931570898 0.004926817759706893 -0.006156703586953444 0.9999692441372066 0.15967816945207858 0.20245330216269508 -0.46918973154943444
FixedParameters: 0 0 0
#Transform 231
Transform: MatrixOffsetTransformBase_double_3_3
Parameters: 0.9999825744169073 0.0020242687823028124 -0.005597348042180885 -0.001989431465444978 0.9999784664784094 0.006262394457961826 0.005609346547423704 -0.006251609622540226 0.9999648063551373 0.15144058855136677 0.2264613173548753 -0.47912827916267986
FixedParameters: 0 0 0
#Transform 232
Transform: MatrixOffsetTransformBase_double_3_3
Parameters: 0.9999872700451548 0.0019513689509238796 -0.004681745249078398 -0.0019234871979773769 0.9999809681726504 0.005902519381929032 0.004693954771366786 -0.005893482118875255 0.9999717280031059 0.17709333141871753 0.12534164348234356 -0.37095425541794214
FixedParameters: 0 0 0
#Transform 233
Transform: MatrixOffsetTransformBase_double_3_3
Parameters: 0.9999895730668665 0.0023714037079120764 -0.003847911221653161 -0.0023510167998929622 0.9999831789560428 0.005276776775249847 0.0038595861639774327 -0.005268224655065233 0.9999787949205802 0.19474274110362444 0.14930837882714343 -0.30146897924706195
FixedParameters: 0 0 0
#Transform 234
Transform: MatrixOffsetTransformBase_double_3_3
Parameters: 0.999992537684058 0.001987583040553643 -0.00324244683546729 -0.001972501041254788 0.9999873584659519 0.0047032172244812764 0.00325112634190234 -0.004696790973795446 0.9999839987760258 0.1790438361995541 0.12296222781344568 -0.30552545959777433
FixedParameters: 0 0 0
#Transform 235
Transform: MatrixOffsetTransformBase_double_3_3
Parameters: 0.9999889711057356 0.002210323791591349 -0.004017816412163257 -0.0021954816786939947 0.9999912827591342 0.0036595329128357237 0.004026042500577538 -0.00365046705658105 0.9999849700669926 0.13782341660683528 0.08510259512823382 -0.2636568346174073
FixedParameters: 0 0 0
#Transform 236
Transform: MatrixOffsetTransformBase_double_3_3
Parameters: 0.9999933419100456 0.002106653406455299 -0.0030364178114829074 -0.002097293947209083 0.9999931942587486 0.0031262344100927084 0.0030429643155678093 -0.003119768643082471 0.9999906412696659 0.15356910305914084 0.053769511548836135 -0.23682095294374506
FixedParameters: 0 0 0
#Transform 237
Transform: MatrixOffsetTransformBase_double_3_3
Parameters: 0.9999914612348364 0.002373484213499888 -0.003302229807306574 -0.00236971783923523 0.9999961178517955 0.0013026239974675419 0.003305097638875092 -0.0012943783495268368 0.9999939711602653 0.15226370901046948 -0.05264450960211775 -0.23766478731590723
FixedParameters: 0 0 0
#Transform 238
Transform: MatrixOffsetTransformBase_double_3_3
Parameters: 0.9999899156347131 0.002254723332472694 -0.003873023440756964 -0.0022410512194941416 0.9999911074444722 0.0035163865625978744 0.0038809947621979307 -0.0035076104040965145 0.9999861397130358 0.12873513968006023 0.11612999022494819 -0.4326070334857377
FixedParameters: 0 0 0
#Transform 239
Transform: MatrixOffsetTransformBase_double_3_3
Parameters: 0.9999886794500835 0.00221391062430615 -0.004292000431468649 -0.002198385614244378 0.9999907439542182 0.00373203517959584 0.004299451090117512 -0.003721971955081081 0.9999841541530081 0.17344093910411118 0.08316974274582378 -0.3638459939058123
FixedParameters: 0 0 0
