#Insight Transform File V1.0
#Transform 0
Transform: MatrixOffsetTransformBase_double_3_3
Parameters: 0.9999985462316738 0.000025155619492304933 0.001566248045637569 -0.000025155617851656056 1.0000000028844434 -9.860203609851625e-8 -0.0015662480454151566 -9.860203761813402e-8 0.9999985433472446 0.27367250482225813 -0.15889888948507291 -0.13324186270604343
FixedParameters: 0 0 0
#Transform 1
Transform: MatrixOffsetTransformBase_double_3_3
Parameters: 0.9999983426439532 -0.00037411003658427774 0.001586717868178066 0.00037439694282760926 0.9999996994258004 -0.0004044654773491113 -0.001586474029092554 0.00040553465332944516 0.9999983151680137 0.2747383365891949 -0.0814382233503892 -0.15607985429656424
FixedParameters: 0 0 0
#Transform 2
Transform: MatrixOffsetTransformBase_double_3_3
Parameters: 0.99999809050606 -0.00014867319093642026 0.001971645697146358 0.00014771495571583594 0.9999999260243498 0.0002431733096009206 -0.0019717177194048547 -0.0002428257336892295 0.9999980463838265 0.2574529414026614 -0.14864105843304287 -0.15370721774021945
FixedParameters: 0 0 0
#Transform 3
Transform: MatrixOffsetTransformBase_double_3_3
Parameters: 0.9999984838437064 -0.00035545048748676574 0.0018410770247867419 0.0003551875270619411 0.9999998226789656 0.0003425396855771534 -0.0018412611123622153 -0.000342461054503293 0.9999984265519168 0.2802723327733645 -0.22913684435151538 -0.16150386613405487
FixedParameters: 0 0 0
#Transform 4
Transform: MatrixOffsetTransformBase_double_3_3
Parameters: 0.9999983400838358 -0.0006068937522727756 0.0018141378802535744 0.0006074293751796792 0.9999996813350015 0.00012798732747330843 -0.0018142334011038007 -0.00012701409210461728 0.9999986262361971 0.287148712951506 -0.1791303098495831 -0.14086999767246766
FixedParameters: 0 0 0
#Transform 5
Transform: MatrixOffsetTransformBase_double_3_3
Parameters: 0.9999978877322271 -0.000837852992984047 0.0021000631569083683 0.0008381847947060609 0.9999994169214874 -0.00007835128448221984 -0.002099930750660391 0.00007964822279134948 0.9999974583288362 0.29282844023694565 -0.11845922381753837 -0.215151647936068
FixedParameters: 0 0 0
#Transform 6
Transform: MatrixOffsetTransformBase_double_3_3
Parameters: 0.9999976410884827 -0.0007904728829311991 0.0021756379751697924 0.0007894061151693645 0.9999992205981859 0.00047554469213088174 -0.002176328323383603 -0.0004734550745971247 0.9999979701895733 0.2855204752507632 -0.09995472330096788 -0.21084406528397892
FixedParameters: 0 0 0
#Transform 7
Transform: MatrixOffsetTransformBase_double_3_3
Parameters: 0.9999976460108121 -0.0010769044536260532 0.002048504064246283 0.0010758373992803322 0.9999999028307736 0.0002471524150346599 -0.002048035400134298 -0.0002448473500315171 0.9999976221481582 0.30163978645275336 -0.1708085508540762 -0.17043350993039041
FixedParameters: 0 0 0
#Transform 8
Transform: MatrixOffsetTransformBase_double_3_3
Parameters: 0.9999976627071416 -0.0011786909352458383 0.001987201497878618 0.0011781554323861735 0.9999995955980417 0.0003722901291937364 -0.0019870183442341994 -0.000369711146408401 0.999997791826324 0.29793737032491663 -0.12178148315983606 -0.13785518713643796
FixedParameters: 0 0 0
#Transform 9
Transform: MatrixOffsetTransformBase_double_3_3
Parameters: 0.999996761858307 -0.001244646016141768 0.00238492934382093 0.0012436762901534915 0.9999994665460026 0.0004138598111656233 -0.002385896472763976 -0.00041113983199229237 0.999996954999326 0.3042529917414356 -0.026914710994915936 -0.1920453952642589
FixedParameters: 0 0 0
#Transform 10
Transform: MatrixOffsetTransformBase_double_3_3
Parameters: 0.9999968043300567 -0.0014779274060888973 0.0020025068322691974 0.0014778420896304912 0.9999989238064116 0.0002719115353044532 -0.002003247064250766 -0.0002690887832541705 0.9999977341828818 0.3160835861418292 -0.16079293056735366 -0.13734486919112499
FixedParameters: 0 0 0
#Transform 11
Transform: MatrixOffsetTransformBase_double_3_3
Parameters: 0.9999967824783337 -0.0014846820788655267 0.0020033048302089745 0.0014841832122161511 0.9999989620794938 0.00012592499768419863 -0.0020036744551446403 -0.0001230741972949867 0.999997789398431 0.31172767661269063 -0.14421155282930442 -0.12459902421485936
FixedParameters: 0 0 0
#Transform 12
Transform: MatrixOffsetTransformBase_double_3_3
Parameters: 0.9999975895805152 -0.0012763965522275995 0.001944835214056883 0.0012757678173998318 0.9999994845088697 -0.00009357129063638364 -0.0019446520647604046 0.00009643026666831395 0.9999980870215496 0.30387307425868926 -0.08355173571194996 -0.19500365481815152
FixedParameters: 0 0 0
#Transform 13
Transform: MatrixOffsetTransformBase_double_3_3
Parameters: 0.9999965943511276 -0.0012843990829577035 0.002399197476928975 0.001282744050747617 0.9999989768294766 0.0007499722837660747 -0.002400002135448845 -0.0007470278612819528 0.9999964970148565 0.3036343192512305 -0.08069303780567338 -0.20196089823785712
FixedParameters: 0 0 0
#Transform 14
Transform: MatrixOffsetTransformBase_double_3_3
Parameters: 0.9999961907707042 -0.0012453109584794637 0.002293124149724126 0.0012450747625758314 0.9999996314810636 0.000052747469097898236 -0.0022932524055899323 -0.000050252241280739074 0.9999975539852484 0.3200502052739296 -0.2007584037771153 -0.1409124002216231
FixedParameters: 0 0 0
#Transform 15
Transform: MatrixOffsetTransformBase_double_3_3
Parameters: 0.9999972785762015 -0.001307120512311804 0.002003432657069009 0.0013061240297822967 0.9999991813680176 0.0004845659046397305 -0.0020036373113180616 -0.0004814345041088894 0.9999976306294877 0.32051106922020267 -0.13571931827013373 -0.1296606372441289
FixedParameters: 0 0 0
#Transform 16
Transform: MatrixOffsetTransformBase_double_3_3
Parameters: 0.9999966952092185 -0.0011809505512536665 0.0022156465991228546 0.0011810358564114864 0.9999996882554023 0.00020750620814170145 -0.002216073864432777 -0.00020449510680402294 0.9999979220817893 0.31408874650642815 -0.043077197277682444 -0.20175562960395155
FixedParameters: 0 0 0
#Transform 17
Transform: MatrixOffsetTransformBase_double_3_3
Parameters: 0.9999956585954711 -0.0016515800201705505 0.0023695199653739943 0.0016503150759136932 0.9999983019835555 0.0004668078880748078 -0.002369997805076881 -0.0004631918443304406 0.9999969241612064 0.3267897025344837 -0.14217535300460327 -0.14881965931481034
FixedParameters: 0 0 0
#Transform 18
Transform: MatrixOffsetTransformBase_double_3_3
Parameters: 0.9999960439952189 -0.0013745329201066965 0.002463323246385904 0.0013734888566983674 0.9999991347246667 0.0004042770468638199 -0.002463371782727152 -0.0004007234041393873 0.999996585257342 0.33142733069222174 -0.13089122667123831 -0.14533489715137193
FixedParameters: 0 0 0
#Transform 19
Transform: MatrixOffsetTransformBase_double_3_3
Parameters: 0.9999945383806409 -0.0015855325762868587 0.0028191755547906307 0.0015844698362404558 0.9999984520985089 0.000534305885366182 -0.002819745150752263 -0.0005296952343317729 0.9999955202321272 0.3425769365307332 -0.0517514062849358 -0.1699913405206388
FixedParameters: 0 0 0
#Transform 20
Transform: MatrixOffsetTransformBase_double_3_3
Parameters: 0.9999962392531875 -0.0012553813185269573 0.0024872088371301337 0.0012530840172248132 0.9999991919056848 0.0006519526088571842 -0.0024877830509730365 -0.0006490469108964975 0.9999972010458849 0.36902954063965865 -0.13081989676614114 -0.1368467585458859
FixedParameters: 0 0 0
#Transform 21
Transform: MatrixOffsetTransformBase_double_3_3
Parameters: 0.9999952932740046 -0.0013104409637473614 0.0028266708020939554 0.0013094665397179253 0.9999992661531841 0.0005165403395327312 -0.00282690320692944 -0.0005134614783622593 0.9999954966689416 0.355874388353584 -0.10741966918072876 -0.15498270502504852
FixedParameters: 0 0 0
#Transform 22
Transform: MatrixOffsetTransformBase_double_3_3
Parameters: 0.9999950663954892 -0.0012721314385383525 0.002883561045173149 0.001269445511472137 0.9999986271146611 0.0009764391984849324 -0.0028848616613618735 -0.0009725612450510665 0.9999955399747881 0.33933705678941806 -0.03424995334718517 -0.2258065564515448
FixedParameters: 0 0 0
#Transform 23
Transform: MatrixOffsetTransformBase_double_3_3
Parameters: 0.9999956248276776 -0.0015645576652776483 0.0026319620617527998 0.0015631832899312688 0.9999984060221471 0.0006309536064230473 -0.002632812564659536 -0.0006270472378978181 0.9999964275210288 0.3458662309432441 -0.1577424359686006 -0.1505927750827425
FixedParameters: 0 0 0
#Transform 24
Transform: MatrixOffsetTransformBase_double_3_3
Parameters: 0.9999941056157348 -0.0016018827942084395 0.0030540480369905644 0.0015991054254750644 0.9999978150592559 0.000937665815972745 -0.003055864812719134 -0.0009323323767230635 0.9999945421030271 0.3673799493495693 -0.1357585789164517 -0.16192520243687625
FixedParameters: 0 0 0
#Transform 25
Transform: MatrixOffsetTransformBase_double_3_3
Parameters: 0.9999932878107254 -0.001007130373778178 0.0034202495047426394 0.0010021695618954122 0.9999984401771483 0.0013020877102520242 -0.003421626141021394 -0.00129791034203975 0.9999934676241579 0.35667804982242046 -0.06698965054411588 -0.2383330255389211
FixedParameters: 0 0 0
#Transform 26
Transform: MatrixOffsetTransformBase_double_3_3
Parameters: 0.9999940095568837 -0.0012299326452860008 0.0030787580484297767 0.0012246701314933721 0.9999979777231268 0.0016475529290472038 -0.0030805041014827813 -0.0016434461384215865 0.9999936164761444 0.3633172971683649 -0.11210292402186894 -0.19662524721891828
FixedParameters: 0 0 0
#Transform 27
Transform: MatrixOffsetTransformBase_double_3_3
Parameters: 0.9999952192033126 -0.0012390446958323008 0.002871647283037838 0.001235990040015875 0.9999989642641973 0.000870331151701223 -0.002872681240052271 -0.0008676679108096941 0.9999957446144093 0.37600542513496293 -0.13462937510895756 -0.14367625538575624
FixedParameters: 0 0 0
#Transform 28
Transform: MatrixOffsetTransformBase_double_3_3
Parameters: 0.9999907687299833 -0.0014702082228059646 0.004008802864646182 0.001462601073275321 0.9999973497030759 0.001683422697205443 -0.004011379157977739 -0.0016775738597222187 0.9999907708425262 0.3641593531058902 -0.07077685092636443 -0.23516925188012294
FixedParameters: 0 0 0
#Transform 29
Transform: MatrixOffsetTransformBase_double_3_3
Parameters: 0.9999948152870072 -0.0009556676844542928 0.003204813734042597 0.0009509154156572943 0.9999980048107877 0.0015117691833300834 -0.003206398864159921 -0.0015092283258952358 0.9999932472444703 0.3737494100398351 -0.10953745207633858 -0.16280830620048903
FixedParameters: 0 0 0
#Transform 30
Transform: MatrixOffsetTransformBase_double_3_3
Parameters: 0.999992120013988 -0.0015763820126890576 0.003520510263520832 0.0015708947556184473 0.9999972405972306 0.0016152046805481476 -0.003523232954520686 -0.001609795573954742 0.9999926790810182 0.39202230024893936 -0.10931838875758615 -0.1734116663969303
FixedParameters: 0 0 0
#Transform 31
Transform: MatrixOffsetTransformBase_double_3_3
Parameters: 0.9999875005398252 -0.0011297404118546933 0.004921685277950853 0.0011181472909504082 0.9999963417908839 0.002384836211082278 -0.004924331632460006 -0.0023791624627229127 0.9999848108156998 0.38306208417159837 -0.01776943429516109 -0.372220750263466
FixedParameters: 0 0 0
#Transform 32
Transform: MatrixOffsetTransformBase_double_3_3
Parameters: 0.999991526643186 -0.0014137129142254622 0.003933468224456911 0.001405030666581184 0.9999963671115181 0.0022320907652814068 -0.003937222413113702 -0.002226910037711187 0.9999902181338175 0.36136736724169793 -0.1535033667093728 -0.27369742274443354
FixedParameters: 0 0 0
#Transform 33
Transform: MatrixOffsetTransformBase_double_3_3
Parameters: 0.9999913379121749 -0.00115780721772851 0.003914226313372458 0.0011496756342481746 0.9999971600041584 0.002173114243162119 -0.0039167044993429065 -0.0021678870408321158 0.9999897557146086 0.3617955078133832 -0.13432708327688658 -0.2560323996794409
FixedParameters: 0 0 0
#Transform 34
Transform: MatrixOffsetTransformBase_double_3_3
Parameters: 0.9999889033633628 -0.001034955099851571 0.0045850251439512445 0.0010246837149366624 0.9999973056100846 0.002204141316104073 -0.004587968169680304 -0.0021988576516675865 0.999986904486004 0.3681350063252893 -0.048593050672977256 -0.33957569362175377
FixedParameters: 0 0 0
#Transform 35
Transform: MatrixOffsetTransformBase_double_3_3
Parameters: 0.9999927812766798 -0.0015389215390381296 0.0035842957901899147 0.0015318591949882944 0.9999966270166535 0.0020841689886214113 -0.003588216722666236 -0.002078831582977121 0.9999914889318515 0.36239780652354625 -0.10992831999413966 -0.2812674666123627
FixedParameters: 0 0 0
#Transform 36
Transform: MatrixOffsetTransformBase_double_3_3
Parameters: 0.9999935766337982 -0.0013936581619225328 0.0033885150873344027 0.0013882741673221645 0.999998030424458 0.0015154324156651106 -0.0033904311558399392 -0.0015105669771844424 0.9999929678542436 0.36322169405337945 -0.13456978656846275 -0.22113152699562022
FixedParameters: 0 0 0
#Transform 37
Transform: MatrixOffsetTransformBase_double_3_3
Parameters: 0.9999891437845687 -0.0013864759430261154 0.0043511545897824385 0.0013776737906116368 0.9999972986263358 0.002032501355979932 -0.004354234232450467 -0.0020265002410375446 0.9999886073629917 0.38854866785754893 -0.08205356038405398 -0.2893824816220274
FixedParameters: 0 0 0
#Transform 38
Transform: MatrixOffsetTransformBase_double_3_3
Parameters: 0.9999908064762787 -0.0016416008486612838 0.004061834837625398 0.0016331491069360047 0.9999961338562474 0.002127197739241797 -0.004065260337566556 -0.002119802614974499 0.9999896540615509 0.3765001195574911 -0.05130778414155657 -0.2729141243423072
FixedParameters: 0 0 0
#Transform 39
Transform: MatrixOffsetTransformBase_double_3_3
Parameters: 0.9999906635414313 -0.0016053942310677027 0.0040938289403599695 0.0015950565708206038 0.9999963575022198 0.002340158898684941 -0.004097779958050789 -0.0023338370201877665 0.9999883828433319 0.3968694755857598 -0.10930610422909126 -0.24514552982847704
FixedParameters: 0 0 0
#Transform 40
Transform: MatrixOffsetTransformBase_double_3_3
Parameters: 0.9999875918130247 -0.0016167373983392841 0.004668525609081141 0.0016068711673686753 0.9999963571875279 0.0021099552105077954 -0.004671726796283475 -0.0021020422638377972 0.9999863640951636 0.3802048524005812 -0.03347908845034908 -0.3327478383686753
FixedParameters: 0 0 0
#Transform 41
Transform: MatrixOffsetTransformBase_double_3_3
Parameters: 0.9999892108229269 -0.001515469657737174 0.004415139697805325 0.0015057257494295977 0.9999962110646321 0.0022161016758669855 -0.004418237864058931 -0.0022098997483718935 0.9999882049521003 0.3866574422536786 -0.06194532526406249 -0.29119998820078763
FixedParameters: 0 0 0
#Transform 42
Transform: MatrixOffsetTransformBase_double_3_3
Parameters: 0.9999893105018668 -0.0016326959749560313 0.004361424439697495 0.0016216190579467233 0.9999954541181826 0.00251058775547508 -0.004365935976070244 -0.0025034102919407678 0.9999872862026555 0.3942123640231472 -0.12419138564543175 -0.27757488864740765
FixedParameters: 0 0 0
#Transform 43
Transform: MatrixOffsetTransformBase_double_3_3
Parameters: 0.9999906959397701 -0.0014681895855602565 0.004140907244146525 0.0014603113438207908 0.999996571705203 0.0019035496526234805 -0.0041440019628181364 -0.0018974488647614807 0.9999899003957637 0.3960817950873974 -0.08039602793864731 -0.2679652586078447
FixedParameters: 0 0 0
#Transform 44
Transform: MatrixOffsetTransformBase_double_3_3
Parameters: 0.9999856339716363 -0.001488506947244651 0.005113866337418599 0.0014754867652755344 0.9999963155655281 0.002429890420601072 -0.005117350650716424 -0.0024221062928305587 0.9999835473615822 0.386383576501089 -0.018777274029702085 -0.3523162432496747
FixedParameters: 0 0 0
#Transform 45
Transform: MatrixOffsetTransformBase_double_3_3
Parameters: 0.9999891160659474 -0.0017240413181399542 0.004349102512734525 0.0017140646087851553 0.9999963503383011 0.002270030307205767 -0.004352309005628051 -0.0022629700166463887 0.9999874916134758 0.3848810927357533 -0.13069141697776843 -0.2745764821593042
FixedParameters: 0 0 0
#Transform 46
Transform: MatrixOffsetTransformBase_double_3_3
Parameters: 0.99998761487599 -0.0021165728300126187 0.004461807425269692 0.0021053689898204706 0.9999950948339998 0.002455981241829705 -0.004466514021147049 -0.00244701759436889 0.9999865002494653 0.42696639518152324 -0.08725839922763612 -0.25354518346382804
FixedParameters: 0 0 0
#Transform 47
Transform: MatrixOffsetTransformBase_double_3_3
Parameters: 0.9999858965333698 -0.0016972494586170502 0.005022079048546299 0.0016866180512554027 0.9999966098552951 0.002236818106479667 -0.0050259272055556995 -0.0022281890165765025 0.9999853184676921 0.39968557066070787 -0.02672349541566632 -0.3380213865348196
FixedParameters: 0 0 0
#Transform 48
Transform: MatrixOffsetTransformBase_double_3_3
Parameters: 0.9999885191776702 -0.0019110975136005129 0.00433881008335971 0.0019025175013916745 0.9999963227733747 0.002121830102283853 -0.004343297690589121 -0.002113172865374123 0.9999882287252309 0.38521548039507536 -0.11166104384790287 -0.262991970910079
FixedParameters: 0 0 0
#Transform 49
Transform: MatrixOffsetTransformBase_double_3_3
Parameters: 0.9999876167445453 -0.001866682018709592 0.00467961186369257 0.0018552014012109175 0.9999948952174796 0.0024841471816235347 -0.004684137567094036 -0.0024758494192270233 0.9999854206388982 0.4232178891706013 -0.10714975076245992 -0.28040071317742843
FixedParameters: 0 0 0
#Transform 50
Transform: MatrixOffsetTransformBase_double_3_3
Parameters: 0.9999871206083334 -0.0017674457510332045 0.004664048125866305 0.0017572271027885664 0.9999962699370465 0.0022566575625770843 -0.004668340426739036 -0.002248345423308387 0.9999867030760287 0.390182174172935 -0.03491990998391259 -0.31899387695116843
FixedParameters: 0 0 0
#Transform 51
Transform: MatrixOffsetTransformBase_double_3_3
Parameters: 0.999990292248455 -0.0017023762176375393 0.00409971370782892 0.0016921543066337696 0.9999955441053874 0.002444509380304341 -0.004104412029027052 -0.0024374897369814075 0.9999888311067875 0.3722616187644263 -0.09373819388886773 -0.2870484563774909
FixedParameters: 0 0 0
#Transform 52
Transform: MatrixOffsetTransformBase_double_3_3
Parameters: 0.9999867056262596 -0.0018757100746460234 0.0048758340058188705 0.0018615512011529868 0.9999938465526552 0.0028634902627020647 -0.004881695678095897 -0.0028545030454308826 0.9999835111860157 0.40934245185451346 -0.08579890407284552 -0.302579450459433
FixedParameters: 0 0 0
#Transform 53
Transform: MatrixOffsetTransformBase_double_3_3
Parameters: 0.9999882512541843 -0.0013687413499300944 0.004677107628941553 0.001356035468662093 0.9999950501790478 0.0027287402656028734 -0.004680768364807411 -0.002722258373753353 0.9999853442626312 0.37652547157142635 -0.02781415202593962 -0.334890116290822
FixedParameters: 0 0 0
#Transform 54
Transform: MatrixOffsetTransformBase_double_3_3
Parameters: 0.9999897265331065 -0.0015584130456916796 0.004340941909753938 0.0015471963365028866 0.9999955493844718 0.002538231411932032 -0.004345167592433888 -0.0025317669204366344 0.9999873246137685 0.36826556691366363 -0.06082202037023876 -0.2938002999593152
FixedParameters: 0 0 0
#Transform 55
Transform: MatrixOffsetTransformBase_double_3_3
Parameters: 0.9999882779702967 -0.0021339182185728693 0.004378385821063797 0.002122215246738042 0.9999944449838634 0.0025598757686013593 -0.004383616754035407 -0.0025501204503639505 0.9999867768475627 0.42589668063865815 -0.09271935425086042 -0.25066573386114044
FixedParameters: 0 0 0
#Transform 56
Transform: MatrixOffsetTransformBase_double_3_3
Parameters: 0.9999818193572542 -0.002338369353690189 0.005451256472461235 0.002324729371648932 0.9999948713570945 0.0023279827646029566 -0.005456379089650648 -0.002315012667555863 0.9999821691767738 0.45661170151508657 -0.046016641153002524 -0.29607514891691267
FixedParameters: 0 0 0
#Transform 57
Transform: MatrixOffsetTransformBase_double_3_3
Parameters: 0.9999868630032918 -0.00236127056310818 0.004422785261771433 0.0023509508240670334 0.9999944376872341 0.0023779887284788304 -0.0044283238824018994 -0.0023680112537677322 0.9999871629713006 0.4535026291685682 -0.058355418193158926 -0.2403231610552723
FixedParameters: 0 0 0
#Transform 58
Transform: MatrixOffsetTransformBase_double_3_3
Parameters: 0.9999816871802198 -0.002455970942870451 0.005502657651824333 0.0024417232717468015 0.9999933313898552 0.002542694028445286 -0.005509256848182156 -0.0025293004720493006 0.9999814930750637 0.5038631549870445 -0.04429993178433733 -0.2856236781099284
FixedParameters: 0 0 0
#Transform 59
Transform: MatrixOffsetTransformBase_double_3_3
Parameters: 0.9999845694437214 -0.0021066556363205547 0.005195563006027512 0.002093304026910275 0.9999944677247393 0.0026051837391860774 -0.0052006615161542535 -0.002594820598664435 0.9999835815789153 0.42071342958244884 0.010178563641190408 -0.31424537736742764
FixedParameters: 0 0 0
#Transform 60
Transform: MatrixOffsetTransformBase_double_3_3
Parameters: 0.9999838344000871 -0.0036023480746656114 0.0044934281797116195 0.003589853817161878 0.9999899552827858 0.0026688769572701526 -0.0045028709827979714 -0.002653122927437801 0.999986717133172 0.4511088763719897 -0.11514162726511756 -0.263330967023478
FixedParameters: 0 0 0
#Transform 61
Transform: MatrixOffsetTransformBase_double_3_3
Parameters: 0.999988114828954 -0.0020388899001957325 0.004441679820842352 0.002027409233632876 0.9999946689667054 0.002392527457785204 -0.004446804188543676 -0.002383465057095975 0.9999870407079816 0.4471662477305074 -0.07808527957800493 -0.23465067127821726
FixedParameters: 0 0 0
#Transform 62
Transform: MatrixOffsetTransformBase_double_3_3
Parameters: 0.9999831767134272 -0.002208334914593134 0.005286487180750719 0.002194789743532763 0.9999942270591669 0.002578914032248629 -0.005291997244248086 -0.002568086485884545 0.9999827037179667 0.4720776269683 -0.0004567006734532697 -0.311685858533977
FixedParameters: 0 0 0
#Transform 63
Transform: MatrixOffsetTransformBase_double_3_3
Parameters: 0.9999844460388435 -0.0026204926614516503 0.004968921125746442 0.002606486412559198 0.9999932311483957 0.0027784469359562122 -0.0049755924841677545 -0.002765556441495426 0.9999838467625285 0.4480848569131979 -0.057884351778085374 -0.2765129611592556
FixedParameters: 0 0 0
#Transform 64
Transform: MatrixOffsetTransformBase_double_3_3
Parameters: 0.9999883881735823 -0.002275115775234658 0.004175991869316345 0.002265465112928437 0.999994590841987 0.0021990432019764125 -0.004180431286698287 -0.002189955483902259 0.9999891656081921 0.4552415090708877 -0.0990086658789977 -0.20972418497848366
FixedParameters: 0 0 0
#Transform 65
Transform: MatrixOffsetTransformBase_double_3_3
Parameters: 0.9999855173975586 -0.0026616964534990177 0.004732450717881387 0.002652317103146429 0.9999941350493027 0.002125088670849873 -0.004738064988851864 -0.0021119134853717567 0.999986406183093 0.49585247605365623 -0.04068687891695788 -0.24029076666188587
FixedParameters: 0 0 0
#Transform 66
Transform: MatrixOffsetTransformBase_double_3_3
Parameters: 0.9999845855593701 -0.0023714734279307423 0.004978858067307735 0.0023587804649687623 0.9999936113192166 0.0025521685573838895 -0.004985141586174512 -0.002540827271176431 0.9999840048069298 0.44268764778725256 -0.022477894174883772 -0.26405982792974214
FixedParameters: 0 0 0
#Transform 67
Transform: MatrixOffsetTransformBase_double_3_3
Parameters: 0.9999846647264443 -0.003234654256086081 0.004569004359113787 0.00322501895017902 0.9999930079638015 0.0021074620069410563 -0.0045749890517278085 -0.002092540088758886 0.9999868366797651 0.4840571472948483 -0.08517243438380717 -0.22727125459663
FixedParameters: 0 0 0
#Transform 68
Transform: MatrixOffsetTransformBase_double_3_3
Parameters: 0.9999813484173 -0.002358366087474122 0.00557580833790459 0.0023436313602904595 0.9999936884813616 0.002553322238533301 -0.005581960616317533 -0.002539670299157276 0.9999806904909636 0.46055931813546636 -0.006833834312374165 -0.3475260489236973
FixedParameters: 0 0 0
#Transform 69
Transform: MatrixOffsetTransformBase_double_3_3
Parameters: 0.9999835414431951 -0.0024826654276599177 0.005127955474130793 0.0024686787929743 0.9999933839382632 0.002696092769963021 -0.005134454989302861 -0.002683904180381641 0.9999826851698838 0.436356559822741 -0.05629622087681696 -0.29591225002371857
FixedParameters: 0 0 0
#Transform 70
Transform: MatrixOffsetTransformBase_double_3_3
Parameters: 0.9999857871065286 -0.003027112195174537 0.004364918819675368 0.0030156817892015245 0.9999917154353004 0.0026318281342464084 -0.0043720837072525115 -0.0026181743579544725 0.9999872902939869 0.4457223127138974 -0.09571435053429411 -0.23892869721042587
FixedParameters: 0 0 0
#Transform 71
Transform: MatrixOffsetTransformBase_double_3_3
Parameters: 0.9999850330678484 -0.00255022560628644 0.004739793896203821 0.0025373054835809744 0.9999924230452074 0.002797512729961829 -0.004746177909887345 -0.002785489070860743 0.999985024929883 0.4370572581895402 -0.01620416452337281 -0.28230051545229173
FixedParameters: 0 0 0
#Transform 72
Transform: MatrixOffsetTransformBase_double_3_3
Parameters: 0.9999868429086095 -0.002119310643127926 0.0046545439404277085 0.0021046124424099876 0.9999924597451865 0.003259275838539029 -0.004661350383327847 -0.003248728604410646 0.9999842059227899 0.41433085009074944 -0.016736496950798596 -0.3007846453940175
FixedParameters: 0 0 0
#Transform 73
Transform: MatrixOffsetTransformBase_double_3_3
Parameters: 0.9999828132638222 -0.0035845376870077303 0.004619154227322145 0.003572515430143479 0.999990690355847 0.002552247794256342 -0.004628664361704416 -0.00253575176609485 0.999986178905634 0.5072226716904567 -0.07488946663124807 -0.2046260604919894
FixedParameters: 0 0 0
#Transform 74
Transform: MatrixOffsetTransformBase_double_3_3
Parameters: 0.999980828103732 -0.0040584837730132895 0.00476407026715124 0.004050333536440967 0.9999906081618969 0.0017691020898471937 -0.004771814683897622 -0.0017498976939175973 0.9999870281962687 0.5637513827852842 0.0001609184126891705 -0.10573304614928247
FixedParameters: 0 0 0
#Transform 75
Transform: MatrixOffsetTransformBase_double_3_3
Parameters: 0.9999760489948447 -0.0035306965167299464 0.005872910232232105 0.0035099677618154767 0.9999876322605792 0.0034959351099091637 -0.005884226532439904 -0.00347506946368336 0.9999771189388463 0.5247218465024872 0.08261738602915614 -0.3021600174177621
FixedParameters: 0 0 0
#Transform 76
Transform: MatrixOffsetTransformBase_double_3_3
Parameters: 0.9999771219383992 -0.003514024859185511 0.005703558640119031 0.0034916127990423968 0.9999862258873217 0.0038332941194965664 -0.0057170579865904216 -0.0038127017662927323 0.9999766649742087 0.5341853220906927 -0.011773846154738976 -0.28631330914065245
FixedParameters: 0 0 0
#Transform 77
Transform: MatrixOffsetTransformBase_double_3_3
Parameters: 0.9999772709551229 -0.003376999024618695 0.005772413492466942 0.003359192203201755 0.9999899325010961 0.003145757195563384 -0.005783427509519558 -0.0031262481150524934 0.9999786691772841 0.5632947913541813 -0.018204527913169954 -0.2275691831906812
FixedParameters: 0 0 0
#Transform 78
Transform: MatrixOffsetTransformBase_double_3_3
Parameters: 0.9999692096143373 -0.0034057198822730925 0.007013738741619682 0.0033808376368959585 0.9999880252611242 0.003586651344668068 -0.007025475145716666 -0.0035623502289018477 0.9999686297771977 0.5468105532266208 0.08785941414889464 -0.3721411439781974
FixedParameters: 0 0 0
#Transform 79
Transform: MatrixOffsetTransformBase_double_3_3
Parameters: 0.9999729845483324 -0.0034071636982433025 0.006587842189832302 0.003382010339844206 0.9999865093695776 0.003912334333249723 -0.0066017453258152255 -0.003889669344974256 0.9999710390279626 0.49812010905270654 0.02356359849709122 -0.3681247699385892
FixedParameters: 0 0 0
#Transform 80
Transform: MatrixOffsetTransformBase_double_3_3
Parameters: 0.9999754818093696 -0.003591672126392622 0.006051070583417599 0.0035675288897753033 0.9999861233786796 0.003921925769342673 -0.006065668435737072 -0.0039000689407631475 0.9999737661137162 0.536169163340503 -0.01561323764217093 -0.307729784519978
FixedParameters: 0 0 0
#Transform 81
Transform: MatrixOffsetTransformBase_double_3_3
Parameters: 0.9999711584188109 -0.0035518229652473734 0.006650451037717897 0.003529159785270961 0.9999884193905492 0.0033895791588326313 -0.0066620263199075845 -0.0033664221541455097 0.9999719168665192 0.5393544643483494 0.05694804782726237 -0.34182561461393846
FixedParameters: 0 0 0
#Transform 82
Transform: MatrixOffsetTransformBase_double_3_3
Parameters: 0.9999743328852025 -0.0035716890131973853 0.006238082527643022 0.003548503554816683 0.9999861787286977 0.003804356413552562 -0.006250630098687296 -0.003781648437293221 0.9999733799651169 0.5090436134727412 0.04951523742424513 -0.3367556106768319
FixedParameters: 0 0 0
#Transform 83
Transform: MatrixOffsetTransformBase_double_3_3
Parameters: 0.9999759294553343 -0.004033004252618714 0.005639695806551873 0.0040110109404328746 0.9999845869893984 0.0038291405494405295 -0.005655128240680646 -0.003806859667288248 0.9999771877607614 0.5360620744955469 -0.0014116193677295996 -0.2855815056754807
FixedParameters: 0 0 0
#Transform 84
Transform: MatrixOffsetTransformBase_double_3_3
Parameters: 0.9999715602133544 -0.003638518567151057 0.006572243603218522 0.0036136617845876845 0.9999861390170515 0.0038948742459689947 -0.006586824192858727 -0.003871133946254164 0.9999712652475458 0.5630004157304143 0.053151022147190474 -0.3146544845321415
FixedParameters: 0 0 0
#Transform 85
Transform: MatrixOffsetTransformBase_double_3_3
Parameters: 0.9999713444519868 -0.0040685480440512695 0.006410643223355899 0.004046014312185979 0.9999848283100533 0.003652183265779471 -0.006425716926758259 -0.0036268202495714427 0.9999730237394107 0.5319783680556469 0.11303220937641356 -0.33277557860775175
FixedParameters: 0 0 0
#Transform 86
Transform: MatrixOffsetTransformBase_double_3_3
Parameters: 0.9999789096363116 -0.0038675462775405846 0.005304073264192772 0.0038480006809724155 0.9999860322889379 0.0036570269472119693 -0.005318049006834181 -0.0036369736037801456 0.9999792757522449 0.5299894817841135 -0.008698430553664593 -0.2730926532485256
FixedParameters: 0 0 0
#Transform 87
Transform: MatrixOffsetTransformBase_double_3_3
Parameters: 0.9999726074714859 -0.003477146673281355 0.006580257447676971 0.0034513678829337447 0.9999857178558157 0.003959768447463104 -0.006594035023533674 -0.003937230464313511 0.9999707077623418 0.5686534874424609 0.05050428485948544 -0.3181441092006594
FixedParameters: 0 0 0
#Transform 88
Transform: MatrixOffsetTransformBase_double_3_3
Parameters: 0.9999722052685955 -0.0035031086669007785 0.006521196422461326 0.0034764840453257407 0.999985769386673 0.004055791174843594 -0.006534847502829763 -0.004033210973487661 0.9999707193306699 0.5156818484725676 0.12019873358178756 -0.35568328719492115
FixedParameters: 0 0 0
#Transform 89
Transform: MatrixOffsetTransformBase_double_3_3
Parameters: 0.9999728013959716 -0.0041949129539284955 0.006050282412229176 0.004169444384489186 0.99998330095545 0.004095712234291823 -0.0060669801866228956 -0.004070286794988283 0.999973158075907 0.5121323866132172 -0.011650180763794538 -0.32038741401321147
FixedParameters: 0 0 0
#Transform 90
Transform: MatrixOffsetTransformBase_double_3_3
Parameters: 0.9999780480134525 -0.0037856682575529493 0.005533784821601043 0.0037657809985990696 0.9999858835606544 0.0036273376468670612 -0.005546876252153672 -0.003606661290022191 0.9999779986989786 0.5350152917309288 0.010291340027876572 -0.25587976209762076
FixedParameters: 0 0 0
#Transform 91
Transform: MatrixOffsetTransformBase_double_3_3
Parameters: 0.9999725698026363 -0.004185260852292207 0.006076104650684974 0.004160094262862448 0.9999827250653793 0.0040537000883000135 -0.006092374329020748 -0.004028294450981219 0.9999731848197059 0.5247667776176428 0.0745486836500504 -0.31027738545824946
FixedParameters: 0 0 0
#Transform 92
Transform: MatrixOffsetTransformBase_double_3_3
Parameters: 0.9999754655998054 -0.0040667038232779324 0.005744380545986503 0.004045790194115849 0.9999855284998307 0.00366676070930793 -0.0057587520902490676 -0.003643248144299782 0.999977218597853 0.5265241278706725 0.087890147069416 -0.29730958264703133
FixedParameters: 0 0 0
#Transform 93
Transform: MatrixOffsetTransformBase_double_3_3
Parameters: 0.9999733226963446 -0.004174947827424615 0.006020731523993377 0.004152731591032677 0.999984020941979 0.003768418606402639 -0.006035613876780699 -0.0037435875171809366 0.9999750861813888 0.5659346653398103 0.006188521998893748 -0.23086682041733297
FixedParameters: 0 0 0
#Transform 94
Transform: MatrixOffsetTransformBase_double_3_3
Parameters: 0.9999695005858745 -0.004476123308223362 0.006439055815393136 0.004453299333791657 0.9999834892941969 0.003651053536806094 -0.006455072023121358 -0.0036219516390806825 0.9999725625142613 0.5825907441106608 0.0840008542566153 -0.2645416025944911
FixedParameters: 0 0 0
#Transform 95
Transform: MatrixOffsetTransformBase_double_3_3
Parameters: 0.9999704499442639 -0.003930502381777604 0.0066408994581006785 0.0039048727725188143 0.9999849841354722 0.003905126416344433 -0.006655818681374879 -0.003878877108437137 0.9999701699013605 0.5588901983338701 0.10393463742587983 -0.3192829513281623
FixedParameters: 0 0 0
#Transform 96
Transform: MatrixOffsetTransformBase_double_3_3
Parameters: 0.9999752540227601 -0.004274192638265739 0.005610376317807462 0.004251309665344408 0.999982550218455 0.004095444026670961 -0.005627795604257194 -0.004071559965245934 0.9999763532899241 0.5349601868187364 -0.0006311605920501506 -0.2778169326573021
FixedParameters: 0 0 0
#Transform 97
Transform: MatrixOffsetTransformBase_double_3_3
Parameters: 0.9999742091924495 -0.003985535122831897 0.005992172455576186 0.003962114691013017 0.999984509727145 0.003891150412207438 -0.0060076032012562515 -0.003866849092918734 0.9999746056824903 0.5711386566127601 0.052776921931894094 -0.2857098728060663
FixedParameters: 0 0 0
#Transform 98
Transform: MatrixOffsetTransformBase_double_3_3
Parameters: 0.9999728500610812 -0.0042079389490719335 0.006119221729848958 0.004181688717433429 0.9999823803629387 0.004195018867189752 -0.006136793979818355 -0.0041689766571054235 0.9999724908335311 0.5318818132572147 0.08849528803860096 -0.2911483240653041
FixedParameters: 0 0 0
#Transform 99
Transform: MatrixOffsetTransformBase_double_3_3
Parameters: 0.9999754365524297 -0.004186919767535439 0.005659737608747602 0.004167936265266316 0.9999855986943623 0.0033801616320297823 -0.005673718121688451 -0.0033568384785867475 0.9999781439276503 0.575137457440519 0.006874659544436668 -0.1857591163726795
FixedParameters: 0 0 0
#Transform 100
Transform: MatrixOffsetTransformBase_double_3_3
Parameters: 0.9999721418877789 -0.004528362646064722 0.00594531382423583 0.004510574904853342 0.9999849268914766 0.003041338146569858 -0.005959573965999119 -0.003013660059970308 0.9999778831916364 0.57458888457478 0.06425217241728376 -0.1674849127353042
FixedParameters: 0 0 0
#Transform 101
Transform: MatrixOffsetTransformBase_double_3_3
Parameters: 0.9999741166274406 -0.003993186061322015 0.0059945694065317665 0.003971728223953301 0.9999852672273748 0.00364821060533823 -0.00600918915470962 -0.003623789851745343 0.9999754079762112 0.5608013137427008 0.1104444705457297 -0.26081991940624505
FixedParameters: 0 0 0
#Transform 102
Transform: MatrixOffsetTransformBase_double_3_3
Parameters: 0.9999759506986383 -0.003895971262131272 0.005732908601695765 0.0038755614375551714 0.9999854180008825 0.0037216718577377794 -0.005747404174190584 -0.0036993344859286847 0.9999769966283145 0.5456309811895466 0.046933786004785816 -0.22405455972827326
FixedParameters: 0 0 0
#Transform 103
Transform: MatrixOffsetTransformBase_double_3_3
Parameters: 0.9999724592392942 -0.003916584399617987 0.006260954898217403 0.0038926818082115977 0.9999848756910132 0.00392267345689206 -0.006275976261351764 -0.0038983347599181456 0.9999729989617382 0.5836154235432502 0.1159563882128225 -0.29606890691110266
FixedParameters: 0 0 0
#Transform 104
Transform: MatrixOffsetTransformBase_double_3_3
Parameters: 0.9999708916384616 -0.004351464771111895 0.006258356378257499 0.004327180705436339 0.9999832546548412 0.003950519390757461 -0.006276009278729747 -0.003923484096030654 0.9999726364616034 0.5578120482318809 0.07691730163315924 -0.2889012286222936
FixedParameters: 0 0 0
#Transform 105
Transform: MatrixOffsetTransformBase_double_3_3
Parameters: 0.9999749288310685 -0.0038713433544237826 0.006006461395326534 0.0038505390689725126 0.9999865688276447 0.0035915263764278726 -0.006020759407207298 -0.003567480783685753 0.9999757339283792 0.559703881599404 0.04024000102562297 -0.2301460589268487
FixedParameters: 0 0 0
#Transform 106
Transform: MatrixOffsetTransformBase_double_3_3
Parameters: 0.9999744190017339 -0.00371397596347301 0.0060653991214728135 0.0036932217200464873 0.999987688769233 0.003310729051861902 -0.006077672776451216 -0.003288265202647224 0.9999759565163066 0.6091711052128232 0.07598813631608436 -0.2250078969517375
FixedParameters: 0 0 0
#Transform 107
Transform: MatrixOffsetTransformBase_double_3_3
Parameters: 0.9999751974194278 -0.004630089012167452 0.005325906469915161 0.004612784015812518 0.9999846573659389 0.0032413793327544863 -0.005340709289100629 -0.0032166251172540405 0.9999806868434398 0.5721626538947078 0.09110969131759816 -0.1893254667921127
FixedParameters: 0 0 0
#Transform 108
Transform: MatrixOffsetTransformBase_double_3_3
Parameters: 0.999972276522011 -0.0042394952041667384 0.006144116723942604 0.0042160981978881466 0.9999839017665162 0.0037133204086647956 -0.006160063554709354 -0.0036866703227991862 0.9999739943149855 0.5457504928010906 0.17156682390624667 -0.2665201106565007
FixedParameters: 0 0 0
#Transform 109
Transform: MatrixOffsetTransformBase_double_3_3
Parameters: 0.9999766039587275 -0.003983225059746333 0.005525533157354093 0.003962998480351298 0.9999858009756151 0.0035734628159249035 -0.0055396787527728945 -0.0035515351486627295 0.9999784198028747 0.5303532046978034 0.06463672478437843 -0.22903822385730166
FixedParameters: 0 0 0
#Transform 110
Transform: MatrixOffsetTransformBase_double_3_3
Parameters: 0.9999760044905437 -0.0037533074719292283 0.0057362312030177194 0.0037330682203567654 0.9999861678334331 0.0036228568427088548 -0.005749988793836389 -0.0036011412379727964 0.9999767431842915 0.548523922368858 0.03439948280085048 -0.22234176231582126
FixedParameters: 0 0 0
#Transform 111
Transform: MatrixOffsetTransformBase_double_3_3
Parameters: 0.9999756218520774 -0.004239771658812531 0.005513519890098662 0.004220017232957948 0.9999850018979489 0.00353889862232052 -0.005529194782667789 -0.003515099249998252 0.9999787401254795 0.5426913711040413 0.14564600740041556 -0.24833463908346687
FixedParameters: 0 0 0
#Transform 112
Transform: MatrixOffsetTransformBase_double_3_3
Parameters: 0.9999747894735425 -0.004540073999608364 0.005531561533760762 0.004519008457160892 0.9999825698864101 0.003809708927558657 -0.005548687375333831 -0.0037852910652996855 0.9999773771014925 0.5472568770487669 0.06976417451406292 -0.23795327589630233
FixedParameters: 0 0 0
#Transform 113
Transform: MatrixOffsetTransformBase_double_3_3
Parameters: 0.999975987603442 -0.004429456648007918 0.005233344039565106 0.004414636378979007 0.9999860336668371 0.002976898095735432 -0.005246584485787144 -0.0029541033296093464 0.9999813653066043 0.5742633533454153 0.06579360378462695 -0.18520276785024237
FixedParameters: 0 0 0
#Transform 114
Transform: MatrixOffsetTransformBase_double_3_3
Parameters: 0.9999748091553049 -0.00473289684865617 0.0052715770146916155 0.004714971432166039 0.9999835568827854 0.003421734079049922 -0.005287689599437042 -0.003397268199630432 0.9999800025253937 0.5553931153763756 0.1365960691842787 -0.22978131362103227
FixedParameters: 0 0 0
#Transform 115
Transform: MatrixOffsetTransformBase_double_3_3
Parameters: 0.999976861398208 -0.004454124070492674 0.005224937877948372 0.004437109623354379 0.9999844888560617 0.0031859196320751793 -0.005239173728160637 -0.0031620735916707693 0.9999812237237998 0.5411125751371344 0.08745886230597932 -0.18401591869310607
FixedParameters: 0 0 0
#Transform 116
Transform: MatrixOffsetTransformBase_double_3_3
Parameters: 0.9999786228343726 -0.004411822262502069 0.004890170752234398 0.0043965197802233544 0.9999851636157584 0.0031253441558412795 -0.004903678677566339 -0.003103654094031197 0.9999830587461369 0.5312091209301713 0.09209201169514358 -0.18146895798116702
FixedParameters: 0 0 0
#Transform 117
Transform: MatrixOffsetTransformBase_double_3_3
Parameters: 0.9999749246090691 -0.004292779240034186 0.005625510700678466 0.004276312078382077 0.9999861342555817 0.0030056240830908035 -0.005638120551494079 -0.0029823790641055822 0.9999798620079179 0.540485785930386 0.111380032558003 -0.1782255276674789
FixedParameters: 0 0 0
#Transform 118
Transform: MatrixOffsetTransformBase_double_3_3
Parameters: 0.9999769086780889 -0.0044068569807604345 0.005164575568708386 0.004391937324070867 0.9999865101395612 0.0027424664919553712 -0.005176794460855507 -0.0027195257290997185 0.9999824816382734 0.5467801761927547 0.10116313681432132 -0.1611188992054906
FixedParameters: 0 0 0
#Transform 119
Transform: MatrixOffsetTransformBase_double_3_3
Parameters: 0.999974321178962 -0.004423097440095001 0.005667425728713022 0.004401601038236614 0.9999829616208598 0.0037575357351595923 -0.005683198197139358 -0.003732467223370263 0.9999773090365056 0.5319410294499676 0.16350054924187418 -0.22002108623559025
FixedParameters: 0 0 0
#Transform 120
Transform: MatrixOffsetTransformBase_double_3_3
Parameters: 0.9999741561155806 -0.004579625932114874 0.005556056447211671 0.0045623308708808395 0.9999849446701146 0.0031130415050901056 -0.005570352327445904 -0.0030869605499067518 0.9999799911441227 0.5511610830623823 0.06695100218765049 -0.15979145212698143
FixedParameters: 0 0 0
#Transform 121
Transform: MatrixOffsetTransformBase_double_3_3
Parameters: 0.9999716809127357 -0.0045328809297886016 0.0059812672933554495 0.004510449612767938 0.9999823677907119 0.0037235198736144393 -0.005997482752664945 -0.0036964745442859687 0.9999747844608181 0.541012944082766 0.1435977841930054 -0.22962671898410747
FixedParameters: 0 0 0
#Transform 122
Transform: MatrixOffsetTransformBase_double_3_3
Parameters: 0.9999775767261074 -0.0038752006784403504 0.005514607838027974 0.003857203378024584 0.9999870796155977 0.0032037631399427988 -0.0055262513589645 -0.0031822381213282847 0.9999801063252054 0.5356974474776734 0.06071627347743913 -0.1816360967542181
FixedParameters: 0 0 0
#Transform 123
Transform: MatrixOffsetTransformBase_double_3_3
Parameters: 0.9999748045546053 -0.003962206039142267 0.005873201963578227 0.00394407917516053 0.9999871131395925 0.0031106072346606672 -0.005885596448297654 -0.0030873883996836993 0.9999774835396369 0.5627864308017649 0.07659434343773341 -0.1482385159741284
FixedParameters: 0 0 0
#Transform 124
Transform: MatrixOffsetTransformBase_double_3_3
Parameters: 0.9999740686496246 -0.004290583263033674 0.0057028471400825285 0.0042679069283506265 0.9999830882897587 0.00401193242153796 -0.005719682228130295 -0.003987074030340695 0.9999759877982816 0.5419916253181469 0.15052768231005587 -0.24717431181672112
FixedParameters: 0 0 0
#Transform 125
Transform: MatrixOffsetTransformBase_double_3_3
Parameters: 0.9999774413374692 -0.004376582890738672 0.005040066834514498 0.004361410589955285 0.9999861448135529 0.0030257732804424564 -0.005053484466635106 -0.0030042296720606057 0.9999831158214322 0.5109475409614248 0.07043212501463358 -0.1702747457554068
FixedParameters: 0 0 0
#Transform 126
Transform: MatrixOffsetTransformBase_double_3_3
Parameters: 0.999975092397271 -0.004398573911967215 0.005436584658705214 0.004381575272576917 0.9999856675184422 0.003244510970530058 -0.005450862999467348 -0.003220498996651791 0.9999805264243965 0.5352527338737474 0.10395749832201773 -0.1889097134051383
FixedParameters: 0 0 0
#Transform 127
Transform: MatrixOffsetTransformBase_double_3_3
Parameters: 0.999976732261078 -0.004320544569384823 0.005253408475686877 0.004303598088705501 0.9999857723732395 0.0031673445038710654 -0.005267639563328997 -0.0031446504086181035 0.9999810389518705 0.5286810355823945 0.1175817913080408 -0.18408313559325507
FixedParameters: 0 0 0
#Transform 128
Transform: MatrixOffsetTransformBase_double_3_3
Parameters: 0.999974892650591 -0.0046679895370749765 0.005414785248471828 0.004652440061006728 0.9999852269090223 0.0027619357370855732 -0.005427543659978349 -0.0027370604050145075 0.9999815460298134 0.5355838100076511 0.10852153237385664 -0.08955973949083784
FixedParameters: 0 0 0
#Transform 129
Transform: MatrixOffsetTransformBase_double_3_3
Parameters: 0.9999756244833611 -0.004473438307992681 0.005325907287154479 0.004459660409792426 0.9999864196978592 0.002465418149732425 -0.005337071562640351 -0.002441576198709508 0.9999831653116152 0.5514126023164323 0.13742814902758482 -0.13386688867534247
FixedParameters: 0 0 0
#Transform 130
Transform: MatrixOffsetTransformBase_double_3_3
Parameters: 0.9999765593738608 -0.00455042875261056 0.005170519159731217 0.004537523962621623 0.9999863160464286 0.0025452470565786936 -0.005181732876002225 -0.00252175467820831 0.9999834059056284 0.5696087347120482 0.1105151788031975 -0.12190619938313318
FixedParameters: 0 0 0
#Transform 131
Transform: MatrixOffsetTransformBase_double_3_3
Parameters: 0.9999752003324498 -0.004220911122087694 0.005655113141404336 0.0042025254459700494 0.9999861893684135 0.0032473375257041984 -0.005669261884984204 -0.0032236639942907278 0.9999790737233609 0.5552770223989114 0.14645140839607507 -0.19264440640955627
FixedParameters: 0 0 0
#Transform 132
Transform: MatrixOffsetTransformBase_double_3_3
Parameters: 0.9999786836213078 -0.004623295567355933 0.0046845372087446 0.004609371642623567 0.9999855821106862 0.0029025547122072254 -0.004697426412912413 -0.0028804513922642064 0.9999853797329116 0.528413415521868 0.10569544506350326 -0.1682124810216692
FixedParameters: 0 0 0
#Transform 133
Transform: MatrixOffsetTransformBase_double_3_3
Parameters: 0.9999701775084616 -0.004603593432386034 0.00613445526438013 0.004585956772553594 0.9999850163851409 0.0029316033455535975 -0.006147162310832024 -0.0029034020279376654 0.9999771372084918 0.5516333887338334 0.07336561786749485 -0.09807198817584606
FixedParameters: 0 0 0
#Transform 134
Transform: MatrixOffsetTransformBase_double_3_3
Parameters: 0.9999723104006092 -0.004539226442865767 0.005923136619999563 0.004524947422815761 0.9999871923305089 0.0024303697324851783 -0.005934173072090559 -0.002403631709915567 0.9999794341090171 0.5775678610592223 0.13760667223662892 -0.12281904296828827
FixedParameters: 0 0 0
#Transform 135
Transform: MatrixOffsetTransformBase_double_3_3
Parameters: 0.9999769676689123 -0.0042776869747186514 0.005170060172281164 0.004263319723535113 0.9999868077389615 0.0028787666443730875 -0.005182622314544132 -0.0028562359671454943 0.9999827145908883 0.5432758470903849 0.09462416416968722 -0.15560860627175543
FixedParameters: 0 0 0
#Transform 136
Transform: MatrixOffsetTransformBase_double_3_3
Parameters: 0.9999790018423746 -0.004266052923223422 0.004980023981073222 0.004252308332307343 0.9999867549086314 0.0027249514754403986 -0.004991336427072893 -0.0027040438244689616 0.9999835097406212 0.5458663608062011 0.08501986777397974 -0.12607081187999825
FixedParameters: 0 0 0
#Transform 137
Transform: MatrixOffsetTransformBase_double_3_3
Parameters: 0.9999754901304186 -0.004747963908932324 0.005095501321670409 0.00473485948256323 0.9999847639021405 0.002693979039017136 -0.005108066148310848 -0.0026700222295536827 0.999983339776657 0.5205105351884924 0.14753033001674964 -0.16718899285918098
FixedParameters: 0 0 0
#Transform 138
Transform: MatrixOffsetTransformBase_double_3_3
Parameters: 0.9999753835071452 -0.004389978967719575 0.005508413808958045 0.004375520888871008 0.9999869501270205 0.0027117799836324785 -0.0055201514547168545 -0.002688222280809671 0.9999808531668611 0.543142513728057 0.07539541171480835 -0.13340200637179578
FixedParameters: 0 0 0
#Transform 139
Transform: MatrixOffsetTransformBase_double_3_3
Parameters: 0.9999798340444465 -0.004184897256098397 0.004863411257831634 0.004172309194633505 0.9999881047568272 0.0025751150605931306 -0.004874090189487909 -0.0025538837791232658 0.999984575813414 0.5270820233065479 0.15151652380274072 -0.16179824832346412
FixedParameters: 0 0 0
#Transform 140
Transform: MatrixOffsetTransformBase_double_3_3
Parameters: 0.9999801817411906 -0.00398705600368857 0.004787324653573158 0.003974446859048706 0.9999884689183351 0.0026227888735538343 -0.004798377137685522 -0.0026042068945762234 0.9999850519135108 0.49926885704768154 0.11133095583295471 -0.14811045404296408
FixedParameters: 0 0 0
#Transform 141
Transform: MatrixOffsetTransformBase_double_3_3
Parameters: 0.9999813214127892 -0.003930205865206558 0.004714616729976225 0.003919405508183538 0.9999890986433063 0.002372230285866056 -0.004724467969266676 -0.002353767111966297 0.9999860551169886 0.5005116765738933 0.09977750442128297 -0.11623200197915651
FixedParameters: 0 0 0
#Transform 142
Transform: MatrixOffsetTransformBase_double_3_3
Parameters: 0.9999820960858302 -0.003892954748024526 0.004663363110519617 0.003880495435734735 0.9999882615942463 0.0027768516628236053 -0.0046740636941389945 -0.002758150094698708 0.9999855162036022 0.4642599212024976 0.2017048491452016 -0.1431838533006271
FixedParameters: 0 0 0
#Transform 143
Transform: MatrixOffsetTransformBase_double_3_3
Parameters: 0.9999811006917866 -0.003841544038153053 0.004705285806388864 0.003829663079445651 0.9999897044151602 0.0025908344686702 -0.004715337939889509 -0.002573165684934875 0.9999850626832993 0.4927358802380155 0.09602333719597311 -0.10479143006112679
FixedParameters: 0 0 0
#Transform 144
Transform: MatrixOffsetTransformBase_double_3_3
Parameters: 0.9999858964617844 -0.0036521101488582123 0.003970924963781803 0.003643178871634286 0.9999907202857102 0.002201369653843495 -0.003978411287815976 -0.002186629789433056 0.9999895488235602 0.49056058872679387 0.10149349269343588 -0.06941056976134519
FixedParameters: 0 0 0
#Transform 145
Transform: MatrixOffsetTransformBase_double_3_3
Parameters: 0.9999823980620832 -0.0038577061086153344 0.00455151142116443 0.0038453813756697108 0.9999888045905354 0.0027263141049634274 -0.004562689643860944 -0.002708682414666007 0.9999858237097605 0.46897813104199315 0.1961456341604304 -0.14250332454953707
FixedParameters: 0 0 0
#Transform 146
Transform: MatrixOffsetTransformBase_double_3_3
Parameters: 0.9999840900781704 -0.0038705090699590362 0.004114822535785519 0.003859730665755995 0.999989987906246 0.002462859317050578 -0.004124223225026354 -0.002447138373274302 0.9999880480137153 0.4822113991574071 0.10181749792992889 -0.08748085451598797
FixedParameters: 0 0 0
#Transform 147
Transform: MatrixOffsetTransformBase_double_3_3
Parameters: 0.9999785168724692 -0.004032393902057061 0.00512041673024654 0.004019755362696971 0.999988530681075 0.0025542345385806964 -0.005131087212407386 -0.002533767253661265 0.9999840421565602 0.49017026193440927 0.12695682252801532 -0.07585705787609243
FixedParameters: 0 0 0
#Transform 148
Transform: MatrixOffsetTransformBase_double_3_3
Parameters: 0.9999840319623552 -0.0037754194825413007 0.004208413914676058 0.003766542530612313 0.9999903857991074 0.0023087625923796096 -0.004217126079978378 -0.0022922394285524797 0.9999880614598989 0.4650275970691382 0.21752728669318344 -0.10340200835335622
FixedParameters: 0 0 0
#Transform 149
Transform: MatrixOffsetTransformBase_double_3_3
Parameters: 0.999982014394709 -0.003693869002077398 0.004726973385150792 0.0036822876125768896 0.9999905034962289 0.00244215480483069 -0.004735227618498194 -0.0024248479459429498 0.9999856669233109 0.46337095987450994 0.12871589858629306 -0.07550286505224335
FixedParameters: 0 0 0
#Transform 150
Transform: MatrixOffsetTransformBase_double_3_3
Parameters: 0.9999807576178549 -0.004009761861678978 0.004707833708566685 0.003999280394515363 0.9999896934059772 0.002335644507661952 -0.004716771122527308 -0.0023173614504564885 0.9999862388757058 0.4970730386847606 0.1398636395739885 -0.06150421194497824
FixedParameters: 0 0 0
#Transform 151
Transform: MatrixOffsetTransformBase_double_3_3
Parameters: 0.9999812605800001 -0.003947355626282176 0.004706567679396125 0.003938304493256478 0.9999902023826585 0.002091342234171574 -0.004715345751421714 -0.00207265823790595 0.9999863886572979 0.5043586319142008 0.21073528228824046 -0.08761561947832774
FixedParameters: 0 0 0
#Transform 152
Transform: MatrixOffsetTransformBase_double_3_3
Parameters: 0.999977956794185 -0.004730454190339234 0.004654675052327947 0.00471990893066365 0.9999859407990793 0.0022569189696313025 -0.004665266066238448 -0.0022350804690503337 0.9999869268408023 0.527717205750676 0.1706654366009559 -0.04606788868285605
FixedParameters: 0 0 0
#Transform 153
Transform: MatrixOffsetTransformBase_double_3_3
Parameters: 0.9999779993915706 -0.004656242232161746 0.004829273597091166 0.00464553209749225 0.9999873347179846 0.0020963817933327966 -0.004839090804867811 -0.0020736152350179365 0.999985970122442 0.5262445987209503 0.2046766326135696 -0.06397067399410616
FixedParameters: 0 0 0
#Transform 154
Transform: MatrixOffsetTransformBase_double_3_3
Parameters: 0.9999769094685323 -0.00423669478786043 0.005398193292959692 0.0042240781382426 0.9999880598688754 0.0023304019891577585 -0.005408058942868248 -0.002307597665646567 0.999983093937405 0.5259059744754211 0.18135369752116048 -0.04900688038316048
FixedParameters: 0 0 0
#Transform 155
Transform: MatrixOffsetTransformBase_double_3_3
Parameters: 0.9999786361828674 -0.004399661488410409 0.0047960036755177425 0.004390248916243301 0.9999886378586033 0.002084937933062185 -0.00480560027602016 -0.0020640647208386986 0.999986391118037 0.5299628872722479 0.18028691253866214 -0.03383344499931695
FixedParameters: 0 0 0
#Transform 156
Transform: MatrixOffsetTransformBase_double_3_3
Parameters: 0.9999778765432867 -0.004682752618397184 0.004710773028217382 0.004672135816430981 0.9999864478927187 0.0022439585452646432 -0.004722026219242002 -0.0022220370583398708 0.9999864559599712 0.5051922048837412 0.2385826632089163 -0.10223525666941669
FixedParameters: 0 0 0
#Transform 157
Transform: MatrixOffsetTransformBase_double_3_3
Parameters: 0.9999812830813251 -0.0037190887872189968 0.00488720521172136 0.003708166037186045 0.9999909842662464 0.0023018133772089514 -0.004895534792372918 -0.0022831927907668442 0.9999857875759995 0.5010154825324236 0.17263317179389048 -0.0796536571741342
FixedParameters: 0 0 0
#Transform 158
Transform: MatrixOffsetTransformBase_double_3_3
Parameters: 0.9999738235436142 -0.004651889574416372 0.0055259709507392936 0.004636660754007154 0.9999853456775777 0.00276830946538633 -0.005538638164551449 -0.0027426929837484487 0.9999812920720312 0.521861961247879 0.16408235300853846 -0.054613329190715376
FixedParameters: 0 0 0
#Transform 159
Transform: MatrixOffsetTransformBase_double_3_3
Parameters: 0.9999716736746109 -0.004653329976434039 0.005972621111180198 0.004638152618433338 0.9999855487391244 0.002564218734767129 -0.005984389877615363 -0.0025367812049420305 0.9999791146276898 0.5537664157864555 0.2302009577288402 -0.07256741964033608
FixedParameters: 0 0 0
#Transform 160
Transform: MatrixOffsetTransformBase_double_3_3
Parameters: 0.999966798639257 -0.0047725124450558164 0.006665383125123799 0.004750740842298783 0.9999833638555322 0.0033009958862768585 -0.006680329992268305 -0.0032690124141996693 0.9999728518857637 0.5359005947789086 0.2082022278667921 -0.008088807689375699
FixedParameters: 0 0 0
#Transform 161
Transform: MatrixOffsetTransformBase_double_3_3
Parameters: 0.9999732652634443 -0.004759393449179488 0.0054848639129511 0.004746554843112241 0.9999862371779922 0.0023957731707264576 -0.005495701263281097 -0.002369235029247102 0.9999826752880765 0.5085797536674335 0.21114244526424386 -0.06917625351920265
FixedParameters: 0 0 0
#Transform 162
Transform: MatrixOffsetTransformBase_double_3_3
Parameters: 0.9999782117478924 -0.004266132055794127 0.004958951671258194 0.004254600010252188 0.9999881523414557 0.002224860444114296 -0.004968180275259956 -0.0022031364210283455 0.9999852557046073 0.48250601575001895 0.18614864022130462 -0.08645807126622174
FixedParameters: 0 0 0
#Transform 163
Transform: MatrixOffsetTransformBase_double_3_3
Parameters: 0.9999790197972921 -0.004411383348538149 0.004849444753149416 0.004399029404403976 0.9999873614086363 0.0025582249211393293 -0.004861136168788293 -0.0025367731880644104 0.999984678720368 0.45846751805956387 0.23308499605464306 -0.12101495522199457
FixedParameters: 0 0 0
#Transform 164
Transform: MatrixOffsetTransformBase_double_3_3
Parameters: 0.9999792666178864 -0.004351775468152149 0.004774478682036451 0.0043413946497416304 0.9999885569967821 0.002189607956030494 -0.004783784797854639 -0.0021683945986976025 0.9999862134234099 0.47653185588806934 0.13984108110680893 -0.05869349848072147
FixedParameters: 0 0 0
#Transform 165
Transform: MatrixOffsetTransformBase_double_3_3
Parameters: 0.9999818696068756 -0.004517296044089637 0.003965856603130898 0.004509464261017253 0.9999879891712352 0.0019339825772722238 -0.0039737746916951745 -0.0019160210279156806 0.9999904691049293 0.464057394315887 0.19378194909484137 -0.04140677847718166
FixedParameters: 0 0 0
#Transform 166
Transform: MatrixOffsetTransformBase_double_3_3
Parameters: 0.9999805135539336 -0.004510112239662498 0.004375468704234166 0.004500336049820565 0.9999875341273953 0.0023117442496239163 -0.004385571721162432 -0.0022912581023437906 0.9999873854984808 0.457865034900351 0.249674787888992 -0.07565770910892411
FixedParameters: 0 0 0
#Transform 167
Transform: MatrixOffsetTransformBase_double_3_3
Parameters: 0.9999786228368462 -0.004180514159313513 0.004989529583234749 0.0041705534552195405 0.9999891515947158 0.002159570408407162 -0.004998778656540584 -0.0021384331252670002 0.9999852347240545 0.5097233065687305 0.18370440386711095 -0.03242154034160194
FixedParameters: 0 0 0
#Transform 168
Transform: MatrixOffsetTransformBase_double_3_3
Parameters: 0.9999803721348846 -0.004347977488021779 0.0045525743405200455 0.004336889945256769 0.9999877868630909 0.0023656827673319905 -0.004562401346327782 -0.0023463156728326384 0.9999864836782612 0.489855617678586 0.23993898622806853 -0.03545432655673153
FixedParameters: 0 0 0
#Transform 169
Transform: MatrixOffsetTransformBase_double_3_3
Parameters: 0.9999822272837113 -0.004504922319571469 0.0038047726150033413 0.004497747040884822 0.9999875932613522 0.002059270016274449 -0.003813719363741311 -0.002042731265373722 0.9999902207359862 0.4654548919181991 0.2664577344008876 -0.0362154620948445
FixedParameters: 0 0 0
#Transform 170
Transform: MatrixOffsetTransformBase_double_3_3
Parameters: 0.9999785711142741 -0.004406204091482498 0.004900318466182573 0.004393224579821798 0.9999867179302661 0.0026913647554624442 -0.0049120947107088656 -0.002669636701613319 0.9999844828377081 0.47411888613304143 0.19628151283899342 -0.030085167914890576
FixedParameters: 0 0 0
#Transform 171
Transform: MatrixOffsetTransformBase_double_3_3
Parameters: 0.9999799931603536 -0.004320980144863926 0.004618735853144438 0.004308764996346809 0.9999869565516228 0.002770791037157244 -0.004630751946098639 -0.002751213143738128 0.9999857901738053 0.4611117585632911 0.25833033156607144 -0.056880054598209995
FixedParameters: 0 0 0
#Transform 172
Transform: MatrixOffsetTransformBase_double_3_3
Parameters: 0.9999872853787865 -0.003516270925770884 0.0036540615434117315 0.00350606118605767 0.9999902309390257 0.0026927731038480715 -0.003663349969316666 -0.002680225609736457 0.9999896197599062 0.39135317969480354 0.2268961823910871 -0.050391206163610036
FixedParameters: 0 0 0
#Transform 173
Transform: MatrixOffsetTransformBase_double_3_3
Parameters: 0.9999791038611561 -0.004514196483995584 0.004639144922753473 0.004501611776670331 0.9999867174302457 0.0026858350190155575 -0.004650512660767862 -0.0026641721495862455 0.9999860749868952 0.4682453789862535 0.18495942265600718 -0.017140012998922316
FixedParameters: 0 0 0
#Transform 174
Transform: MatrixOffsetTransformBase_double_3_3
Parameters: 0.9999795206117592 -0.004279452818838396 0.004708288815834698 0.004267654358097731 0.9999873895876662 0.002568920223293046 -0.004718409515849989 -0.0025490855856840147 0.9999860338934502 0.4779902082232752 0.2320972242463455 -0.040854695285247544
FixedParameters: 0 0 0
#Transform 175
Transform: MatrixOffsetTransformBase_double_3_3
Parameters: 0.9999723365159051 -0.004814377273267125 0.005699433433848705 0.004796472902670547 0.9999835641434204 0.0031710474027319066 -0.0057146780140812595 -0.0031439541690847783 0.9999788324278863 0.492450869773279 0.24539607870052293 -0.020766043881465635
FixedParameters: 0 0 0
#Transform 176
Transform: MatrixOffsetTransformBase_double_3_3
Parameters: 0.9999812534372733 -0.004507387192345985 0.004174583207843057 0.0044982396693386125 0.9999869043568725 0.002233826238847346 -0.004185039213217009 -0.002215168756022852 0.9999884521857434 0.4695089726837125 0.2509589826479015 -0.020467881201085447
FixedParameters: 0 0 0
#Transform 177
Transform: MatrixOffsetTransformBase_double_3_3
Parameters: 0.9999869785677193 -0.0033884577999751474 0.003941846872994075 0.0033785339045811417 0.9999906351705374 0.002595161090831355 -0.003950725091032639 -0.002581838559337496 0.9999889426204644 0.3755833183235353 0.2713684053861556 -0.09910972127330808
FixedParameters: 0 0 0
#Transform 178
Transform: MatrixOffsetTransformBase_double_3_3
Parameters: 0.9999869192714327 -0.0033255573470671687 0.004002722359589694 0.0033173112500277492 0.9999928253210056 0.001988115159225666 -0.004009421414577887 -0.001974885329671293 0.9999902412040224 0.43629284824683623 0.16117519938315183 -0.03479131639240052
FixedParameters: 0 0 0
#Transform 179
Transform: MatrixOffsetTransformBase_double_3_3
Parameters: 0.99997987825795 -0.004580095848244744 0.004375284156993004 0.004570578829529285 0.9999870915681273 0.002282054001327506 -0.004385439964641336 -0.002261947988142457 0.9999874626005735 0.48506072198692607 0.1914386437686204 -0.028240285989653557
FixedParameters: 0 0 0
#Transform 180
Transform: MatrixOffsetTransformBase_double_3_3
Parameters: 0.9999825189456978 -0.004225278371839336 0.004199061163084793 0.004215182264112564 0.9999883956740124 0.002214682666346106 -0.004208163081778909 -0.0021973120743318114 0.9999883903133003 0.45164450872012196 0.2990090136495951 -0.07904911893653832
FixedParameters: 0 0 0
#Transform 181
Transform: MatrixOffsetTransformBase_double_3_3
Parameters: 0.9999817978805806 -0.004815025205508762 0.0037445286573475414 0.004807563598301777 0.9999864650452562 0.00186521837747472 -0.0037529890646331642 -0.0018467818222742058 0.9999914432929586 0.4606294891292606 0.22341095885585105 -0.0325749496339256
FixedParameters: 0 0 0
#Transform 182
Transform: MatrixOffsetTransformBase_double_3_3
Parameters: 0.9999738905178022 -0.004931815033355084 0.005271117799031929 0.004915648900775035 0.9999834863670548 0.002983784496290748 -0.00528644903207361 -0.002958210199312951 0.9999817502156589 0.5171995825691766 0.21819037151283283 0.004955551536866665
FixedParameters: 0 0 0
#Transform 183
Transform: MatrixOffsetTransformBase_double_3_3
Parameters: 0.9999760332825465 -0.00528753961303451 0.004582771232925794 0.005276470078401307 0.9999830555285861 0.0025543871375745264 -0.004596875455668536 -0.002529612308606967 0.9999860540482455 0.5104392233223365 0.28784118093884103 -0.02055137958330988
FixedParameters: 0 0 0
#Transform 184
Transform: MatrixOffsetTransformBase_double_3_3
Parameters: 0.9999767896455737 -0.005207295402236874 0.004482453542152063 0.005196462745601951 0.9999838019278083 0.0023684920416364094 -0.004495342500559623 -0.0023455028020791663 0.9999868766853425 0.5077292297795566 0.2869912546616433 0.00000217111478661991
FixedParameters: 0 0 0
#Transform 185
Transform: MatrixOffsetTransformBase_double_3_3
Parameters: 0.9999780402801326 -0.005385437535426615 0.003994486465188401 0.005375131442199625 0.999981831659989 0.0025737871085557695 -0.004008442047071237 -0.0025532115573733694 0.9999890653902203 0.5076850624932945 0.2787715251574099 -0.0036479689212853827
FixedParameters: 0 0 0
#Transform 186
Transform: MatrixOffsetTransformBase_double_3_3
Parameters: 0.9999719600917472 -0.005950813139861665 0.004430103438451769 0.005940418820690493 0.9999793371143677 0.0024407738326861564 -0.004444282827332527 -0.002414227345688441 0.9999868372823681 0.5156879148903215 0.35922845229892175 -0.016121225956894136
FixedParameters: 0 0 0
#Transform 187
Transform: MatrixOffsetTransformBase_double_3_3
Parameters: 0.999967737171708 -0.005920643680066049 0.005404160826175835 0.005905204775993848 0.9999784896803238 0.0029220611449399317 -0.0054215473355005055 -0.0028899416912186587 0.999981357504213 0.5689450732677699 0.2753469188516675 0.027677472306876894
FixedParameters: 0 0 0
#Transform 188
Transform: MatrixOffsetTransformBase_double_3_3
Parameters: 0.9999558958611727 -0.005951480045267805 0.007326271640048149 0.005919022037836004 0.9999721144853598 0.00451582635251048 -0.007353585668595172 -0.0044721759857873425 0.9999633881895669 0.6455350003181621 0.36494329654392743 0.04764442149475201
FixedParameters: 0 0 0
#Transform 189
Transform: MatrixOffsetTransformBase_double_3_3
Parameters: 0.9999608895809623 -0.006652564072690546 0.0058186721193995905 0.006630425842662604 0.9999707695411486 0.00368385955851374 -0.005843084484655402 -0.0036451319089886094 0.9999762623361572 0.6081771714004844 0.4187851560867841 -0.01898789467207962
FixedParameters: 0 0 0
#Transform 190
Transform: MatrixOffsetTransformBase_double_3_3
Parameters: 0.9999643698825369 -0.005675894545862831 0.006278204071987457 0.005655777053548781 0.999978360253793 0.0032792735832020276 -0.006295890034966958 -0.0032437304004936662 0.9999747344137602 0.6358531186587868 0.3049840749980035 0.02004933701479672
FixedParameters: 0 0 0
#Transform 191
Transform: MatrixOffsetTransformBase_double_3_3
Parameters: 0.9999681450020059 -0.006192341537369105 0.004950763515280673 0.0061749222755690895 0.9999754097949375 0.0033669676889226813 -0.004972244576201513 -0.003337025999280402 0.9999822630041257 0.5475859795821378 0.4038120665374123 -0.04581407994987785
FixedParameters: 0 0 0
#Transform 192
Transform: MatrixOffsetTransformBase_double_3_3
Parameters: 0.9999694550648555 -0.00565998182629033 0.005432350725190277 0.005644214352426175 0.9999793637343399 0.0029366822485687102 -0.005448396474538281 -0.0029063192836049564 0.9999810207026482 0.5973856022991129 0.27062740733613566 0.011447537084819714
FixedParameters: 0 0 0
#Transform 193
Transform: MatrixOffsetTransformBase_double_3_3
Parameters: 0.9999665947109185 -0.006136177407811171 0.005361919498054909 0.006120464839392402 0.9999762383621391 0.0030520371004943564 -0.00538009555386378 -0.00301996617411681 0.9999809213987703 0.5989031098456223 0.31911100594902564 0.034034341706160376
FixedParameters: 0 0 0
#Transform 194
Transform: MatrixOffsetTransformBase_double_3_3
Parameters: 0.9999633208851831 -0.006642171895524638 0.005344317681273388 0.006626226012982378 0.9999738068890609 0.0028988232690907584 -0.005363627499343228 -0.0028631747152850703 0.9999819133439027 0.5838468939016508 0.4155915071983429 -0.01840535677959565
FixedParameters: 0 0 0
#Transform 195
Transform: MatrixOffsetTransformBase_double_3_3
Parameters: 0.9999657022887433 -0.006609960481094861 0.00506067107018632 0.006597457750654769 0.9999755290005737 0.002436888772643392 -0.0050758908190064326 -0.0024031174479936523 0.9999844602530896 0.6038845668014119 0.2917628691734535 0.016739722025519654
FixedParameters: 0 0 0
#Transform 196
Transform: MatrixOffsetTransformBase_double_3_3
Parameters: 0.999960760032884 -0.006943713369525729 0.005569888206410233 0.006925687063754028 0.9999709474483817 0.0032220773216195403 -0.0055922160947717596 -0.0031829217942513713 0.9999793001158591 0.6110762614890604 0.41695217758939407 -0.014952437788423367
FixedParameters: 0 0 0
#Transform 197
Transform: MatrixOffsetTransformBase_double_3_3
Parameters: 0.9999591117273433 -0.007058101415804142 0.005573954130960399 0.007041128667926046 0.9999705231025577 0.0030417487352256065 -0.005595530672125922 -0.0030022513719749136 0.9999803232454441 0.6168037323865008 0.35664923633348167 0.003760955024532109
FixedParameters: 0 0 0
#Transform 198
Transform: MatrixOffsetTransformBase_double_3_3
Parameters: 0.9999546819779506 -0.007183590007378252 0.006301635627193262 0.007159728998853169 0.9999671859102297 0.003770449525298175 -0.006328949978637386 -0.0037245483354368114 0.9999734078235913 0.6329216262947881 0.3735946683042357 0.027831743119833163
FixedParameters: 0 0 0
#Transform 199
Transform: MatrixOffsetTransformBase_double_3_3
Parameters: 0.9999535939851789 -0.007671874937091391 0.005791433479153033 0.007650734484628048 0.9999635689328534 0.003687052974214941 -0.005820274033636511 -0.003642937339790764 0.9999761599272151 0.6367085665222731 0.4761366174529513 0.011873643751627583
FixedParameters: 0 0 0
#Transform 200
Transform: MatrixOffsetTransformBase_double_3_3
Parameters: 0.9999525872333433 -0.006928963270184103 0.006884746182135433 0.006902569797685778 0.9999688101442104 0.0037875136983344243 -0.006911243548522587 -0.0037394810489980307 0.9999694484684677 0.6556469494601913 0.3864296989457756 0.043198740401649616
FixedParameters: 0 0 0
#Transform 201
Transform: MatrixOffsetTransformBase_double_3_3
Parameters: 0.9999509338840737 -0.007407261942088504 0.006571899969589976 0.007381081500014249 0.9999647536658565 0.004082882269777113 -0.006602249600843291 -0.004034122887245063 0.9999702364095931 0.656224330377654 0.4384332697860316 0.034096267314794204
FixedParameters: 0 0 0
#Transform 202
Transform: MatrixOffsetTransformBase_double_3_3
Parameters: 0.9999537205283785 -0.006507108921581076 0.007136574648370176 0.006481655763760345 0.9999723012699068 0.0036669978992238117 -0.007160285119488846 -0.0036210066681987216 0.9999678610622954 0.6601344802698605 0.36058152534657495 0.049012844008473166
FixedParameters: 0 0 0
#Transform 203
Transform: MatrixOffsetTransformBase_double_3_3
Parameters: 0.9999485465432858 -0.006973353722161938 0.007336494936672169 0.006943043050023408 0.999967612737517 0.0041507998930351495 -0.007365058486345397 -0.004100207434482216 0.9999648932586929 0.6380614127785265 0.42800763337578474 0.03275440910013572
FixedParameters: 0 0 0
#Transform 204
Transform: MatrixOffsetTransformBase_double_3_3
Parameters: 0.9999520885321932 -0.007371622032220064 0.006369555301552723 0.007349286453572905 0.999966277248663 0.003534201219925287 -0.006394855116496078 -0.0034867977239451675 0.9999731634061565 0.609961291640289 0.4383913574584426 0.031461139285767104
FixedParameters: 0 0 0
#Transform 205
Transform: MatrixOffsetTransformBase_double_3_3
Parameters: 0.9999417545878104 -0.007738578874160246 0.007573229916187477 0.007703042212968178 0.9999586946245853 0.0047354596812489574 -0.007609706910590915 -0.0046765334214105975 0.9999597655803129 0.6398559691712222 0.4033741778048068 0.11128830578645932
FixedParameters: 0 0 0
#Transform 206
Transform: MatrixOffsetTransformBase_double_3_3
Parameters: 0.9999243734462182 -0.007977299875343425 0.00932680338499389 0.007939849478973405 0.9999601133369658 0.004029369416522592 -0.00935809511828517 -0.003955631015762448 0.9999483786675782 0.6782208597685013 0.494373804332497 0.18011339666217907
FixedParameters: 0 0 0
#Transform 207
Transform: MatrixOffsetTransformBase_double_3_3
Parameters: 0.9999380704493359 -0.008197441110463277 0.007464487975444438 0.00817056980139416 0.9999600993799839 0.003717376287372863 -0.007495108996520932 -0.003656624922674455 0.9999647821991481 0.6030644441829907 0.5510021156047884 0.03768127792983478
FixedParameters: 0 0 0
#Transform 208
Transform: MatrixOffsetTransformBase_double_3_3
Parameters: 0.9999420014971452 -0.007277667679531903 0.00793901417252325 0.007244389002381429 0.9999651901906279 0.004212249745042453 -0.007969742788242336 -0.0041547518732637095 0.9999598067871287 0.659086110217828 0.4217832561897268 0.08483108625665636
FixedParameters: 0 0 0
#Transform 209
Transform: MatrixOffsetTransformBase_double_3_3
Parameters: 0.9999361445283506 -0.008140149054597116 0.007784084133487604 0.00811054214062419 0.9999594989833204 0.0038032975407862046 -0.007814588337849624 -0.003739697200999703 0.9999621961370105 0.6288989476959159 0.5244628247628214 0.04066926028113471
FixedParameters: 0 0 0
#Transform 210
Transform: MatrixOffsetTransformBase_double_3_3
Parameters: 0.9999379195809567 -0.00804631623649274 0.007702559429474148 0.00801456422522424 0.9999595916761042 0.0041059108810382675 -0.007736105498783958 -0.004044083134031595 0.9999621155111832 0.6269355065562792 0.5218379851952193 0.058367154570845514
FixedParameters: 0 0 0
#Transform 211
Transform: MatrixOffsetTransformBase_double_3_3
Parameters: 0.9999450610559882 -0.007447768491430147 0.0073799796218597955 0.007415690786952447 0.9999631869401167 0.004369806833214196 -0.007412562654447539 -0.004315192672212413 0.9999631582912186 0.6719683424862666 0.43450458110964973 0.07729870928399407
FixedParameters: 0 0 0
#Transform 212
Transform: MatrixOffsetTransformBase_double_3_3
Parameters: 0.99994097581992 -0.0080097704073922 0.007271293331990373 0.007975037937983164 0.999957520236338 0.004729415747231611 -0.007308360885776759 -0.00467158856187333 0.999962264625975 0.6548246529145416 0.5124065474363704 0.033295162743300466
FixedParameters: 0 0 0
#Transform 213
Transform: MatrixOffsetTransformBase_double_3_3
Parameters: 0.9999391584951594 -0.007830042869095343 0.007780445955283409 0.007795329690224898 0.9999597204169635 0.0043747143518857445 -0.007814313333358964 -0.0043142728034522085 0.9999596874458992 0.6494418549109326 0.46915404049825327 0.09902343283928872
FixedParameters: 0 0 0
#Transform 214
Transform: MatrixOffsetTransformBase_double_3_3
Parameters: 0.9999063131990387 -0.007913169901564078 0.011182635927782654 0.007866989181090803 0.9999608524233038 0.004168233596386857 -0.011215920950015956 -0.004079761834930702 0.9999284443021542 0.6741403211279504 0.4308880039092742 0.26898630613875696
FixedParameters: 0 0 0
#Transform 215
Transform: MatrixOffsetTransformBase_double_3_3
Parameters: 0.9999232265345784 -0.00835974068822596 0.009103785803821964 0.008331034132716731 0.9999599974922132 0.0031764024409652314 -0.009130434980286026 -0.003100591429740271 0.9999535278960855 0.6359421715171294 0.5323937833807832 0.04933292098354514
FixedParameters: 0 0 0
#Transform 216
Transform: MatrixOffsetTransformBase_double_3_3
Parameters: 0.9999302547064938 -0.007580792069224256 0.00901553821376602 0.007543003077690128 0.9999630070822908 0.004131338313875986 -0.0090463002134193 -0.004062654935861054 0.9999506755284404 0.6410758710601527 0.4679827604243201 0.055265764394604844
FixedParameters: 0 0 0
#Transform 217
Transform: MatrixOffsetTransformBase_double_3_3
Parameters: 0.9999308955840575 -0.008113756183911663 0.008501478842380328 0.008077135723851374 0.999958368808864 0.004295551287216842 -0.008535275374446552 -0.004226449849329635 0.999954213109981 0.639396986143268 0.45870567630025505 0.02750799761270173
FixedParameters: 0 0 0
#Transform 218
Transform: MatrixOffsetTransformBase_double_3_3
Parameters: 0.9999315320628944 -0.007053527532256199 0.009311573178204819 0.007009687807863125 0.9999641388833338 0.004748275360822216 -0.009345215609634708 -0.004682718198342234 0.999944919565039 0.657495778057168 0.4712248607701355 -0.044907432266199976
FixedParameters: 0 0 0
#Transform 219
Transform: MatrixOffsetTransformBase_double_3_3
Parameters: 0.9999339151751928 -0.006481964500534958 0.009542945343309104 0.006439390494225803 0.9999686712346737 0.004524061541424269 -0.009571388400852133 -0.00446293922423853 0.9999438593053249 0.6861504550512905 0.38471408992951694 0.03135849659324208
FixedParameters: 0 0 0
#Transform 220
Transform: MatrixOffsetTransformBase_double_3_3
Parameters: 0.9999264805067299 -0.007000428627639332 0.009925249355804097 0.0069562274992791264 0.9999659723285848 0.0044336472862272075 -0.009956027721898058 -0.004364346499474814 0.9999408041887905 0.7281629597085697 0.4248346579653628 0.05664240776064844
FixedParameters: 0 0 0
#Transform 221
Transform: MatrixOffsetTransformBase_double_3_3
Parameters: 0.9999315876239268 -0.007967815016987023 0.008539646006340154 0.00793772733560075 0.999962669894526 0.0035114933429467726 -0.008567166864532683 -0.00344350968306064 0.9999577308086073 0.6889681451016401 0.5362255454500939 0.008940991694117884
FixedParameters: 0 0 0
#Transform 222
Transform: MatrixOffsetTransformBase_double_3_3
Parameters: 0.9999299231392313 -0.0081080674930787 0.008563472157141332 0.00807212837781645 0.9999580288147814 0.004228888565955102 -0.008597137291073033 -0.004159112919267738 0.9999547136683866 0.6720913576688048 0.5226170581306206 0.030968812631385845
FixedParameters: 0 0 0
#Transform 223
Transform: MatrixOffsetTransformBase_double_3_3
Parameters: 0.9999253415313504 -0.0077360498056842615 0.009423299290816464 0.007694874213772166 0.9999603123690045 0.004445671436885401 -0.009457789924455512 -0.004373331237034046 0.999946140135954 0.7203515131097475 0.4862000916082678 0.055567652033943205
FixedParameters: 0 0 0
#Transform 224
Transform: MatrixOffsetTransformBase_double_3_3
Parameters: 0.9999218271624452 -0.008977831496802586 0.008693273605684188 0.008945746030898935 0.9999531067677664 0.003666909692881644 -0.008725391605328158 -0.0035880877630481214 0.9999554017775791 0.7029375183617645 0.6056160206561572 0.024128068311242146
FixedParameters: 0 0 0
#Transform 225
Transform: MatrixOffsetTransformBase_double_3_3
Parameters: 0.9999245978047175 -0.008770518875388936 0.008629927810559084 0.008740713062427711 0.9999561246030891 0.0034554855547647215 -0.00865998567178999 -0.003379515249143164 0.9999571136341403 0.7164636268321942 0.5655581880273246 0.06467303989859374
FixedParameters: 0 0 0
#Transform 226
Transform: MatrixOffsetTransformBase_double_3_3
Parameters: 0.9999142658828251 -0.008510909632427068 0.00996416461747411 0.008459458028664503 0.9999503513882655 0.005198603061858931 -0.010008536031842418 -0.005113387416478168 0.9999367432356565 0.7518064975864718 0.5469596959572556 0.09355884329555408
FixedParameters: 0 0 0
#Transform 227
Transform: MatrixOffsetTransformBase_double_3_3
Parameters: 0.9999188535938214 -0.009280158226029862 0.008776297490106128 0.009242735217601506 0.9999482634664879 0.004256451620996471 -0.008815136435387843 -0.004174544351357168 0.9999520476563111 0.7107917494940637 0.6323372418164723 0.03166759502951777
FixedParameters: 0 0 0
#Transform 228
Transform: MatrixOffsetTransformBase_double_3_3
Parameters: 0.9999138175961587 -0.008831753672566726 0.009704200601102744 0.008785785469400061 0.9999497923866479 0.004801844264949964 -0.009746209226114131 -0.0047161605280313795 0.9999417268184282 0.7500710458852069 0.5188890273817179 0.10389596990637529
FixedParameters: 0 0 0
#Transform 229
Transform: MatrixOffsetTransformBase_double_3_3
Parameters: 0.9999102341900266 -0.009416775782642745 0.00949138121761374 0.009374551833082211 0.9999466066167115 0.004451038007164211 -0.009532648470497637 -0.004361962109005704 0.9999447911642886 0.7386703360102018 0.6190526380722616 0.04763509049664094
FixedParameters: 0 0 0
#Transform 230
Transform: MatrixOffsetTransformBase_double_3_3
Parameters: 0.9999181993367406 -0.009216198126064577 0.008880414031272774 0.009174043524273584 0.9999462562993139 0.004738672322298874 -0.008923278098128182 -0.004657328077278804 0.9999497985767518 0.6962561624584396 0.5935754676556684 0.038963924682846596
FixedParameters: 0 0 0
#Transform 231
Transform: MatrixOffsetTransformBase_double_3_3
Parameters: 0.9999108269002359 -0.008898789019952587 0.009948736126891563 0.008844359357751843 0.9999458387323086 0.005491543465946658 -0.009997095701306163 -0.005403457862628559 0.999935634564143 0.7365828946947062 0.5429783850539707 0.057354074871540206
FixedParameters: 0 0 0
#Transform 232
Transform: MatrixOffsetTransformBase_double_3_3
Parameters: 0.9999169133023639 -0.009140779176633022 0.009139227469646146 0.00909316244153698 0.9999444698132497 0.005272186112684131 -0.009186659341369568 -0.005188820107576805 0.9999447245361459 0.7147954330551869 0.6180347229374377 0.020410949085842844
FixedParameters: 0 0 0
#Transform 233
Transform: MatrixOffsetTransformBase_double_3_3
Parameters: 0.999886766858581 -0.00902267254042663 0.012033533125000904 0.00894283371321313 0.9999379249493059 0.006664070655341803 -0.012093465750528045 -0.006555925740096065 0.9999054518358715 0.7838711157722855 0.5615760108673271 0.19249862762288217
FixedParameters: 0 0 0
#Transform 234
Transform: MatrixOffsetTransformBase_double_3_3
Parameters: 0.9998965761106414 -0.008678655535408555 0.011450066365201378 0.008612796132608387 0.9999464229118349 0.005758178607686647 -0.01149882867326609 -0.0056588247508676595 0.9999179753405336 0.7637857909570158 0.578813286987355 0.12039451081372476
FixedParameters: 0 0 0
#Transform 235
Transform: MatrixOffsetTransformBase_double_3_3
Parameters: 0.9999068057582057 -0.009140793773756995 0.01013061881013235 0.009090595791336495 0.9999458126028692 0.0050006325743790145 -0.010175881673371629 -0.0049083612529962 0.9999358964589713 0.7347439410425523 0.6097553748485325 0.0629229071611519
FixedParameters: 0 0 0
#Transform 236
Transform: MatrixOffsetTransformBase_double_3_3
Parameters: 0.9999055743865355 -0.008605536612618732 0.010741042448217657 0.008547389597299174 0.9999490423980156 0.005410741587292919 -0.010786581650290826 -0.005318263586231255 0.999927973100419 0.7616097267659399 0.5438470767083743 0.10781874608501596
FixedParameters: 0 0 0
#Transform 237
Transform: MatrixOffsetTransformBase_double_3_3
Parameters: 0.9999124701134806 -0.008928621643141663 0.009788353269407841 0.008884108266751626 0.9999506215190416 0.004538596076692006 -0.009827764182691455 -0.004451405593818146 0.9999414365596472 0.7333344445645906 0.5957584800921296 0.043441153759630424
FixedParameters: 0 0 0
#Transform 238
Transform: MatrixOffsetTransformBase_double_3_3
Parameters: 0.9999138718237591 -0.009268333038553782 0.009338650029541928 0.009222625959391629 0.999944880638162 0.005014207297117677 -0.009384674286440462 -0.004926797130416091 0.9999435769793569 0.7135609297179144 0.5745620725176224 0.039275239871585654
FixedParameters: 0 0 0
#Transform 239
Transform: MatrixOffsetTransformBase_double_3_3
Parameters: 0.9999211361155755 -0.008483994027716484 0.009212675100258557 0.008437106854367752 0.9999508917603263 0.0051514530972662995 -0.00925629328634714 -0.0050735410193566075 0.9999439666810923 0.7256785031602675 0.5049607716854609 0.05027819523678545
FixedParameters: 0 0 0
