#Insight Transform File V1.0
#Transform 0
Transform: MatrixOffsetTransformBase_double_3_3
Parameters: 0.99999967756733 -0.0005031173061446782 0.0002632600703226367 0.0005038021772484956 0.9999990461097458 -0.0013038677597801626 -0.0002619470464987901 0.0013041321806280398 0.9999992306239387 0.21304204519856285 -0.20969658904382982 -0.051456910160226244
FixedParameters: 0 0 0
#Transform 1
Transform: MatrixOffsetTransformBase_double_3_3
Parameters: 0.9999998436825785 -0.0009625957745762505 0.0004797125287475276 0.000962639313901698 0.9999990227401955 -0.0010245391830258285 -0.0004787967088502813 0.001025461860741872 0.999999719690212 0.23274476095402008 -0.19152387193281584 -0.07834063079076259
FixedParameters: 0 0 0
#Transform 2
Transform: MatrixOffsetTransformBase_double_3_3
Parameters: 0.9999989154713238 -0.001022954467970392 0.001019282030706743 0.001023467055018384 0.9999985662321736 -0.0012019539466472315 -0.0010179380601210576 0.0012030454884131292 0.9999984572249022 0.21614175860014484 -0.15780306098154995 -0.1831406934904436
FixedParameters: 0 0 0
#Transform 3
Transform: MatrixOffsetTransformBase_double_3_3
Parameters: 0.9999994660874892 -0.00043654045642822173 0.0005857777602576266 0.00043745909092864646 0.9999982936334234 -0.0015857429288359606 -0.0005854491426668881 0.0015862547547547123 0.9999981416621749 0.23593705508162088 -0.28479890127530894 -0.07981127486152673
FixedParameters: 0 0 0
#Transform 4
Transform: MatrixOffsetTransformBase_double_3_3
Parameters: 0.9999998777427759 -0.0010142928448325168 0.0003061574808100654 0.0010145012805707764 0.9999978564516758 -0.0017816873581658968 -0.00030459896795679246 0.0017813139411767334 0.9999986737976052 0.22751611251489123 -0.23216019215736594 -0.07005941131727411
FixedParameters: 0 0 0
#Transform 5
Transform: MatrixOffsetTransformBase_double_3_3
Parameters: 0.9999991581264506 -0.0011380773494898404 0.0007392061787800316 0.001139500506023544 0.9999969421277927 -0.002195156747281206 -0.0007373190824636159 0.002195845233429007 0.9999975755378248 0.2153757907713043 -0.10180050020733233 -0.1829931506240996
FixedParameters: 0 0 0
#Transform 6
Transform: MatrixOffsetTransformBase_double_3_3
Parameters: 0.9999998021883908 -0.0010284052881514062 0.00037518631549490246 0.0010285963253006633 0.999998658564856 -0.0015095559698690211 -0.00037313778801422506 0.001510444025831989 0.9999985834196919 0.22785889398205939 -0.25838793468430765 -0.06119239483452077
FixedParameters: 0 0 0
#Transform 7
Transform: MatrixOffsetTransformBase_double_3_3
Parameters: 0.9999997950522385 -0.0010289549217855857 0.00038178285447510346 0.0010298747980221714 0.9999986656616567 -0.0011286076304503415 -0.00038045667505142447 0.0011293922916370477 0.9999995801071206 0.22337947515741519 -0.22508520511246388 -0.044173693528776425
FixedParameters: 0 0 0
#Transform 8
Transform: MatrixOffsetTransformBase_double_3_3
Parameters: 0.9999996609747498 -0.0011424192495055158 0.00018514439671759447 0.0011424368217438539 0.9999965146685651 -0.0022757903503374463 -0.00018299808385645533 0.002276210926220136 0.99999778593452 0.21056133454868586 -0.11650966161725762 -0.17407403234913943
FixedParameters: 0 0 0
#Transform 9
Transform: MatrixOffsetTransformBase_double_3_3
Parameters: 0.9999991004331656 -0.0010410926922997553 0.0009031820411674944 0.0010416605922790943 0.9999981400632264 -0.0013540558969578342 -0.0009024760429371174 0.001354943302990727 0.9999982910274043 0.21530306019967327 -0.20945135624353384 -0.09592465749467749
FixedParameters: 0 0 0
#Transform 10
Transform: MatrixOffsetTransformBase_double_3_3
Parameters: 0.9999997767261344 -0.0011044437659993532 -0.00005887551333368576 0.0011043760583054802 0.99999833378834 -0.0015630066895389663 0.00006033141979917739 0.0015629934397800999 0.9999985569950401 0.20835430654624076 -0.2235071482132014 -0.060285420167360826
FixedParameters: 0 0 0
#Transform 11
Transform: MatrixOffsetTransformBase_double_3_3
Parameters: 0.9999988010386132 -0.001398688621243847 0.0004922164211297132 0.0013995218285538101 0.9999972708917103 -0.001682309582258186 -0.0004905624528522066 0.001682691628562577 0.9999988685255591 0.2263099192729925 -0.10748340867331763 -0.15493251545888143
FixedParameters: 0 0 0
#Transform 12
Transform: MatrixOffsetTransformBase_double_3_3
Parameters: 0.9999993327771415 -0.0011801803857946452 0.0005237944809967368 0.0011809996775289304 0.9999980264019027 -0.0016243800930484664 -0.0005220145267653729 0.0016246217990243048 0.9999990283662623 0.2294089121097329 -0.25481760628150596 -0.056700246770375884
FixedParameters: 0 0 0
#Transform 13
Transform: MatrixOffsetTransformBase_double_3_3
Parameters: 0.9999992144623935 -0.001328558695234102 0.00014608603516144577 0.0013282536335057292 0.999997336879409 -0.0019887453217175347 -0.0001428587432260113 0.001988254594594105 0.9999979693075649 0.22182817425431267 -0.1888724366789063 -0.06921023488563094
FixedParameters: 0 0 0
#Transform 14
Transform: MatrixOffsetTransformBase_double_3_3
Parameters: 0.9999985455842979 -0.001450936393724179 0.0005904165120658513 0.0014529681760780957 0.9999960741486731 -0.0024230821543230266 -0.0005864329113641927 0.002423916326927525 0.9999967247103295 0.20780694708965086 -0.1308798484273126 -0.17951758177071042
FixedParameters: 0 0 0
#Transform 15
Transform: MatrixOffsetTransformBase_double_3_3
Parameters: 0.9999994020586982 -0.0012629907355273613 0.00005046721310053893 0.0012632877045461691 0.999997174891583 -0.0018139340184739755 -0.0000478822820619487 0.0018130652813679385 0.9999986495964759 0.2119829092802945 -0.3016702964439304 -0.07472616187757808
FixedParameters: 0 0 0
#Transform 16
Transform: MatrixOffsetTransformBase_double_3_3
Parameters: 0.9999993607003462 -0.0012585960241440581 0.0002337120233770138 0.0012594426533535802 0.9999979652523344 -0.0015636473174047982 -0.0002317702885587278 0.0015643517734717297 0.9999985032525504 0.22113407144233577 -0.22711098644833783 -0.05527996585347239
FixedParameters: 0 0 0
#Transform 17
Transform: MatrixOffsetTransformBase_double_3_3
Parameters: 0.999998872333274 -0.0012094354021171482 0.0008150586635263926 0.0012104547883364564 0.9999982368410423 -0.0011650106382399203 -0.0008142940661731898 0.0011659891017589616 0.999998918709792 0.22942035594590493 -0.15053306143748557 -0.21679768117901688
FixedParameters: 0 0 0
#Transform 18
Transform: MatrixOffsetTransformBase_double_3_3
Parameters: 0.9999986817425008 -0.0015062175735946067 0.00022054593585180273 0.0015071276305111212 0.9999980015419565 -0.0016675477215678594 -0.00021851589823407018 0.0016674530868787396 0.9999981190801679 0.23802752048037235 -0.2519242158630277 -0.0857061547415583
FixedParameters: 0 0 0
#Transform 19
Transform: MatrixOffsetTransformBase_double_3_3
Parameters: 0.9999996131159223 -0.0011560780937320092 0.0002263082679817065 0.0011557210006277027 0.9999989936945909 -0.0012906809700957353 -0.00022438128041331893 0.001291320325596472 0.9999992860553577 0.2442894159439959 -0.21860913369478396 -0.09847347813810359
FixedParameters: 0 0 0
#Transform 20
Transform: MatrixOffsetTransformBase_double_3_3
Parameters: 0.9999994162080053 -0.0012117200102882576 0.0003392904843449445 0.0012126637233153322 0.9999988767160534 -0.001307527523252791 -0.00033711884145039213 0.0013074728996386106 0.999999120376367 0.21817635278202374 -0.1529134634070175 -0.2431563685667868
FixedParameters: 0 0 0
#Transform 21
Transform: MatrixOffsetTransformBase_double_3_3
Parameters: 0.9999987572760639 -0.0014956910975090242 0.00007288213994531166 0.00149604550990428 0.9999980295353847 -0.001650774664657663 -0.00006993925853697253 0.001651225115263437 0.9999982761327046 0.22963194237502194 -0.3007875591313791 -0.07925013707247786
FixedParameters: 0 0 0
#Transform 22
Transform: MatrixOffsetTransformBase_double_3_3
Parameters: 0.9999989523436095 -0.001395639339914196 0.0003168985346032271 0.00139572948414266 0.999997749983914 -0.0015354959623104722 -0.0003146681710059881 0.0015355028686495978 0.9999984868359807 0.2425716863173193 -0.2254440805556186 -0.08545317158993271
FixedParameters: 0 0 0
#Transform 23
Transform: MatrixOffsetTransformBase_double_3_3
Parameters: 0.9999985531148694 -0.001450527954096267 0.0005855990479763686 0.0014509674846557342 0.9999986797549666 -0.0011270895444219775 -0.0005843833954156342 0.001127912333167301 0.9999993308430266 0.2154306713060521 -0.14269336130419674 -0.1835055155438141
FixedParameters: 0 0 0
#Transform 24
Transform: MatrixOffsetTransformBase_double_3_3
Parameters: 0.9999981515195484 -0.0015133391668833306 0.0007466244963267617 0.001514477232229113 0.9999983037531355 -0.0007228632872436566 -0.0007454336246287323 0.0007231361969882166 0.999999802308292 0.23748463064679015 -0.2726390446520668 -0.09203916205655105
FixedParameters: 0 0 0
#Transform 25
Transform: MatrixOffsetTransformBase_double_3_3
Parameters: 0.9999984208488482 -0.0016049906161281582 0.00005480225078642366 0.0016051106396500158 0.9999981089270582 -0.0005578532184911528 -0.00005400925420520914 0.0005581462706944415 0.9999996891937861 0.24132785700962245 -0.21187247250780672 -0.06967994509294329
FixedParameters: 0 0 0
#Transform 26
Transform: MatrixOffsetTransformBase_double_3_3
Parameters: 0.9999983919549155 -0.001142529942973956 0.0011412862521285403 0.0011437960058709397 0.9999988182548144 -0.0009656921128198062 -0.001140134063199282 0.0009673071861676513 0.9999987054546156 0.22673475668656806 -0.1421866560882563 -0.21559284247382493
FixedParameters: 0 0 0
#Transform 27
Transform: MatrixOffsetTransformBase_double_3_3
Parameters: 0.9999992119675131 -0.001335970230844669 -0.000056520768778513716 0.0013358729322758046 0.9999983784756474 -0.001354017882431939 0.000059140206593550264 0.0013539817719524436 0.9999991668570459 0.22871559984386636 -0.26617058572409746 -0.08988249594051467
FixedParameters: 0 0 0
#Transform 28
Transform: MatrixOffsetTransformBase_double_3_3
Parameters: 0.9999978276293704 -0.0017809703531072635 0.00001638701845765644 0.0017811233068904908 0.9999975811212117 -0.001114913569494634 -0.000014411759221832614 0.0011150868277227319 0.9999997600548287 0.2439552332774042 -0.2643755450642118 -0.02822395723026716
FixedParameters: 0 0 0
#Transform 29
Transform: MatrixOffsetTransformBase_double_3_3
Parameters: 0.9999988318309956 -0.0015426646703854882 0.0008881813638385276 0.0015430464314324652 0.9999991809467618 -0.0007435650793918905 -0.0008869431405113323 0.0007444363117138572 0.999999543810586 0.21250860567288044 -0.12915119041656453 -0.2040370561865501
FixedParameters: 0 0 0
#Transform 30
Transform: MatrixOffsetTransformBase_double_3_3
Parameters: 0.9999990873620316 -0.001382956026397115 -0.000008357421331378086 0.0013829598017670215 0.9999990286845529 0.0002350478661017133 0.000007707429657260021 -0.00023495167900172004 0.9999999482275359 0.22045672751103496 -0.21702917665172095 -0.09962359476995175
FixedParameters: 0 0 0
#Transform 31
Transform: MatrixOffsetTransformBase_double_3_3
Parameters: 0.9999988968065214 -0.0014405584049630603 0.00016728292218568197 0.001440422770291488 0.9999987582524581 0.000404300498539463 -0.0001684468400834134 -0.00040369847820066057 0.9999998121223772 0.23825329759826275 -0.22671969913567125 -0.06353341595171003
FixedParameters: 0 0 0
#Transform 32
Transform: MatrixOffsetTransformBase_double_3_3
Parameters: 0.9999980570948588 -0.0017144056408085714 -0.000060940303515354935 0.0017144168249459285 0.9999980488082447 0.00009195481598929522 0.000060624850041155236 -0.00009204482495673433 0.9999999913586403 0.22664706665075585 -0.15824015465345553 -0.09312601582234947
FixedParameters: 0 0 0
#Transform 33
Transform: MatrixOffsetTransformBase_double_3_3
Parameters: 0.9999987541727628 -0.0016803498204470907 0.0006498069656355028 0.0016806024690842207 0.9999981938519363 -0.000193845399807914 -0.0006491532622444686 0.00019515371185072766 0.9999994846605409 0.2027432314095563 -0.12725557416548838 -0.21450494638709472
FixedParameters: 0 0 0
#Transform 34
Transform: MatrixOffsetTransformBase_double_3_3
Parameters: 0.9999988432594108 -0.001747864804761047 0.00031825398722160736 0.0017480543357612953 0.9999979584993086 -0.00020438115125882839 -0.00031853731229249083 0.00020461967553155047 0.999999801119498 0.2204165952589534 -0.25670758406113237 -0.08881259934400987
FixedParameters: 0 0 0
#Transform 35
Transform: MatrixOffsetTransformBase_double_3_3
Parameters: 0.9999977862521898 -0.0020462046952952127 0.00016367242792419284 0.002046322983049091 0.9999976739946396 -0.00036254734663629384 -0.00016218684247968704 0.000363450950520712 0.9999998487200663 0.2400164238807463 -0.19865148069521865 -0.029380020488233072
FixedParameters: 0 0 0
#Transform 36
Transform: MatrixOffsetTransformBase_double_3_3
Parameters: 0.9999980014350758 -0.0017884650055727653 0.0008939924518341383 0.0017888729062026292 0.9999988273399445 0.00029766634066766967 -0.0008939973792588257 -0.00029633574478995367 0.999999997676784 0.22807718499835516 -0.13080156950020694 -0.17377956710430453
FixedParameters: 0 0 0
#Transform 37
Transform: MatrixOffsetTransformBase_double_3_3
Parameters: 0.9999978186620389 -0.002160350417014388 0.0007170891918689712 0.002160316712428456 0.9999973845683262 0.000024671110589138956 -0.0007171907297060223 -0.00002232873986018208 0.9999994329895368 0.2353712924355449 -0.2057712016541302 -0.09789813572069761
FixedParameters: 0 0 0
#Transform 38
Transform: MatrixOffsetTransformBase_double_3_3
Parameters: 0.9999973071253712 -0.002385545304425835 -0.000045189606298836444 0.0023855689645169336 0.9999972872710815 0.00026507409686630373 0.00004392287300526623 -0.0002659244357842219 0.9999998788742647 0.23618741820379796 -0.2387457033153737 -0.04692005157960466
FixedParameters: 0 0 0
#Transform 39
Transform: MatrixOffsetTransformBase_double_3_3
Parameters: 0.9999970877589648 -0.0019804827981328103 0.000994542040906445 0.001979601366178392 0.9999973589155764 0.0009150370155347684 -0.0009971040181112208 -0.0009129609907788938 0.9999990580506776 0.2399034912756548 -0.17314659555317746 -0.15811493283383982
FixedParameters: 0 0 0
#Transform 40
Transform: MatrixOffsetTransformBase_double_3_3
Parameters: 0.9999968320898679 -0.002414803791131569 0.0005800168559825436 0.0024137658548857278 0.9999956777569668 0.00159652746089093 -0.0005846668337981307 -0.0015944717312082607 0.9999990630830771 0.22586476830869628 -0.12603756254853238 -0.17773505630857755
FixedParameters: 0 0 0
#Transform 41
Transform: MatrixOffsetTransformBase_double_3_3
Parameters: 0.9999958265335019 -0.002781392125054075 0.0006596500214977895 0.0027809455016172893 0.9999946582358703 0.001666029649367018 -0.0006648025516142327 -0.0016649698019585088 0.9999986205032194 0.24496001702978276 -0.2113190766819315 -0.150428019999012
FixedParameters: 0 0 0
#Transform 42
Transform: MatrixOffsetTransformBase_double_3_3
Parameters: 0.9999979556172698 -0.002244511751271272 0.00007166655572214968 0.0022450542792192105 0.9999967700797961 0.001496346149211937 -0.0000743329389441426 -0.001496656167083131 0.9999987065014321 0.24392939268214775 -0.16578914983385573 -0.12994397717201878
FixedParameters: 0 0 0
#Transform 43
Transform: MatrixOffsetTransformBase_double_3_3
Parameters: 0.9999976063897676 -0.0018874592449531166 0.0009108827113424561 0.0018864418076348182 0.9999962776628953 0.002068790197465177 -0.0009145162816761362 -0.0020672132814035654 0.9999977754532579 0.23126976774906893 -0.11455841476262663 -0.17828165676461083
FixedParameters: 0 0 0
#Transform 44
Transform: MatrixOffsetTransformBase_double_3_3
Parameters: 0.9999965886839048 -0.002703042150225526 0.0003275910074502444 0.002701593237895214 0.9999947532988708 0.001747076555259304 -0.0003320417333944058 -0.0017469247338542868 0.9999987313491039 0.23713458627604211 -0.20530843311306057 -0.13548784427595706
FixedParameters: 0 0 0
#Transform 45
Transform: MatrixOffsetTransformBase_double_3_3
Parameters: 0.9999976747468938 -0.00230209412703129 0.00016281904886729931 0.002301494176983863 0.999996103960586 0.0012844996671020834 -0.00016573765045781047 -0.0012844995536159254 0.9999992709012022 0.24384290760919214 -0.17904176927048354 -0.09257212073723053
FixedParameters: 0 0 0
#Transform 46
Transform: MatrixOffsetTransformBase_double_3_3
Parameters: 0.999998092326888 -0.0017900362731441061 0.0008383344921292958 0.0017879985517687516 0.9999956564387638 0.0022935691735851693 -0.0008434256142534903 -0.0022924279942778125 0.9999969201726093 0.23358700556597967 -0.09494475775120748 -0.22607837447475276
FixedParameters: 0 0 0
#Transform 47
Transform: MatrixOffsetTransformBase_double_3_3
Parameters: 0.9999975824956261 -0.002327660429506951 -0.000011802782469331075 0.0023274028421777977 0.9999954185821859 0.002038155938088995 0.000007306939066878404 -0.0020378452026868638 0.9999978570032557 0.2379609681284336 -0.21534940100214328 -0.15067182241941168
FixedParameters: 0 0 0
#Transform 48
Transform: MatrixOffsetTransformBase_double_3_3
Parameters: 0.9999966365882912 -0.0025142078472002493 -0.00020506950475990865 0.0025145085994550337 0.9999965463061423 0.001030662498910359 0.00020188387953336455 -0.0010303375464525907 0.9999999664183015 0.2533220383009649 -0.196030901437922 -0.07344673806929336
FixedParameters: 0 0 0
#Transform 49
Transform: MatrixOffsetTransformBase_double_3_3
Parameters: 0.99999741454992 -0.0021349753614668806 0.0001623738900364499 0.0021350696270806117 0.9999953952286931 0.002024472450577408 -0.00016696635211032871 -0.0020245254586631345 0.9999978221072493 0.24249425128942903 -0.10728525542481293 -0.16517094618794204
FixedParameters: 0 0 0
#Transform 50
Transform: MatrixOffsetTransformBase_double_3_3
Parameters: 0.9999966827022814 -0.0025057160377157605 -0.00019618933577488477 0.0025059814097153407 0.9999960486337492 0.0012886902615507137 0.00019372219873121674 -0.0012893121110410452 0.9999993110168556 0.2548452204250964 -0.20210220519312827 -0.08926925724308887
FixedParameters: 0 0 0
#Transform 51
Transform: MatrixOffsetTransformBase_double_3_3
Parameters: 0.9999977059336512 -0.0022214953866164264 0.0005992104708436231 0.0022197694157851766 0.9999933116937451 0.0027954581549130483 -0.0006055135741216243 -0.002793539052626144 0.9999957757362111 0.22316370652751516 -0.1089200058481481 -0.2375195194167503
FixedParameters: 0 0 0
#Transform 52
Transform: MatrixOffsetTransformBase_double_3_3
Parameters: 0.9999962682804073 -0.0025941901918287197 0.00005416841960618872 0.002593670864055929 0.999994468739449 0.001962327797125789 -0.00005935842909096707 -0.0019626710690552884 0.9999980967103486 0.22433258539025758 -0.15772432434908978 -0.13214186414744233
FixedParameters: 0 0 0
#Transform 53
Transform: MatrixOffsetTransformBase_double_3_3
Parameters: 0.9999966533558704 -0.002518930420990415 -0.000044089314897472956 0.0025188420347716824 0.9999965588836617 0.0010420706310269867 0.00004183466051738288 -0.0010419318508279735 0.9999999229378812 0.23666453471619775 -0.19345858333932142 -0.06416631950251883
FixedParameters: 0 0 0
#Transform 54
Transform: MatrixOffsetTransformBase_double_3_3
Parameters: 0.9999978875948775 -0.002204905062498135 0.000501786557695845 0.0022035966592564675 0.999995211410033 0.001996231685086322 -0.0005055332370923606 -0.001994767451027925 0.9999977121279913 0.24097682546478438 -0.09230548644691794 -0.1433742048077704
FixedParameters: 0 0 0
#Transform 55
Transform: MatrixOffsetTransformBase_double_3_3
Parameters: 0.9999966475658963 -0.0025201447351931934 -0.00004160098725508169 0.0025200352209761574 0.9999950879365941 0.001615080147634354 0.000037451515899530484 -0.001615917122233794 0.9999983399420707 0.2405294644881053 -0.1902632757510645 -0.1055901293808148
FixedParameters: 0 0 0
#Transform 56
Transform: MatrixOffsetTransformBase_double_3_3
Parameters: 0.9999971586815186 -0.00238592198479676 0.0003852781089449369 0.002385402537610105 0.9999956267030025 0.00165404636640544 -0.0003891152496060786 -0.0016529550787859823 0.9999990638401928 0.23374330862550607 -0.12127024911944773 -0.13947171661877178
FixedParameters: 0 0 0
#Transform 57
Transform: MatrixOffsetTransformBase_double_3_3
Parameters: 0.9999966161547384 -0.002506293373553993 -0.00031909684309811405 0.002506845563843717 0.9999963863426059 0.0011483819056319691 0.0003163314504426367 -0.001149619443459711 0.999999589403683 0.24136487682950758 -0.1292670888114884 -0.08060212501561637
FixedParameters: 0 0 0
#Transform 58
Transform: MatrixOffsetTransformBase_double_3_3
Parameters: 0.9999960344566864 -0.0028221922285417886 -0.000032083800615305955 0.0028221308780104083 0.9999951358332456 0.000941149194512679 0.000028768961284177292 -0.0009408473138520293 0.9999991276612598 0.2598139873136489 -0.19051395127570458 -0.06040348018889574
FixedParameters: 0 0 0
#Transform 59
Transform: MatrixOffsetTransformBase_double_3_3
Parameters: 0.9999971704821419 -0.0021940965269212015 0.00012946144387179076 0.002193239895448111 0.9999957101941166 0.0021274703263592237 -0.000133804327579872 -0.002127530559774063 0.9999974077526023 0.22352759983775172 -0.064639052770886 -0.16757470191913626
FixedParameters: 0 0 0
#Transform 60
Transform: MatrixOffsetTransformBase_double_3_3
Parameters: 0.9999975369838138 -0.002335520565669095 0.0000845546433121126 0.0023359198735242934 0.9999955147818231 0.0017553245566210018 -0.00008770487265873064 -0.0017556783655731933 0.9999988586234854 0.22910145325336373 -0.18081383156076924 -0.11998129853418504
FixedParameters: 0 0 0
#Transform 61
Transform: MatrixOffsetTransformBase_double_3_3
Parameters: 0.9999977485550907 -0.0022825655683684017 -0.00020818942690582765 0.0022819531476198176 0.999996509682124 0.0015067066395669793 0.00020524433577941422 -0.0015072949906259625 0.9999986967639188 0.23157209740769247 -0.17687075094842442 -0.09799174691585222
FixedParameters: 0 0 0
#Transform 62
Transform: MatrixOffsetTransformBase_double_3_3
Parameters: 0.9999977331196905 -0.002065445656258661 0.00004044722029530396 0.002064934417807855 0.9999945228504554 0.0024912063966494383 -0.00004574482738658974 -0.0024907915829578617 0.9999968000798812 0.22354583447123844 -0.05976378853753772 -0.18822654175393438
FixedParameters: 0 0 0
#Transform 63
Transform: MatrixOffsetTransformBase_double_3_3
Parameters: 0.9999953140785355 -0.0029436676396394964 -0.00014441819342471307 0.002943871803064297 0.999994895468942 0.0015558779855577437 0.00013925011434763135 -0.0015561210212554008 0.9999985763258243 0.22798023178789606 -0.15792038365295014 -0.11014643629822274
FixedParameters: 0 0 0
#Transform 64
Transform: MatrixOffsetTransformBase_double_3_3
Parameters: 0.9999961404017069 -0.0026078531906040077 -0.0002472307411211677 0.0026071374399800912 0.9999965226600204 0.0008145949604776853 0.0002449176865960165 -0.0008154046216842445 0.9999992892895435 0.2564501687187857 -0.16128057099385273 -0.06343126577073122
FixedParameters: 0 0 0
#Transform 65
Transform: MatrixOffsetTransformBase_double_3_3
Parameters: 0.9999985589687466 -0.0018516160699012568 -0.00011200746625701913 0.0018517953276289902 0.9999969526898066 0.0016159132330151108 0.00010901746366029349 -0.001616085698334678 0.9999983833607802 0.2379789713959184 -0.07034629973379936 -0.14019692090127478
FixedParameters: 0 0 0
#Transform 66
Transform: MatrixOffsetTransformBase_double_3_3
Parameters: 0.9999971571715399 -0.0024145383898502544 -0.00011338089345152164 0.0024145709821485257 0.9999969937167883 0.00040690499309191386 0.0001124136803747066 -0.0004070949750044073 0.9999998321562704 0.25043530313706697 -0.15748002739502454 -0.05187170920697781
FixedParameters: 0 0 0
#Transform 67
Transform: MatrixOffsetTransformBase_double_3_3
Parameters: 0.9999972577920043 -0.0021552584098720722 -0.00031125107182931514 0.0021554521544926903 0.9999971817511657 0.00040644826218193264 0.0003104948474369451 -0.00040755154081778544 0.9999997447426542 0.27198786782042816 -0.1357666047537549 -0.03389229024752183
FixedParameters: 0 0 0
#Transform 68
Transform: MatrixOffsetTransformBase_double_3_3
Parameters: 0.9999970615194809 -0.0022217544947150183 0.000026530035833377232 0.0022224197705463574 0.9999962430229161 0.0016932436944152932 -0.000030003997021291177 -0.0016937558262084748 0.9999980826018823 0.24781070130219973 -0.06728472837610866 -0.11846447505867275
FixedParameters: 0 0 0
#Transform 69
Transform: MatrixOffsetTransformBase_double_3_3
Parameters: 0.9999964685562083 -0.0025063940132190048 -0.0004980270315785838 0.002507532239641552 0.9999957863411119 0.001383933051685618 0.0004950756834561573 -0.0013860675207126166 0.9999988457565425 0.25758322533999944 -0.13804262572428172 -0.08451197803346133
FixedParameters: 0 0 0
#Transform 70
Transform: MatrixOffsetTransformBase_double_3_3
Parameters: 0.9999980263340736 -0.0022276705715273864 -0.00010596203153982833 0.0022277427098073106 0.9999966070321356 0.001192885421878176 0.00010364143238931305 -0.001193115549075939 0.9999995727980885 0.2702619944436009 -0.1141230170607912 -0.06560663026641578
FixedParameters: 0 0 0
#Transform 71
Transform: MatrixOffsetTransformBase_double_3_3
Parameters: 0.9999974242278504 -0.0023614571542794342 -7.248131150559335e-7 0.002361148757369407 0.9999946768135937 0.0024071871245528523 -0.000005653695537871786 -0.0024078132400132957 0.9999971552682123 0.2450905014968896 -0.02524856309263157 -0.17345580233109104
FixedParameters: 0 0 0
#Transform 72
Transform: MatrixOffsetTransformBase_double_3_3
Parameters: 0.999996247415258 -0.002598875413297957 0.000010953629424834181 0.002598160361789173 0.9999896123355297 0.003831281503010306 -0.00002088378277859482 -0.0038317181194837263 0.99999227413958 0.264174299450076 -0.09442929042104709 -0.2026082297340963
FixedParameters: 0 0 0
#Transform 73
Transform: MatrixOffsetTransformBase_double_3_3
Parameters: 0.9999957886316844 -0.0026852564523914936 -0.000003503744498673726 0.0026855179454852093 0.9999859078154917 0.004568241712501531 -0.000008991947228813992 -0.004567753357642132 0.9999891472976897 0.26195325437275585 -0.04212979189586008 -0.2412633529041983
FixedParameters: 0 0 0
#Transform 74
Transform: MatrixOffsetTransformBase_double_3_3
Parameters: 0.9999966154034121 -0.00270866275536201 -0.0002169959300617584 0.0027099025200830297 0.999984844884157 0.004774664045753128 0.00020409921009254635 -0.0047753313047962515 0.999988168947415 0.2441976735531597 0.08685969835185858 -0.27350512396644433
FixedParameters: 0 0 0
#Transform 75
Transform: MatrixOffsetTransformBase_double_3_3
Parameters: 0.9999951487219105 -0.0030768863465834833 -0.0006201977766279363 0.003079107459114037 0.9999869532042988 0.004060401125420714 0.0006080535507950003 -0.00406259671754771 0.9999912037447372 0.26621607360925736 -0.04085975776952466 -0.20366659349913618
FixedParameters: 0 0 0
#Transform 76
Transform: MatrixOffsetTransformBase_double_3_3
Parameters: 0.9999970254673856 -0.0024441507947928036 0.000051605362468815574 0.002443118217098443 0.9999897142373277 0.003912318144931863 -0.00006074206618664702 -0.003911688389161838 0.9999927035540481 0.2788634812333868 -0.02584364922277871 -0.18060588205473493
FixedParameters: 0 0 0
#Transform 77
Transform: MatrixOffsetTransformBase_double_3_3
Parameters: 0.9999965571216088 -0.002537337660720774 -0.00007422227461152949 0.002537279760513677 0.9999910321953623 0.0033940010972372883 0.00006598309840111473 -0.0033940016285610303 0.9999944863415678 0.270621805453942 0.057324311465023925 -0.1789957226856842
FixedParameters: 0 0 0
#Transform 78
Transform: MatrixOffsetTransformBase_double_3_3
Parameters: 0.9999974793317571 -0.00234544235509248 0.0001396130541364382 0.0023449112475269437 0.999990167606977 0.0036584588698805043 -0.00014872757364380913 -0.0036585388146477826 0.9999935423624722 0.26407780635422284 -0.01853788631925113 -0.1597707366357497
FixedParameters: 0 0 0
#Transform 79
Transform: MatrixOffsetTransformBase_double_3_3
Parameters: 0.9999970486929344 -0.0022242092973917263 0.000059521726747489894 0.002224230635096337 0.9999897341372583 0.0039132613147572284 -0.00006888334823409356 -0.003912738903339437 0.9999926912616796 0.25000282436208465 0.08283060159941158 -0.20805622948658709
FixedParameters: 0 0 0
#Transform 80
Transform: MatrixOffsetTransformBase_double_3_3
Parameters: 0.9999978559465698 -0.0022654001837715027 0.00010946414469341085 0.002265022295630862 0.9999901159650314 0.0037153780156345823 -0.00011725354032120662 -0.0037156206079246162 0.9999931299754725 0.24020414236839827 0.05928267515177765 -0.19099262316029808
FixedParameters: 0 0 0
#Transform 81
Transform: MatrixOffsetTransformBase_double_3_3
Parameters: 0.9999971553433568 -0.0025750012620805564 -0.000462140883094919 0.002576796008734484 0.9999896640980477 0.0036989990076088594 0.00045300223036564066 -0.0037010011244199698 0.9999931111042986 0.2487258366091396 0.0032058641366319307 -0.16466098666327866
FixedParameters: 0 0 0
#Transform 82
Transform: MatrixOffsetTransformBase_double_3_3
Parameters: 0.9999962060672895 -0.0025867444830854915 -0.0003212028851643365 0.0025879406839790045 0.9999851504067601 0.004699356531034905 0.00030980208645347104 -0.004699640987576269 0.9999888847529792 0.2345679307712487 0.10825788182401652 -0.2751541075636368
FixedParameters: 0 0 0
#Transform 83
Transform: MatrixOffsetTransformBase_double_3_3
Parameters: 0.9999972923075457 -0.0023856932635898075 -0.00012774709661470302 0.0023860916323941656 0.9999900487686001 0.0037818864905814487 0.00011868188871001404 -0.0037831122014225296 0.9999926287886706 0.2361557147432194 0.0086380535611994 -0.18945275929223726
FixedParameters: 0 0 0
#Transform 84
Transform: MatrixOffsetTransformBase_double_3_3
Parameters: 0.9999969944056271 -0.0024096143363692723 -0.00044620820047421727 0.0024115350546693895 0.9999898116033188 0.003912112487733516 0.0004362701972510496 -0.003912891600409668 0.999992567310963 0.25933459688545213 -0.0041250446817429065 -0.15437839630070016
FixedParameters: 0 0 0
#Transform 85
Transform: MatrixOffsetTransformBase_double_3_3
Parameters: 0.9999967039456834 -0.0026626936868565827 -0.00045375610783501943 0.0026644586551639866 0.9999898481230579 0.0037390392938506586 0.0004437582085792217 -0.0037399633201106106 0.9999928879436247 0.2463810973664664 0.11351652208296059 -0.213484772248151
FixedParameters: 0 0 0
#Transform 86
Transform: MatrixOffsetTransformBase_double_3_3
Parameters: 0.9999965549629746 -0.002716104515869196 -0.00025862109610683647 0.002717386838001259 0.9999899299101789 0.0036975500263125988 0.0002485103354742742 -0.003698454165837757 0.9999932744850567 0.25096692683401045 0.05163307395773131 -0.18981738525788217
FixedParameters: 0 0 0
#Transform 87
Transform: MatrixOffsetTransformBase_double_3_3
Parameters: 0.999996360385917 -0.0025529795233153823 -0.00035005277363186484 0.0025540813391068816 0.9999891800990748 0.0039022947392853002 0.00034004544167238364 -0.003902708754545993 0.999992721094344 0.26119208574674246 0.01552492863855548 -0.17131529490450248
FixedParameters: 0 0 0
#Transform 88
Transform: MatrixOffsetTransformBase_double_3_3
Parameters: 0.9999967255318646 -0.0024951258819840573 -0.00021955991499828534 0.0024961706836184455 0.999990270160358 0.0036726424348180464 0.00021021094374511153 -0.00367335978606307 0.999993473372094 0.2523258040783247 0.12082528358769196 -0.20182248377130918
FixedParameters: 0 0 0
#Transform 89
Transform: MatrixOffsetTransformBase_double_3_3
Parameters: 0.9999967671045878 -0.002667702258501055 -0.0003422746381070564 0.002668736938327051 0.9999886755257776 0.003897278997114492 0.0003313961681457131 -0.00389872129598344 0.9999927025994371 0.256186207874606 0.054657989360578085 -0.17200800562073937
FixedParameters: 0 0 0
#Transform 90
Transform: MatrixOffsetTransformBase_double_3_3
Parameters: 0.9999969802580516 -0.002596909146140437 -0.0005263176984322827 0.0025983851856128033 0.9999885995331604 0.003953823307285741 0.0005166322218006286 -0.003956177324445961 0.9999920964954572 0.26764129295771966 0.04226671755964162 -0.15975005827085909
FixedParameters: 0 0 0
#Transform 91
Transform: MatrixOffsetTransformBase_double_3_3
Parameters: 0.9999967050381711 -0.0024702019786625395 -0.00043895123830931014 0.0024719840276854594 0.999989742254134 0.003883104224736339 0.00042968124191379494 -0.0038839025280587858 0.9999927994524331 0.24415020748338634 0.13658460293461872 -0.21047685727883447
FixedParameters: 0 0 0
#Transform 92
Transform: MatrixOffsetTransformBase_double_3_3
Parameters: 0.9999966096892123 -0.0025150931776858274 -0.0002522356416798529 0.0025163885862916294 0.9999891214288457 0.0038125522654869487 0.00024303289919353163 -0.0038134430292683374 0.9999924101884409 0.2512871436305204 0.05709831657570419 -0.17105674636461288
FixedParameters: 0 0 0
#Transform 93
Transform: MatrixOffsetTransformBase_double_3_3
Parameters: 0.9999965930868753 -0.0025281954691988226 -0.00012387088642956356 0.0025285097640507996 0.9999923065139278 0.0030478757042478183 0.00011544565904095083 -0.0030481255702757976 0.9999957058882566 0.26570958542357914 0.05340190333531325 -0.11675215539879957
FixedParameters: 0 0 0
#Transform 94
Transform: MatrixOffsetTransformBase_double_3_3
Parameters: 0.9999975084687549 -0.0023358803878087238 -0.00018643381729949008 0.00233677364688974 0.9999888355180694 0.0040857513684251015 0.0001773236510293606 -0.004086246017280366 0.9999912819842266 0.22993337259273972 0.15141290365519922 -0.21608596414391457
FixedParameters: 0 0 0
#Transform 95
Transform: MatrixOffsetTransformBase_double_3_3
Parameters: 0.9999962673264372 -0.0025405386090387298 -0.0005285550874726447 0.0025423527375109216 0.9999872766657871 0.004264842279112592 0.0005177358996186402 -0.0042661532083047154 0.9999906014726779 0.23921182071647706 0.06541672083952221 -0.1872835005646607
FixedParameters: 0 0 0
#Transform 96
Transform: MatrixOffsetTransformBase_double_3_3
Parameters: 0.9999966094993258 -0.0026908840314332676 -0.0003871787378516989 0.002692308084673924 0.9999884692056332 0.004026206135210875 0.00037642452085484394 -0.004026794873432653 0.9999917146938474 0.24746564030246532 0.061586551977868 -0.15468659425791031
FixedParameters: 0 0 0
#Transform 97
Transform: MatrixOffsetTransformBase_double_3_3
Parameters: 0.999996127474682 -0.002619500352946477 -0.00010537716584787496 0.0026196177346623963 0.9999933735093357 0.002608972601319204 0.00009869331639236679 -0.0026100265291170363 0.9999961349409017 0.23992123506167218 0.06898194176147854 -0.0742715210282654
FixedParameters: 0 0 0
#Transform 98
Transform: MatrixOffsetTransformBase_double_3_3
Parameters: 0.9999962616997917 -0.0025455105778916477 -0.0005093762939199096 0.002546387685910241 0.9999948459627812 0.0021439435127757686 0.0005033885779190526 -0.002145055385999184 0.9999972179529568 0.2134410416191912 0.14637930920910946 -0.09422288441875537
FixedParameters: 0 0 0
#Transform 99
Transform: MatrixOffsetTransformBase_double_3_3
Parameters: 0.9999967817524918 -0.002448399516813628 -0.00047339483407442295 0.0024494625155446663 0.9999933821083379 0.002570024184613308 0.0004667325218043345 -0.0025719712892214724 0.9999961795319603 0.2263966275730951 0.059182170683925506 -0.0952470380732251
FixedParameters: 0 0 0
#Transform 100
Transform: MatrixOffsetTransformBase_double_3_3
Parameters: 0.9999970390377363 -0.0024157329334756304 -0.0003557717092154286 0.0024158549242436324 0.9999950761435219 0.0020043205729584554 0.000351018657185555 -0.0020046798562587884 0.9999979268329278 0.23763024499706376 0.06617597066338021 -0.06715505731587257
FixedParameters: 0 0 0
#Transform 101
Transform: MatrixOffsetTransformBase_double_3_3
Parameters: 0.9999961039530516 -0.0025593375078708583 -0.0005869734956467658 0.002561479037357857 0.9999914614365475 0.00314768028417365 0.0005797753842546039 -0.0031493194746550005 0.9999948163293537 0.22754502564987433 0.16794471461084015 -0.1613393175488511
FixedParameters: 0 0 0
#Transform 102
Transform: MatrixOffsetTransformBase_double_3_3
Parameters: 0.9999977440302786 -0.0021715384164394114 -0.000735248672473796 0.0021732126563465837 0.9999934387809396 0.002787523235428517 0.0007300023619900791 -0.0027894765456340717 0.9999957537348173 0.21701005067551193 0.09403679731521208 -0.12851213295203934
FixedParameters: 0 0 0
#Transform 103
Transform: MatrixOffsetTransformBase_double_3_3
Parameters: 0.9999959201158158 -0.002625099063825914 -0.00043524926399404436 0.002625905143322663 0.9999934928637696 0.002568102616301811 0.0004286877559486692 -0.0025698972785560548 0.9999962276853027 0.2512538044260424 0.030964382276252422 -0.0940993306891329
FixedParameters: 0 0 0
#Transform 104
Transform: MatrixOffsetTransformBase_double_3_3
Parameters: 0.9999967052429406 -0.0023953430549683305 -0.0007452023152775476 0.0023980905196082816 0.9999932643327344 0.0028033923047213263 0.0007386898508505799 -0.0028046076436951187 0.9999957160228431 0.24066884039497438 0.1334320503573565 -0.1539085489494596
FixedParameters: 0 0 0
#Transform 105
Transform: MatrixOffsetTransformBase_double_3_3
Parameters: 0.9999959714449035 -0.0025668072313507315 -0.0006626476408845508 0.0025690675296537605 0.9999925657348154 0.0027864807009725587 0.0006552597031811877 -0.0027885168440372754 0.9999958653467961 0.26288419959234943 0.06433762772026341 -0.10723804328350184
FixedParameters: 0 0 0
#Transform 106
Transform: MatrixOffsetTransformBase_double_3_3
Parameters: 0.9999966702276618 -0.002677477303034959 -0.00039902991340049767 0.002678981737917771 0.999993880426243 0.0024231742975243803 0.00039303617026622894 -0.0024238290558423053 0.9999970430501548 0.2705321468858557 0.09071910944409467 -0.07091292928608084
FixedParameters: 0 0 0
#Transform 107
Transform: MatrixOffsetTransformBase_double_3_3
Parameters: 0.9999966630675587 -0.002643154821081276 -0.0005937560916800852 0.0026441927768309746 0.9999920935213858 0.0029736164321621655 0.0005858961138826835 -0.0029753868785336243 0.9999958741643622 0.24401150613911682 0.18648547298782603 -0.1426368022036968
FixedParameters: 0 0 0
#Transform 108
Transform: MatrixOffsetTransformBase_double_3_3
Parameters: 0.9999963771633096 -0.002492048748264938 -0.0006415760960236266 0.002493997589659617 0.9999937196345295 0.0026326377587076247 0.0006353761636199157 -0.002633361692776212 0.9999957921058911 0.265241667555415 0.07015575801135299 -0.09035840443272036
FixedParameters: 0 0 0
#Transform 109
Transform: MatrixOffsetTransformBase_double_3_3
Parameters: 0.9999965468699749 -0.0024863428052779553 -0.0005203708465480501 0.0024881571317980984 0.9999916154643637 0.003181888461196443 0.0005124660438525981 -0.003183109218693851 0.9999946747165421 0.24683987739925328 0.13868449427202734 -0.13180440219424838
FixedParameters: 0 0 0
#Transform 110
Transform: MatrixOffsetTransformBase_double_3_3
Parameters: 0.9999966053625028 -0.0024768071178122146 -0.0005120369649263029 0.0024776811536175395 0.9999919462866282 0.0032929191005850247 0.0005035865836138136 -0.0032940868764758935 0.9999949646786012 0.25117846241558084 0.1323669256719313 -0.13381842399000732
FixedParameters: 0 0 0
#Transform 111
Transform: MatrixOffsetTransformBase_double_3_3
Parameters: 0.9999962867819396 -0.002538797900050448 -0.0005174341201016721 0.0025401720151589863 0.9999931289802633 0.0027108696058305154 0.0005105908102214245 -0.0027121320910768743 0.9999964532808118 0.2583012167816463 0.06885926280637023 -0.06649994190709663
FixedParameters: 0 0 0
#Transform 112
Transform: MatrixOffsetTransformBase_double_3_3
Parameters: 0.999996281716458 -0.0026584144554211153 -0.0008079408204095922 0.0026606848258717178 0.999989497128137 0.003646034383845441 0.0007983464394099034 -0.003647965258844449 0.9999931832319663 0.24266367662369248 0.1758560668659186 -0.1785115512843447
FixedParameters: 0 0 0
#Transform 113
Transform: MatrixOffsetTransformBase_double_3_3
Parameters: 0.9999963411318634 -0.0027453572248096565 -0.0003501868912139153 0.002746392800902623 0.9999882309472196 0.0038932272908182713 0.0003397259676226246 -0.003893773534094619 0.9999927913243882 0.24931087900839088 0.09794822003117076 -0.15419250213716396
FixedParameters: 0 0 0
#Transform 114
Transform: MatrixOffsetTransformBase_double_3_3
Parameters: 0.999993867829501 -0.0032528485628499693 -0.0007424113330804082 0.0032551532028050174 0.9999887779605613 0.0033978943246717602 0.0007321475094912289 -0.003401107586893 0.9999939765308717 0.2686967546380572 0.08668445069990582 -0.11451540714243436
FixedParameters: 0 0 0
#Transform 115
Transform: MatrixOffsetTransformBase_double_3_3
Parameters: 0.9999940182261274 -0.0033797436231311367 -0.0007483109959491002 0.003382111384395184 0.9999890120492632 0.003377839542119558 0.0007363245742310295 -0.0033801626581747915 0.9999941707540769 0.27335666603725883 0.1497356008642754 -0.14799021873012919
FixedParameters: 0 0 0
#Transform 116
Transform: MatrixOffsetTransformBase_double_3_3
Parameters: 0.9999959032060594 -0.0027968689041545625 -0.0005237379553020213 0.0027983213094807382 0.999992184348115 0.0028127791918497735 0.0005159224336447192 -0.002814221170200984 0.9999958872290505 0.2757365764070272 0.08026719553966188 -0.08608965670524071
FixedParameters: 0 0 0
#Transform 117
Transform: MatrixOffsetTransformBase_double_3_3
Parameters: 0.9999951851586886 -0.003096397280935252 -0.0004774394470119333 0.0030973418054469786 0.9999918172938613 0.0025518251435596995 0.00046955647526671963 -0.0025531728911586185 0.9999963373042474 0.3078813171797776 0.12539284750546642 -0.027371729299545677
FixedParameters: 0 0 0
#Transform 118
Transform: MatrixOffsetTransformBase_double_3_3
Parameters: 0.9999932981209547 -0.003538007194069161 -0.00043073645438300077 0.003539022003247787 0.999988629457695 0.0031338501669342447 0.0004194711664228803 -0.003136148235940127 0.999995012107781 0.2532790077584508 0.23139839582857746 -0.11768871751569066
FixedParameters: 0 0 0
#Transform 119
Transform: MatrixOffsetTransformBase_double_3_3
Parameters: 0.9999951178072617 -0.003104432905250782 -0.0004918777725452718 0.0031066727561792997 0.9999911874986428 0.002843778349280915 0.0004831943601358476 -0.0028452215179925397 0.9999957478757928 0.2619660867173934 0.09948052709590627 -0.0921272409371312
FixedParameters: 0 0 0
#Transform 120
Transform: MatrixOffsetTransformBase_double_3_3
Parameters: 0.9999923554986383 -0.003731598031404221 -0.0008494536054637634 0.003733384113722701 0.9999893922391848 0.0025542525573038904 0.0008392385554229024 -0.0025577408654201203 0.9999958969354107 0.284262788493848 0.12212150876300143 -0.06702415117828764
FixedParameters: 0 0 0
#Transform 121
Transform: MatrixOffsetTransformBase_double_3_3
Parameters: 0.9999952706582422 -0.003103625990864073 -0.0003083460763704945 0.0031055847135388987 0.9999839801531308 0.004728360338042678 0.0002939560842959617 -0.004729638247744368 0.9999885632710261 0.24955998308645633 0.2148123556408592 -0.209361093320112
FixedParameters: 0 0 0
#Transform 122
Transform: MatrixOffsetTransformBase_double_3_3
Parameters: 0.9999948325264296 -0.003253338879507126 -0.0007635845525553027 0.0032562852385105124 0.9999873347771226 0.003731821426812214 0.0007511442411426301 -0.00373417366333343 0.9999926270147341 0.2880623170417067 0.12225766298180929 -0.12084898034910907
FixedParameters: 0 0 0
#Transform 123
Transform: MatrixOffsetTransformBase_double_3_3
Parameters: 0.9999942302172132 -0.00325553899173067 -0.0004107241213848028 0.0032580161921573077 0.9999867889358697 0.003946979229846971 0.0003969873014686845 -0.003949017774490991 0.9999922676799097 0.2662387336073806 0.16405183151451297 -0.1569050733602353
FixedParameters: 0 0 0
#Transform 124
Transform: MatrixOffsetTransformBase_double_3_3
Parameters: 0.9999947041639662 -0.003148622398053742 -0.0006168445267484066 0.0031508322327852144 0.999990008026276 0.003151361362911484 0.0006079098732297623 -0.0031526410709201494 0.9999948258217126 0.27375998978224914 0.1641962251519402 -0.08352297079591153
FixedParameters: 0 0 0
#Transform 125
Transform: MatrixOffsetTransformBase_double_3_3
Parameters: 0.9999938671020061 -0.0034476144256773505 -0.0004965609459567689 0.0034493015066415435 0.9999876337690154 0.0035196586370018906 0.0004851980142532382 -0.003521340822136884 0.9999934453425036 0.31951073811478636 0.18862233830729735 -0.007576304534012479
FixedParameters: 0 0 0
#Transform 126
Transform: MatrixOffsetTransformBase_double_3_3
Parameters: 0.9999947109608703 -0.003279545245143483 -0.0007306735274588741 0.0032820313819969353 0.9999882624082245 0.003581912956363058 0.0007190235174050898 -0.003584091177505827 0.999993772605067 0.25247502316257453 0.2568014634413487 -0.12742900293149262
FixedParameters: 0 0 0
#Transform 127
Transform: MatrixOffsetTransformBase_double_3_3
Parameters: 0.9999932428092744 -0.003377417681146814 -0.0011606847518430899 0.0033825411485339375 0.9999863608651699 0.003873382556045621 0.0011482837804736438 -0.003877615967988142 0.9999918427408128 0.2883783675758025 0.13516267319235453 -0.08628762746228347
FixedParameters: 0 0 0
#Transform 128
Transform: MatrixOffsetTransformBase_double_3_3
Parameters: 0.9999936945386111 -0.003445799850253653 -0.000656101213664607 0.003448111690697691 0.9999897190258781 0.003042106372593667 0.0006460442514488232 -0.0030438984766111912 0.9999954557003815 0.2746431406788048 0.18520300646216015 -0.03998438953733796
FixedParameters: 0 0 0
#Transform 129
Transform: MatrixOffsetTransformBase_double_3_3
Parameters: 0.9999946530613326 -0.0030942099403755757 -0.0008787330836055561 0.003097006798812737 0.999990788564626 0.0030795844943811365 0.0008695216305661883 -0.0030824184823210962 0.9999948792714554 0.22818717902543995 0.2265239181473504 -0.10925728243167043
FixedParameters: 0 0 0
#Transform 130
Transform: MatrixOffsetTransformBase_double_3_3
Parameters: 0.9999955812288478 -0.0029835894448744984 -0.00071872830713158 0.002986318667018854 0.9999884855999172 0.0038101631820108006 0.0007078341369948362 -0.0038128364456776545 0.9999920403922078 0.25898903570043785 0.12193837887667769 -0.06107639343564131
FixedParameters: 0 0 0
#Transform 131
Transform: MatrixOffsetTransformBase_double_3_3
Parameters: 0.9999932682923203 -0.0034357976787551094 -0.0009625024284875899 0.003438722616317474 0.9999896949095037 0.002878051307450398 0.0009525709264048029 -0.002880944629521119 0.9999949902670312 0.26324415274054047 0.20494854188420675 -0.0755690504088875
FixedParameters: 0 0 0
#Transform 132
Transform: MatrixOffsetTransformBase_double_3_3
Parameters: 0.9999948724277551 -0.0031712467878209183 -0.00026982031628735366 0.003171718552979409 0.9999848086645582 0.00448446212107767 0.00025628619250854095 -0.004485538646668771 0.9999898330056212 0.23381589025488836 0.23022878911781675 -0.17555854840453833
FixedParameters: 0 0 0
#Transform 133
Transform: MatrixOffsetTransformBase_double_3_3
Parameters: 0.9999939073906038 -0.0031953260709350925 -0.0009402251809931794 0.0031980520005082595 0.9999890237821192 0.003407300411369135 0.0009292327409182036 -0.003410698572848765 0.9999936409177649 0.2584580309539035 0.13490188985679197 -0.07730695211354544
FixedParameters: 0 0 0
#Transform 134
Transform: MatrixOffsetTransformBase_double_3_3
Parameters: 0.9999922492224745 -0.003710252852656606 -0.0009933996546908413 0.0037126405515388655 0.9999885086537031 0.00308273880247846 0.0009823045501499348 -0.0030862638398672024 0.9999947121645846 0.26907554103969744 0.21075533464161822 -0.10488852212893107
FixedParameters: 0 0 0
#Transform 135
Transform: MatrixOffsetTransformBase_double_3_3
Parameters: 0.999994558349384 -0.0031486488020646577 -0.0007267328690354145 0.0031508532649605846 0.9999896331924563 0.003362018278219199 0.0007164095459446685 -0.003363985887300254 0.9999943054820244 0.25311675852249493 0.22979375090775989 -0.10984030081841922
FixedParameters: 0 0 0
#Transform 136
Transform: MatrixOffsetTransformBase_double_3_3
Parameters: 0.999993373567484 -0.003510597245765333 -0.0011412862321126017 0.0035152809299613063 0.9999846645841027 0.004216358876080767 0.001126383707041951 -0.004220635805883097 0.9999901172419184 0.27147351677578513 0.15671145036809264 -0.050928812120545786
FixedParameters: 0 0 0
#Transform 137
Transform: MatrixOffsetTransformBase_double_3_3
Parameters: 0.9999935075837045 -0.0034482446076423584 -0.0007760023202638681 0.003450456525676763 0.9999887798694993 0.0031896891696299584 0.0007658487002208888 -0.0031923112287964503 0.9999943626355238 0.24667218499848786 0.23239966546162805 -0.08174831851852105
FixedParameters: 0 0 0
#Transform 138
Transform: MatrixOffsetTransformBase_double_3_3
Parameters: 0.999994761006596 -0.0031247716177258086 -0.0006892951745103331 0.003127150792081675 0.9999882463962654 0.00372015261970135 0.0006778918926086874 -0.0037218484643349106 0.9999928227576446 0.23673937431266268 0.22251290964165094 -0.034164074749298834
FixedParameters: 0 0 0
#Transform 139
Transform: MatrixOffsetTransformBase_double_3_3
Parameters: 0.9999939002283417 -0.0034405954673355325 -0.0005111746983589628 0.0034426216127530556 0.9999865091860377 0.0038156126478336924 0.000498820777290721 -0.0038173852911043762 0.9999922595116566 0.24644709002564014 0.19260982010494843 -0.017858834342064256
FixedParameters: 0 0 0
#Transform 140
Transform: MatrixOffsetTransformBase_double_3_3
Parameters: 0.9999946578113661 -0.003121594489665346 -0.0007727607842634915 0.003124356023671563 0.9999884194514485 0.003561834289353437 0.0007623665903051844 -0.003564168933312177 0.9999938482645461 0.23866712383119193 0.19944251935646662 -0.04526084579292444
FixedParameters: 0 0 0
#Transform 141
Transform: MatrixOffsetTransformBase_double_3_3
Parameters: 0.9999925169162319 -0.0035911134751316987 -0.0012587419518823055 0.0035959384333854065 0.999988129576894 0.003425902324660862 0.001246900179100187 -0.003431098757920026 0.999992877957527 0.20810586011194232 0.2761816801773449 -0.10882927185221547
FixedParameters: 0 0 0
#Transform 142
Transform: MatrixOffsetTransformBase_double_3_3
Parameters: 0.9999912778944936 -0.0038355962955154027 -0.0014175188671277455 0.0038405407890038635 0.9999870290833556 0.00345798750376429 0.0014046896834664882 -0.003464018725860968 0.9999932915759623 0.23619366395632824 0.167950124165813 -0.061818288766758656
FixedParameters: 0 0 0
#Transform 143
Transform: MatrixOffsetTransformBase_double_3_3
Parameters: 0.9999920643094848 -0.0037459507611718916 -0.0009499636528919615 0.0037492752235177874 0.9999875417976273 0.00319386386552091 0.0009378727687113846 -0.0031971310711436385 0.9999940999591944 0.2648646307450093 0.17498585845297043 -0.010430957890193326
FixedParameters: 0 0 0
#Transform 144
Transform: MatrixOffsetTransformBase_double_3_3
Parameters: 0.9999929162531181 -0.003742547671525923 -0.001036795380344859 0.003746359895263508 0.9999877752954016 0.0031605417727369745 0.0010249718330344736 -0.00316445429029355 0.9999941380321687 0.25836904096432534 0.23265886020141124 -0.048450718160594874
FixedParameters: 0 0 0
#Transform 145
Transform: MatrixOffsetTransformBase_double_3_3
Parameters: 0.999991069467271 -0.004010792679454534 -0.0009190761022560424 0.004012914223070562 0.9999888896579134 0.002607798858725599 0.0009090001249194128 -0.0026112067438607903 0.999996560733489 0.27056021353187987 0.1929048092244443 -0.017608774829753315
FixedParameters: 0 0 0
#Transform 146
Transform: MatrixOffsetTransformBase_double_3_3
Parameters: 0.9999910907621594 -0.003901254592663366 -0.0012990524348048794 0.0039062041518161837 0.999987125381395 0.003369414258346033 0.0012855246917029986 -0.0033745847343211663 0.9999932244554357 0.2633055919507541 0.22542038373627804 -0.04776876798301544
FixedParameters: 0 0 0
#Transform 147
Transform: MatrixOffsetTransformBase_double_3_3
Parameters: 0.9999936511338124 -0.003473694220475527 -0.0011333406531262324 0.003476795268359889 0.9999875646707324 0.0034853688974956845 0.0011218405514330087 -0.0034896353300817654 0.9999937609809736 0.25366148695238167 0.24676367945866673 -0.07088362959498795
FixedParameters: 0 0 0
#Transform 148
Transform: MatrixOffsetTransformBase_double_3_3
Parameters: 0.9999881500794402 -0.0047923457249138155 -0.0009416595987961137 0.0047948162152087 0.9999827779084023 0.0034652262890634625 0.0009252079717075023 -0.003469775598640465 0.9999933248364528 0.31899193884477484 0.20132042779025028 -0.013805954873518544
FixedParameters: 0 0 0
#Transform 149
Transform: MatrixOffsetTransformBase_double_3_3
Parameters: 0.9999906133625459 -0.004255112665373891 -0.0011308181836097852 0.004258387354672672 0.9999875464958954 0.002655729674620473 0.001120049412096535 -0.0026602736144308234 0.999995936836434 0.290059170296189 0.257535744422384 -0.051319485212857785
FixedParameters: 0 0 0
#Transform 150
Transform: MatrixOffsetTransformBase_double_3_3
Parameters: 0.9999879425898789 -0.004655672207207948 -0.0011759159852425358 0.004659088083670829 0.9999842799193622 0.003120193544795556 0.0011616214173269235 -0.003125806135030544 0.9999941562533279 0.3160061811195476 0.20710912667955483 -0.03483579362767841
FixedParameters: 0 0 0
#Transform 151
Transform: MatrixOffsetTransformBase_double_3_3
Parameters: 0.9999908039660851 -0.004155872601708123 -0.0009630034790458979 0.00415833865449905 0.999985691710229 0.003287488746088439 0.0009494511089720878 -0.003291512946545186 0.9999944704729654 0.30107339981854864 0.22151817546885866 -0.021372685774537103
FixedParameters: 0 0 0
#Transform 152
Transform: MatrixOffsetTransformBase_double_3_3
Parameters: 0.9999931796686657 -0.0034610453293311035 -0.0013575741763952604 0.003464751556288356 0.999989214560659 0.003085657430704422 0.0013469306038729942 -0.003090340622839541 0.9999938935148306 0.2533301912334025 0.2629385384528433 -0.05509093597031267
FixedParameters: 0 0 0
#Transform 153
Transform: MatrixOffsetTransformBase_double_3_3
Parameters: 0.9999852208839058 -0.005195083770749666 -0.001336222928680019 0.005200860552643431 0.9999794946914371 0.0037498549430463324 0.0013169933891364102 -0.003756149389638405 0.9999925558565927 0.3190659086111367 0.18702628963821155 -0.030852228140972215
FixedParameters: 0 0 0
#Transform 154
Transform: MatrixOffsetTransformBase_double_3_3
Parameters: 0.9999893639692772 -0.004448709518420951 -0.0013589412757203686 0.004452620709455432 0.999985281406365 0.0032495607024187467 0.0013447258315377926 -0.0032554450368571936 0.999993924861565 0.31288719887731986 0.237017615994489 -0.023841212934755163
FixedParameters: 0 0 0
#Transform 155
Transform: MatrixOffsetTransformBase_double_3_3
Parameters: 0.9999919381011898 -0.003890772997165577 -0.0013873233435223464 0.0038951500625856034 0.9999866271483011 0.0033070231137203865 0.0013742916524178358 -0.003312973360628864 0.999993398611148 0.2561883886720153 0.24995964340689625 -0.04044090746629081
FixedParameters: 0 0 0
#Transform 156
Transform: MatrixOffsetTransformBase_double_3_3
Parameters: 0.9999879819201023 -0.004789443862091797 -0.0010377601203718813 0.004793255147599725 0.999983008778498 0.003277703029314065 0.0010221818087332456 -0.0032822987083403407 0.9999944561490423 0.29957815780804253 0.1999097254910822 -0.01868400652685409
FixedParameters: 0 0 0
#Transform 157
Transform: MatrixOffsetTransformBase_double_3_3
Parameters: 0.9999904730239035 -0.003962235972662662 -0.0016811622262175366 0.003968090911838595 0.9999856194154293 0.003500752834117528 0.0016680512052905843 -0.00350724649681311 0.9999922973898161 0.2567334556576668 0.2890286112898366 -0.050564960981759555
FixedParameters: 0 0 0
#Transform 158
Transform: MatrixOffsetTransformBase_double_3_3
Parameters: 0.9999892086996613 -0.004440412505087702 -0.00144031255374702 0.00444531264469701 0.999984270727817 0.003411207067165703 0.0014247083695647484 -0.0034177872053759856 0.9999926201761927 0.3001434736498396 0.2154447376143196 -0.01975196102331722
FixedParameters: 0 0 0
#Transform 159
Transform: MatrixOffsetTransformBase_double_3_3
Parameters: 0.9999921190369209 -0.0037141777935555164 -0.0014444897343004902 0.003719410090369334 0.9999859225080748 0.0038630553071002105 0.0014304320443382398 -0.0038679472170000395 0.9999913121085284 0.2596520054532192 0.2343565404471093 -0.022524611480804424
FixedParameters: 0 0 0
#Transform 160
Transform: MatrixOffsetTransformBase_double_3_3
Parameters: 0.9999859268709459 -0.005166410452023425 -0.0015424922691006466 0.005173107803547424 0.9999776610792009 0.004256828738033222 0.0015211032159036324 -0.004264176946060953 0.9999899616184127 0.31969631203513416 0.2771576196987269 -0.02979307001535858
FixedParameters: 0 0 0
#Transform 161
Transform: MatrixOffsetTransformBase_double_3_3
Parameters: 0.9999832766121953 -0.005630255790406593 -0.0010127839751091201 0.005633746247485732 0.999976870370359 0.0038852929926570107 0.0009907723496557393 -0.0038907108255760506 0.9999921727774301 0.3240530478568786 0.2105343070666521 0.004413871127553648
FixedParameters: 0 0 0
#Transform 162
Transform: MatrixOffsetTransformBase_double_3_3
Parameters: 0.9999843900765518 -0.00548291849096114 -0.0007404717806423662 0.005486035530503603 0.9999752242927653 0.004527948030150025 0.0007156191615078737 -0.0045320536352091295 0.9999891234519193 0.3335078999515133 0.28881018789813595 -0.002345642211579957
FixedParameters: 0 0 0
#Transform 163
Transform: MatrixOffsetTransformBase_double_3_3
Parameters: 0.9999907578575565 -0.00415402920514405 -0.0009920625484172855 0.004157739312499723 0.999985516866493 0.0033153681448481534 0.0009783447908138618 -0.0033196308664452043 0.9999942292210586 0.2230165524225498 0.31996268943109385 -0.04377518280026038
FixedParameters: 0 0 0
#Transform 164
Transform: MatrixOffsetTransformBase_double_3_3
Parameters: 0.9999931700773308 -0.0033950624455383817 -0.001141324418849554 0.0033992135529113867 0.9999882298017468 0.003458482383681648 0.001129617034865589 -0.0034615148472698642 0.9999929969370137 0.23055914510619857 0.18407667742322076 -0.010600247490600623
FixedParameters: 0 0 0
#Transform 165
Transform: MatrixOffsetTransformBase_double_3_3
Parameters: 0.9999934933643019 -0.0034965057636571063 -0.00113289466967506 0.003499021868031225 0.9999903871235388 0.002677398899020522 0.0011229562945268396 -0.0026816000506001067 0.9999957467287977 0.22873165797051342 0.2383941493175854 -0.01138416554941557
FixedParameters: 0 0 0
#Transform 166
Transform: MatrixOffsetTransformBase_double_3_3
Parameters: 0.9999929996029193 -0.0035901770199657044 -0.0010547081583862968 0.0035917614715959834 0.99999129425557 0.0018985685261671895 0.0010479278863655276 -0.0019024297414161895 0.9999974815185683 0.20211828677859955 0.28973324298814873 -0.02390679757900216
FixedParameters: 0 0 0
#Transform 167
Transform: MatrixOffsetTransformBase_double_3_3
Parameters: 0.9999927774977453 -0.0037873109529254975 -0.0009377233372889382 0.00378932360736783 0.9999893676332073 0.002463867577320665 0.0009289068305842422 -0.0024671312733442474 0.9999962524222636 0.23967658377064538 0.19357346338225057 -0.0020420523335360485
FixedParameters: 0 0 0
#Transform 168
Transform: MatrixOffsetTransformBase_double_3_3
Parameters: 0.9999914937784601 -0.0040172906961996645 -0.0011706942412700828 0.004019632364226637 0.9999891149578658 0.002541778009653606 0.0011600526607827377 -0.002546224977295994 0.9999964348636721 0.22727469485253948 0.2476694795581551 0.0055011311768424775
FixedParameters: 0 0 0
#Transform 169
Transform: MatrixOffsetTransformBase_double_3_3
Parameters: 0.9999899878539498 -0.0041775342108171095 -0.00124931352860259 0.004179384441166131 0.9999902651455859 0.0017313146888719225 0.0012426898438669468 -0.0017366899855041223 0.9999977091551622 0.2248363257916992 0.3748074275375899 -0.006020134192809223
FixedParameters: 0 0 0
#Transform 170
Transform: MatrixOffsetTransformBase_double_3_3
Parameters: 0.9999913321853614 -0.004105468117794427 -0.0009006470395063046 0.004107641884436289 0.9999896564169629 0.0020648407562355864 0.0008925994046036341 -0.0020681603259437437 0.9999971348750148 0.2515751274569169 0.2321443955280671 0.0037462419915783585
FixedParameters: 0 0 0
#Transform 171
Transform: MatrixOffsetTransformBase_double_3_3
Parameters: 0.9999903024302707 -0.004339812876708099 -0.0009300321601355553 0.00434180629833671 0.9999876418305058 0.002508567775376329 0.0009190988395791376 -0.0025124316125261434 0.9999960552990349 0.2552406470399404 0.2510735698039781 0.0038372705665778994
FixedParameters: 0 0 0
#Transform 172
Transform: MatrixOffsetTransformBase_double_3_3
Parameters: 0.9999845388346394 -0.005292511561423253 -0.0015651873604031015 0.0052949475445054585 0.9999849828331968 0.00158654116658892 0.0015572134004223053 -0.0015944620294229134 0.9999974965742043 0.27229349287739524 0.4042999336623865 0.003743600462698282
FixedParameters: 0 0 0
#Transform 173
Transform: MatrixOffsetTransformBase_double_3_3
Parameters: 0.9999845399703058 -0.005504820426394712 -0.0010751868633766587 0.005507949925026406 0.9999802337076713 0.002842990734422221 0.0010597029420562237 -0.0028480054778000988 0.9999951123734498 0.29580064542055595 0.2959673880459661 0.001735800929552056
FixedParameters: 0 0 0
#Transform 174
Transform: MatrixOffsetTransformBase_double_3_3
Parameters: 0.9999874986230418 -0.004926498660577574 -0.000482751608162029 0.004927442678789868 0.9999837542571518 0.0029764234943376808 0.0004683255391715355 -0.002978577240429693 0.9999950132035483 0.2900873888007993 0.33688914685903626 0.010723751464155384
FixedParameters: 0 0 0
#Transform 175
Transform: MatrixOffsetTransformBase_double_3_3
Parameters: 0.9999841413403757 -0.005427948719157701 -0.001179982877911389 0.005432197478673789 0.9999805830189422 0.0030925082206837012 0.0011632164112437963 -0.0030984912098094217 0.999994393888858 0.2832977121606177 0.4015584249465576 0.013860664283939172
FixedParameters: 0 0 0
#Transform 176
Transform: MatrixOffsetTransformBase_double_3_3
Parameters: 0.999990255039297 -0.004345731142323735 -0.0009271862743547273 0.0043483400919452015 0.9999864324686328 0.0029165246287671254 0.000914666594964809 -0.002921479723748885 0.9999957813162121 0.2560024857063752 0.28358448722360663 0.011058832949132125
FixedParameters: 0 0 0
#Transform 177
Transform: MatrixOffsetTransformBase_double_3_3
Parameters: 0.9999915119118691 -0.00400292743030295 -0.0012095749756468937 0.004006286331191341 0.9999886056047099 0.002466576405920483 0.0011996638901568336 -0.002471423825855794 0.9999967143129828 0.24813570526072226 0.309134174597375 0.009506695045502056
FixedParameters: 0 0 0
#Transform 178
Transform: MatrixOffsetTransformBase_double_3_3
Parameters: 0.9999893948553175 -0.004401125022722429 -0.0011095799301768141 0.004404296530735328 0.999987703490282 0.0021526541216364894 0.0011005272070434917 -0.0021573471512817757 0.9999974032537786 0.23962044257753234 0.3139871950125581 0.007595302858106834
FixedParameters: 0 0 0
#Transform 179
Transform: MatrixOffsetTransformBase_double_3_3
Parameters: 0.999991090228303 -0.0038921994169326523 -0.0013266698134853775 0.0038969686119801274 0.9999861378621298 0.0036543175744475145 0.0013129248704014291 -0.003658685710890494 0.999992212167548 0.251018707038142 0.24184965836219874 0.0039790536034729485
FixedParameters: 0 0 0
#Transform 180
Transform: MatrixOffsetTransformBase_double_3_3
Parameters: 0.9999915627239354 -0.0041075104785138 -0.0007514547063271322 0.004109353767228678 0.9999886887199329 0.002297398610117067 0.0007424871136928548 -0.0023006032398684775 0.9999973031377328 0.2367847589062393 0.3017408637199708 0.002365560775061226
FixedParameters: 0 0 0
#Transform 181
Transform: MatrixOffsetTransformBase_double_3_3
Parameters: 0.9999904855672175 -0.0042924508202338224 -0.00104295901253204 0.004295672015012785 0.9999870104309815 0.002885129136221548 0.0010310191422946745 -0.0028898720526533903 0.9999947997045773 0.23629510386723496 0.2638220511485798 0.016248017669511228
FixedParameters: 0 0 0
#Transform 182
Transform: MatrixOffsetTransformBase_double_3_3
Parameters: 0.9999925810940392 -0.003783386012588379 -0.001051255207562233 0.0037857757281874495 0.9999898929221459 0.0023484380893566553 0.0010423331299433951 -0.002351560786907618 0.9999966431170125 0.2219557482291208 0.29891324943231723 0.009826384302272118
FixedParameters: 0 0 0
#Transform 183
Transform: MatrixOffsetTransformBase_double_3_3
Parameters: 0.9999901865884755 -0.0041101670921688946 -0.0017094132858996556 0.004114206151303847 0.9999883004621113 0.0025274438807989102 0.0016983424352713342 -0.002534552276521891 0.9999950741301812 0.21000674815866205 0.3445135617504178 0.003359513846135087
FixedParameters: 0 0 0
#Transform 184
Transform: MatrixOffsetTransformBase_double_3_3
Parameters: 0.9999830504028291 -0.00557824826018103 -0.0013528479435044166 0.005582993417558322 0.9999785648201627 0.0032953670889420694 0.0013348152231402988 -0.003302632237054605 0.9999937185443446 0.2574211143855365 0.29203682146102494 0.014207663317776564
FixedParameters: 0 0 0
#Transform 185
Transform: MatrixOffsetTransformBase_double_3_3
Parameters: 0.9999918877246431 -0.0038233531259405187 -0.001222307312194351 0.0038255240140711634 0.9999904869332101 0.0019017384005912824 0.0012156110780816058 -0.0019062614269581002 0.9999971503242274 0.2114528887781546 0.29887535413439537 0.02394427918339659
FixedParameters: 0 0 0
#Transform 186
Transform: MatrixOffsetTransformBase_double_3_3
Parameters: 0.9999925503660857 -0.003909525206958115 -0.0004047819888215473 0.0039107260719339 0.9999903104098866 0.0020899065661032917 0.00039641568197660996 -0.0020920921385623945 0.9999974953537664 0.21774646134385023 0.32890958317003083 0.015540246459636364
FixedParameters: 0 0 0
#Transform 187
Transform: MatrixOffsetTransformBase_double_3_3
Parameters: 0.9999906867008141 -0.004115569912395241 -0.0011727554844145557 0.004118411211943492 0.9999884953078189 0.0022976496673758617 0.0011626827606057225 -0.00230234561128239 0.9999966113415568 0.18988893679076568 0.33156434367204213 -0.0031944004022790295
FixedParameters: 0 0 0
#Transform 188
Transform: MatrixOffsetTransformBase_double_3_3
Parameters: 0.9999900965391195 -0.004274130260116129 -0.0012794508738097686 0.004276769361524452 0.9999873125957937 0.0024640085476494225 0.0012691626505706446 -0.0024689930198538157 0.9999966166164936 0.20632886836466469 0.2607040725193315 0.008937422297208286
FixedParameters: 0 0 0
#Transform 189
Transform: MatrixOffsetTransformBase_double_3_3
Parameters: 0.9999894197236437 -0.004477412790589125 -0.0012382834808306595 0.0044800747320709895 0.9999882377016722 0.002102054672599621 0.0012282933908258561 -0.002107946006708744 0.9999973199132571 0.21325809169005083 0.31027775943506697 0.016629710154333566
FixedParameters: 0 0 0
#Transform 190
Transform: MatrixOffsetTransformBase_double_3_3
Parameters: 0.9999874493478453 -0.004654114595944109 -0.0016999448155670621 0.004658328316684357 0.9999865683049186 0.0022986776891347413 0.0016883072321328514 -0.002306319461471293 0.9999962779579464 0.21597910861369485 0.3437097198923027 -0.0026971224953769024
FixedParameters: 0 0 0
#Transform 191
Transform: MatrixOffsetTransformBase_double_3_3
Parameters: 0.9999877210385028 -0.004799765506827866 -0.001497115518546764 0.004804478141683048 0.9999830413524344 0.003237477716470913 0.0014817224969011665 -0.0032445223432500184 0.9999936713358467 0.21310790063338914 0.2986617147582251 0.01603071127473754
FixedParameters: 0 0 0
#Transform 192
Transform: MatrixOffsetTransformBase_double_3_3
Parameters: 0.9999861701258285 -0.004848359186963267 -0.0018229300629285378 0.004853269376380207 0.9999848654624206 0.002658812893963837 0.0018098342873472857 -0.002667188738083047 0.9999951214008359 0.20833176993161828 0.4032327225375383 -0.009510600036406913
FixedParameters: 0 0 0
#Transform 193
Transform: MatrixOffsetTransformBase_double_3_3
Parameters: 0.9999869682184637 -0.00489801492593715 -0.0017435879746145627 0.004904482804619888 0.9999814850803332 0.0036061811568440794 0.0017258675008901172 -0.003614814384908231 0.9999914114726643 0.22748284178432243 0.28217446791981615 0.005845850261806618
FixedParameters: 0 0 0
#Transform 194
Transform: MatrixOffsetTransformBase_double_3_3
Parameters: 0.9999871241463126 -0.00473318843176124 -0.001572793933010941 0.004739013443458818 0.9999817350792938 0.003796224304893965 0.0015544709855731525 -0.00380377526248922 0.9999915087846487 0.21853326823907082 0.3636661330923232 -0.006060079326104528
FixedParameters: 0 0 0
#Transform 195
Transform: MatrixOffsetTransformBase_double_3_3
Parameters: 0.9999826348373798 -0.005512945698751358 -0.0022294013562595403 0.0055200256521337815 0.9999803359431472 0.0029245382172355325 0.0022127386747089225 -0.002937456190572521 0.9999931171999721 0.24812818843130913 0.3838965018124014 0.007533695336050528
FixedParameters: 0 0 0
#Transform 196
Transform: MatrixOffsetTransformBase_double_3_3
Parameters: 0.9999759096360261 -0.006566757042526826 -0.002443117792121983 0.00658091930806169 0.999961423479819 0.0058622599210053986 0.002404159021516991 -0.0058777377738742295 0.99997957093034 0.2895363337264314 0.399550409423739 0.08860373607733152
FixedParameters: 0 0 0
#Transform 197
Transform: MatrixOffsetTransformBase_double_3_3
Parameters: 0.999970737317388 -0.0074605977985560505 -0.0018976791061123088 0.007469743566446168 0.9999597528970172 0.004868526889880508 0.0018614044450207714 -0.004882470135738594 0.9999864424475997 0.3230566864969404 0.43099133186657923 0.08854487441729475
FixedParameters: 0 0 0
#Transform 198
Transform: MatrixOffsetTransformBase_double_3_3
Parameters: 0.9999866099002619 -0.0051082181093588174 -0.0005407093660821146 0.005110552782264755 0.9999822994527857 0.003079044384701038 0.0005252019840979023 -0.0030819583756499236 0.9999953313082689 0.2706115015030406 0.3501309135693873 0.03256053038467144
FixedParameters: 0 0 0
#Transform 199
Transform: MatrixOffsetTransformBase_double_3_3
Parameters: 0.9999881320406668 -0.004649294782758737 -0.0011202246082442117 0.004653379554785356 0.9999809081457283 0.004142473281855734 0.0011003939538970083 -0.0041475279215891295 0.9999908614958267 0.22115963174027797 0.32868424502815685 0.0913073872298753
FixedParameters: 0 0 0
#Transform 200
Transform: MatrixOffsetTransformBase_double_3_3
Parameters: 0.9999904300568936 -0.004298163159307319 -0.0003085732263198944 0.004298916399686112 0.9999890055670687 0.00211628563293062 0.00029935725850865506 -0.002117714823346259 0.9999974610594288 0.20742473096127867 0.39553145610521767 0.02148174380805301
FixedParameters: 0 0 0
#Transform 201
Transform: MatrixOffsetTransformBase_double_3_3
Parameters: 0.9999922455810797 -0.0037846870543781315 -0.0006561131294341724 0.0037863971596046207 0.9999893881257693 0.0024879435135747516 0.0006461896650588738 -0.0024910516760838983 0.9999964621820959 0.20667393709884152 0.29013362446441704 0.04135304364781689
FixedParameters: 0 0 0
#Transform 202
Transform: MatrixOffsetTransformBase_double_3_3
Parameters: 0.9999924375345407 -0.0037609138322893527 -0.0006451839967739816 0.003762034430447344 0.999992653349721 0.0010539920048261847 0.0006412364467124045 -0.001057009072967366 0.9999995560147329 0.20935288452551504 0.28911912786163896 0.022993694482778437
FixedParameters: 0 0 0
#Transform 203
Transform: MatrixOffsetTransformBase_double_3_3
Parameters: 0.9999940853254089 -0.003350133514953663 -0.0008323140625183731 0.0033500177081373437 0.9999941718444465 0.0006365599531525518 0.000830978107765507 -0.00063844279946354 0.9999991006647333 0.17783101311346172 0.25227752050331276 0.03207415417193715
FixedParameters: 0 0 0
#Transform 204
Transform: MatrixOffsetTransformBase_double_3_3
Parameters: 0.9999945042101311 -0.0032111401416319795 -0.00042906735306147593 0.003211311905665945 0.9999945385767333 0.0002689159478656486 0.0004283347332326699 -0.00027008428174853105 0.9999998203724876 0.2047816746837583 0.2687672182026972 0.018078943114787194
FixedParameters: 0 0 0
#Transform 205
Transform: MatrixOffsetTransformBase_double_3_3
Parameters: 0.9999924959602575 -0.003763934872527501 -0.0005832731086888058 0.0037631914185370036 0.9999926790812861 0.0002682177850851508 0.0005821834697730436 -0.0002707822810798302 0.9999996716179855 0.1944207445562114 0.3263755141783804 0.02709579724159994
FixedParameters: 0 0 0
#Transform 206
Transform: MatrixOffsetTransformBase_double_3_3
Parameters: 0.9999927678203636 -0.003464259251459919 -0.0014935635811067 0.0034660126610497784 0.9999937705500147 0.0009791713208639613 0.0014896934413854842 -0.000984826471189429 0.9999980686174736 0.2182977576688927 0.23275275253789118 0.0649348162264829
FixedParameters: 0 0 0
#Transform 207
Transform: MatrixOffsetTransformBase_double_3_3
Parameters: 0.9999932570977342 -0.0034543440504404416 -0.0008994320201813806 0.0034552434097021587 0.9999935447223027 0.0005652401104053531 0.0008975142026189067 -0.0005677588902708308 0.9999990705296752 0.2180995552471785 0.31361100009269194 0.03343467398181588
FixedParameters: 0 0 0
#Transform 208
Transform: MatrixOffsetTransformBase_double_3_3
Parameters: 0.9999947837494813 -0.0032297667826122027 -0.0008851283285867453 0.0032307409579905083 0.9999950440067313 0.0006164920217844663 0.0008831322015790934 -0.0006195076128709953 0.9999989758930199 0.1793215008985527 0.38019645502946275 0.02161276943270707
FixedParameters: 0 0 0
#Transform 209
Transform: MatrixOffsetTransformBase_double_3_3
Parameters: 0.9999945920696721 -0.0031488259319175423 -0.000701627370284004 0.0031490521310844183 0.999994965953575 0.00020208403258448887 0.0007013439832926969 -0.00020491693452660137 0.9999995432913762 0.1908547670200278 0.2638124561402435 0.027061621514476997
FixedParameters: 0 0 0
#Transform 210
Transform: MatrixOffsetTransformBase_double_3_3
Parameters: 0.9999932825703598 -0.0033301229154614853 -0.001620310473706494 0.0033326357228759293 0.999993310020519 0.001154830524258188 0.0016165286190942825 -0.0011611682324767572 0.9999982906139062 0.1670642173864394 0.3286391674032245 0.05448913518699783
FixedParameters: 0 0 0
#Transform 211
Transform: MatrixOffsetTransformBase_double_3_3
Parameters: 0.9999932551224097 -0.003566729000175691 -0.0010125731179924692 0.0035668752821950366 0.9999936856550277 0.0006227962563888287 0.0010100553382364236 -0.000626202871144739 0.9999987894649869 0.15618784636055238 0.4171484405499939 0.024887912026173353
FixedParameters: 0 0 0
#Transform 212
Transform: MatrixOffsetTransformBase_double_3_3
Parameters: 0.999993027860664 -0.00344033289963885 -0.0010667590499127654 0.0034403427173350107 0.9999936860059666 0.0005266776518613042 0.0010650597685642462 -0.0005303225383414822 0.9999987832283356 0.15524151624353522 0.3695263428110849 0.03496188807274336
FixedParameters: 0 0 0
#Transform 213
Transform: MatrixOffsetTransformBase_double_3_3
Parameters: 0.9999953473828475 -0.0030473932593356873 -0.0006046231443567979 0.0030476596720016456 0.9999955631452213 0.0002684511303902293 0.0006039787596630447 -0.00027054940069784483 0.9999996389767118 0.17311947139005213 0.2656704080486776 0.031064252010338578
FixedParameters: 0 0 0
#Transform 214
Transform: MatrixOffsetTransformBase_double_3_3
Parameters: 0.9999939772309204 -0.0034202762502598075 -0.0011515344697053667 0.0034202584818857 0.9999938785367823 0.00047535013471441956 0.0011502052706345287 -0.00047965180679070823 0.9999996426792288 0.17306336710592518 0.35343698150002467 0.027611331372142445
FixedParameters: 0 0 0
#Transform 215
Transform: MatrixOffsetTransformBase_double_3_3
Parameters: 0.9999947994866533 -0.003247755669262813 -0.0008074353028993802 0.0032478934030110143 0.99999430073204 0.00012066711261675411 0.0008076410650450918 -0.0001233346608201305 0.9999994689863684 0.16691665671572764 0.3379740964332143 0.02833642253652613
FixedParameters: 0 0 0
#Transform 216
Transform: MatrixOffsetTransformBase_double_3_3
Parameters: 0.9999958826896783 -0.002865205594982311 -0.0009520120076064247 0.0028660081555792367 0.9999954215498308 0.0004825031153449996 0.0009512345693445515 -0.0004854975383340107 0.9999989926265944 0.1468651833730661 0.3010994570423975 0.03430574553748045
FixedParameters: 0 0 0
#Transform 217
Transform: MatrixOffsetTransformBase_double_3_3
Parameters: 0.9999949129183185 -0.0032153481549423227 -0.000865210127954567 0.00321534642400985 0.9999945255233427 -0.000002492987577935868 0.0008652165551649636 -4.929997466235347e-7 0.9999993873929385 0.15043984125658483 0.3894398625247959 0.030403605917868504
FixedParameters: 0 0 0
