#Insight Transform File V1.0
#Transform 0
Transform: MatrixOffsetTransformBase_double_3_3
Parameters: 0.9999932621956491 0.00158468355019855 -0.0031976361778929983 -0.001600317483344082 0.9999874668811125 -0.00479291633290137 0.003190362366964256 0.0047980893142730505 0.9999838012361406 -0.07311469841882001 -0.16902996375172563 -0.14202367428190144
FixedParameters: 0 0 0
#Transform 1
Transform: MatrixOffsetTransformBase_double_3_3
Parameters: 0.9999934992805368 0.0021482089230031804 -0.00298098664593813 -0.0021617907313446092 0.9999868817943705 -0.004630585949406911 0.002971013933687429 0.004637412621578525 0.9999846692053148 -0.07861303883213111 -0.207307806721019 -0.15738172853652088
FixedParameters: 0 0 0
#Transform 2
Transform: MatrixOffsetTransformBase_double_3_3
Parameters: 0.9999947852841428 0.0016480419896911078 -0.0029155099038682742 -0.0016629586472887048 0.9999858548388115 -0.005136185510277846 0.002906496160421689 0.005140823927682783 0.9999831215360371 -0.0747812474058378 -0.10238715644750584 -0.15314749769143532
FixedParameters: 0 0 0
#Transform 3
Transform: MatrixOffsetTransformBase_double_3_3
Parameters: 0.9999952160152202 0.0018936482549806494 -0.0024896725755542506 -0.0019043509791134728 0.9999875361341478 -0.004564277693427756 0.0024813269829090235 0.004569717692937294 0.9999859646051562 -0.06892822407684207 -0.1930367590334754 -0.12903386760781643
FixedParameters: 0 0 0
#Transform 4
Transform: MatrixOffsetTransformBase_double_3_3
Parameters: 0.9999931792471332 0.0017723602515827737 -0.0032680791785951978 -0.0017886417605001983 0.9999858297218163 -0.005096190251167758 0.003258921451954257 0.005101811694175044 0.9999813493960135 -0.057768795957017005 -0.10772443400131237 -0.16115618954285083
FixedParameters: 0 0 0
#Transform 5
Transform: MatrixOffsetTransformBase_double_3_3
Parameters: 0.9999941726609332 0.001592215891043921 -0.003208382349358296 -0.0016067840829819052 0.9999881570075908 -0.00461087579091007 0.0032006236344677957 0.004616127078573726 0.9999844465122955 -0.07320925501993258 -0.21051939583819035 -0.13646791048945772
FixedParameters: 0 0 0
#Transform 6
Transform: MatrixOffsetTransformBase_double_3_3
Parameters: 0.9999936923855413 0.0015485344091826006 -0.0033027219211041485 -0.001567468120787337 0.9999832290578913 -0.005595860339030497 0.0032942767941581946 0.005601138582871732 0.9999787762293381 -0.07327256825743689 -0.12024932361322271 -0.1822679183841842
FixedParameters: 0 0 0
#Transform 7
Transform: MatrixOffsetTransformBase_double_3_3
Parameters: 0.9999952467368648 0.001674832175974109 -0.002635772182881097 -0.0016871704663679382 0.9999877973018346 -0.004621574368373829 0.002628227850863201 0.004625423224872794 0.9999856956091082 -0.048441524956771786 -0.17981003733355294 -0.1255273710788174
FixedParameters: 0 0 0
#Transform 8
Transform: MatrixOffsetTransformBase_double_3_3
Parameters: 0.9999937545187632 0.001838496992236164 -0.0031411270444361215 -0.0018535047350542913 0.9999861587693246 -0.004940210348018806 0.003131877311466562 0.004945790421810249 0.9999827287872236 -0.04078203046408646 -0.16182209175886442 -0.18144254017455808
FixedParameters: 0 0 0
#Transform 9
Transform: MatrixOffsetTransformBase_double_3_3
Parameters: 0.9999924496189468 0.0015931057802719918 -0.003465813817850327 -0.0016098917582268277 0.9999866254270442 -0.004876455475833447 0.0034581846355978374 0.004882544362640644 0.9999822046956363 -0.020900857405209194 -0.142971475326803 -0.1518960557162643
FixedParameters: 0 0 0
#Transform 10
Transform: MatrixOffsetTransformBase_double_3_3
Parameters: 0.9999930480169024 0.001855151016844587 -0.0032420201410728426 -0.001875850705922701 0.9999780070128526 -0.006439966674558257 0.003229980962629683 0.006446040361808789 0.9999740153097163 -0.019608849489017643 -0.054167852393320004 -0.20882165930022722
FixedParameters: 0 0 0
#Transform 11
Transform: MatrixOffsetTransformBase_double_3_3
Parameters: 0.9999944341457889 0.0012394544898768503 -0.003005039024540047 -0.00125354410722262 0.99998697201555 -0.004843254966661278 0.0029989603438623186 0.004846739014037614 0.9999835137101469 -0.0018597631434573714 -0.19142585979309956 -0.11848642344222071
FixedParameters: 0 0 0
#Transform 12
Transform: MatrixOffsetTransformBase_double_3_3
Parameters: 0.9999947310713583 0.0012420554311365648 -0.002954051947045419 -0.0012539450423306397 0.9999910641590647 -0.004045318523991032 0.0029489505642459005 0.004048685519178744 0.9999879102599523 0.005455278637626293 -0.23695547327609745 -0.13145572529826666
FixedParameters: 0 0 0
#Transform 13
Transform: MatrixOffsetTransformBase_double_3_3
Parameters: 0.9999949602141603 0.0007355645185354018 -0.003240240776242384 -0.0007544359999287958 0.9999830287096018 -0.005692581537817708 0.0032357573722871028 0.00569440621098554 0.9999780989858501 0.0012485319921324844 -0.10667989585668636 -0.1687595449080419
FixedParameters: 0 0 0
#Transform 14
Transform: MatrixOffsetTransformBase_double_3_3
Parameters: 0.9999958624932876 -0.00006602428962203637 -0.002851729508867075 0.000052976778499111525 0.9999891433852242 -0.004566170011019379 0.0028522729288721948 0.0045668306190256025 0.9999860129591948 0.02532750712035181 -0.1610215196118645 -0.143868507881038
FixedParameters: 0 0 0
#Transform 15
Transform: MatrixOffsetTransformBase_double_3_3
Parameters: 0.999995522372093 -0.0005264890929205807 -0.003033522009833322 0.0005115154489732245 0.99998893936828 -0.004774576561732872 0.003035477473262978 0.004773426718892211 0.9999840004686693 0.04277737977187712 -0.08733349794901812 -0.1672357979891217
FixedParameters: 0 0 0
#Transform 16
Transform: MatrixOffsetTransformBase_double_3_3
Parameters: 0.9999969109942817 -0.0005733075537090464 -0.0025999672409599134 0.0005646946861587137 0.9999938740779141 -0.0035784832079821635 0.0026020390312572065 0.00357752325091772 0.9999904325980982 0.05582358827372502 -0.17730902739282328 -0.11711864846806463
FixedParameters: 0 0 0
#Transform 17
Transform: MatrixOffsetTransformBase_double_3_3
Parameters: 0.9999959474152382 -0.0006658579289482726 -0.002758163475417963 0.0006531355915792807 0.9999900964462878 -0.004298816636414323 0.002761831899505944 0.004296176182790553 0.9999869137429466 0.05030547651031725 -0.11390547838990983 -0.13324808859664472
FixedParameters: 0 0 0
#Transform 18
Transform: MatrixOffsetTransformBase_double_3_3
Parameters: 0.9999967965015383 -0.0006120819114655534 -0.0026134295897442214 0.0006009212762986875 0.9999906714075444 -0.004238583347812738 0.0026155703213926063 0.004237411935005141 0.9999872036001137 0.054121970623128846 -0.15834351917486345 -0.13290612505385013
FixedParameters: 0 0 0
#Transform 19
Transform: MatrixOffsetTransformBase_double_3_3
Parameters: 0.9999971518969456 -0.0007497216091709448 -0.0022991749905179157 0.0007412791270270556 0.9999920724760623 -0.0037917142963776558 0.002301827400934774 0.00379028423169206 0.9999903359194441 0.048486946764001004 -0.1331920300505658 -0.11310632673217924
FixedParameters: 0 0 0
#Transform 20
Transform: MatrixOffsetTransformBase_double_3_3
Parameters: 0.9999966808932677 -0.0005144990675240137 -0.0024602374052157118 0.0005054974167368314 0.9999938131869726 -0.0034542542598629614 0.0024627599845956027 0.003452743523234336 0.9999910142806608 0.05672106912844299 -0.14934268107786863 -0.11785558135522933
FixedParameters: 0 0 0
#Transform 21
Transform: MatrixOffsetTransformBase_double_3_3
Parameters: 0.9999968331396841 -0.000715254821673995 -0.0023782353313122322 0.0007057469804432607 0.999992370788984 -0.003889689618084186 0.002380761632576419 0.0038883083294865006 0.9999892135559035 0.05321365100022035 -0.13706755105602042 -0.12190726101948712
FixedParameters: 0 0 0
#Transform 22
Transform: MatrixOffsetTransformBase_double_3_3
Parameters: 0.9999976375709352 -0.000595039002928599 -0.0022378792540906707 0.0005869629028762832 0.9999937625530311 -0.003590324723627785 0.0022401226577719014 0.0035896782111432815 0.999991098690035 0.04293022767454602 -0.15816722987867138 -0.11750432645223441
FixedParameters: 0 0 0
#Transform 23
Transform: MatrixOffsetTransformBase_double_3_3
Parameters: 0.9999972703313814 -0.0006356494487419837 -0.0023076356279867834 0.0006263480285654513 0.9999925655082805 -0.003747456488904894 0.0023103637296251595 0.0037455425194570253 0.999990632163828 0.04590168553730223 -0.12349096191978504 -0.11610388638375468
FixedParameters: 0 0 0
#Transform 24
Transform: MatrixOffsetTransformBase_double_3_3
Parameters: 0.9999973064887449 -0.00041807798500680316 -0.0023494025444023865 0.0004089241404596537 0.9999929100300412 -0.0038629726289165283 0.002350596852865186 0.003862029166550933 0.9999895584857424 0.050856352030876906 -0.16168246181439372 -0.11743208850192843
FixedParameters: 0 0 0
#Transform 25
Transform: MatrixOffsetTransformBase_double_3_3
Parameters: 0.9999968686537275 -0.0005195823145970152 -0.0024209640952987986 0.0005104193365937002 0.9999920847456815 -0.003956248959960296 0.0024230388017523947 0.003955754283852145 0.9999894838531128 0.054998034030390386 -0.12169808969072449 -0.11209635495950465
FixedParameters: 0 0 0
#Transform 26
Transform: MatrixOffsetTransformBase_double_3_3
Parameters: 0.9999971015820301 -0.0005820239040630639 -0.002357791078235236 0.0005729774578032788 0.9999930357861156 -0.003825363849285015 0.0023602089793737756 0.0038246391889437867 0.9999898043845941 0.03531285452255872 -0.1496585725658406 -0.10849202254119916
FixedParameters: 0 0 0
#Transform 27
Transform: MatrixOffsetTransformBase_double_3_3
Parameters: 0.999996863483993 -0.000629688622641724 -0.0021772190637189817 0.0006203107522402455 0.9999898289984428 -0.004448360427321087 0.002179778471372274 0.004446637286901025 0.9999874737366024 0.03634889857271162 -0.08660036119208314 -0.13165471453628186
FixedParameters: 0 0 0
#Transform 28
Transform: MatrixOffsetTransformBase_double_3_3
Parameters: 0.9999974377813879 -0.0007468695460064029 -0.0022370582809413866 0.0007381315812760218 0.999991751169865 -0.003962660367729571 0.0022399418831923934 0.00396133617607352 0.9999892915705038 0.03584280207914503 -0.13926276153671324 -0.1164985828059173
FixedParameters: 0 0 0
#Transform 29
Transform: MatrixOffsetTransformBase_double_3_3
Parameters: 0.999996136440154 -0.0005825934418310299 -0.0025543838209922632 0.0005714097685570638 0.9999900916077628 -0.004536479670934798 0.0025566184112458534 0.004535530599402375 0.9999868939119689 0.03741915865136036 -0.09005978872798437 -0.1619043574662271
FixedParameters: 0 0 0
#Transform 30
Transform: MatrixOffsetTransformBase_double_3_3
Parameters: 0.9999961270395774 -0.0006576345189805602 -0.002537519814879144 0.0006483608808402022 0.9999921677046408 -0.003796655079627242 0.0025404767530976475 0.0037943391355889995 0.9999891475635031 0.06688795702463324 -0.11546659040624263 -0.12714566383337456
FixedParameters: 0 0 0
#Transform 31
Transform: MatrixOffsetTransformBase_double_3_3
Parameters: 0.9999961115232119 -0.000503143157197823 -0.0025758478705174338 0.00049185454685693 0.9999900510767868 -0.0043252812105335605 0.002578150770158962 0.004323717082456234 0.9999876576141989 0.05176423594629398 -0.12841979521692792 -0.15216322409800398
FixedParameters: 0 0 0
#Transform 32
Transform: MatrixOffsetTransformBase_double_3_3
Parameters: 0.9999961405075223 -0.0005299901597840026 -0.0025647509218395164 0.000519007118051266 0.9999903764254852 -0.004284342485612218 0.0025672443338275322 0.004282650739655808 0.9999870671354827 0.03340690793606882 -0.070703593713489 -0.1573454829198937
FixedParameters: 0 0 0
#Transform 33
Transform: MatrixOffsetTransformBase_double_3_3
Parameters: 0.9999967255069614 -0.000526680723497019 -0.002448937996996992 0.0005163182723460894 0.9999921135984491 -0.003952277811968924 0.002451059432232614 0.003950722449796174 0.9999893830321459 0.029348175637565532 -0.16498740262588285 -0.11667785795823704
FixedParameters: 0 0 0
#Transform 34
Transform: MatrixOffsetTransformBase_double_3_3
Parameters: 0.9999959971088053 -0.0006681970070472706 -0.002748824875373757 0.0006548030113670429 0.9999885414339833 -0.004798819033431601 0.0027521726782938306 0.00479718009447073 0.9999844137140819 0.03624712383411577 -0.09052249241899801 -0.15734903133633793
FixedParameters: 0 0 0
#Transform 35
Transform: MatrixOffsetTransformBase_double_3_3
Parameters: 0.999997370263047 -0.0004448633519512939 -0.002105352732425998 0.0004371377813457795 0.9999928664336091 -0.0037339280250541836 0.0021066456966905294 0.0037330705235419496 0.9999906256608836 0.04282215130834288 -0.17241023332485383 -0.11058744504713047
FixedParameters: 0 0 0
#Transform 36
Transform: MatrixOffsetTransformBase_double_3_3
Parameters: 0.999994746718498 -0.0007078812187268716 -0.003122662610480215 0.0006931169878357201 0.9999888229361406 -0.0047641896855608445 0.0031263356247019144 0.004761812228417344 0.9999835510618222 0.02017730580415389 -0.09872510453774908 -0.1658911672938217
FixedParameters: 0 0 0
#Transform 37
Transform: MatrixOffsetTransformBase_double_3_3
Parameters: 0.9999971013622646 -0.0006116298626531372 -0.0023507708781070995 0.000603374474627238 0.999993169317681 -0.0036694277100454424 0.002352228742581887 0.0036685706183542197 0.9999900087988196 0.03234997718152499 -0.1365502026201426 -0.11192815916960797
FixedParameters: 0 0 0
#Transform 38
Transform: MatrixOffsetTransformBase_double_3_3
Parameters: 0.9999953621621933 -0.0006848759235126177 -0.002858180282655285 0.0006731247561654907 0.9999912914267266 -0.00415394365319865 0.0028608200959579074 0.004152060425982761 0.9999875756773006 0.0365314915346886 -0.11683914023191733 -0.1626221384012183
FixedParameters: 0 0 0
#Transform 39
Transform: MatrixOffsetTransformBase_double_3_3
Parameters: 0.9999962472648426 -0.0004953817199324133 -0.0027399657646882147 0.0004836175818865231 0.999991517028824 -0.004153340698201589 0.0027420310856962715 0.004151657244195021 0.9999872435168073 0.03686913074236031 -0.10002197171273508 -0.1286115693886103
FixedParameters: 0 0 0
#Transform 40
Transform: MatrixOffsetTransformBase_double_3_3
Parameters: 0.9999962028956759 -0.0006761737392849212 -0.0027092357011018935 0.0006658282280926507 0.9999915587596919 -0.004122820413648241 0.0027117674646383876 0.004121182896301243 0.9999876621438661 0.04460246643337484 -0.1126962091674244 -0.15511456396463075
FixedParameters: 0 0 0
#Transform 41
Transform: MatrixOffsetTransformBase_double_3_3
Parameters: 0.9999957646714308 -0.0005044854598676988 -0.0028249722019691166 0.0004935155941118026 0.9999912348068352 -0.0040644083285046664 0.0028270281004240615 0.004063587961121192 0.9999874974836438 0.05489531143719262 -0.09839933679118928 -0.13128795048793052
FixedParameters: 0 0 0
#Transform 42
Transform: MatrixOffsetTransformBase_double_3_3
Parameters: 0.999996080148557 -0.00035282686241298156 -0.002606556118568121 0.0003421714441521172 0.9999916358772822 -0.0041529074901787075 0.0026084421202602947 0.004152095269311274 0.9999879575388826 0.0465648465140589 -0.12336571536479823 -0.1460193496833
FixedParameters: 0 0 0
#Transform 43
Transform: MatrixOffsetTransformBase_double_3_3
Parameters: 0.9999962928452213 -0.0004557683322942485 -0.0025497502148413096 0.0004432350643162425 0.99998774270119 -0.005006149886501774 0.002551250205197719 0.005004856964194565 0.9999844396514049 0.043381780286978255 -0.08907234336409431 -0.16337741210244872
FixedParameters: 0 0 0
#Transform 44
Transform: MatrixOffsetTransformBase_double_3_3
Parameters: 0.9999966962857015 -0.0005440606152516513 -0.002451136439228364 0.0005309388239763893 0.9999853499102458 -0.005326315459508909 0.0024538613984165262 0.005324679000596999 0.9999826240130584 0.05714526872880299 -0.109117524720034 -0.15868953612124415
FixedParameters: 0 0 0
#Transform 45
Transform: MatrixOffsetTransformBase_double_3_3
Parameters: 0.9999962294953781 -0.0005981629044208181 -0.002722287228362935 0.0005808337840801031 0.9999799620016098 -0.006300608348143898 0.00272671500774959 0.006299396128490489 0.9999768865239521 0.04820036494018609 -0.04954772156048648 -0.2335174271036493
FixedParameters: 0 0 0
#Transform 46
Transform: MatrixOffsetTransformBase_double_3_3
Parameters: 0.9999969534409598 -0.0006558174526382218 -0.00236976103438187 0.0006441828992076562 0.9999877470118278 -0.004983542354768067 0.0023732389858095128 0.004982459380634906 0.9999845454594342 0.06215288729136148 -0.12048487434653055 -0.150537268080015
FixedParameters: 0 0 0
#Transform 47
Transform: MatrixOffsetTransformBase_double_3_3
Parameters: 0.9999976801153153 -0.0011133533451507306 -0.0020201561642731757 0.0010986485853109673 0.9999744937651072 -0.007092238710570805 0.002027841681325358 0.007089761559587044 0.9999726203883633 0.057155358342726004 -0.12324001241466931 -0.24049872228417257
FixedParameters: 0 0 0
#Transform 48
Transform: MatrixOffsetTransformBase_double_3_3
Parameters: 0.9999977408886079 -0.0013083461148978208 -0.0018831145946196896 0.0012936480110474755 0.9999705768331627 -0.007599460931175315 0.001893884885501538 0.007596546982231185 0.9999697029692798 0.05306995856447827 -0.07632931703889767 -0.2708404980751169
FixedParameters: 0 0 0
#Transform 49
Transform: MatrixOffsetTransformBase_double_3_3
Parameters: 0.9999973966328096 -0.0017954620987230736 -0.001542613132979038 0.0017835441407517585 0.9999661468737511 -0.00804177021136221 0.0015563906084777976 0.008039224445009159 0.9999659482508013 0.05927677557488664 -0.10595895964441127 -0.29025423841122233
FixedParameters: 0 0 0
#Transform 50
Transform: MatrixOffsetTransformBase_double_3_3
Parameters: 0.9999953011957268 -0.0025270067354059575 -0.0018203487685183148 0.002511998769645594 0.9999634680859929 -0.008198612198658495 0.0018406517488997586 0.008194388126163032 0.99996446530011 0.08316135429460303 -0.052110334795003155 -0.3149028676683088
FixedParameters: 0 0 0
#Transform 51
Transform: MatrixOffsetTransformBase_double_3_3
Parameters: 0.999994578374318 -0.002651650628308026 -0.0018410761039744947 0.0026373500937432025 0.9999653976772059 -0.007914898233142943 0.0018619260883400122 0.00791010546728879 0.9999669630691583 0.0865991331807976 -0.08369617154026798 -0.2678073117108255
FixedParameters: 0 0 0
#Transform 52
Transform: MatrixOffsetTransformBase_double_3_3
Parameters: 0.9999933119914516 -0.00336407859624825 -0.0015397411263154371 0.003350919557023872 0.9999588879711687 -0.008419219836388773 0.0015682591178047783 0.008413784506817798 0.9999637460454666 0.10191481798071322 -0.04609149350936548 -0.3222596821430983
FixedParameters: 0 0 0
#Transform 53
Transform: MatrixOffsetTransformBase_double_3_3
Parameters: 0.9999905990674073 -0.004295281978414984 -0.0009760271374995785 0.00428572402268364 0.9999478009047881 -0.009318278117471412 0.0010159699038089231 0.009313731217793466 0.9999562177555965 0.11029333662791885 -0.11666829915495214 -0.3324913915049308
FixedParameters: 0 0 0
#Transform 54
Transform: MatrixOffsetTransformBase_double_3_3
Parameters: 0.9999851175875111 -0.005530538673762655 -0.0005411552042705997 0.005525472495543897 0.9999375500911216 -0.009742147079532101 0.0005948551801875768 0.009739867042733346 0.9999527872298254 0.16032604808555107 -0.05620553213854862 -0.3845991759172449
FixedParameters: 0 0 0
#Transform 55
Transform: MatrixOffsetTransformBase_double_3_3
Parameters: 0.9999754913223208 -0.006962472590040541 0.00018806010156035473 0.0069635173941325216 0.9999261545301985 -0.009916924871379304 -0.00011894401862789686 0.009918062604390522 0.9999506160809393 0.1978261290821166 -0.10225892100247336 -0.3917139563608174
FixedParameters: 0 0 0
#Transform 56
Transform: MatrixOffsetTransformBase_double_3_3
Parameters: 0.9999708294886227 -0.007680858789523364 0.00042503707849161947 0.0076841485565968285 0.9999121694193128 -0.010806049411312852 -0.0003419725276366822 0.01080894218637745 0.9999410457699576 0.21494229788984853 -0.07286933865381684 -0.43660134205794066
FixedParameters: 0 0 0
#Transform 57
Transform: MatrixOffsetTransformBase_double_3_3
Parameters: 0.9999637562942193 -0.008525306399456143 0.000751168719485223 0.008532697668698176 0.9999039349659798 -0.010919991077836963 -0.0006578351925463274 0.010926009035476619 0.9999401859808806 0.2553630105892637 -0.10003979454339174 -0.3999259061722853
FixedParameters: 0 0 0
#Transform 58
Transform: MatrixOffsetTransformBase_double_3_3
Parameters: 0.9999530892600514 -0.009521345349241017 0.0018014898603774961 0.009543666523069753 0.9998776111426716 -0.012421397026999355 -0.001683497037563008 0.012438619800897872 0.9999214489158668 0.27981115329258444 -0.04663868511026692 -0.48319604037631336
FixedParameters: 0 0 0
#Transform 59
Transform: MatrixOffsetTransformBase_double_3_3
Parameters: 0.999940066759747 -0.010677737878481136 0.00263146218033896 0.010705259208194257 0.9998820074581466 -0.010971491353829398 -0.002513555784442 0.010998502536343933 0.9999367043404381 0.3219231999597554 -0.09972089051463229 -0.3934013347202949
FixedParameters: 0 0 0
#Transform 60
Transform: MatrixOffsetTransformBase_double_3_3
Parameters: 0.9999400611749624 -0.01064411811633251 0.0027638117000005104 0.010674893698353893 0.9998777947315705 -0.011412186221222111 -0.0026421947536399825 0.011440815152195728 0.9999311202025984 0.3208438923183792 -0.11806506257941862 -0.42827572321236573
FixedParameters: 0 0 0
#Transform 61
Transform: MatrixOffsetTransformBase_double_3_3
Parameters: 0.9999392668850727 -0.010731903821656381 0.002560397809877194 0.010759107913186823 0.9998841987913928 -0.010818119599567999 -0.0024436039972687623 0.010844893319694548 0.9999384111452698 0.3400853949629976 -0.09622367182501534 -0.38675292146938034
FixedParameters: 0 0 0
#Transform 62
Transform: MatrixOffsetTransformBase_double_3_3
Parameters: 0.9999370901116137 -0.010948513460920847 0.0022428506864217166 0.010972480980401142 0.9998822477952612 -0.010740060396808646 -0.0021251419559081964 0.010763938693335551 0.9999396174142936 0.32039392323981986 -0.11334161305860846 -0.40327917564658833
FixedParameters: 0 0 0
#Transform 63
Transform: MatrixOffsetTransformBase_double_3_3
Parameters: 0.9999271485891549 -0.011643847981403074 0.0030437580972531675 0.011674145745715703 0.9998810531005935 -0.010082202667116099 -0.0029262433725259426 0.01011681119204233 0.9999450829577075 0.3613111519764942 -0.07085267688188424 -0.368750538324079
FixedParameters: 0 0 0
#Transform 64
Transform: MatrixOffsetTransformBase_double_3_3
Parameters: 0.9999286057790394 -0.011582923149671333 0.003039047271135749 0.011613091449767328 0.9998785712420515 -0.010418458393387954 -0.002917970006469207 0.01045255215922894 0.9999412213678613 0.3611791399348476 -0.1294728619741221 -0.3971565591317159
FixedParameters: 0 0 0
#Transform 65
Transform: MatrixOffsetTransformBase_double_3_3
Parameters: 0.9999210288420304 -0.012142005802857483 0.003246051999323572 0.012175003364250061 0.9998726895020863 -0.010347302233503984 -0.0031199529770369805 0.010385708425911291 0.9999413963213828 0.40143175626815264 -0.08119873988282222 -0.3828202566339485
FixedParameters: 0 0 0
#Transform 66
Transform: MatrixOffsetTransformBase_double_3_3
Parameters: 0.9999251152126878 -0.011780136875593192 0.0033330808757088813 0.011813858512510919 0.9998767338993709 -0.010328397176084496 -0.0032109145083841577 0.010367601669151435 0.9999412053581256 0.3714013241252019 -0.1258293554338792 -0.382573539005989
FixedParameters: 0 0 0
#Transform 67
Transform: MatrixOffsetTransformBase_double_3_3
Parameters: 0.9999200940893913 -0.012229486962675224 0.003054982811217419 0.012261488990232074 0.9998690862381326 -0.010514372474461587 -0.00292600189082425 0.01055161762152223 0.9999401048072313 0.3812200587126 -0.05938121121518236 -0.39841467301693
FixedParameters: 0 0 0
#Transform 68
Transform: MatrixOffsetTransformBase_double_3_3
Parameters: 0.9999219020742406 -0.012042544519588697 0.003474945300243639 0.012078469417415293 0.9998702398098527 -0.010669867781602898 -0.00334606214293917 0.010711138102677169 0.999937073111458 0.3787788337770479 -0.1153107736855219 -0.4114585316558106
FixedParameters: 0 0 0
#Transform 69
Transform: MatrixOffsetTransformBase_double_3_3
Parameters: 0.9999221549794338 -0.011983491299022167 0.003496937068118796 0.012024511886358148 0.9998580877960432 -0.011802873972899548 -0.0033550574465343315 0.011844131433318313 0.999924456148238 0.3939334183965144 -0.04511589520230075 -0.47125653389709043
FixedParameters: 0 0 0
#Transform 70
Transform: MatrixOffsetTransformBase_double_3_3
Parameters: 0.9999176605677328 -0.012204422888599619 0.00404685365426303 0.01225558503006715 0.9998440174553477 -0.012718454031909273 -0.0038911342972726484 0.012767543668831255 0.9999108484319398 0.39437516368306547 -0.09911329829546389 -0.4879925407143588
FixedParameters: 0 0 0
#Transform 71
Transform: MatrixOffsetTransformBase_double_3_3
Parameters: 0.9999141527304015 -0.012331184541692028 0.004334133824859168 0.01238880766749443 0.9998311994951694 -0.013575472512173628 -0.0041658747930762175 0.01362754189622403 0.9998989185143389 0.41729382173490137 -0.04933789641263786 -0.5156406414091492
FixedParameters: 0 0 0
#Transform 72
Transform: MatrixOffsetTransformBase_double_3_3
Parameters: 0.9999128265421362 -0.012442662033178493 0.004397869507472106 0.01249734098233241 0.9998432418172103 -0.01255212727044148 -0.0042411232059642034 0.012605864514988862 0.9999110960448593 0.40833898708829963 -0.09942914861504448 -0.4667322016073996
FixedParameters: 0 0 0
#Transform 73
Transform: MatrixOffsetTransformBase_double_3_3
Parameters: 0.9999142109537108 -0.01251076218863918 0.003906687836447903 0.012561234985021454 0.9998352658090613 -0.013112060490419396 -0.0037413136783473583 0.013159944077140488 0.9999068063799602 0.4466309124015453 -0.014495189625364446 -0.4883809918104731
FixedParameters: 0 0 0
#Transform 74
Transform: MatrixOffsetTransformBase_double_3_3
Parameters: 0.9999129452305364 -0.012352336182983566 0.004523297343561605 0.012406638023943215 0.9998502928507349 -0.012031922504537985 -0.0043736925990593535 0.012087071567075745 0.9999177662091359 0.45133195407206017 -0.11705179400748023 -0.43792077769796833
FixedParameters: 0 0 0
#Transform 75
Transform: MatrixOffsetTransformBase_double_3_3
Parameters: 0.9999102974074784 -0.012711781894075404 0.004256357996375128 0.012764207614800653 0.9998372934236086 -0.012717810011238924 -0.00409365146195277 0.012771181447832946 0.9999101317445014 0.43792318443148304 -0.04934702984269279 -0.5097340259262069
FixedParameters: 0 0 0
#Transform 76
Transform: MatrixOffsetTransformBase_double_3_3
Parameters: 0.9999123743359025 -0.012482509509500337 0.004450970420449953 0.012535496642577212 0.9998469882836796 -0.012200272099703072 -0.004298037954317823 0.012254722303561175 0.9999153382994592 0.45965867772875413 -0.09657020758092472 -0.4330414476574447
FixedParameters: 0 0 0
#Transform 77
Transform: MatrixOffsetTransformBase_double_3_3
Parameters: 0.9999044125628421 -0.013086184300900909 0.004396758833225911 0.013141819090298962 0.9998304583369472 -0.012915451373229898 -0.004227246242388147 0.012971556676563656 0.9999068557345083 0.4626134589333475 -0.08051019289875683 -0.4951624282566627
FixedParameters: 0 0 0
#Transform 78
Transform: MatrixOffsetTransformBase_double_3_3
Parameters: 0.9999045293072675 -0.01297993115132872 0.0047939134755635455 0.013040081855083475 0.999834122324006 -0.01272071327905507 -0.004628102885870764 0.012781304487218136 0.9999082019686717 0.4756481159384407 -0.07482188453258232 -0.4478285960261985
FixedParameters: 0 0 0
#Transform 79
Transform: MatrixOffsetTransformBase_double_3_3
Parameters: 0.9999095623483318 -0.01257316512706487 0.004727545406571378 0.012631835962315284 0.9998409121409771 -0.012629428544566414 -0.0045674606837747085 0.012687578800654896 0.9999091475722027 0.4374879810411727 -0.1063487516231163 -0.4955980384420826
FixedParameters: 0 0 0
#Transform 80
Transform: MatrixOffsetTransformBase_double_3_3
Parameters: 0.9999046990610533 -0.013158225949561281 0.004259848505779177 0.01321277480994417 0.9998302049811736 -0.012852950508371088 -0.004089146520148666 0.01290804604917873 0.999908649928123 0.45592299389767277 -0.0368222938133016 -0.4997144807919369
FixedParameters: 0 0 0
#Transform 81
Transform: MatrixOffsetTransformBase_double_3_3
Parameters: 0.9998925490543655 -0.014024703249801809 0.00421381348075374 0.014069302854568623 0.9998417746157078 -0.01091988418426622 -0.004060186507225698 0.010978118790375939 0.9999309931622348 0.4746482194563697 -0.12682273095940388 -0.3958435504290918
FixedParameters: 0 0 0
#Transform 82
Transform: MatrixOffsetTransformBase_double_3_3
Parameters: 0.9998892688355837 -0.014063776926834415 0.004788225833158642 0.014116220797072351 0.9998395337512875 -0.01105363619602459 -0.004631781350753338 0.01111937544488614 0.9999278928700155 0.4792874960075437 -0.05570414197771356 -0.43975685728518954
FixedParameters: 0 0 0
#Transform 83
Transform: MatrixOffsetTransformBase_double_3_3
Parameters: 0.9998912805847479 -0.014173289449405768 0.004102762913066574 0.01421771939616846 0.9998379723090386 -0.01108388181820439 -0.003944240928036467 0.011141122796990637 0.9999303118422864 0.49494043486895123 -0.15539297460567525 -0.3834484391034749
FixedParameters: 0 0 0
#Transform 84
Transform: MatrixOffsetTransformBase_double_3_3
Parameters: 0.9998915073417659 -0.013834259630950743 0.0050095395793551874 0.013890733494612978 0.9998373803139288 -0.011473647930673084 -0.004850466402777969 0.011541344129934903 0.9999212589021935 0.49074002911324044 -0.07168150051587929 -0.4596637123224383
FixedParameters: 0 0 0
#Transform 85
Transform: MatrixOffsetTransformBase_double_3_3
Parameters: 0.9998892993626928 -0.01404232284769469 0.004948880538754659 0.014099690321107765 0.9998333593302354 -0.01161151554003385 -0.0047851234481034325 0.011679494950552649 0.9999206803377053 0.5213190862238548 -0.12379694358793358 -0.42483512938370893
FixedParameters: 0 0 0
#Transform 86
Transform: MatrixOffsetTransformBase_double_3_3
Parameters: 0.9998864326712432 -0.014213707737947494 0.005051611301295876 0.014279294642197739 0.9998116032728166 -0.013132358212334369 -0.004864377854726756 0.013203640597693182 0.9999010021985208 0.5047325524520261 -0.09417137955469457 -0.511130791134164
FixedParameters: 0 0 0
#Transform 87
Transform: MatrixOffsetTransformBase_double_3_3
Parameters: 0.9998788072909292 -0.014360064164833352 0.005997586017371753 0.014440930434445132 0.9998023585033841 -0.013677040812734005 -0.005799408336097102 0.013761941737580162 0.999887959152924 0.5383307387967875 -0.09429878288970883 -0.49794537651209225
FixedParameters: 0 0 0
#Transform 88
Transform: MatrixOffsetTransformBase_double_3_3
Parameters: 0.9998709313074006 -0.014366410804527488 0.007256021174282821 0.014473597586060769 0.9997847185676907 -0.01485790610702443 -0.007040979378807705 0.014961093695112629 0.9998635728509017 0.5556575259851826 -0.10475906519687328 -0.5481326625425851
FixedParameters: 0 0 0
#Transform 89
Transform: MatrixOffsetTransformBase_double_3_3
Parameters: 0.9998473971623405 -0.01587290754446183 0.0073245085854392695 0.015986101725049915 0.999747989621901 -0.015791338094916833 -0.0070715046870874305 0.015906691244033794 0.999848955529166 0.5795081594599054 -0.06938176470627866 -0.5864439611576131
FixedParameters: 0 0 0
#Transform 90
Transform: MatrixOffsetTransformBase_double_3_3
Parameters: 0.9998436779332064 -0.01591104963616569 0.0077545858759519104 0.016026971619318407 0.9997572191143134 -0.015128081424414077 -0.0075124134832565545 0.015249913388217703 0.9998549846885386 0.5796578262935697 -0.07322394181753111 -0.574462395476047
FixedParameters: 0 0 0
#Transform 91
Transform: MatrixOffsetTransformBase_double_3_3
Parameters: 0.9998425304690366 -0.016106949805003698 0.007416767930101373 0.016213042682749635 0.9997637877795622 -0.014467022419176736 -0.007182226013831331 0.014584973180970528 0.9998676779524137 0.578320545351076 -0.08776669052100772 -0.5313405544390122
FixedParameters: 0 0 0
#Transform 92
Transform: MatrixOffsetTransformBase_double_3_3
Parameters: 0.9998434363505575 -0.016171694703638086 0.007212892540850709 0.016270300152618034 0.9997702266219365 -0.013927822097703683 -0.006986117258293676 0.014043173460623328 0.9998769715674289 0.5825887885004022 -0.13259829404499612 -0.5197421577868369
FixedParameters: 0 0 0
#Transform 93
Transform: MatrixOffsetTransformBase_double_3_3
Parameters: 0.9998466265267221 -0.016312035923867357 0.006424023003261779 0.016399974477592602 0.9997691135910466 -0.013887780296683883 -0.006195976812549925 0.01399121894094347 0.9998828448763174 0.5849260625218875 -0.07258189135535531 -0.5034911415684178
FixedParameters: 0 0 0
#Transform 94
Transform: MatrixOffsetTransformBase_double_3_3
Parameters: 0.9998445965649598 -0.016231559934760487 0.006850350103181827 0.01632141624373797 0.9997771126725072 -0.013358264004777397 -0.006631663386248769 0.013467730710202713 0.9998876227125839 0.5818485519575489 -0.15471970421728543 -0.46105739702061044
FixedParameters: 0 0 0
#Transform 95
Transform: MatrixOffsetTransformBase_double_3_3
Parameters: 0.9998410737829935 -0.016435733680150756 0.006911189259334562 0.016527268156486394 0.9997742343782087 -0.013362900392023768 -0.006689803724359992 0.013475093134983778 0.9998866555251646 0.5837852160595531 -0.07337265536294524 -0.5100098330046023
FixedParameters: 0 0 0
#Transform 96
Transform: MatrixOffsetTransformBase_double_3_3
Parameters: 0.9998468051756205 -0.016199240299867922 0.006690543910170484 0.016282774061949487 0.9997874959152423 -0.012662013215685265 -0.006483470438907704 0.01276899739761687 0.9998979033339473 0.5855729937303238 -0.15435000607160987 -0.4546368378702539
FixedParameters: 0 0 0
#Transform 97
Transform: MatrixOffsetTransformBase_double_3_3
Parameters: 0.9998400292257179 -0.016337570509354905 0.007351126319723704 0.016436452087621598 0.9997717299180495 -0.013676379698586634 -0.007125884931712588 0.013795644703912605 0.9998798954926409 0.6290912788285397 -0.07184405076750977 -0.5181613931841014
FixedParameters: 0 0 0
#Transform 98
Transform: MatrixOffsetTransformBase_double_3_3
Parameters: 0.9998411836951264 -0.016123114911032525 0.007605269082241143 0.01622689238659328 0.9997731287217261 -0.013802781896571041 -0.00738074384551852 0.013923211489740392 0.9998756405123166 0.6133936542094034 -0.12345568182773548 -0.4918528893336571
FixedParameters: 0 0 0
#Transform 99
Transform: MatrixOffsetTransformBase_double_3_3
Parameters: 0.9998387559288624 -0.016539965705111227 0.007046113658182557 0.016650035601444707 0.9997353220959251 -0.01585524669467383 -0.00678190162695953 0.01596975556327917 0.9998499454885891 0.6049613846579547 -0.053062128955318144 -0.5777892912724241
FixedParameters: 0 0 0
#Transform 100
Transform: MatrixOffsetTransformBase_double_3_3
Parameters: 0.9998244703241711 -0.01694281579066887 0.007964448235296276 0.01707516832800114 0.9997120772928714 -0.016830941364798315 -0.007677537962070873 0.016964038279311314 0.9998262515372106 0.613361787927289 -0.11148952338429297 -0.5861151301353971
FixedParameters: 0 0 0
#Transform 101
Transform: MatrixOffsetTransformBase_double_3_3
Parameters: 0.9998170296990372 -0.01738594744696028 0.007916235226782349 0.01752001787019581 0.9996984720877541 -0.0171894380022412 -0.007614745539360458 0.017325545167763662 0.9998208165688521 0.6246866653194445 -0.032194272055832585 -0.6352353586955957
FixedParameters: 0 0 0
#Transform 102
Transform: MatrixOffsetTransformBase_double_3_3
Parameters: 0.9998240951522654 -0.01700020886517666 0.007929163548164765 0.017132785739117612 0.9997086827198705 -0.016991141706360003 -0.007637846348926377 0.017123858683313568 0.999824402268293 0.6324205131419518 -0.10796805868446313 -0.6046897404971077
FixedParameters: 0 0 0
#Transform 103
Transform: MatrixOffsetTransformBase_double_3_3
Parameters: 0.9998129812473435 -0.01753560271264113 0.008091897923801846 0.017674385445192738 0.9996931554292028 -0.017360212048125035 -0.007785083983293903 0.01749977373399498 0.9998161134296027 0.6442247745491727 -0.033620370272231526 -0.6585279333989575
FixedParameters: 0 0 0
#Transform 104
Transform: MatrixOffsetTransformBase_double_3_3
Parameters: 0.9998103617952868 -0.017616029703752322 0.008263147020579868 0.017759956299170213 0.9996857146427912 -0.017685600663470944 -0.00794886642585097 0.01782840834289336 0.9998099154622889 0.663570338670965 -0.13176477258036812 -0.6262307628528845
FixedParameters: 0 0 0
#Transform 105
Transform: MatrixOffsetTransformBase_double_3_3
Parameters: 0.9998000807598276 -0.017933150814437356 0.008791293673979876 0.018095845008493844 0.9996596678701746 -0.018808680630339362 -0.008450721212821864 0.018963345444728025 0.999784915613789 0.7086752475962328 -0.009798803311198867 -0.71987598246983
FixedParameters: 0 0 0
#Transform 106
Transform: MatrixOffsetTransformBase_double_3_3
Parameters: 0.9998030104786537 -0.01785988272610306 0.008600558761989827 0.01800210420094584 0.9996976330490144 -0.016739456140804177 -0.008299437471339694 0.016890541156719403 0.9998227934721918 0.7155137358557653 -0.16525730572315922 -0.5966848296872485
FixedParameters: 0 0 0
#Transform 107
Transform: MatrixOffsetTransformBase_double_3_3
Parameters: 0.9998081503839605 -0.017361111209257266 0.009077608416967335 0.017516914831870983 0.9996957847579787 -0.01738632573694595 -0.008773393799528195 0.017541683084512084 0.9998072778088676 0.7165590464479976 -0.15826585291333117 -0.6466321932068553
FixedParameters: 0 0 0
#Transform 108
Transform: MatrixOffsetTransformBase_double_3_3
Parameters: 0.9998071720190544 -0.01741443709719627 0.009029451867395894 0.017560564570716385 0.9997111063765463 -0.016414588690767624 -0.008741549427618156 0.016569410113822236 0.9998240041916006 0.7078622528461267 -0.10652278640856139 -0.6081217960631164
FixedParameters: 0 0 0
#Transform 109
Transform: MatrixOffsetTransformBase_double_3_3
Parameters: 0.9998063774479353 -0.017504000338129648 0.009010650024509315 0.017657024972662406 0.9996966032560751 -0.0171912292113379 -0.00870735033274086 0.017346774047142945 0.99981123512346 0.7275044764279102 -0.0755123033078604 -0.6454955628449142
FixedParameters: 0 0 0
#Transform 110
Transform: MatrixOffsetTransformBase_double_3_3
Parameters: 0.9998042554647479 -0.01771097943483891 0.008833580046679775 0.01785201823128858 0.9997104079734299 -0.016149462254933526 -0.008544404898512659 0.016304519633936962 0.9998301304640788 0.7406082174143478 -0.09474979154610708 -0.5834197397126957
FixedParameters: 0 0 0
#Transform 111
Transform: MatrixOffsetTransformBase_double_3_3
Parameters: 0.999798158519683 -0.017679417071766765 0.009552585210017929 0.017836573045184694 0.9997018381834273 -0.016670986200246412 -0.0092544305705993 0.016838018169586803 0.9998157976176887 0.7658117842329375 -0.05437638918300536 -0.6393385470034474
FixedParameters: 0 0 0
#Transform 112
Transform: MatrixOffsetTransformBase_double_3_3
Parameters: 0.9997925162668984 -0.017743713859035403 0.010029523207422491 0.017907287701890238 0.9997042396048332 -0.016431800448662177 -0.009735467448117433 0.016608182028868088 0.9998143621942632 0.7727890406002018 -0.06731892733257894 -0.6152676890333026
FixedParameters: 0 0 0
#Transform 113
Transform: MatrixOffsetTransformBase_double_3_3
Parameters: 0.999771445661538 -0.019090569788888224 0.009593929563573666 0.019261442012957253 0.9996529507552991 -0.01799832408889726 -0.009247063205474332 0.018178689901748035 0.999791978734392 0.8001172901913378 -0.04968962821732248 -0.6759457055525218
FixedParameters: 0 0 0
#Transform 114
Transform: MatrixOffsetTransformBase_double_3_3
Parameters: 0.9997746136589921 -0.018947529121383273 0.009609383851818285 0.01911048359114791 0.9996692752666798 -0.017216241375640186 -0.009279628425058514 0.01739574782539666 0.9998052308338268 0.8023931058054643 -0.09151786337841372 -0.6314234517752055
FixedParameters: 0 0 0
#Transform 115
Transform: MatrixOffsetTransformBase_double_3_3
Parameters: 0.9997746194098011 -0.018878424393659447 0.009743714950920376 0.01904358081903052 0.9996707413442285 -0.017189318007910147 -0.009416280912027813 0.01737167888838234 0.9998045347492381 0.7950192728614667 -0.04987340834139786 -0.6473072323873197
FixedParameters: 0 0 0
#Transform 116
Transform: MatrixOffsetTransformBase_double_3_3
Parameters: 0.9997698702637987 -0.019173214020036217 0.009667826212869357 0.019348804558673556 0.9996428239838308 -0.01843019451577516 -0.009311197167479395 0.018612822861728707 0.999783816059333 0.7865683666951071 -0.11854012753525467 -0.680603187276688
FixedParameters: 0 0 0
#Transform 117
Transform: MatrixOffsetTransformBase_double_3_3
Parameters: 0.9997651816732988 -0.019479170654230056 0.009504248655376756 0.019648816834011686 0.999642648654349 -0.01811450009655127 -0.009147741847721082 0.01829748079175681 0.9997904836626157 0.8194064602523099 -0.11869233525059997 -0.6624989574249724
FixedParameters: 0 0 0
#Transform 118
Transform: MatrixOffsetTransformBase_double_3_3
Parameters: 0.9997512372529422 -0.020078300935378008 0.009673206628314234 0.020257688686784292 0.9996170993740539 -0.018851717022404218 -0.009290797167078566 0.019042264812566215 0.999775006956253 0.7933190108339119 -0.11098814790516087 -0.6859573374811276
FixedParameters: 0 0 0
#Transform 119
Transform: MatrixOffsetTransformBase_double_3_3
Parameters: 0.9997405651187962 -0.020533703663677905 0.009885530761144436 0.02071933223227416 0.9996046826277537 -0.01902312895159566 -0.009491474408823898 0.01922289733843472 0.9997703418394719 0.8391071838794772 -0.11034756852180294 -0.685671270824983
FixedParameters: 0 0 0
#Transform 120
Transform: MatrixOffsetTransformBase_double_3_3
Parameters: 0.99969345954279 -0.022337837090008656 0.010652998099184767 0.022564145132804195 0.9995096173176192 -0.021702260618595235 -0.010163014947201808 0.021935727926101257 0.9997074457254564 0.9163479142251418 -0.14960759258937628 -0.7751557783933407
FixedParameters: 0 0 0
#Transform 121
Transform: MatrixOffsetTransformBase_double_3_3
Parameters: 0.9996910725590324 -0.02242039498040257 0.010684795119808623 0.022631572739493743 0.9995411322437028 -0.020111373906052006 -0.010229204915002286 0.02034660340119962 0.9997403058627387 0.9013182158202824 -0.1090071750075765 -0.7454167074609188
FixedParameters: 0 0 0
#Transform 122
Transform: MatrixOffsetTransformBase_double_3_3
Parameters: 0.9996830745643964 -0.022482581772976736 0.01133023537691485 0.02268840916544096 0.9995723241225783 -0.018431769533248786 -0.010910792290882435 0.018682216796121358 0.9997658576996138 0.9588179459170618 -0.0914265338119975 -0.6876188809018373
FixedParameters: 0 0 0
#Transform 123
Transform: MatrixOffsetTransformBase_double_3_3
Parameters: 0.9996691611380109 -0.023524100664997567 0.010409108490962762 0.02370292068083808 0.9995678039742499 -0.017412046632958846 -0.009994899992789318 0.01765297347915831 0.9997944306864661 0.9667960440674932 -0.05190382316935427 -0.6249319894812686
FixedParameters: 0 0 0
#Transform 124
Transform: MatrixOffsetTransformBase_double_3_3
Parameters: 0.9996908763280623 -0.02293912533461849 0.009634379610638684 0.023099891024539087 0.9995895030077563 -0.016932687994453174 -0.009242627237877558 0.017150326088986294 0.9998104155255914 0.8935631435315798 -0.14516263379285022 -0.6006166558667019
FixedParameters: 0 0 0
#Transform 125
Transform: MatrixOffsetTransformBase_double_3_3
Parameters: 0.9997138115257805 -0.02251075166505361 0.008084983745662735 0.022646259944674365 0.9995984118436262 -0.01704678606287155 -0.007698028268200756 0.017224219866634673 0.9998220217110529 0.8480552585303798 -0.10302513398015378 -0.5958801017913657
FixedParameters: 0 0 0
#Transform 126
Transform: MatrixOffsetTransformBase_double_3_3
Parameters: 0.9997385552994478 -0.021750112674864104 0.0070224313311283496 0.02186185285662983 0.9996282749888429 -0.016267720311438433 -0.0066655620062760525 0.016417259578475212 0.9998430205673954 0.778286638946156 -0.22851720724854374 -0.5517330312890607
FixedParameters: 0 0 0
#Transform 127
Transform: MatrixOffsetTransformBase_double_3_3
Parameters: 0.999752562144481 -0.020871981313859686 0.007663980217345979 0.020986032185561016 0.9996661040219974 -0.015111914465559791 -0.007346020544845561 0.015269115781442376 0.9998568713936913 0.7482513747990538 -0.17971684316047742 -0.5272171499605918
FixedParameters: 0 0 0
#Transform 128
Transform: MatrixOffsetTransformBase_double_3_3
Parameters: 0.9997600687539293 -0.020971773494652117 0.006328587271592547 0.02106323225796275 0.9996698487802841 -0.014710224932962417 -0.006018411685324708 0.01483977332099072 0.9998715425198368 0.7489584618960237 -0.2519155751569997 -0.5099513115676473
FixedParameters: 0 0 0
#Transform 129
Transform: MatrixOffsetTransformBase_double_3_3
Parameters: 0.9997657240012973 -0.020433152581649544 0.007121271088042512 0.02053585166579896 0.9996816101435368 -0.014682198630286681 -0.006818731237710594 0.014824801578271245 0.999866707660411 0.7319975969198396 -0.1746208572994874 -0.5119747892989182
FixedParameters: 0 0 0
#Transform 130
Transform: MatrixOffsetTransformBase_double_3_3
Parameters: 0.99977239156113 -0.020297124930701328 0.0065255940906760596 0.020383847872080352 0.9997003037833898 -0.013531056193982177 -0.006249386578606326 0.013661947348144928 0.9998872989853327 0.7402524056589357 -0.2099321634014899 -0.4700119696391738
FixedParameters: 0 0 0
#Transform 131
Transform: MatrixOffsetTransformBase_double_3_3
Parameters: 0.9998215019043669 -0.018246470107673416 0.004952101053983729 0.01831252937581606 0.9997406176627038 -0.013526733151541634 -0.004703891697300279 0.01361526384253622 0.9998964903112323 0.671127646691815 -0.1371316252001833 -0.45760761249849224
FixedParameters: 0 0 0
#Transform 132
Transform: MatrixOffsetTransformBase_double_3_3
Parameters: 0.9998115957789293 -0.018311926744011477 0.006406618567076608 0.018393072192043846 0.9997489267169629 -0.012833585455935005 -0.006169371839346583 0.012949417718232617 0.9998972423816831 0.723473804390423 -0.18308669301933378 -0.4280647068388106
FixedParameters: 0 0 0
#Transform 133
Transform: MatrixOffsetTransformBase_double_3_3
Parameters: 0.9998193609528493 -0.018202182895341288 0.005412121038642568 0.01827280472583387 0.999744193097424 -0.013335517040633715 -0.005167873716519618 0.013432495752535098 0.9998968564187526 0.6968748108555332 -0.13715038822591907 -0.4549751733199088
FixedParameters: 0 0 0
#Transform 134
Transform: MatrixOffsetTransformBase_double_3_3
Parameters: 0.9998208311926744 -0.017873901782474822 0.006217210622246976 0.017952091714930608 0.9997573620731254 -0.012739659186007184 -0.005988775157423575 0.012849333647459792 0.9998990280291238 0.6935747337360141 -0.13176614841533763 -0.4229473101789267
FixedParameters: 0 0 0
#Transform 135
Transform: MatrixOffsetTransformBase_double_3_3
Parameters: 0.9998336411844894 -0.0176304310303583 0.0047442104812518695 0.017689583945767695 0.999761569407462 -0.012823211761214055 -0.004516779629764261 0.012905781368556586 0.9999060398595581 0.6565673203981532 -0.10601338950341699 -0.45584976375106123
FixedParameters: 0 0 0
#Transform 136
Transform: MatrixOffsetTransformBase_double_3_3
Parameters: 0.9998475127013946 -0.016908161048576637 0.004425035263090732 0.01695983721781781 0.9997844672437406 -0.011951771879394583 -0.004221963248299426 0.012025216607682361 0.9999185650452269 0.6436775786991404 -0.13615719387075842 -0.3815507668005722
FixedParameters: 0 0 0
#Transform 137
Transform: MatrixOffsetTransformBase_double_3_3
Parameters: 0.9998474845180452 -0.016742231812419652 0.0049170454273096765 0.01679877402927737 0.9997928513613644 -0.011529165198615856 -0.004722950128651853 0.011609850515357551 0.9999218969719198 0.6474699866541727 -0.19703073608870625 -0.40033232544607245
FixedParameters: 0 0 0
#Transform 138
Transform: MatrixOffsetTransformBase_double_3_3
Parameters: 0.9998479133730517 -0.016854777785678125 0.004471725560554079 0.01690521055692503 0.9997888482661588 -0.01167517697216263 -0.004273285003669101 0.011748808922083093 0.9999216931159317 0.6463325311087544 -0.13316080888266413 -0.4072449560787419
FixedParameters: 0 0 0
#Transform 139
Transform: MatrixOffsetTransformBase_double_3_3
Parameters: 0.9998346325254428 -0.017588371880800355 0.00468992300995178 0.017641619271936932 0.9997760268623932 -0.011648188205121849 -0.004484071445289711 0.01172980705579838 0.9999213083000376 0.644214835452928 -0.1983832281817115 -0.39485813915337076
FixedParameters: 0 0 0
#Transform 140
Transform: MatrixOffsetTransformBase_double_3_3
Parameters: 0.9998444449437605 -0.017026038994054808 0.004543487080298125 0.017075943091151045 0.999791127600915 -0.011191149084229964 -0.0043525140122142696 0.011266851310316475 0.9999271089242571 0.6404937985682722 -0.13184483817030923 -0.3927179292679597
FixedParameters: 0 0 0
#Transform 141
Transform: MatrixOffsetTransformBase_double_3_3
Parameters: 0.999850475906698 -0.016729910027249294 0.004313959076566495 0.01677807261010395 0.9997943794561619 -0.01136131408981403 -0.004123044375421886 0.011431682721380388 0.9999263082379791 0.6291476111487668 -0.16921470326553845 -0.4010010532937258
FixedParameters: 0 0 0
#Transform 142
Transform: MatrixOffsetTransformBase_double_3_3
Parameters: 0.9998649428943374 -0.015934048210495617 0.003891542606462883 0.015977935709021313 0.9998056294162805 -0.011534369608759478 -0.003707459199257654 0.011594631448049784 0.9999258112071375 0.6053349790342111 -0.09350473903452894 -0.3837708569704148
FixedParameters: 0 0 0
#Transform 143
Transform: MatrixOffsetTransformBase_double_3_3
Parameters: 0.9998594089623053 -0.016226135394613535 0.004157306887031331 0.016271873745820137 0.9998046915026839 -0.011246935828083596 -0.003974691836258238 0.011313086178506342 0.9999282144621464 0.6241075051134857 -0.13842129792068647 -0.3819316921987479
FixedParameters: 0 0 0
#Transform 144
Transform: MatrixOffsetTransformBase_double_3_3
Parameters: 0.9998598337734338 -0.01631518664326608 0.003868715885044746 0.016358824063098965 0.999799245224574 -0.01158034722521824 -0.0036782985267744647 0.011641655525801153 0.9999259298308262 0.6370402535277151 -0.08381874753308693 -0.3786211811062259
FixedParameters: 0 0 0
#Transform 145
Transform: MatrixOffsetTransformBase_double_3_3
Parameters: 0.9998638946841057 -0.015896039072674725 0.004404850958490193 0.015943943838471288 0.999811128850765 -0.011073270805333348 -0.004228137419773058 0.01114272162624397 0.999928966187229 0.630589905679372 -0.12828552813431315 -0.3561574152855371
FixedParameters: 0 0 0
#Transform 146
Transform: MatrixOffsetTransformBase_double_3_3
Parameters: 0.9998701405999291 -0.015666062147748915 0.0036631500413851622 0.01570591070168199 0.9998142568684734 -0.011136907207198652 -0.0034878482590627834 0.01119308848749703 0.9999315454224659 0.6143820666817703 -0.08213442356833411 -0.3914649719596355
FixedParameters: 0 0 0
#Transform 147
Transform: MatrixOffsetTransformBase_double_3_3
Parameters: 0.9998637822277532 -0.01597928752572387 0.0042248747339119685 0.016025725694191403 0.9998107468240994 -0.011018801307026546 -0.00404813640376192 0.011084203192527587 0.9999307399032414 0.6177871399921884 -0.10993185449461862 -0.36762219043426114
FixedParameters: 0 0 0
#Transform 148
Transform: MatrixOffsetTransformBase_double_3_3
Parameters: 0.999879642022038 -0.015271418593973395 0.002668077300381522 0.015300573264456246 0.9998219714026227 -0.011040497902418938 -0.0024989051854338033 0.011080487682276745 0.9999349792710952 0.5718997025228987 -0.033688683418631626 -0.4017897719526786
FixedParameters: 0 0 0
#Transform 149
Transform: MatrixOffsetTransformBase_double_3_3
Parameters: 0.999878808793931 -0.015273603230408165 0.0031467043545768164 0.015306402819944467 0.9998233412504063 -0.010878153124557225 -0.0029803063010024086 0.010924843525473644 0.9999357606603895 0.5833748858555907 -0.18043245989859713 -0.35637107235481835
FixedParameters: 0 0 0
#Transform 150
Transform: MatrixOffsetTransformBase_double_3_3
Parameters: 0.9998769714596621 -0.015381370132975717 0.0030714926122188944 0.015414623179201467 0.9998179449764865 -0.01124303772943183 -0.0028975126018057832 0.01128895699212447 0.9999321573596964 0.5750372879890051 -0.129081771211915 -0.40452736605452344
FixedParameters: 0 0 0
#Transform 151
Transform: MatrixOffsetTransformBase_double_3_3
Parameters: 0.999879154869672 -0.015164925069286107 0.0034454526317799342 0.015201069775733286 0.9998238387589099 -0.011001960914458646 -0.0032775611154481385 0.01105304559494408 0.9999340824252252 0.5777259066991718 -0.12850453814510843 -0.3610543140670188
FixedParameters: 0 0 0
#Transform 152
Transform: MatrixOffsetTransformBase_double_3_3
Parameters: 0.9998753969116597 -0.0155489323117257 0.0027958384976570438 0.015578088176998479 0.9998218477554456 -0.010697784415925527 -0.002629157601061135 0.010740224095701177 0.9999387342006654 0.5684315724203941 -0.0950037466791116 -0.38158888393684265
FixedParameters: 0 0 0
#Transform 153
Transform: MatrixOffsetTransformBase_double_3_3
Parameters: 0.9998818121840315 -0.015088367706477626 0.0029190057727472444 0.015118617631349883 0.9998273868132452 -0.010770134371750669 -0.002755983250219432 0.010813854187660307 0.9999374704279976 0.5656966266735424 -0.1270646150042012 -0.36377803125573394
FixedParameters: 0 0 0
#Transform 154
Transform: MatrixOffsetTransformBase_double_3_3
Parameters: 0.9998759197222504 -0.015468560391564004 0.002966014719726164 0.015501425255023488 0.9998120732289566 -0.011601459739165154 -0.002786000535551226 0.011645538090393013 0.9999286091257643 0.5443392913736602 -0.08955555025842443 -0.41440653374444025
FixedParameters: 0 0 0
#Transform 155
Transform: MatrixOffsetTransformBase_double_3_3
Parameters: 0.9998810671850852 -0.015059701974930496 0.003334197951158037 0.015097318678133322 0.9998206886707343 -0.01146102723519227 -0.003161797477313062 0.011509986227963865 0.9999285205416487 0.550436124544305 -0.08862828351233532 -0.38653953243817796
FixedParameters: 0 0 0
#Transform 156
Transform: MatrixOffsetTransformBase_double_3_3
Parameters: 0.9998767814577179 -0.015346968605739301 0.003267052099581264 0.015386032507426161 0.9998064928746928 -0.012277251080453125 -0.0030779370507972997 0.012326761133602253 0.9999195799380001 0.5383427590239194 -0.08354378153065056 -0.4543958279901261
FixedParameters: 0 0 0
#Transform 157
Transform: MatrixOffsetTransformBase_double_3_3
Parameters: 0.9998800942698135 -0.015028403226094 0.0036114667006622234 0.01507158969100176 0.999809985274561 -0.012362046822378252 -0.003425536228249348 0.012414964072434788 0.9999171288811561 0.5340730997942984 -0.0826983240874597 -0.43464065345300185
FixedParameters: 0 0 0
#Transform 158
Transform: MatrixOffsetTransformBase_double_3_3
Parameters: 0.9998809142576875 -0.015126250307245947 0.0030449618922127482 0.015163759165132027 0.9998036085271053 -0.01278334818074946 -0.0028510442403114422 0.012827652138071424 0.999913311095998 0.5192085899444407 -0.09328210080759902 -0.4514613931982723
FixedParameters: 0 0 0
#Transform 159
Transform: MatrixOffsetTransformBase_double_3_3
Parameters: 0.9998750481315485 -0.01541915046852642 0.0033448410599463316 0.015463833503691701 0.9997847734158651 -0.013821993135431504 -0.003131157176186798 0.01387200326880146 0.9998987536916594 0.5133163954964033 -0.07728948397011948 -0.45209796954047476
FixedParameters: 0 0 0
#Transform 160
Transform: MatrixOffsetTransformBase_double_3_3
Parameters: 0.9998824551562047 -0.015023129749818944 0.0029729609206550997 0.015066862468958643 0.999768986546599 -0.015328005772022072 -0.002742040200159618 0.015370998052294856 0.9998781988549696 0.5009186226409952 -0.08182920173599939 -0.5296476859777499
FixedParameters: 0 0 0
#Transform 161
Transform: MatrixOffsetTransformBase_double_3_3
Parameters: 0.999886592859357 -0.01464194445636201 0.003465216423077274 0.01469103897391525 0.9997855555153071 -0.014579735254277706 -0.0032507757829056735 0.014629246212530271 0.9998874078747685 0.49828998635722144 -0.08775674226345132 -0.47223369556827777
FixedParameters: 0 0 0
#Transform 162
Transform: MatrixOffsetTransformBase_double_3_3
Parameters: 0.9998701116188131 -0.015617592362770006 0.003867615222116595 0.015681365899652633 0.9997330059950584 -0.016941534993729503 -0.0036013678270999283 0.017000436883204472 0.9998489976447167 0.511935223843949 -0.061073975158109306 -0.5768268942803445
FixedParameters: 0 0 0
#Transform 163
Transform: MatrixOffsetTransformBase_double_3_3
Parameters: 0.9998733376140534 -0.0153399773185064 0.0041631454287188036 0.015410005695714084 0.9997307138319868 -0.017342033344643192 -0.003895851826152589 0.01740395759410872 0.999840897986097 0.49668355375995077 -0.10102352969295225 -0.5330753590282029
FixedParameters: 0 0 0
#Transform 164
Transform: MatrixOffsetTransformBase_double_3_3
Parameters: 0.9998704481720002 -0.015489930548380704 0.004312637203011058 0.01557003557089023 0.99969406519732 -0.019194333579568068 -0.0040133687032984375 0.019258656647311554 0.9998069504180354 0.49846252142367575 -0.05955170777917829 -0.6535882754527478
FixedParameters: 0 0 0
#Transform 165
Transform: MatrixOffsetTransformBase_double_3_3
Parameters: 0.9998689570015552 -0.015397598680076736 0.004994795782781848 0.015487408504850064 0.9997072326295834 -0.018596074782429372 -0.00470721242596538 0.01867092082373911 0.9998142040161541 0.49159432448053053 0.004187531452700455 -0.625729872465584
FixedParameters: 0 0 0
#Transform 166
Transform: MatrixOffsetTransformBase_double_3_3
Parameters: 0.999873766648967 -0.015193830507425544 0.004728749982579777 0.015274179761671617 0.9997316269827706 -0.017406978317967375 -0.004463252905595158 0.017477028811054906 0.9998376079998554 0.5230229826407111 -0.10698267245750515 -0.5543082192005784
FixedParameters: 0 0 0
#Transform 167
Transform: MatrixOffsetTransformBase_double_3_3
Parameters: 0.999873460102479 -0.015335186935050114 0.004284418974327179 0.015403826767570876 0.9997447753246349 -0.016519101976223638 -0.004030590428368161 0.016582916325387838 0.9998547410113375 0.5120892405280273 -0.014957443680160054 -0.5652775320997421
FixedParameters: 0 0 0
#Transform 168
Transform: MatrixOffsetTransformBase_double_3_3
Parameters: 0.9998631866545593 -0.015989955136923254 0.004372159780291724 0.01605605247036643 0.9997504587857556 -0.015513929355280509 -0.00412284422377756 0.015582062369568885 0.9998701849414651 0.507983648378044 -0.1009879754669214 -0.50336950777276
FixedParameters: 0 0 0
#Transform 169
Transform: MatrixOffsetTransformBase_double_3_3
Parameters: 0.9998661529009334 -0.015871874171723564 0.003988662998688119 0.015933142376894263 0.9997486617913117 -0.01579257354325826 -0.0037373310313907077 0.01585445216387899 0.9998676595080442 0.5116555828338676 -0.013624010998640301 -0.5504263771933893
FixedParameters: 0 0 0
#Transform 170
Transform: MatrixOffsetTransformBase_double_3_3
Parameters: 0.9998762296051203 -0.01525487474636309 0.0037475465346381177 0.015306093500272087 0.9997843513748 -0.01401136123538257 -0.003532438156210976 0.014067615446760233 0.9998946196845714 0.5125258235092218 -0.10956936267771766 -0.46575226469177267
FixedParameters: 0 0 0
#Transform 171
Transform: MatrixOffsetTransformBase_double_3_3
Parameters: 0.9998783339412788 -0.015231053437646089 0.0032661243782315724 0.015275944798664039 0.9997827040058036 -0.014208831791489513 -0.0030488699192194363 0.014257168321587904 0.9998934282502501 0.5041191150301785 -0.01749412533310135 -0.5175355313001546
FixedParameters: 0 0 0
#Transform 172
Transform: MatrixOffsetTransformBase_double_3_3
Parameters: 0.9998795483582852 -0.015150167956286407 0.0033037066241999266 0.015194805637282342 0.999786258736161 -0.013993472828649683 -0.003090299533796906 0.014041496397383644 0.9998962665071791 0.5066272283045521 -0.10727261001753163 -0.46403304718816685
FixedParameters: 0 0 0
#Transform 173
Transform: MatrixOffsetTransformBase_double_3_3
Parameters: 0.9998767558620335 -0.015513985671547754 0.0025585934265828177 0.015548019005282333 0.999783086002507 -0.013860928335724705 -0.0023424055482121355 0.013899054136788108 0.9999003189219267 0.466257949830549 -0.01126360530881243 -0.5058484468255955
FixedParameters: 0 0 0
#Transform 174
Transform: MatrixOffsetTransformBase_double_3_3
Parameters: 0.9998757780631995 -0.015471825901431884 0.0029708660159178404 0.015511189408574187 0.999786974720199 -0.013652624778392596 -0.002759142574792241 0.013696400820913763 0.9999027783958747 0.4590862937688911 -0.09827892403997396 -0.45105069485398985
FixedParameters: 0 0 0
#Transform 175
Transform: MatrixOffsetTransformBase_double_3_3
Parameters: 0.9998732059518082 -0.01564815376382204 0.0028104282787714315 0.01568582684159944 0.999783952896162 -0.013600622036770232 -0.002597565703192287 0.013642358386022962 0.9999031221261323 0.4654568333555602 -0.012131437731142114 -0.4935788157644794
FixedParameters: 0 0 0
#Transform 176
Transform: MatrixOffsetTransformBase_double_3_3
Parameters: 0.9998713275531785 -0.015700139496556197 0.00318813884945699 0.015743843293809245 0.9997745764189562 -0.014230624871399797 -0.0029638690722902906 0.014278357773080716 0.9998933231136777 0.4749693649510789 -0.12226572807834657 -0.4824020650141989
FixedParameters: 0 0 0
#Transform 177
Transform: MatrixOffsetTransformBase_double_3_3
Parameters: 0.9998712724709331 -0.015693337120334102 0.0032308088277751214 0.015736630508443494 0.999778394843878 -0.013960950295182208 -0.0030101951616543846 0.01401003868329844 0.9998976451178623 0.4728784037414897 -0.0203140342400161 -0.5289673930002863
FixedParameters: 0 0 0
#Transform 178
Transform: MatrixOffsetTransformBase_double_3_3
Parameters: 0.9998712462718643 -0.015808220553769514 0.0028002744252640845 0.01584479309031123 0.999781781924061 -0.013642394052508505 -0.0025837354445613168 0.013684613494067521 0.9999030402868526 0.496539014051379 -0.10721111142450468 -0.47202555997476736
FixedParameters: 0 0 0
#Transform 179
Transform: MatrixOffsetTransformBase_double_3_3
Parameters: 0.9998636155795455 -0.01617486439871875 0.003276606812342455 0.016221138550165583 0.9997622462282791 -0.014579842105689285 -0.003040389391804639 0.014631177272497431 0.9998886759932863 0.4975000006595849 -0.07434341314895221 -0.5208913144511627
FixedParameters: 0 0 0
#Transform 180
Transform: MatrixOffsetTransformBase_double_3_3
Parameters: 0.9998577043682828 -0.01653997046969887 0.003271489660349462 0.016587041655638856 0.9997513983674751 -0.01491386513622192 -0.0030245257259924204 0.014965162311221423 0.9998838716280354 0.497976411027679 -0.010384622444306046 -0.5432940367630152
FixedParameters: 0 0 0
#Transform 181
Transform: MatrixOffsetTransformBase_double_3_3
Parameters: 0.9998618071286671 -0.016360951298615756 0.00291430216880066 0.01639903345894472 0.9997734988293687 -0.013547075490763243 -0.0026916980027128726 0.013592912320308374 0.999903976273529 0.48881302235930946 -0.16531318252746985 -0.46533148483797504
FixedParameters: 0 0 0
#Transform 182
Transform: MatrixOffsetTransformBase_double_3_3
Parameters: 0.999867766098411 -0.016061547805141418 0.002692831482244642 0.016096481795255895 0.9997768467864063 -0.013711484196306814 -0.002472187306564311 0.013752541843628337 0.9999027405135732 0.4797481373029484 -0.06426345368609532 -0.4954419621768835
FixedParameters: 0 0 0
#Transform 183
Transform: MatrixOffsetTransformBase_double_3_3
Parameters: 0.9998598223031413 -0.016373767451718705 0.003474489779590646 0.016419222938167093 0.9997710249596609 -0.013722871413709477 -0.0032485168779884444 0.01377811805545424 0.9998996006181573 0.4897387979685419 -0.1165778068491079 -0.4741393202903197
FixedParameters: 0 0 0
#Transform 184
Transform: MatrixOffsetTransformBase_double_3_3
Parameters: 0.9998658561675141 -0.016138117297567832 0.0029473494302114964 0.01617989569355744 0.9997594769266152 -0.01478730291624678 -0.002708645031999152 0.014833709357450764 0.9998866236534507 0.4868310513411984 -0.05509218361058288 -0.5183037245806048
FixedParameters: 0 0 0
#Transform 185
Transform: MatrixOffsetTransformBase_double_3_3
Parameters: 0.9998678463933477 -0.01591131803484041 0.0033097491860520157 0.01595767991216036 0.9997707911535465 -0.014266063316230884 -0.003082240109626831 0.014316928480639243 0.9998925135698769 0.49502048952862765 -0.10286672509531058 -0.4864784429123006
FixedParameters: 0 0 0
#Transform 186
Transform: MatrixOffsetTransformBase_double_3_3
Parameters: 0.9998610602951632 -0.016346062926292634 0.0031188799500850564 0.016392920111616787 0.999742780470539 -0.01566604651168857 -0.00286212151214558 0.015714965284675007 0.9998728316512349 0.4655712002964947 -0.08049501324747155 -0.5819563456751524
FixedParameters: 0 0 0
#Transform 187
Transform: MatrixOffsetTransformBase_double_3_3
Parameters: 0.9998586233636548 -0.01651612655769424 0.003094137645295844 0.016559888692605673 0.9997545605174006 -0.014735840644468666 -0.002850858066497789 0.014785171339841882 0.9998862634440199 0.49222796880630426 -0.0640571405545387 -0.5162850512249548
FixedParameters: 0 0 0
#Transform 188
Transform: MatrixOffsetTransformBase_double_3_3
Parameters: 0.9998569138806126 -0.016463698048928423 0.0038761086410750408 0.016522289059265345 0.9997383538448715 -0.01579820758043103 -0.0036149034428974427 0.015859773297754228 0.9998673786135285 0.4849045900299416 -0.08056897668073759 -0.569070381060115
FixedParameters: 0 0 0
#Transform 189
Transform: MatrixOffsetTransformBase_double_3_3
Parameters: 0.9998528844171071 -0.01685042461659323 0.0033415609090042507 0.016901585583378224 0.9997282692314077 -0.016061901275864637 -0.0030694495948926435 0.016116108403673404 0.9998658314739588 0.4945276915389485 -0.09291062665153049 -0.5485602391518682
FixedParameters: 0 0 0
#Transform 190
Transform: MatrixOffsetTransformBase_double_3_3
Parameters: 0.9998546901631731 -0.01674528852149 0.0031420004199933732 0.016801713027049834 0.9996854283644877 -0.01863290746950978 -0.002828980676220037 0.018683077871111082 0.9998209089916015 0.4803918073948523 -0.0745830119283255 -0.689640984525937
FixedParameters: 0 0 0
#Transform 191
Transform: MatrixOffsetTransformBase_double_3_3
Parameters: 0.9998522910080724 -0.016805417966286394 0.0035005496614138555 0.016866565230287196 0.9996943148591646 -0.01805860887609783 -0.0031964297659559516 0.01811537689903756 0.9998305955285864 0.49923725024670773 -0.12438901484080134 -0.5811143301121575
FixedParameters: 0 0 0
#Transform 192
Transform: MatrixOffsetTransformBase_double_3_3
Parameters: 0.999851468395168 -0.016925271476334616 0.0033240835998035265 0.016984735107808582 0.9996781382123825 -0.018848343271045193 -0.00300391072456105 0.018902652014871252 0.9998166447697914 0.4916271203116054 -0.09386663738338541 -0.671311017453462
FixedParameters: 0 0 0
#Transform 193
Transform: MatrixOffsetTransformBase_double_3_3
Parameters: 0.9998396559515511 -0.017446661796392496 0.003992970623918048 0.01752033756725264 0.999658235977843 -0.019408146349219765 -0.0036530410307513317 0.019474848634743382 0.9998033442194201 0.4806891162879623 -0.12063656986568105 -0.6599364980025371
FixedParameters: 0 0 0
#Transform 194
Transform: MatrixOffsetTransformBase_double_3_3
Parameters: 0.9998411570684079 -0.01743054917626203 0.003742170877469804 0.017503444930537203 0.9996347488913024 -0.020584770074249907 -0.00338183781833709 0.020647228163912932 0.9997812113898923 0.4738585456049407 -0.07515998351549058 -0.7671326832091978
FixedParameters: 0 0 0
#Transform 195
Transform: MatrixOffsetTransformBase_double_3_3
Parameters: 0.9998337319972701 -0.01785261998967031 0.0038103441726657326 0.0179243905159243 0.9996472434174133 -0.01960496219870348 -0.0034586471136205136 0.01967001702274656 0.9998000875222135 0.5073448260689588 -0.06889897080750984 -0.7018295857662906
FixedParameters: 0 0 0
#Transform 196
Transform: MatrixOffsetTransformBase_double_3_3
Parameters: 0.9998136960663482 -0.018624850539204346 0.005037999171808215 0.018726125280313335 0.9996071347614329 -0.020833532369890405 -0.004647990344471442 0.020924459668359926 0.9997705199663705 0.5342723101517919 -0.11910151267804281 -0.7089421087814003
FixedParameters: 0 0 0
#Transform 197
Transform: MatrixOffsetTransformBase_double_3_3
Parameters: 0.9997871929307409 -0.01976623062197837 0.005919368352840708 0.01989577868020043 0.999547555988433 -0.022548030425370204 -0.005471618444685781 0.022660978163769847 0.999728470493294 0.5942248229633265 -0.04895467583247637 -0.7749199544885386
FixedParameters: 0 0 0
#Transform 198
Transform: MatrixOffsetTransformBase_double_3_3
Parameters: 0.9997752458149262 -0.019945710458944686 0.007132178816936438 0.020104260362141822 0.99953624128712 -0.022855740200196924 -0.0066728292845799776 0.022993252665125214 0.9997136831854765 0.5994439824514757 -0.07852778711361452 -0.7639993673177514
FixedParameters: 0 0 0
#Transform 199
Transform: MatrixOffsetTransformBase_double_3_3
Parameters: 0.9997838072821031 -0.019920571375837453 0.006027546419508766 0.020042427631095403 0.9995787897304464 -0.020983728699015235 -0.005606461042806518 0.021100244465568664 0.9997612926023487 0.609947564358805 -0.024103507617809328 -0.7561907009293094
FixedParameters: 0 0 0
#Transform 200
Transform: MatrixOffsetTransformBase_double_3_3
Parameters: 0.9997625767966345 -0.020671430062266634 0.0069331553189293064 0.020795592923227656 0.999614601685229 -0.01840619366458438 -0.00654985438348215 0.01854580072277951 0.9998061106129321 0.6460015757782998 -0.08588270723768687 -0.6143561931931174
FixedParameters: 0 0 0
#Transform 201
Transform: MatrixOffsetTransformBase_double_3_3
Parameters: 0.9997707541644738 -0.020604691214697702 0.005885037638930728 0.020706316146033993 0.999628575776609 -0.017707202964039985 -0.005517964274043788 0.01782478331137109 0.9998257947989054 0.6183380092422084 -0.019025331388547784 -0.637512678662759
FixedParameters: 0 0 0
#Transform 202
Transform: MatrixOffsetTransformBase_double_3_3
Parameters: 0.9997808698976213 -0.020089206202857698 0.005959025062427648 0.020184792691105003 0.9996599905854597 -0.016476335935838495 -0.005625995962719538 0.016592664855036538 0.9998470024971587 0.6162356466734735 -0.1032873329316999 -0.5434235656083644
FixedParameters: 0 0 0
#Transform 203
Transform: MatrixOffsetTransformBase_double_3_3
Parameters: 0.9997948224370693 -0.019481304981532062 0.0056233316748326035 0.019571717819377298 0.9996718101341896 -0.016553354487347287 -0.005298666765796835 0.01666065960379191 0.9998473324176685 0.5929539513037128 -0.03479719257457248 -0.5996881798377842
FixedParameters: 0 0 0
#Transform 204
Transform: MatrixOffsetTransformBase_double_3_3
Parameters: 0.9997904230802325 -0.01958615436171223 0.005909409183045247 0.019677822316019354 0.9996797076133419 -0.015905042789031692 -0.0055955916112368255 0.01601794692007005 0.9998560908726634 0.591064823694353 -0.09168135825817103 -0.5458059959599666
FixedParameters: 0 0 0
#Transform 205
Transform: MatrixOffsetTransformBase_double_3_3
Parameters: 0.9998105602674722 -0.01895334416674588 0.004492655161711668 0.019020640023462987 0.9996980221642221 -0.015527490601073777 -0.004196365282929239 0.015609494455914625 0.9998697065780124 0.5542972618643489 -0.023115004333121192 -0.5509455519093223
FixedParameters: 0 0 0
#Transform 206
Transform: MatrixOffsetTransformBase_double_3_3
Parameters: 0.9997962955349893 -0.019635483558064347 0.004703421143352629 0.01970049691818458 0.9997029557582159 -0.0143122433554537 -0.004420587992451144 0.014401721776545914 0.9998860301048615 0.5830614821128535 -0.10280112668644392 -0.5032475518984398
FixedParameters: 0 0 0
#Transform 207
Transform: MatrixOffsetTransformBase_double_3_3
Parameters: 0.9998100291218104 -0.01887550979988156 0.00486421386719296 0.018945479454011916 0.9997096546536123 -0.01487666145738548 -0.004581783061344634 0.014966316902610532 0.9998770053659031 0.5851755521848929 -0.01809899675112092 -0.5507166388941585
FixedParameters: 0 0 0
#Transform 208
Transform: MatrixOffsetTransformBase_double_3_3
Parameters: 0.9998112244042057 -0.01893583442773259 0.0042649662586369645 0.01899315294290187 0.9997211619340834 -0.014035645703807942 -0.003998038765564048 0.014114371914907883 0.9998927940175621 0.5857654886330295 -0.06113188448861706 -0.48331667837523185
FixedParameters: 0 0 0
#Transform 209
Transform: MatrixOffsetTransformBase_double_3_3
Parameters: 0.9998155544851546 -0.018869619899085994 0.0036522488171997344 0.01892138471666982 0.9997141908946348 -0.014584582073768155 -0.003376739395993388 0.014651417805901677 0.9998869294285502 0.5576423963721453 -0.025357326713077555 -0.5229443911347857
FixedParameters: 0 0 0
#Transform 210
Transform: MatrixOffsetTransformBase_double_3_3
Parameters: 0.9998160808289117 -0.01874977134681806 0.004040365555043129 0.01880422073453343 0.9997271236440807 -0.013827564858145078 -0.003780625203333651 0.01390144024154796 0.9998964545472065 0.5709694551279654 -0.06404344040026899 -0.4964639186222257
FixedParameters: 0 0 0
#Transform 211
Transform: MatrixOffsetTransformBase_double_3_3
Parameters: 0.9998225349812091 -0.018470663027439233 0.0036414032682077217 0.01851934953150246 0.9997347037094267 -0.013721003409819351 -0.0033875918242540683 0.013786022412606654 0.99989946196717 0.5583129876039692 -0.003942864039629512 -0.4921791863565801
FixedParameters: 0 0 0
#Transform 212
Transform: MatrixOffsetTransformBase_double_3_3
Parameters: 0.999816282525051 -0.018793988851991773 0.0038037445975944426 0.01884603663098897 0.999722896953583 -0.014136917692751914 -0.0035372532049659333 0.014206094979988636 0.999892665465333 0.5774800098669175 -0.05965215259747936 -0.5086942167352788
FixedParameters: 0 0 0
#Transform 213
Transform: MatrixOffsetTransformBase_double_3_3
Parameters: 0.9998160901056503 -0.01883381174406437 0.0034873038288888796 0.018880152349417322 0.999727289571122 -0.013717668412636976 -0.0032276835446235583 0.013781310590947298 0.9998996507613402 0.5755120332393915 -0.022025381730173876 -0.4936647821995308
FixedParameters: 0 0 0
#Transform 214
Transform: MatrixOffsetTransformBase_double_3_3
Parameters: 0.9998155903703895 -0.018794673950872552 0.004016338875078153 0.018851347086036262 0.9997177965636328 -0.0144829682300472 -0.003742658271465096 0.014556037090409014 0.9998871007965917 0.5824171149015456 -0.07320765720996292 -0.5198203586745365
FixedParameters: 0 0 0
#Transform 215
Transform: MatrixOffsetTransformBase_double_3_3
Parameters: 0.9998187163775349 -0.018641101540688224 0.003970240560706744 0.018696920915800507 0.999719796323235 -0.014544421393552638 -0.0036977551333837004 0.014616595902570879 0.9998866766169392 0.5821497417280881 -0.023923250598215873 -0.532403183810672
FixedParameters: 0 0 0
#Transform 216
Transform: MatrixOffsetTransformBase_double_3_3
Parameters: 0.9998071419083111 -0.019186270569090533 0.00408568025603643 0.019251702805177625 0.999679099727388 -0.016437491867262663 -0.0037693107542665144 0.01651248174865444 0.9998561022792775 0.5614274896826714 -0.07671850185911921 -0.5861965254571402
FixedParameters: 0 0 0
#Transform 217
Transform: MatrixOffsetTransformBase_double_3_3
Parameters: 0.9997996682360856 -0.01942393686805506 0.004899152378966278 0.0195040615844778 0.9996671751304584 -0.01686182044606942 -0.004569864351422822 0.016953156892752747 0.9998456681308464 0.5549173293500473 -0.03691759911589543 -0.6197861737763901
FixedParameters: 0 0 0
#Transform 218
Transform: MatrixOffsetTransformBase_double_3_3
Parameters: 0.9998077233856691 -0.01885299077986076 0.005366920448706743 0.01894699462386339 0.9996574927443752 -0.018038772160592246 -0.0050250726532506396 0.018137215800327955 0.99982276295599 0.5648508333563029 -0.0460669216350027 -0.659482941207088
FixedParameters: 0 0 0
#Transform 219
Transform: MatrixOffsetTransformBase_double_3_3
Parameters: 0.9998028669098771 -0.019279818861419086 0.004835398163947774 0.019362195766587972 0.9996582900551129 -0.017569848927324418 -0.004494599185355075 0.01766014566464362 0.999833891030135 0.560774260010092 0.023079820664619888 -0.6803167247187076
FixedParameters: 0 0 0
#Transform 220
Transform: MatrixOffsetTransformBase_double_3_3
Parameters: 0.9997984111388113 -0.019496006759834452 0.004842864433022618 0.019574986637939558 0.9996662306424481 -0.016836600874152962 -0.0045131346778626655 0.016928406460659722 0.9998470446035017 0.5787259058486569 -0.08591167596725313 -0.6057738563127373
FixedParameters: 0 0 0
#Transform 221
Transform: MatrixOffsetTransformBase_double_3_3
Parameters: 0.999800524999679 -0.019391496639381785 0.004836717488103639 0.019477508996335366 0.9996423912244038 -0.01830643868357614 -0.004480281830184136 0.018396543264242927 0.9998204549924122 0.5770805892200883 -0.00879304094615918 -0.710595661699216
FixedParameters: 0 0 0
#Transform 222
Transform: MatrixOffsetTransformBase_double_3_3
Parameters: 0.999793928520593 -0.019578636725124176 0.0053572709055929235 0.019665366965646768 0.9996694725025738 -0.01657407092102875 -0.005030726953493118 0.016675939336973367 0.9998485794323875 0.5984465650381452 -0.03952986168796713 -0.6103628567158665
FixedParameters: 0 0 0
#Transform 223
Transform: MatrixOffsetTransformBase_double_3_3
Parameters: 0.9997862606556979 -0.019944422722350107 0.005377882307029275 0.020034554983356097 0.9996485320060923 -0.017347954781542996 -0.00503012101992337 0.017452043425807744 0.999835098220609 0.6033535167556039 -0.024245149751607187 -0.6573813868664047
FixedParameters: 0 0 0
#Transform 224
Transform: MatrixOffsetTransformBase_double_3_3
Parameters: 0.9997771762275585 -0.02032018853962761 0.005645363053790679 0.02041278414749411 0.9996486392770003 -0.016898522463191703 -0.005299649577563046 0.01700947467728264 0.9998415555003027 0.6127771373075177 -0.01865236806858661 -0.6070655529529176
FixedParameters: 0 0 0
#Transform 225
Transform: MatrixOffsetTransformBase_double_3_3
Parameters: 0.9997738804161828 -0.02032834349715602 0.006149587242967437 0.02043061263926537 0.9996474103597572 -0.016943169006022572 -0.005802393708512814 0.017064789553797095 0.9998370916844267 0.619229464249031 -0.028849572930468526 -0.6520315272677379
FixedParameters: 0 0 0
#Transform 226
Transform: MatrixOffsetTransformBase_double_3_3
Parameters: 0.9997652094427525 -0.020661588070549006 0.006544261728766797 0.020763416233000917 0.9996592498830508 -0.01582784368926771 -0.00621473374431785 0.01596016218332355 0.9998536297249029 0.6323853763048248 -0.05535300966803902 -0.5703164364185795
FixedParameters: 0 0 0
#Transform 227
Transform: MatrixOffsetTransformBase_double_3_3
Parameters: 0.999771545459464 -0.020493636924225563 0.006033453393347745 0.020585361799916633 0.9996681794166197 -0.015490332857482459 -0.005714522269733122 0.015611672783387738 0.9998616142987025 0.6408006887330799 -0.01238953948242738 -0.6003713388358562
FixedParameters: 0 0 0
#Transform 228
Transform: MatrixOffsetTransformBase_double_3_3
Parameters: 0.9997781532189651 -0.02031795884787084 0.0054753360776621535 0.02039503250779003 0.9996885209314297 -0.0144025273645695 -0.0051806726307397 0.014510481650462946 0.9998815832442763 0.640731228690683 -0.0854437556657075 -0.5113111571169497
FixedParameters: 0 0 0
#Transform 229
Transform: MatrixOffsetTransformBase_double_3_3
Parameters: 0.9997754057659584 -0.020469752273554277 0.005525406570005482 0.020550257114234426 0.9996781325407624 -0.014881797877704512 -0.005218608285383956 0.014991194562165305 0.99987400021851 0.6593089013129116 -0.027392125549539514 -0.5657711738163727
FixedParameters: 0 0 0
#Transform 230
Transform: MatrixOffsetTransformBase_double_3_3
Parameters: 0.9997683346458551 -0.020820107056298276 0.005397778906276614 0.02089688509265001 0.9996749853132767 -0.014602578357018352 -0.005092229314042449 0.014711421155394167 0.9998786212534665 0.6355976061753239 -0.07530973736643887 -0.5092595361000889
FixedParameters: 0 0 0
#Transform 231
Transform: MatrixOffsetTransformBase_double_3_3
Parameters: 0.9997800489349882 -0.020239705745171373 0.005501866812241103 0.020325281566443604 0.9996632921591755 -0.016107712557149198 -0.005174140444132431 0.01621628653265717 0.9998552447054109 0.6301817387506503 -0.028285795692411853 -0.598457627853648
FixedParameters: 0 0 0
#Transform 232
Transform: MatrixOffsetTransformBase_double_3_3
Parameters: 0.999771561568772 -0.020466349275716694 0.006206188907758166 0.020564679352684922 0.999656156926175 -0.016273100283882028 -0.005871825573038228 0.016396931605218015 0.9998486430182686 0.6446152144226005 -0.09621307264747259 -0.6069993137723628
FixedParameters: 0 0 0
#Transform 233
Transform: MatrixOffsetTransformBase_double_3_3
Parameters: 0.999778386391057 -0.02030718805793259 0.005494460218962224 0.02039479141591594 0.9996570912266949 -0.016426577261107855 -0.005158530995892601 0.016535415041027353 0.9998499515436204 0.6069674687534246 -0.00889927631322962 -0.6422358268691681
FixedParameters: 0 0 0
#Transform 234
Transform: MatrixOffsetTransformBase_double_3_3
Parameters: 0.9997689547221016 -0.020733011948516556 0.005579677554811226 0.020826954532879083 0.9996322220796574 -0.017345783684405706 -0.005218312653922558 0.01745820879352618 0.9998339578724613 0.6055039392165753 -0.04970366367504653 -0.6524789053666922
FixedParameters: 0 0 0
#Transform 235
Transform: MatrixOffsetTransformBase_double_3_3
Parameters: 0.9997873703862491 -0.020240845655981707 0.003986293708110542 0.020317140445266266 0.9995913758746736 -0.020091283309622274 -0.003577691787808739 0.02016870536298491 0.9997903925514585 0.5564991302151583 0.11568724233404737 -0.8325065818305291
FixedParameters: 0 0 0
#Transform 236
Transform: MatrixOffsetTransformBase_double_3_3
Parameters: 0.9998145871299218 -0.019029755484026616 0.0030401764549900664 0.019078259278446388 0.9996783278859334 -0.016721099523449138 -0.0027208205696420892 0.01677588750505286 0.9998551434991089 0.5058690803710277 0.04885614872766553 -0.5820765730308182
FixedParameters: 0 0 0
#Transform 237
Transform: MatrixOffsetTransformBase_double_3_3
Parameters: 0.9997770338459913 -0.020700815186647507 0.004288394219017661 0.02076019710246124 0.9996827959813948 -0.014252159211620704 -0.003991612661032708 0.014337835803621385 0.9998894773244877 0.5748418335091117 -0.3307932383657004 -0.4825139374411265
FixedParameters: 0 0 0
#Transform 238
Transform: MatrixOffsetTransformBase_double_3_3
Parameters: 0.999778230140032 -0.020606880462639848 0.004367905052794184 0.020667095393558585 0.9996852497626583 -0.014195868221231027 -0.004073089484657876 0.014283093192862261 0.9998893886461171 0.6165756166794978 -0.195111878432229 -0.5221551498431438
FixedParameters: 0 0 0
#Transform 239
Transform: MatrixOffsetTransformBase_double_3_3
Parameters: 0.9997684961234466 -0.02096402222220664 0.00479145185550009 0.02103297051543839 0.9996686247500207 -0.01482864148369969 -0.004479555772869153 0.014925351929865634 0.9998781455223964 0.6237323821432881 -0.11226848964057012 -0.5411187600315941
FixedParameters: 0 0 0
#Transform 240
Transform: MatrixOffsetTransformBase_double_3_3
Parameters: 0.9997639417948387 -0.021304796284915644 0.0042547145886505724 0.021368203805415462 0.999652912383702 -0.015406724085219732 -0.0039252780919027674 0.015494287598100571 0.9998725084725287 0.6075680826593128 -0.060292266335082445 -0.5992222177186335
FixedParameters: 0 0 0
#Transform 241
Transform: MatrixOffsetTransformBase_double_3_3
Parameters: 0.9997618226180519 -0.02126574958672955 0.004887101497784552 0.021334249026399812 0.9996693758301959 -0.014365158323425898 -0.004579874891233651 0.014466839657967611 0.9998847336148715 0.6269068349671869 -0.09718300454736095 -0.5443806004509213
FixedParameters: 0 0 0
#Transform 242
Transform: MatrixOffsetTransformBase_double_3_3
Parameters: 0.9997441322943342 -0.022102645425798855 0.004926345070814601 0.022177352134219994 0.9996320560986951 -0.015587742341055793 -0.004579652704076015 0.015693245016666177 0.9998667332388227 0.649319136262875 -0.020775484865026783 -0.6161242119257082
FixedParameters: 0 0 0
#Transform 243
Transform: MatrixOffsetTransformBase_double_3_3
Parameters: 0.9997436360781429 -0.02189362171638635 0.005742857819342104 0.02197736840544618 0.9996449064461136 -0.015064646057742763 -0.005411142095441134 0.015187359941920357 0.9998700529815713 0.6677460413943663 -0.05469751715492066 -0.5909816139466955
FixedParameters: 0 0 0
#Transform 244
Transform: MatrixOffsetTransformBase_double_3_3
Parameters: 0.999735766815491 -0.022351078090940148 0.005347761462042737 0.022432895605580205 0.9996235466035587 -0.01578220142214239 -0.004992245108785286 0.015897779818444382 0.9998613115389219 0.6584698178864272 -0.013730967856943721 -0.6116590896730258
FixedParameters: 0 0 0
#Transform 245
Transform: MatrixOffsetTransformBase_double_3_3
Parameters: 0.999733974775798 -0.0222775962880962 0.005886603942812629 0.02237337385890111 0.9996104715294186 -0.016667713622577587 -0.005513374600462632 0.01679527561179581 0.9998435036985046 0.6408670155631029 -0.05812524296635502 -0.640333543668163
FixedParameters: 0 0 0
#Transform 246
Transform: MatrixOffsetTransformBase_double_3_3
Parameters: 0.9997253885778432 -0.022762514655266682 0.005512979780382619 0.02285347823088946 0.999595370468377 -0.016946664226833018 -0.0051250030471352605 0.017068346353692306 0.9998413866042886 0.6834760527400761 -0.06810990276048301 -0.6445653583053996
FixedParameters: 0 0 0
#Transform 247
Transform: MatrixOffsetTransformBase_double_3_3
Parameters: 0.9997396280810505 -0.022120834714589525 0.005654223055736599 0.022220167975450924 0.9995886542354203 -0.01812307946013474 -0.005250776892791865 0.018243900282235614 0.999819553973502 0.6555301494609012 -0.06920508186250629 -0.704826146290884
FixedParameters: 0 0 0
#Transform 248
Transform: MatrixOffsetTransformBase_double_3_3
Parameters: 0.9997184069492635 -0.022911472849741696 0.006131001244286311 0.0230215045616186 0.9995615848334255 -0.01860708672617397 -0.005702007203010876 0.018742911288004607 0.9998081519338285 0.6811963613399712 -0.09281669107774349 -0.666824138846124
FixedParameters: 0 0 0
#Transform 249
Transform: MatrixOffsetTransformBase_double_3_3
Parameters: 0.9996962969069748 -0.023825187871341403 0.006243147517745809 0.02393478447518587 0.9995486387788836 -0.018146070251960262 -0.005807852027276541 0.018289915591631265 0.9998157115301762 0.7103409948831398 -0.03910569735376157 -0.6380621877007826
FixedParameters: 0 0 0
#Transform 250
Transform: MatrixOffsetTransformBase_double_3_3
Parameters: 0.9996931490856089 -0.02419066083821111 0.005344392743858683 0.024289339529605873 0.9995211632036923 -0.019174072475629612 -0.004877602157800075 0.019297914661890053 0.9998017566473453 0.6859926297835841 -0.0123277110239286 -0.7092820885014248
FixedParameters: 0 0 0
#Transform 251
Transform: MatrixOffsetTransformBase_double_3_3
Parameters: 0.9996754408782091 -0.024854710184852708 0.005629742126771623 0.024955301198634816 0.9995174516828627 -0.018508520903839278 -0.005166266433942255 0.018642462299827026 0.9998127194552181 0.7275586540620083 -0.04254730188127098 -0.6444844045389715
FixedParameters: 0 0 0
#Transform 252
Transform: MatrixOffsetTransformBase_double_3_3
Parameters: 0.9996602581848266 -0.02540582934650792 0.005761421307093969 0.025514121236425866 0.9994791934326365 -0.019736684632978185 -0.005256579674870846 0.01987727792928826 0.9997882208218424 0.7504294878557118 -0.02959385219332944 -0.67619230678973
FixedParameters: 0 0 0
#Transform 253
Transform: MatrixOffsetTransformBase_double_3_3
Parameters: 0.999685384805172 -0.02424062592209258 0.006474643813113866 0.024372381242022137 0.9994776257730137 -0.021214871535605244 -0.005957368311168537 0.02136613195208025 0.9997539426515745 0.6741246637164835 -0.053821372319845295 -0.7150690198716063
FixedParameters: 0 0 0
#Transform 254
Transform: MatrixOffsetTransformBase_double_3_3
Parameters: 0.999727141819824 -0.02261707451336659 0.005852266465784759 0.022746921664049315 0.999472142795977 -0.02317620037902199 -0.005325720713787901 0.02330380847993435 0.9997145102381194 0.6227095874224204 -0.09698868373931191 -0.7511972504410664
FixedParameters: 0 0 0
