#Insight Transform File V1.0
#Transform 0
Transform: MatrixOffsetTransformBase_double_3_3
Parameters: 0.9999946816095463 0.0017229588879034976 -0.002889717257103298 -0.0017319697676407945 0.9999940708914938 -0.0031558187714156583 0.002884085440128523 0.0031611835388107024 0.9999906583603303 -0.09871702691485496 -0.4558001423389584 0.013648902232532123
FixedParameters: 0 0 0
#Transform 1
Transform: MatrixOffsetTransformBase_double_3_3
Parameters: 0.999995392517014 0.0016853158002042006 -0.0024012642357490043 -0.0016954489271496721 0.9999903622348834 -0.004116982871438385 0.002394579956716076 0.004121014760990055 0.9999880977532162 -0.10200039717663856 -0.4532269634802333 -0.01070918835773682
FixedParameters: 0 0 0
#Transform 2
Transform: MatrixOffsetTransformBase_double_3_3
Parameters: 0.9999939885482871 0.001943093450632794 -0.0028699118819025572 -0.0019561025359634784 0.9999875063815515 -0.00452817651717366 0.0028608532259990736 0.004533818114067223 0.9999854219351733 -0.10029604424003935 -0.4814654279129371 -0.018494926617592
FixedParameters: 0 0 0
#Transform 3
Transform: MatrixOffsetTransformBase_double_3_3
Parameters: 0.9999957974387634 0.0016545469346357445 -0.002542578483363595 -0.0016687085663265435 0.9999847275970102 -0.005340590991342625 0.002533432569067515 0.005344416181792794 0.9999829846525476 -0.1018674765622336 -0.5226041365142606 -0.024908934414668238
FixedParameters: 0 0 0
#Transform 4
Transform: MatrixOffsetTransformBase_double_3_3
Parameters: 0.9999961918346353 0.0015842829238747356 -0.0023019633061297892 -0.0015973447168154242 0.9999826243780979 -0.005661188952059221 0.002292554309917402 0.005664810586101604 0.999981427681718 -0.09736120858397612 -0.4812929296614499 -0.013748933817097964
FixedParameters: 0 0 0
#Transform 5
Transform: MatrixOffsetTransformBase_double_3_3
Parameters: 0.9999949085087848 0.0011777918006157405 -0.002950392048075872 -0.0011939907166692706 0.9999847744657534 -0.005376921675168955 0.002943690521789288 0.0053800771923158686 0.9999812769602926 -0.09566812607830855 -0.5473147976580037 -0.01903729629250961
FixedParameters: 0 0 0
#Transform 6
Transform: MatrixOffsetTransformBase_double_3_3
Parameters: 0.9999968489895699 0.0014285970781733807 -0.0022603852401261028 -0.00143976947368654 0.9999865094702215 -0.005082649449898918 0.0022536270489099683 0.005086357818836484 0.9999846347754406 -0.09506316410923432 -0.49663287903105413 -0.016658406489753474
FixedParameters: 0 0 0
#Transform 7
Transform: MatrixOffsetTransformBase_double_3_3
Parameters: 0.9999971551621557 0.001278845941040383 -0.002282622541541606 -0.0012897840679097878 0.9999860012518179 -0.005153917298548888 0.00227602935589945 0.005156084621717211 0.9999840054063754 -0.08838395912218289 -0.49078014430827466 -0.008304284393204853
FixedParameters: 0 0 0
#Transform 8
Transform: MatrixOffsetTransformBase_double_3_3
Parameters: 0.9999966942152113 0.0015154690502896 -0.0020027915634578336 -0.0015255000000141822 0.9999852666176164 -0.005160805779537897 0.0019941374591702643 0.005163195637435142 0.9999851346637086 -0.08038632503699716 -0.4882712631954007 -0.025289054855250015
FixedParameters: 0 0 0
#Transform 9
Transform: MatrixOffsetTransformBase_double_3_3
Parameters: 0.9999961185539061 0.0014884891682661783 -0.0023800925075583425 -0.0015010913104216098 0.9999856734475193 -0.005128289880930781 0.0023725819668712254 0.005131706731764607 0.9999838108738114 -0.06951683400606612 -0.4644080501788608 -0.017907600410239866
FixedParameters: 0 0 0
#Transform 10
Transform: MatrixOffsetTransformBase_double_3_3
Parameters: 0.9999955391091715 0.0014244883286624464 -0.002536249102371215 -0.0014390813420206174 0.9999829097030133 -0.005593020771987645 0.002527658078110091 0.005596971333193201 0.9999810207781038 -0.07108469428638386 -0.505774717462387 -0.02510796198376397
FixedParameters: 0 0 0
#Transform 11
Transform: MatrixOffsetTransformBase_double_3_3
Parameters: 0.9999952456895912 0.0016567480919727395 -0.0026477020635114245 -0.001671078965814187 0.999983231795412 -0.005568407815245341 0.0026383579174216504 0.005572594121986241 0.999980952310117 -0.07168376122842801 -0.4444183812916691 -0.019681985792558976
FixedParameters: 0 0 0
#Transform 12
Transform: MatrixOffsetTransformBase_double_3_3
Parameters: 0.9999956215059658 0.0015716364071591982 -0.0026284115622550635 -0.0015840606213922254 0.999987525397349 -0.004795665002140431 0.0026209004635911956 0.004799338356838184 0.9999850637072913 -0.06026736318180781 -0.5448963193953205 -0.010365467259958905
FixedParameters: 0 0 0
#Transform 13
Transform: MatrixOffsetTransformBase_double_3_3
Parameters: 0.9999951287669809 0.0016845959835424013 -0.00265228959354382 -0.0016973423664853526 0.9999857851184303 -0.0050363260518590525 0.0026436606363598432 0.005040672092928522 0.999983570245923 -0.07231031403185284 -0.49933016178943035 -0.043964135622374556
FixedParameters: 0 0 0
#Transform 14
Transform: MatrixOffsetTransformBase_double_3_3
Parameters: 0.9999968238648643 0.0015706077703147863 -0.0021704662055255643 -0.0015812296545330356 0.9999852009050861 -0.0051684676728964984 0.002161995620773867 0.005172529739367521 0.999984154379467 -0.05897683106231 -0.4885054481859612 -0.02850994897686121
FixedParameters: 0 0 0
#Transform 15
Transform: MatrixOffsetTransformBase_double_3_3
Parameters: 0.9999949804004514 0.0017262970170873713 -0.002457386755824242 -0.0017394105296650903 0.9999843184089643 -0.005352747185566664 0.0024484184740590203 0.00535625146745311 0.999982320118044 -0.056995868828806806 -0.5244362933360804 -0.04675693919723756
FixedParameters: 0 0 0
#Transform 16
Transform: MatrixOffsetTransformBase_double_3_3
Parameters: 0.9999940149945475 0.002112331649250878 -0.0027428939677970683 -0.002127337232369539 0.9999804010386206 -0.005822965806327601 0.0027311105004419146 0.005829038724434299 0.9999797285984566 -0.06785735521117431 -0.4601507446285922 -0.030148301334747885
FixedParameters: 0 0 0
#Transform 17
Transform: MatrixOffsetTransformBase_double_3_3
Parameters: 0.9999955159343956 0.0017698163915510806 -0.002520100498044948 -0.001781594334299839 0.9999875557039425 -0.004718530880143651 0.002512142345400783 0.0047224698842066315 0.9999853936326424 -0.044350931006505334 -0.497244329954583 0.027829815678899195
FixedParameters: 0 0 0
#Transform 18
Transform: MatrixOffsetTransformBase_double_3_3
Parameters: 0.9999953316799378 0.001903182903807074 -0.002458745298471057 -0.0019161189560960054 0.9999851665518217 -0.005114311829650275 0.0024489903451462083 0.005118687133714855 0.9999838075197385 -0.04622053842525986 -0.4669515168648246 0.009086019304774595
FixedParameters: 0 0 0
#Transform 19
Transform: MatrixOffsetTransformBase_double_3_3
Parameters: 0.999995132138964 0.001860330715535903 -0.0023252999627455515 -0.0018719219728462002 0.9999852899350606 -0.005118670108346046 0.0023159754692894914 0.005122334546382223 0.9999844026796699 -0.046124535616613116 -0.44766630167499954 0.015763048104588506
FixedParameters: 0 0 0
#Transform 20
Transform: MatrixOffsetTransformBase_double_3_3
Parameters: 0.9999950891287113 0.0017150449929072996 -0.002639906095360723 -0.0017267461066123428 0.9999882359221313 -0.004451264755798018 0.0026324041020047506 0.004455728596387598 0.9999861856170251 -0.03212034453567014 -0.5230571249800136 0.030577035743064584
FixedParameters: 0 0 0
#Transform 21
Transform: MatrixOffsetTransformBase_double_3_3
Parameters: 0.999995552906045 0.0018115173747419817 -0.0022726707206846 -0.001822447145048245 0.9999865263974137 -0.004830913256747532 0.0022641116948681128 0.004835081601535091 0.9999853103841913 -0.029385563793738356 -0.44370044476598025 0.003753911477957672
FixedParameters: 0 0 0
#Transform 22
Transform: MatrixOffsetTransformBase_double_3_3
Parameters: 0.9999948031852869 0.0019375933887067038 -0.0025384017548531292 -0.0019495063461841334 0.9999869880524304 -0.00471207227972395 0.0025288822766507215 0.004716924043067783 0.9999853617694519 -0.03627797321013304 -0.49559675896756517 0.020295685104045447
FixedParameters: 0 0 0
#Transform 23
Transform: MatrixOffsetTransformBase_double_3_3
Parameters: 0.9999939086729642 0.001930405075294152 -0.0027142411653116234 -0.001945357066083345 0.9999815441330568 -0.005801749040809517 0.0027027006304796565 0.005807249711597295 0.9999789793522684 -0.047151463723096754 -0.4302955745766184 -0.009439255278351766
FixedParameters: 0 0 0
#Transform 24
Transform: MatrixOffsetTransformBase_double_3_3
Parameters: 0.9999948761002254 0.0019703618110108313 -0.00249823898039099 -0.0019817810905044266 0.9999867094576134 -0.0047280693087626835 0.002489329895967189 0.004732928339574255 0.9999854110296832 -0.03766904247916614 -0.4367795889672408 0.03209879113130398
FixedParameters: 0 0 0
#Transform 25
Transform: MatrixOffsetTransformBase_double_3_3
Parameters: 0.9999956802082509 0.001961046722905459 -0.002339396347501445 -0.00197257503222557 0.999986639369852 -0.004863448740801413 0.0023302395202521985 0.004868558125159184 0.9999856845025744 -0.031218787834816908 -0.5328739824212647 0.013595329456009608
FixedParameters: 0 0 0
#Transform 26
Transform: MatrixOffsetTransformBase_double_3_3
Parameters: 0.9999941436053336 0.002139661706295765 -0.002505561956040906 -0.0021527175001317253 0.9999845234395296 -0.005082630761130608 0.0024944997988514852 0.005088365110500592 0.9999838950914222 -0.04395521786696577 -0.46550683236604584 0.01601829938861954
FixedParameters: 0 0 0
#Transform 27
Transform: MatrixOffsetTransformBase_double_3_3
Parameters: 0.9999943489527086 0.0017631724399098366 -0.0027462026443234385 -0.0017767343327463026 0.9999873509112431 -0.004618907776567344 0.0027376707394354397 0.004623082876582391 0.9999852904613089 -0.029036761994987614 -0.51571646066688 0.01413420364826834
FixedParameters: 0 0 0
#Transform 28
Transform: MatrixOffsetTransformBase_double_3_3
Parameters: 0.9999940812202396 0.002077757965654686 -0.0027578228097304494 -0.002091645049317671 0.9999835365806674 -0.0053020673003126295 0.002745875771775144 0.0053089316675751785 0.99998224742132 -0.03546774727163893 -0.4230730823916673 0.010639229261059313
FixedParameters: 0 0 0
#Transform 29
Transform: MatrixOffsetTransformBase_double_3_3
Parameters: 0.999995398069563 0.0021459881238270655 -0.0019993332872095867 -0.002155629562946413 0.999986779250198 -0.004680979516930389 0.001988585873480121 0.0046860162164508445 0.9999867481602064 -0.015421036124635634 -0.48449236486763425 0.02064872231893844
FixedParameters: 0 0 0
#Transform 30
Transform: MatrixOffsetTransformBase_double_3_3
Parameters: 0.9999957983487998 0.0019544056575376053 -0.0023201592907689207 -0.0019657434053493277 0.9999855576598977 -0.005075503117549063 0.0023100392699509083 0.005080503748662951 0.9999846680350739 -0.025024217610962296 -0.4424558654895634 0.019022467158833933
FixedParameters: 0 0 0
#Transform 31
Transform: MatrixOffsetTransformBase_double_3_3
Parameters: 0.9999947688221182 0.0022269778964069593 -0.0022963023760433302 -0.0022374676133127248 0.9999879399625674 -0.004473080982257932 0.002285523306784838 0.004477924360628188 0.9999877683324554 -0.03222165293190926 -0.4475133028478666 0.038831954474929375
FixedParameters: 0 0 0
#Transform 32
Transform: MatrixOffsetTransformBase_double_3_3
Parameters: 0.9999957638814204 0.001919490287127398 -0.002355790400685601 -0.001932105060812255 0.9999856441578184 -0.00506147392404574 0.002346272016071394 0.0050655323759879745 0.9999848411803579 -0.028729249748522534 -0.47027737403684 0.014358340593858543
FixedParameters: 0 0 0
#Transform 33
Transform: MatrixOffsetTransformBase_double_3_3
Parameters: 0.9999953539850785 0.002341624615805284 -0.0020400509011059944 -0.002351712073004337 0.9999856285456163 -0.004794457553201237 0.002028896697050562 0.004799543609568746 0.9999867026402454 -0.003434712155495845 -0.4160100594986176 0.015741384537321323
FixedParameters: 0 0 0
#Transform 34
Transform: MatrixOffsetTransformBase_double_3_3
Parameters: 0.9999962291538148 0.001830966319267975 -0.002101785016165729 -0.0018425651523235765 0.9999852482215741 -0.005152187670878078 0.002092053188177346 0.005155815859048007 0.9999848530261836 -0.006448234168473732 -0.5130606584780963 -0.02765229149159154
FixedParameters: 0 0 0
#Transform 35
Transform: MatrixOffsetTransformBase_double_3_3
Parameters: 0.999994361499005 0.0019563867790685723 -0.002610062046881954 -0.0019704970451634185 0.9999818394291594 -0.005683693732424722 0.002598885812661244 0.005689311983329642 0.9999808487782034 -0.0226129372097148 -0.4325785008109193 -0.03988654676139447
FixedParameters: 0 0 0
#Transform 36
Transform: MatrixOffsetTransformBase_double_3_3
Parameters: 0.9999952326970121 0.002011766286059078 -0.0021731866248964897 -0.002021804949665202 0.9999863483824177 -0.004849820060645854 0.0021626216501162403 0.004853180171347782 0.9999858098291817 -0.019674835308777006 -0.47961831517736186 0.012165652256513226
FixedParameters: 0 0 0
#Transform 37
Transform: MatrixOffsetTransformBase_double_3_3
Parameters: 0.999994426649 0.0021350781499283296 -0.0024522805117576365 -0.002145702224461247 0.9999884423109413 -0.004213719503101204 0.002443434331123052 0.004218279615446435 0.9999884347782277 -0.026589009957859844 -0.46878728738019504 0.014745868838403453
FixedParameters: 0 0 0
#Transform 38
Transform: MatrixOffsetTransformBase_double_3_3
Parameters: 0.9999951428548509 0.0022242206499392078 -0.0019768426479462964 -0.0022329879861948104 0.9999894508835488 -0.0039638339055719785 0.0019679796662513196 0.00396816292510746 0.9999902334783701 -0.021622411329516922 -0.4336665171891667 0.028259842399734225
FixedParameters: 0 0 0
#Transform 39
Transform: MatrixOffsetTransformBase_double_3_3
Parameters: 0.9999959722593349 0.0020081311783310104 -0.0019990299672652204 -0.002015592121031195 0.9999894509604688 -0.004083025868641427 0.0019910120562495414 0.004086978350228587 0.9999901466256835 -0.011014775714855318 -0.4593130122198943 0.006528510656437447
FixedParameters: 0 0 0
#Transform 40
Transform: MatrixOffsetTransformBase_double_3_3
Parameters: 0.9999957144465536 0.0021121342941204067 -0.0021968707888574105 -0.002121993545333201 0.9999865958437735 -0.004800593175365742 0.0021865184399495374 0.0048054106668198315 0.9999859805931655 -0.010993563330686129 -0.3962082450956643 0.0011063828924449126
FixedParameters: 0 0 0
#Transform 41
Transform: MatrixOffsetTransformBase_double_3_3
Parameters: 0.9999954847028623 0.0019804366855748438 -0.002364700804225352 -0.0019919329740257434 0.9999861335301837 -0.004804345861290971 0.002355589807190585 0.004809646332814332 0.9999851363358083 -0.014453248011676578 -0.49750376048666567 0.008317002277109964
FixedParameters: 0 0 0
#Transform 42
Transform: MatrixOffsetTransformBase_double_3_3
Parameters: 0.9999938728886901 0.0009317624837175405 -0.0035014892291379326 -0.0009578022309149972 0.9999710721874048 -0.0075627271565623655 0.0034940171697696067 0.007566277237607971 0.9999653553346075 -0.03881316003246127 -0.4550320575205262 -0.0034254152080706035
FixedParameters: 0 0 0
#Transform 43
Transform: MatrixOffsetTransformBase_double_3_3
Parameters: 0.9999961319557782 0.0011247651241249115 -0.002569562677503011 -0.0011393741975054346 0.9999821130470807 -0.005903746667213855 0.0025632283043385347 0.005906257451574998 0.9999792800893702 -0.014801576234830804 -0.5168479583400512 0.03730134400723273
FixedParameters: 0 0 0
#Transform 44
Transform: MatrixOffsetTransformBase_double_3_3
Parameters: 0.9999954967668135 0.0011186653507221575 -0.002693153179348347 -0.001135670670244344 0.9999775840214129 -0.006662622024549647 0.0026855528861343798 0.006665384857659912 0.9999740937327832 -0.02571226680576899 -0.4734253716127341 0.016130733089156024
FixedParameters: 0 0 0
#Transform 45
Transform: MatrixOffsetTransformBase_double_3_3
Parameters: 0.9999949719648374 0.0010094767864129235 -0.0030011729473708696 -0.0010273779380326024 0.9999821006225542 -0.005928401538666944 0.0029957344626718252 0.005931596586433108 0.9999775407589793 -0.005140616202226056 -0.4917418552579562 0.051984876462370266
FixedParameters: 0 0 0
#Transform 46
Transform: MatrixOffsetTransformBase_double_3_3
Parameters: 0.9999958801919162 0.0010632852455301999 -0.0026439784687640176 -0.0010813735763586438 0.9999765066798487 -0.006768664312587519 0.0026360980273445224 0.00677233580970224 0.9999736929343258 -0.005869579873063913 -0.47120325859387435 0.03965834240955246
FixedParameters: 0 0 0
#Transform 47
Transform: MatrixOffsetTransformBase_double_3_3
Parameters: 0.9999954851261855 0.0010915605937531193 -0.002706143567099586 -0.0011084078463394504 0.999980776361073 -0.006200717611987205 0.0026993359451313757 0.006204285542473709 0.9999767658298416 -0.0049451258549311206 -0.4604357317661254 0.04893813363555921
FixedParameters: 0 0 0
#Transform 48
Transform: MatrixOffsetTransformBase_double_3_3
Parameters: 0.9999933807231932 -0.00015614455946334532 -0.0035487588478323303 0.0001336937955883921 0.9999792228344521 -0.006450275031299441 0.0035500033003925736 0.006449727622472867 0.999972951743625 -0.0020094653415583252 -0.5213864017967467 0.032077246654168334
FixedParameters: 0 0 0
#Transform 49
Transform: MatrixOffsetTransformBase_double_3_3
Parameters: 0.99999576790813 0.0014237300509427361 -0.0026842425819560162 -0.0014427204597193574 0.9999735992298252 -0.007168778324289304 0.002674052005657227 0.007172236259965881 0.9999713348744741 -0.039210828421815336 -0.431397724980215 0.018728098261760806
FixedParameters: 0 0 0
#Transform 50
Transform: MatrixOffsetTransformBase_double_3_3
Parameters: 0.9999938676181618 0.001529675012470847 -0.0031294784907000884 -0.001552274325608317 0.9999722672396573 -0.007227561656264786 0.0031179465406723015 0.007232432781312359 0.999969052935517 -0.051658989372498354 -0.4881862811843263 0.03571899503286602
FixedParameters: 0 0 0
#Transform 51
Transform: MatrixOffsetTransformBase_double_3_3
Parameters: 0.9999942849875664 0.0014473936328393815 -0.002936078072532865 -0.0014663077805698486 0.9999774515368567 -0.006505109693780403 0.0029265017034045236 0.006508894550267291 0.999975150202313 -0.04337607563721235 -0.5553940516321347 0.05311518030482887
FixedParameters: 0 0 0
#Transform 52
Transform: MatrixOffsetTransformBase_double_3_3
Parameters: 0.9999946554658051 0.001536379273038031 -0.002826181651104904 -0.0015545611736116662 0.9999766911306295 -0.006630250645590363 0.0028150640328645678 0.0066347473371700105 0.9999739830409313 -0.04625200311363642 -0.43777362591600877 0.03790325184135668
FixedParameters: 0 0 0
#Transform 53
Transform: MatrixOffsetTransformBase_double_3_3
Parameters: 0.9999956945352222 0.0012444178364666263 -0.0027855260423971196 -0.0012637936862741435 0.9999745216018896 -0.0070811638511065755 0.0027759655185519085 0.007084838706583024 0.999970833645392 -0.04402493736073154 -0.49604425655128637 0.04321277423356662
FixedParameters: 0 0 0
#Transform 54
Transform: MatrixOffsetTransformBase_double_3_3
Parameters: 0.999994193673474 0.0014465582258111234 -0.0029520161908285353 -0.0014692532549740967 0.9999678256190744 -0.007879312101483932 0.0029405683322079133 0.007883681279028942 0.9999641297571008 -0.06503012510384565 -0.44744898384156784 0.02301879827983555
FixedParameters: 0 0 0
#Transform 55
Transform: MatrixOffsetTransformBase_double_3_3
Parameters: 0.9999951509566355 0.001472506038773312 -0.0027713187194092284 -0.0015074317534078969 0.9999171915160254 -0.012751488693373586 0.00275267214575892 0.012755497791848203 0.9999146420587122 -0.09436923929834506 -0.6057460812603637 0.09886976469672959
FixedParameters: 0 0 0
#Transform 56
Transform: MatrixOffsetTransformBase_double_3_3
Parameters: 0.9999940232385841 0.001615711992402561 -0.003059974603813728 -0.0016563257544108959 0.9999104702141661 -0.01325357337543595 0.0030390886388667535 0.013258408327312204 0.9999070937024453 -0.10924123860530699 -0.6468037093057006 0.16507464766019098
FixedParameters: 0 0 0
#Transform 57
Transform: MatrixOffsetTransformBase_double_3_3
Parameters: 0.9999945361842103 0.0016073409252619882 -0.002980132161276382 -0.001649440614932191 0.9999004690777084 -0.014030780259061099 0.0029567181388155603 0.014036226465802243 0.9998971682443842 -0.10465203764805153 -0.5402178711246108 0.15044674608073194
FixedParameters: 0 0 0
#Transform 58
Transform: MatrixOffsetTransformBase_double_3_3
Parameters: 0.9999963371469746 0.0013544017531226752 -0.0024140105200331934 -0.0013858265356855028 0.9999138589220489 -0.013018349781146799 0.002396520952907404 0.013021641085201041 0.9999124225246367 -0.09111246277713292 -0.6598166977798314 0.17199449266293243
FixedParameters: 0 0 0
#Transform 59
Transform: MatrixOffsetTransformBase_double_3_3
Parameters: 0.9999951785410924 0.0015797227290465623 -0.002515120380098711 -0.001613217056905113 0.9999114016823668 -0.013229812316792655 0.0024938039444739966 0.013233199946761198 0.9999096154132474 -0.08897752996280417 -0.6280472901867853 0.1334174021922081
FixedParameters: 0 0 0
#Transform 60
Transform: MatrixOffsetTransformBase_double_3_3
Parameters: 0.9999968509832116 0.0011348690171645549 -0.0024208673566998235 -0.0011676009841330556 0.9999069109950696 -0.01357090014789919 0.0024054495118793367 0.013574078537509748 0.9999044971378959 -0.07770193405229975 -0.6350373900156683 0.13309549647159713
FixedParameters: 0 0 0
#Transform 61
Transform: MatrixOffsetTransformBase_double_3_3
Parameters: 0.9999966881412355 0.0011051705649660468 -0.002255958160541017 -0.001135057284303471 0.9999149100960992 -0.012971163517525641 0.002241559530785596 0.012973823377710553 0.9999131920103506 -0.07298050961547631 -0.6477341674223567 0.15154484042633953
FixedParameters: 0 0 0
#Transform 62
Transform: MatrixOffsetTransformBase_double_3_3
Parameters: 0.9999955701579893 0.0014694342074725456 -0.0026964912495113817 -0.0015052459024982741 0.9999079010069164 -0.013493656534113191 0.002676485322002354 0.01349834839349276 0.9999053676044622 -0.0849744926705398 -0.5870298572336452 0.14641645384710955
FixedParameters: 0 0 0
#Transform 63
Transform: MatrixOffsetTransformBase_double_3_3
Parameters: 0.9999980792935776 0.0012063365569853633 -0.0018614931710695581 -0.0012310531751316615 0.9999143405848528 -0.013021622554944018 0.0018454031463528366 0.013023374718199893 0.9999135529334592 -0.08101347650637081 -0.664660886122121 0.1440255585389707
FixedParameters: 0 0 0
#Transform 64
Transform: MatrixOffsetTransformBase_double_3_3
Parameters: 0.9999970369846117 0.00121670817909339 -0.002117330457839144 -0.0012451780149080592 0.9999071929089323 -0.013589291056248315 0.0021004951186894584 0.013591717591308367 0.9999054229680524 -0.08695268469519135 -0.6401417274467605 0.10499770950463017
FixedParameters: 0 0 0
#Transform 65
Transform: MatrixOffsetTransformBase_double_3_3
Parameters: 0.999996320192955 0.0014167940154748034 -0.0021615988900741045 -0.0014448361270444172 0.9999132382603276 -0.013079797144951083 0.002142945537933885 0.013083190815041668 0.9999118155908336 -0.0877497660796962 -0.6597821357344174 0.11364787386509079
FixedParameters: 0 0 0
#Transform 66
Transform: MatrixOffsetTransformBase_double_3_3
Parameters: 0.9999953812313576 0.0013846112702003799 -0.0025887245868051636 -0.0014201769657235979 0.9999043441660752 -0.013780043083080201 0.002569426726347088 0.013783977242036755 0.999902130877727 -0.07140878559380326 -0.6585895022779624 0.0949763045393297
FixedParameters: 0 0 0
#Transform 67
Transform: MatrixOffsetTransformBase_double_3_3
Parameters: 0.9999957632867922 0.001468692606950804 -0.0024655378178640914 -0.0015022085917519273 0.9999053464933 -0.01369719927103194 0.0024455727371158324 0.013700807355179895 0.9999030731175352 -0.0837505644389438 -0.6225443852055577 0.10303349003241635
FixedParameters: 0 0 0
#Transform 68
Transform: MatrixOffsetTransformBase_double_3_3
Parameters: 0.9999960526062187 0.0013465476711067975 -0.002265772340843789 -0.001378257647264267 0.9999009695210588 -0.013984613328824558 0.002246829934539124 0.013988383527492293 0.9998998189492421 -0.07038464285905377 -0.6869325012232395 0.10728542829393461
FixedParameters: 0 0 0
#Transform 69
Transform: MatrixOffsetTransformBase_double_3_3
Parameters: 0.9999937743033877 0.0014792962302722706 -0.003167981016974558 -0.0015327414892370465 0.9998594361744908 -0.01670663581515197 0.0031428664517270687 0.01671138459044244 0.9998559157399872 -0.09711318879934083 -0.5902409350013471 0.09468395955575204
FixedParameters: 0 0 0
#Transform 70
Transform: MatrixOffsetTransformBase_double_3_3
Parameters: 0.9999945208548395 0.001595242396983426 -0.002988507513068404 -0.0016397645745394249 0.9998883482746035 -0.014826746834591065 0.002965370895710427 0.014831234105093849 0.9998853489382831 -0.08986913151024112 -0.7031529914289507 0.1135953271370056
FixedParameters: 0 0 0
#Transform 71
Transform: MatrixOffsetTransformBase_double_3_3
Parameters: 0.99999312654697 0.0018239166360358044 -0.0032474465384921616 -0.001872714985721139 0.9998850060628471 -0.015038552589865778 0.0032198087572648674 0.015044441281958504 0.9998815999654675 -0.10679586430306642 -0.6613388532256863 0.0843360351236413
FixedParameters: 0 0 0
#Transform 72
Transform: MatrixOffsetTransformBase_double_3_3
Parameters: 0.9999929471520687 0.0019670186481236885 -0.0031915252433954047 -0.00201728802785568 0.9998731290811554 -0.01579339023980081 0.0031592944928162427 0.01579958983350091 0.999869726671474 -0.11973427435606254 -0.5983355824356948 0.11888461164312503
FixedParameters: 0 0 0
#Transform 73
Transform: MatrixOffsetTransformBase_double_3_3
Parameters: 0.9999930428410155 0.001935263287520588 -0.0033482057654661505 -0.0019852173417911614 0.999885740831263 -0.014965989136713403 0.0033192459800975337 0.014972994163209269 0.9998821036130809 -0.11175951053066058 -0.6835968434470772 0.09187357440418964
FixedParameters: 0 0 0
#Transform 74
Transform: MatrixOffsetTransformBase_double_3_3
Parameters: 0.9999922102268801 0.002254356265848165 -0.0034214042997119808 -0.0023117285476445416 0.9998542178424787 -0.016936930223726 0.0033833728147263688 0.016945092028261194 0.9998509534457333 -0.1213420606114397 -0.5944039229046183 0.10257350687305689
FixedParameters: 0 0 0
#Transform 75
Transform: MatrixOffsetTransformBase_double_3_3
Parameters: 0.9999923433671292 0.0018164213539463448 -0.0035154747818422205 -0.0018679875179449664 0.9998877471954015 -0.014841846078074955 0.003487954276786514 0.014848148683339502 0.9998838221891571 -0.12592466107051337 -0.7146833553565273 0.12334798614945441
FixedParameters: 0 0 0
#Transform 76
Transform: MatrixOffsetTransformBase_double_3_3
Parameters: 0.9999905311023896 0.002306077008201949 -0.003626748404792457 -0.0023650510357286075 0.9998621495526999 -0.016441188774628218 0.0035878788535923826 0.016448821554890025 0.9998584662589357 -0.13193273602550448 -0.6174993236562045 0.07959568964969321
FixedParameters: 0 0 0
#Transform 77
Transform: MatrixOffsetTransformBase_double_3_3
Parameters: 0.9999916874833324 0.0020967341296950857 -0.0034521010653573124 -0.0021464156650797452 0.9998953302746176 -0.014335397976550868 0.0034211840779733555 0.0143426060619595 0.9998911204924341 -0.12736457031604687 -0.6446978285737828 0.1249189321114983
FixedParameters: 0 0 0
#Transform 78
Transform: MatrixOffsetTransformBase_double_3_3
Parameters: 0.999991994718548 0.00216719358036742 -0.003362998951931446 -0.00221509052890659 0.9998950302066054 -0.014335358275186477 0.003331264750544482 0.014342652242286952 0.9998917277342595 -0.13407834904201366 -0.6726411282319447 0.15615653407823515
FixedParameters: 0 0 0
#Transform 79
Transform: MatrixOffsetTransformBase_double_3_3
Parameters: 0.999990824860063 0.0024097815492345426 -0.0036559760026987067 -0.0024666037241717845 0.9998754289977945 -0.015605752419471264 0.003618396417292708 0.015614271216283143 0.9998720192651229 -0.14476346868734424 -0.5796386199635748 0.1589896495616614
FixedParameters: 0 0 0
#Transform 80
Transform: MatrixOffsetTransformBase_double_3_3
Parameters: 0.9999912483732271 0.002135774578415998 -0.0036321892122312175 -0.002186822515934597 0.9998955930213952 -0.014244625197310512 0.0036009115133477606 0.014252349680933085 0.9998915937928882 -0.13702884370738388 -0.7084324706075478 0.13488627520165153
FixedParameters: 0 0 0
#Transform 81
Transform: MatrixOffsetTransformBase_double_3_3
Parameters: 0.9999908890617872 0.002443448230738533 -0.003625174989794553 -0.002500888349025368 0.9998669249526371 -0.016155934654841303 0.003585377432313805 0.01616507726073091 0.9998626037931008 -0.1406552967140584 -0.5727613399203477 0.1265499791544471
FixedParameters: 0 0 0
#Transform 82
Transform: MatrixOffsetTransformBase_double_3_3
Parameters: 0.9999918220276733 0.0027048699716100844 -0.0031403114574072746 -0.0027489272233634713 0.9998953128562083 -0.014194561408554796 0.0031018258584374595 0.014203434040576363 0.9998942639764378 -0.13568905444365953 -0.6162718992774359 0.17932880966195341
FixedParameters: 0 0 0
#Transform 83
Transform: MatrixOffsetTransformBase_double_3_3
Parameters: 0.9999915165588038 0.0024575606108039934 -0.0033829191278111396 -0.0025061547413194247 0.9998944530110926 -0.014334498729171197 0.003346968525595609 0.014342517976129315 0.9998918552100134 -0.12779510208748945 -0.6765438960820518 0.1186072287639206
FixedParameters: 0 0 0
#Transform 84
Transform: MatrixOffsetTransformBase_double_3_3
Parameters: 0.9999901408436739 0.0029013836231945728 -0.003382587252454548 -0.0029503668747059026 0.9998856884730545 -0.014818169090980965 0.0033396920019746457 0.01482784509377072 0.9998849831791246 -0.13815387444219596 -0.5421854578773377 0.1060721823319426
FixedParameters: 0 0 0
#Transform 85
Transform: MatrixOffsetTransformBase_double_3_3
Parameters: 0.9999914642689542 0.0024523243828487953 -0.0032438219282379262 -0.0024955454700911445 0.9999072117107152 -0.013414905802002913 0.0032104986078038905 0.013423111713027513 0.9999050954983684 -0.13094808247097944 -0.6732510505686236 0.157160075921027
FixedParameters: 0 0 0
#Transform 86
Transform: MatrixOffsetTransformBase_double_3_3
Parameters: 0.999990062050179 0.0028027415205821487 -0.0034760134425511533 -0.002851611311866197 0.9998930889882569 -0.01430921478172853 0.003435982147586885 0.014318763605418727 0.9998911691446245 -0.14809754557484212 -0.5488073013476651 0.16862201851984082
FixedParameters: 0 0 0
#Transform 87
Transform: MatrixOffsetTransformBase_double_3_3
Parameters: 0.9999910009052366 0.0026517445359194335 -0.003157297381446323 -0.002693733648117184 0.99990496833605 -0.013532688341643867 0.0031211459107912736 0.013541319860250645 0.999903513370307 -0.12836315683310318 -0.6541140732796293 0.13964954299004262
FixedParameters: 0 0 0
#Transform 88
Transform: MatrixOffsetTransformBase_double_3_3
Parameters: 0.9999912496026917 0.0028903359818805274 -0.003065210988254116 -0.0029353507649758637 0.9998854495588458 -0.014874414102440753 0.003022383876982013 0.014883609870888048 0.9998850039319497 -0.13597737720124314 -0.564243595268735 0.09138153360855483
FixedParameters: 0 0 0
#Transform 89
Transform: MatrixOffsetTransformBase_double_3_3
Parameters: 0.9999915597515912 0.0025283484177261225 -0.0031694049683978426 -0.002569798042245471 0.9999103111876344 -0.013170041371156488 0.0031366898982680574 0.013177966853371442 0.9999081234150072 -0.12134274709248416 -0.6502535482865994 0.16119333847373696
FixedParameters: 0 0 0
#Transform 90
Transform: MatrixOffsetTransformBase_double_3_3
Parameters: 0.9999909564074825 0.0029325070557123857 -0.003073045998242951 -0.0029766917150719652 0.9998898133047825 -0.01450720407869488 0.0030303656040229277 0.014515778899855697 0.999889952010395 -0.13454496273628536 -0.5856093050618938 0.14954283921774447
FixedParameters: 0 0 0
#Transform 91
Transform: MatrixOffsetTransformBase_double_3_3
Parameters: 0.9999921572336369 0.00259898557357183 -0.0030145421861286536 -0.002639664839140026 0.999906807764763 -0.01340122879506181 0.0029791609672832047 0.013408779067218518 0.999905943743554 -0.1275486752156496 -0.6422072655521021 0.18654611455592374
FixedParameters: 0 0 0
#Transform 92
Transform: MatrixOffsetTransformBase_double_3_3
Parameters: 0.9999912643482624 0.0026110200225942714 -0.0033038800032916676 -0.0026557525875157573 0.9999050904758595 -0.013493186720298894 0.0032688044830461132 0.013501811688390541 0.9999037906690336 -0.12740279130072452 -0.6346270289131581 0.13250497204649037
FixedParameters: 0 0 0
#Transform 93
Transform: MatrixOffsetTransformBase_double_3_3
Parameters: 0.9999908082051302 0.0029037246803530455 -0.003280531008848463 -0.0029502911179099616 0.9998951330084977 -0.014187686812887318 0.0032381632065423913 0.014197308812819248 0.9998937989244607 -0.13544167838919918 -0.5367119821038244 0.10523677570931511
FixedParameters: 0 0 0
#Transform 94
Transform: MatrixOffsetTransformBase_double_3_3
Parameters: 0.99999025253112 0.0027140485586877035 -0.0033734580885160866 -0.0027584173017665874 0.9999119557631642 -0.012984850806432635 0.0033376037745860166 0.012994142902125583 0.9999098268116566 -0.12156897719343362 -0.6681404663508062 0.14877195012067546
FixedParameters: 0 0 0
#Transform 95
Transform: MatrixOffsetTransformBase_double_3_3
Parameters: 0.9999882707772499 0.0030819675518972975 -0.0037719266407732713 -0.0031388403442281 0.999881011624342 -0.0151224564175515 0.00372557589696572 0.015133553190304377 0.9998785173333716 -0.12595098765727641 -0.599867455995934 0.1515504497724578
FixedParameters: 0 0 0
#Transform 96
Transform: MatrixOffsetTransformBase_double_3_3
Parameters: 0.9999881307796904 0.002921510782724994 -0.003786086944227352 -0.0029791738512253835 0.9998772704504637 -0.015376814260426669 0.003740724349773648 0.01538718495016242 0.9998746177929702 -0.1449516302904783 -0.5512752500069382 0.10387245861465999
FixedParameters: 0 0 0
#Transform 97
Transform: MatrixOffsetTransformBase_double_3_3
Parameters: 0.9999903748385496 0.0024670767941946297 -0.003679434550729759 -0.002513950787042034 0.9999124611184631 -0.013010497352586442 0.003647670883278135 0.013019527776980316 0.9999091169331978 -0.1344358104550878 -0.7139677917951417 0.11582097603753994
FixedParameters: 0 0 0
#Transform 98
Transform: MatrixOffsetTransformBase_double_3_3
Parameters: 0.9999901670993676 0.002817233973718877 -0.0033009665350540026 -0.002863944301186516 0.9998943825843624 -0.014266908748593404 0.0032604053862400634 0.014276088611820892 0.9998924104660027 -0.13238416938160924 -0.6547876709262113 0.11422267830810995
FixedParameters: 0 0 0
#Transform 99
Transform: MatrixOffsetTransformBase_double_3_3
Parameters: 0.9999913845487368 0.002641627831069132 -0.0032616206013673333 -0.0026864658914642196 0.9999005408149393 -0.013871404915209662 0.003224485614057008 0.01387961327695647 0.9998987642495302 -0.12345001646625064 -0.6571316419165214 0.13931095061373355
FixedParameters: 0 0 0
#Transform 100
Transform: MatrixOffsetTransformBase_double_3_3
Parameters: 0.9999906361457336 0.002597266718432408 -0.003408190413858135 -0.002646238800043902 0.9998935799493062 -0.01437315034952677 0.0033709641691749503 0.014381852784913884 0.9998906078735053 -0.11046156517906525 -0.6295427629972465 0.20743242051891286
FixedParameters: 0 0 0
#Transform 101
Transform: MatrixOffsetTransformBase_double_3_3
Parameters: 0.9999895570314912 0.0027230969679250894 -0.0037452184664293303 -0.002777826451670221 0.9998893107634651 -0.014587507001314975 0.0037050605342343174 0.01459747187886229 0.9998863395061767 -0.12346886942923163 -0.5494437338629581 0.14874371099021744
FixedParameters: 0 0 0
#Transform 102
Transform: MatrixOffsetTransformBase_double_3_3
Parameters: 0.9999894132219238 0.002934272540101021 -0.0034605381931154316 -0.0029813445336144824 0.999904245983283 -0.013484814773595033 0.003420472130901238 0.01349517485592261 0.9999031887452992 -0.12741713683901423 -0.6742356291463381 0.14181506590334436
FixedParameters: 0 0 0
#Transform 103
Transform: MatrixOffsetTransformBase_double_3_3
Parameters: 0.9999902511543716 0.0029851283652346404 -0.0031364284982258947 -0.003026434390354157 0.9999063866411781 -0.013332897719921605 0.0030967726551941457 0.013343096807713561 0.9999060426044635 -0.12574209650513524 -0.6814618130462406 0.12790160177729604
FixedParameters: 0 0 0
#Transform 104
Transform: MatrixOffsetTransformBase_double_3_3
Parameters: 0.9999876336156914 0.002966328191275523 -0.003945511903441136 -0.003018953086442262 0.9999066476212394 -0.01329897279186082 0.0039054076950017854 0.013311019084155273 0.9999039222257441 -0.12990971398438944 -0.6191799158418405 0.11803089172353509
FixedParameters: 0 0 0
#Transform 105
Transform: MatrixOffsetTransformBase_double_3_3
Parameters: 0.9999891577233478 0.002875851402922361 -0.00354580969509667 -0.002921236219821156 0.9999138116929993 -0.01283078278111105 0.003508193628932536 0.012841236395870204 0.9999118047005848 -0.11274435018002293 -0.7131354023362633 0.1717543927990448
FixedParameters: 0 0 0
#Transform 106
Transform: MatrixOffsetTransformBase_double_3_3
Parameters: 0.9999900267810145 0.002978378337606599 -0.0033316560167055862 -0.0030227643094812677 0.9999096116847263 -0.013129296413538105 0.00329218258556269 0.01313971334985703 0.9999083681827236 -0.12501361681407275 -0.6369158012920764 0.15106791460620173
FixedParameters: 0 0 0
#Transform 107
Transform: MatrixOffsetTransformBase_double_3_3
Parameters: 0.9999907737980873 0.002791845092004526 -0.003380773121158721 -0.0028371177777185416 0.999904794622165 -0.013502573054411465 0.003343495557521206 0.013512427491613438 0.999903055655808 -0.11963329360068542 -0.6687969550882684 0.14737701616883214
FixedParameters: 0 0 0
#Transform 108
Transform: MatrixOffsetTransformBase_double_3_3
Parameters: 0.9999881677203601 0.0030820134817531467 -0.0036516493670386684 -0.0031326722329790375 0.9998980539813289 -0.013923864688249993 0.0036079473086803463 0.013935120927401817 0.99989603095763 -0.11056716674194433 -0.6946400259502923 0.08656800593809066
FixedParameters: 0 0 0
#Transform 109
Transform: MatrixOffsetTransformBase_double_3_3
Parameters: 0.9999878464342525 0.003066411106512644 -0.003840502170925583 -0.0031223975533448437 0.9998873293064089 -0.014680107824398048 0.003795410835168472 0.014691900414765952 0.9998851339486201 -0.11888407613689367 -0.5531836374716619 0.0911994625312218
FixedParameters: 0 0 0
#Transform 110
Transform: MatrixOffsetTransformBase_double_3_3
Parameters: 0.999990212145564 0.002814527404934611 -0.0032970053227167066 -0.002857630279974982 0.9999078105983084 -0.013309937357709606 0.0032584761334780326 0.013319070801078858 0.9999058322379091 -0.11204376791788206 -0.6883739749584237 0.11721103485058393
FixedParameters: 0 0 0
#Transform 111
Transform: MatrixOffsetTransformBase_double_3_3
Parameters: 0.9999881072322551 0.0031016867045566498 -0.0036430116211926245 -0.003154623659275199 0.99988521607901 -0.01481782590469527 0.0035974441686507947 0.014829173453946437 0.9998833921978324 -0.11001775868741959 -0.62467503903828 0.06525591848290446
FixedParameters: 0 0 0
#Transform 112
Transform: MatrixOffsetTransformBase_double_3_3
Parameters: 0.999990877603209 0.0028817730393532553 -0.0031335082023999736 -0.0029238693980853693 0.9999028940306766 -0.013598034699023681 0.0030938823782355037 0.013607962665464435 0.9999028815922563 -0.12579895608686797 -0.64829438387018 0.07997698531896447
FixedParameters: 0 0 0
#Transform 113
Transform: MatrixOffsetTransformBase_double_3_3
Parameters: 0.9999898445783899 0.0030021847239985145 -0.0033385749735215494 -0.0030465863789662455 0.9999025730941075 -0.013611188821910508 0.0032969275584075097 0.013621798837798377 0.9999014344495103 -0.10394875951924121 -0.6883368559711727 0.08094811952143743
FixedParameters: 0 0 0
#Transform 114
Transform: MatrixOffsetTransformBase_double_3_3
Parameters: 0.9999883878817404 0.0029095426742069505 -0.0037606891883275274 -0.002965138221115774 0.9998863747560797 -0.014752777891981428 0.0037180225876250234 0.014764218701061205 0.9998843603447551 -0.1065750417136826 -0.5790781827226965 0.08414363996602958
FixedParameters: 0 0 0
#Transform 115
Transform: MatrixOffsetTransformBase_double_3_3
Parameters: 0.9999908613983524 0.0025693265412099673 -0.0033964416877611636 -0.002615175595263854 0.9999040034818208 -0.013578075357839975 0.003361640601557205 0.013586910579305167 0.9999018708030566 -0.10070279738167187 -0.6949500922067813 0.1186295453954358
FixedParameters: 0 0 0
#Transform 116
Transform: MatrixOffsetTransformBase_double_3_3
Parameters: 0.9999899708543392 0.002758904682561612 -0.0036628472586641963 -0.002808366795358722 0.9999061495056735 -0.013408625828480264 0.003625353077233625 0.013418386503048996 0.9999039591394137 -0.10812296772674301 -0.6231345834480493 0.1322384117834332
FixedParameters: 0 0 0
#Transform 117
Transform: MatrixOffsetTransformBase_double_3_3
Parameters: 0.9999906409475149 0.002708615692551142 -0.0034673144330809647 -0.00274982625312736 0.9999269028773579 -0.011769572581021931 0.0034347520780930725 0.011778416915286916 0.9999244730905783 -0.10820909340320384 -0.6918070943640089 0.2378964405190942
FixedParameters: 0 0 0
#Transform 118
Transform: MatrixOffsetTransformBase_double_3_3
Parameters: 0.9999898068514429 0.002867061160220838 -0.003460837132410928 -0.0029077296893453776 0.9999245070908865 -0.011917051164038933 0.0034254579718502928 0.011926941760240617 0.9999230201399824 -0.08990058577518312 -0.6660909234289392 0.3961315492400388
FixedParameters: 0 0 0
#Transform 119
Transform: MatrixOffsetTransformBase_double_3_3
Parameters: 0.9999909841752193 0.002621770660075708 -0.0033377222909178636 -0.002663524693930705 0.9999183742969148 -0.01251826072607079 0.003305005084351087 0.012526744049888655 0.999915970097269 -0.09161199686909072 -0.5960911709323256 0.3573204839142079
FixedParameters: 0 0 0
#Transform 120
Transform: MatrixOffsetTransformBase_double_3_3
Parameters: 0.999989321176698 0.0024540073198269616 -0.003828474012455853 -0.002497900870232167 0.9999293162988453 -0.01159093550877216 0.0037998109607074826 0.011600070520120409 0.9999260831377643 -0.07722202671698142 -0.6663811260156081 0.30593360956615356
FixedParameters: 0 0 0
#Transform 121
Transform: MatrixOffsetTransformBase_double_3_3
Parameters: 0.9999893998412995 0.0023589723620863296 -0.004004477080393652 -0.0024078411350108827 0.999922781991498 -0.012219875567658245 0.003975151350412974 0.012229142072190974 0.9999177280530348 -0.08753789293018599 -0.6121464771256342 0.3515941796616744
FixedParameters: 0 0 0
#Transform 122
Transform: MatrixOffsetTransformBase_double_3_3
Parameters: 0.9999897886464075 0.0025006689474463993 -0.0038673340332447434 -0.002544670793925917 0.999932530240432 -0.011359891289395713 0.0038389483145415126 0.011370113766771967 0.99992792218646 -0.0928340604723843 -0.6516140080562707 0.34649999770674356
FixedParameters: 0 0 0
#Transform 123
Transform: MatrixOffsetTransformBase_double_3_3
Parameters: 0.9999904504033802 0.0021470298057473082 -0.0038653094146940516 -0.0021938604864009323 0.9999209992947509 -0.012341859970406877 0.0038387026370523946 0.012350138185202475 0.9999165905921221 -0.09670250912071765 -0.5929860363120412 0.3387893025525841
FixedParameters: 0 0 0
#Transform 124
Transform: MatrixOffsetTransformBase_double_3_3
Parameters: 0.9999896550794684 0.0025839880257826236 -0.0036970495382507925 -0.002626223610274424 0.9999316069655457 -0.011382017638825931 0.0036670706097823246 0.01139198403524952 0.9999287108310057 -0.11582882814158779 -0.6582879714637926 0.3024364474323704
FixedParameters: 0 0 0
#Transform 125
Transform: MatrixOffsetTransformBase_double_3_3
Parameters: 0.9999899069019099 0.002319704589268082 -0.003963489909596641 -0.0023662396565210754 0.9999293497176238 -0.011625150202337425 0.0039365714057098215 0.011634829415960474 0.9999240330471088 -0.11337321638698938 -0.6436374904200903 0.33839893957666334
FixedParameters: 0 0 0
#Transform 126
Transform: MatrixOffsetTransformBase_double_3_3
Parameters: 0.9999902843786997 0.002063053043568194 -0.0038022893320822006 -0.002104464293462901 0.9999376652466273 -0.010919353792338965 0.0037800366362466687 0.010927632321904163 0.999932965343389 -0.12119149950713393 -0.6132941656645414 0.23525565817416805
FixedParameters: 0 0 0
#Transform 127
Transform: MatrixOffsetTransformBase_double_3_3
Parameters: 0.9999909789010345 0.0016764964002244076 -0.003899991742934022 -0.0017172285921640347 0.9999430928277484 -0.010551471229291398 0.0038823452522511017 0.01055754295446748 0.9999370837745117 -0.13361545337328096 -0.6818821310176304 0.28696619172869475
FixedParameters: 0 0 0
#Transform 128
Transform: MatrixOffsetTransformBase_double_3_3
Parameters: 0.9999907973441656 0.002274257153556255 -0.0036096717974553614 -0.002311988420006481 0.9999426976140042 -0.01045039378815904 0.00358578674010351 0.010458597601071179 0.999938499711796 -0.11428791757401768 -0.6694718069846459 0.35675924209417076
FixedParameters: 0 0 0
#Transform 129
Transform: MatrixOffsetTransformBase_double_3_3
Parameters: 0.9999915174783616 0.0021350053059652906 -0.003594693781645272 -0.0021733926095463467 0.9999422920821355 -0.010555964325580064 0.003572278757691154 0.010564028984640622 0.9999371910745575 -0.11418744087049504 -0.6162950006557821 0.2920027081430021
FixedParameters: 0 0 0
#Transform 130
Transform: MatrixOffsetTransformBase_double_3_3
Parameters: 0.9999915827302478 0.0016906726134456982 -0.0036826867591675918 -0.0017286265855510166 0.9999445597913061 -0.01034482208068535 0.0036641088558433538 0.010351170558843797 0.9999398541947302 -0.1323660226871226 -0.6512736678356106 0.27775629863788254
FixedParameters: 0 0 0
#Transform 131
Transform: MatrixOffsetTransformBase_double_3_3
Parameters: 0.9999913062727921 0.0015639699420332395 -0.003904473137190761 -0.0016130386349103292 0.9999193523921266 -0.012593912760411802 0.0038851618680100005 0.012600074777555037 0.9999125712244872 -0.12818127526041678 -0.5632286827178916 0.32720992163591234
FixedParameters: 0 0 0
#Transform 132
Transform: MatrixOffsetTransformBase_double_3_3
Parameters: 0.9999909199569079 0.00211113301229748 -0.0036908316489112527 -0.002153815214271059 0.9999298152484548 -0.011613416361414386 0.0036663173343500083 0.011621584130691753 0.9999261617618446 -0.11692608740644062 -0.6661486339842639 0.2735634599046932
FixedParameters: 0 0 0
#Transform 133
Transform: MatrixOffsetTransformBase_double_3_3
Parameters: 0.9999904766429286 0.0019336471568615309 -0.0038453553591064555 -0.001977994583282945 0.9999296955311786 -0.011692762201027523 0.003822083137742514 0.011700237168676825 0.9999241542684847 -0.10256704280682527 -0.6582185108026266 0.3047185689589753
FixedParameters: 0 0 0
#Transform 134
Transform: MatrixOffsetTransformBase_double_3_3
Parameters: 0.9999918266297055 0.0022674595598782773 -0.003469070916800712 -0.002303140754696809 0.9999426281193426 -0.010409553940395 0.003444754194223908 0.01041744532969896 0.9999403097425704 -0.13354798056508344 -0.7159244258603081 0.3634840179691565
FixedParameters: 0 0 0
#Transform 135
Transform: MatrixOffsetTransformBase_double_3_3
Parameters: 0.9999918329278219 0.002136046528614422 -0.003406778706844055 -0.0021752898482828346 0.9999295605964795 -0.011619135839154138 0.0033813165967510896 0.011625860002989569 0.9999270971515098 -0.11075212570203519 -0.6656201136766242 0.3668595179539267
FixedParameters: 0 0 0
#Transform 136
Transform: MatrixOffsetTransformBase_double_3_3
Parameters: 0.9999910952139783 0.002190640518017688 -0.0037553146075973254 -0.0022386630518649673 0.999915760448831 -0.012787167574423303 0.003727801005618235 0.01279583152794228 0.9999110748978418 -0.11612114089169268 -0.6024834067337395 0.3495287091257211
FixedParameters: 0 0 0
#Transform 137
Transform: MatrixOffsetTransformBase_double_3_3
Parameters: 0.9999920456911022 0.0015330385204308968 -0.0036878843962513796 -0.0015758115035732993 0.9999317910730828 -0.011596431799617918 0.0036707783183249076 0.011602580184873174 0.9999261475530298 -0.11687331428854009 -0.6852174940696614 0.2837274848504734
FixedParameters: 0 0 0
#Transform 138
Transform: MatrixOffsetTransformBase_double_3_3
Parameters: 0.9999916647841514 0.0015787101701064527 -0.003720706738633904 -0.0016290680104532249 0.9999061662040292 -0.013555142111266155 0.0036987073124468916 0.013560830254112394 0.9999008418294576 -0.09852354250773487 -0.5874086428506757 0.3354946331436963
FixedParameters: 0 0 0
#Transform 139
Transform: MatrixOffsetTransformBase_double_3_3
Parameters: 0.9999912033134681 0.0017806961624303604 -0.003824621061018212 -0.0018303678290712835 0.9999122320077088 -0.013150417367347511 0.003800573195466924 0.013157585660907828 0.9999058993237385 -0.08207825860154117 -0.6168653054000259 0.38541603074232
FixedParameters: 0 0 0
#Transform 140
Transform: MatrixOffsetTransformBase_double_3_3
Parameters: 0.9999917532460225 0.001990906920317022 -0.003644725542551108 -0.002034533138552504 0.999926178213303 -0.011999146529768995 0.0036202659393515415 0.012005860232605525 0.999921443319333 -0.08844176756606714 -0.7132059046028161 0.3032141281696852
FixedParameters: 0 0 0
#Transform 141
Transform: MatrixOffsetTransformBase_double_3_3
Parameters: 0.999990262840306 0.0018670428641594918 -0.004031036828057794 -0.0019222445203886636 0.9999033799003603 -0.013751414044504029 0.004005497332892312 0.013758585077959296 0.9998974631347394 -0.07575776126698486 -0.6288420657806455 0.3096094304788579
FixedParameters: 0 0 0
#Transform 142
Transform: MatrixOffsetTransformBase_double_3_3
Parameters: 0.9999903325458048 0.0018574126667741796 -0.0039006973490651577 -0.0019075657121574827 0.9999155065185378 -0.01285375067248598 0.003876919214086034 0.012861258375534507 0.9999101800895835 -0.07901220838827783 -0.6878682064633921 0.31735704096487893
FixedParameters: 0 0 0
#Transform 143
Transform: MatrixOffsetTransformBase_double_3_3
Parameters: 0.999990230811324 0.0015742901354290186 -0.0041582860179281405 -0.0016315302452412828 0.9999034947227526 -0.013829236307879217 0.0041360099142486026 0.013835785283917906 0.9998960394792115 -0.08616461628135141 -0.7019428486856754 0.32662185233745333
FixedParameters: 0 0 0
#Transform 144
Transform: MatrixOffsetTransformBase_double_3_3
Parameters: 0.9999906591020755 0.002020571729108562 -0.003905763753701109 -0.002075840776364423 0.9998975799095552 -0.014157286796282836 0.0038774725781812657 0.014165707566502872 0.9998919610564151 -0.07611826446454018 -0.6132657609403651 0.3597450877680899
FixedParameters: 0 0 0
#Transform 145
Transform: MatrixOffsetTransformBase_double_3_3
Parameters: 0.9999894578065667 0.002069095965876272 -0.00403267369191807 -0.0021253556254072895 0.9998983721958358 -0.014079786529886756 0.004002923756000969 0.014088196299536782 0.9998923460279431 -0.07398881344700214 -0.7331129080779704 0.3280870989358249
FixedParameters: 0 0 0
#Transform 146
Transform: MatrixOffsetTransformBase_double_3_3
Parameters: 0.9999897827240316 0.002022455663182877 -0.004138206203070216 -0.0020824390696560784 0.9998935568331327 -0.014431563325761482 0.004108857495048149 0.014440434846937827 0.9998874057969177 -0.07438555325956031 -0.6338100067627437 0.3448809876212806
FixedParameters: 0 0 0
#Transform 147
Transform: MatrixOffsetTransformBase_double_3_3
Parameters: 0.9999894593790661 0.001849960455227257 -0.004137046547935331 -0.001907806701267648 0.9999020660100617 -0.013837265661513554 0.0041114197448879055 0.013844708288321711 0.9998952268482159 -0.08184439928071185 -0.6916172098915467 0.3417499736848413
FixedParameters: 0 0 0
#Transform 148
Transform: MatrixOffsetTransformBase_double_3_3
Parameters: 0.9999904474602745 0.0017804470588838786 -0.00404751972131384 -0.0018346303062738106 0.9999072657599996 -0.013517778762407479 0.004023260267011077 0.013525233487498095 0.9999005011074241 -0.08118154729393723 -0.6929391542663552 0.2982938762942098
FixedParameters: 0 0 0
#Transform 149
Transform: MatrixOffsetTransformBase_double_3_3
Parameters: 0.9999899655731751 0.0017756230872332484 -0.00410886641669622 -0.0018255266404171105 0.9999222931493063 -0.012358691866520749 0.004086621706800261 0.01236631484312456 0.9999149963178505 -0.08190221306570322 -0.6746297556774721 0.3512748145504503
FixedParameters: 0 0 0
#Transform 150
Transform: MatrixOffsetTransformBase_double_3_3
Parameters: 0.9999901433084105 0.002677633165155841 -0.0034190353767894776 -0.0027164283163824575 0.9999294081947614 -0.01155066391513182 0.00338742946749512 0.011560337566969503 0.9999276657612813 -0.10252514960012604 -0.7916371229510872 0.42209415990748766
FixedParameters: 0 0 0
#Transform 151
Transform: MatrixOffsetTransformBase_double_3_3
Parameters: 0.9999912707292911 0.0020232827838518336 -0.0036926876633222843 -0.0020686896098995075 0.9999211067102337 -0.012405927239731551 0.0036673290848513278 0.012413077093180791 0.9999161593613541 -0.10026798386577696 -0.7024746712217222 0.36706657383317065
FixedParameters: 0 0 0
#Transform 152
Transform: MatrixOffsetTransformBase_double_3_3
Parameters: 0.9999911546805363 0.002334203639210468 -0.0033753446737678785 -0.0023747742313392863 0.9999260134646777 -0.011899731489709547 0.0033480562366939616 0.01190726549753815 0.9999237433945358 -0.10573048263026408 -0.7441461990706983 0.3344232106196898
FixedParameters: 0 0 0
#Transform 153
Transform: MatrixOffsetTransformBase_double_3_3
Parameters: 0.9999900541634231 0.0018676843900346971 -0.0039314577790439485 -0.0019209302901135453 0.9999063335471456 -0.013575838984162425 0.003906007550062169 0.013583164543614246 0.9998998961769576 -0.0951013323029315 -0.7482809038804561 0.3689172981321889
FixedParameters: 0 0 0
#Transform 154
Transform: MatrixOffsetTransformBase_double_3_3
Parameters: 0.9999914848304435 0.0016526937946080324 -0.003845390209137353 -0.0017051086196120044 0.9999048699882797 -0.013666660376324219 0.0038215654069243127 0.013673320737734945 0.9998988582021501 -0.08653526053468852 -0.69383898045362 0.3902216162463503
FixedParameters: 0 0 0
#Transform 155
Transform: MatrixOffsetTransformBase_double_3_3
Parameters: 0.999991685132158 0.001814045902022614 -0.0036093931624658834 -0.0018616246204851963 0.9999091169991353 -0.013376700564274535 0.0035840598808578542 0.013383321701085138 0.9999045015485166 -0.0835106671071486 -0.782351896675678 0.3517784581302692
FixedParameters: 0 0 0
#Transform 156
Transform: MatrixOffsetTransformBase_double_3_3
Parameters: 0.9999916830369693 0.0015786696911943762 -0.003718222999088508 -0.0016246059403132666 0.9999205009532842 -0.01251420854725499 0.003698250496365006 0.012520797047318483 0.9999147928463661 -0.06933334032247274 -0.6784171460299575 0.3243217778849896
FixedParameters: 0 0 0
#Transform 157
Transform: MatrixOffsetTransformBase_double_3_3
Parameters: 0.9999904408889564 0.0017275771825883933 -0.003946279562968183 -0.0017846588234874659 0.9998954279243548 -0.014385206492112224 0.003921146019959651 0.014392811022961943 0.9998889027137254 -0.08604223320139681 -0.7752989797802172 0.3604880664344847
FixedParameters: 0 0 0
#Transform 158
Transform: MatrixOffsetTransformBase_double_3_3
Parameters: 0.9999905773671811 0.0018418846905268018 -0.004003424586732286 -0.001901797990109001 0.9998855705418048 -0.015005598992866909 0.0039759654116616255 0.015013401790305164 0.9998794090653538 -0.08224677010703374 -0.7976535007743593 0.33549824235537073
FixedParameters: 0 0 0
#Transform 159
Transform: MatrixOffsetTransformBase_double_3_3
Parameters: 0.9999926323929116 0.0014861281866867997 -0.0036276162229811055 -0.0015411262030932452 0.999884008964258 -0.015144668826829744 0.0036044217853431395 0.015150325592105995 0.9998787019113728 -0.08695278714984056 -0.7185460237874679 0.3377811041978873
FixedParameters: 0 0 0
#Transform 160
Transform: MatrixOffsetTransformBase_double_3_3
Parameters: 0.9999916699646778 0.0019743642643729356 -0.0036651606894582234 -0.0020298344276681985 0.999883431420205 -0.015124138151264732 0.003634306707557651 0.015130844043041852 0.9998785281311757 -0.07180653088866507 -0.8149861867818373 0.33151519573823407
FixedParameters: 0 0 0
#Transform 161
Transform: MatrixOffsetTransformBase_double_3_3
Parameters: 0.9999886550146331 0.0016823063121343051 -0.004417587435709188 -0.0017525564615299037 0.9998706746676623 -0.016014274882919566 0.004390105013859668 0.01602173394173928 0.9998617917707264 -0.0714176939083444 -0.6845636900712861 0.3270803710710055
FixedParameters: 0 0 0
#Transform 162
Transform: MatrixOffsetTransformBase_double_3_3
Parameters: 0.999990229384651 0.0017811701825662567 -0.0039496073388367485 -0.0018426425001138646 0.9998783746715648 -0.015510948937547148 0.003920939030620533 0.015518076327878716 0.999872423669703 -0.09125356108582139 -0.812444476834969 0.35091218307377403
FixedParameters: 0 0 0
#Transform 163
Transform: MatrixOffsetTransformBase_double_3_3
Parameters: 0.9999886219736306 0.0017716801763334753 -0.004386517469349773 -0.001844674516864654 0.9998601086282567 -0.016604733496610458 0.004355752745859266 0.01661326120971754 0.9998527545300754 -0.07920381060812076 -0.7291817465981865 0.36902732082589296
FixedParameters: 0 0 0
#Transform 164
Transform: MatrixOffsetTransformBase_double_3_3
Parameters: 0.9999875623189531 0.0018590224968865969 -0.004580173198335064 -0.0019342396886470091 0.999863367591545 -0.016423096282153077 0.004549706242154762 0.0164309012160134 0.9998544623995416 -0.09217867885783448 -0.7277776964520655 0.32557724991062287
FixedParameters: 0 0 0
#Transform 165
Transform: MatrixOffsetTransformBase_double_3_3
Parameters: 0.9999879809692009 0.0016988420559153432 -0.0044867650060547385 -0.0017703255366308256 0.9998697713968107 -0.016035846317932145 0.004459441102379188 0.016043162383416992 0.9998616422536036 -0.059180463338677214 -0.7988893787057663 0.363474178813604
FixedParameters: 0 0 0
#Transform 166
Transform: MatrixOffsetTransformBase_double_3_3
Parameters: 0.9999884685297082 0.0016283849149640356 -0.004569505223170922 -0.0017000878946542245 0.999877174136436 -0.015594054216337055 0.004543164697531515 0.015601939805774456 0.9998676668150749 -0.048596595639239126 -0.7028829988092582 0.3304684967995257
FixedParameters: 0 0 0
#Transform 167
Transform: MatrixOffsetTransformBase_double_3_3
Parameters: 0.9999897211724511 0.0017660106779501862 -0.004142126542638878 -0.0018242600734241336 0.9998990900787363 -0.014104650995697354 0.00411746233718385 0.014112344628612744 0.9998915097802785 -0.0743759780549027 -0.8585446494329432 0.4056446553417459
FixedParameters: 0 0 0
#Transform 168
Transform: MatrixOffsetTransformBase_double_3_3
Parameters: 0.9999899114938431 0.0015130339985255019 -0.004336071701648755 -0.0015829862684941325 0.9998671589147831 -0.01620997945058189 0.0043104709797878215 0.016217006132756867 0.9998589603190206 -0.05211165887469349 -0.7464413789219009 0.45121245574352997
FixedParameters: 0 0 0
#Transform 169
Transform: MatrixOffsetTransformBase_double_3_3
Parameters: 0.9999894782502108 0.001368382879118634 -0.004318266277671841 -0.0014372527065669317 0.9998708727841057 -0.015985444863562903 0.004296242651978171 0.015991558569997844 0.9998633058453066 -0.054250480543473145 -0.7620183826947482 0.4253258512891591
FixedParameters: 0 0 0
#Transform 170
Transform: MatrixOffsetTransformBase_double_3_3
Parameters: 0.999990462931291 0.0015134395885766044 -0.004152956481875087 -0.0015731583707773015 0.999892980117455 -0.014525290305456295 0.0041305683128968936 0.014531715771567394 0.9998863037598265 -0.0721038107817975 -0.813338743370835 0.433638175018487
FixedParameters: 0 0 0
#Transform 171
Transform: MatrixOffsetTransformBase_double_3_3
Parameters: 0.9999907820286593 0.0011811292402431513 -0.004101509570664308 -0.0012352954014676802 0.9999133052057834 -0.013107771638415477 0.00408563058077268 0.013112226562737833 0.9999057163095034 -0.06404523672121343 -0.8022058630686928 0.4467321322223228
FixedParameters: 0 0 0
#Transform 172
Transform: MatrixOffsetTransformBase_double_3_3
Parameters: 0.9999932333014504 0.0007469250501744831 -0.0036342508980410897 -0.0007915726598127298 0.9999253616859214 -0.012175041005857978 0.0036250575578230504 0.012177953685811732 0.9999193253626286 -0.01100196285590016 -0.9781691698584893 0.34170314510089383
FixedParameters: 0 0 0
#Transform 173
Transform: MatrixOffsetTransformBase_double_3_3
Parameters: 0.9999937016677484 0.0012300361887765273 -0.0034332561261864337 -0.0012700643788681064 0.9999300358475522 -0.011767938843665726 0.0034180801736160044 0.011773056903704143 0.9999245660107923 -0.03732541722899896 -0.9663198257779726 0.307174944729681
FixedParameters: 0 0 0
#Transform 174
Transform: MatrixOffsetTransformBase_double_3_3
Parameters: 0.9999929502291995 0.0008283079518705017 -0.003516279994388041 -0.0008701964998578243 0.999928481682844 -0.01191404144741301 0.003505976906496946 0.011916946079202961 0.9999224994081142 -0.05714189644275791 -1.1063234734030516 0.31298183163451654
FixedParameters: 0 0 0
#Transform 175
Transform: MatrixOffsetTransformBase_double_3_3
Parameters: 0.9999945325703 0.001178205241438681 -0.003174727791640786 -0.0012213243054744602 0.9999090679912627 -0.01343661231383747 0.0031584956918760993 0.01344037675414081 0.9999042608175263 -0.05157346767070692 -1.0385115439095358 0.38266883331509405
FixedParameters: 0 0 0
#Transform 176
Transform: MatrixOffsetTransformBase_double_3_3
Parameters: 0.9999941194614246 0.0009954715999419541 -0.003300032566437494 -0.001037704997413215 0.9999171007700984 -0.012843875817427242 0.0032867912828848265 0.012847125411587529 0.9999119903399944 -0.060427814998519125 -1.0586329571142414 0.41145734729809647
FixedParameters: 0 0 0
#Transform 177
Transform: MatrixOffsetTransformBase_double_3_3
Parameters: 0.999996278378374 0.0008717356510965224 -0.0026386584743402232 -0.0009044443794541022 0.9999221100287226 -0.012432151062010566 0.0026273083038160245 0.012434837329958232 0.9999189721024647 -0.05235411168858661 -1.1375269116441018 0.3639933459007523
FixedParameters: 0 0 0
#Transform 178
Transform: MatrixOffsetTransformBase_double_3_3
Parameters: 0.9999963037401153 0.000840058392097668 -0.002643785219911998 -0.000875909920510409 0.9999065901551072 -0.013636195367423554 0.0026324859302517415 0.01363781008588058 0.9999037599635342 -0.02729929107680107 -1.079122440978722 0.32357020353015287
FixedParameters: 0 0 0
#Transform 179
Transform: MatrixOffsetTransformBase_double_3_3
Parameters: 0.9999949674266132 0.0008699373888805743 -0.003046032239909336 -0.0009094660865177988 0.9999163654355583 -0.012889554261787034 0.003033622070458884 0.012892438671945866 0.9999122316778012 -0.03715320333542138 -1.1464531337836235 0.26751197047734365
FixedParameters: 0 0 0
#Transform 180
Transform: MatrixOffsetTransformBase_double_3_3
Parameters: 0.9999926947225835 -0.00043458885204676357 -0.0037570913311182315 0.00038091602535666373 0.9998999293479836 -0.01417714941828177 0.0037630784884094466 0.014175873602314648 0.9998927971092648 0.002354732586525188 -1.1452819410781103 0.26014291040563364
FixedParameters: 0 0 0
#Transform 181
Transform: MatrixOffsetTransformBase_double_3_3
Parameters: 0.999994882572439 0.0007836481896462215 -0.003082998845232172 -0.0008256121260778646 0.9999042728748884 -0.013797780270417837 0.0030715103689375593 0.013800207698130423 0.9998997659681577 -0.025743994548534488 -1.0017253009135203 0.33130057700142856
FixedParameters: 0 0 0
#Transform 182
Transform: MatrixOffsetTransformBase_double_3_3
Parameters: 0.9999946213428177 0.0009621328781851456 -0.003233324196002543 -0.0010030020748165594 0.9999184666556253 -0.012715047546857344 0.0032204278945377686 0.012717942281176675 0.9999137220759295 -0.03616345872006832 -1.1163466039278092 0.2925252155482241
FixedParameters: 0 0 0
#Transform 183
Transform: MatrixOffsetTransformBase_double_3_3
Parameters: 0.999992378934351 -0.000563413422908881 -0.003781772624741906 0.0005043768062778644 0.9998775175390414 -0.015667669111958826 0.003790564456422436 0.015666338589042594 0.9998699195744818 -0.006458639487533446 -0.9748460180764198 0.345936392144651
FixedParameters: 0 0 0
#Transform 184
Transform: MatrixOffsetTransformBase_double_3_3
Parameters: 0.9999913287119863 -0.0007181261988775983 -0.004142062994956096 0.0006534124000610051 0.9998794364922284 -0.015532253855096323 0.004152477853459108 0.015528743579937054 0.9998704681765884 -0.005595590285821572 -0.9720434358972341 0.3396399812501443
FixedParameters: 0 0 0
#Transform 185
Transform: MatrixOffsetTransformBase_double_3_3
Parameters: 0.9999900180758549 -0.0009339380560151986 -0.004255727501832138 0.0008637353873862806 0.9998654882869057 -0.016374900462358677 0.004270148948828307 0.016371111673507438 0.9998573408504418 0.020595139257949313 -0.9922441417017183 0.26982851718457823
FixedParameters: 0 0 0
#Transform 186
Transform: MatrixOffsetTransformBase_double_3_3
Parameters: 0.9999900277781477 -0.0010859793016960973 -0.004448693347812407 0.0010125517537695728 0.9998643113568285 -0.016439589640910607 0.004466405658399938 0.01643541915215574 0.9998552941237653 0.01319183121164258 -0.9359849051808595 0.2928996800975625
FixedParameters: 0 0 0
#Transform 187
Transform: MatrixOffsetTransformBase_double_3_3
Parameters: 0.999989066276103 -0.0011176431388963948 -0.004548255116701638 0.001043379145613747 0.9998695920734597 -0.016152027560248028 0.004565391851642229 0.01614697646262453 0.9998588245624509 0.0042265808108794545 -1.0683434667794245 0.30297321459772775
FixedParameters: 0 0 0
#Transform 188
Transform: MatrixOffsetTransformBase_double_3_3
Parameters: 0.9999849520662957 -0.001273043278059694 -0.005331853042139761 0.0011705074022088082 0.9998158188511751 -0.019171671463450946 0.005355002005403362 0.019165347811215816 0.9998021970240795 0.03954767382113289 -1.0285540047801618 0.3121735986174343
FixedParameters: 0 0 0
#Transform 189
Transform: MatrixOffsetTransformBase_double_3_3
Parameters: 0.999986700866746 -0.0012795104642902896 -0.004966045085476102 0.0011917100691499264 0.9998428049460999 -0.01770467963548808 0.004987885217281972 0.017698338949744152 0.9998311561662536 0.018042054522609874 -1.0950275942589371 0.281713553671068
FixedParameters: 0 0 0
#Transform 190
Transform: MatrixOffsetTransformBase_double_3_3
Parameters: 0.9999861084302265 -0.0013143303299148837 -0.005114970846195713 0.0012222722591638988 0.9998352711068643 -0.018081815944007235 0.005137936697433787 0.018075158062531432 0.9998231154917756 0.023296515358950387 -1.0978816832339504 0.25767913016808563
FixedParameters: 0 0 0
#Transform 191
Transform: MatrixOffsetTransformBase_double_3_3
Parameters: 0.9999807051062346 -0.0010672887297954728 -0.006095742155047004 0.0009440661524851685 0.9997971810147355 -0.02011040927361865 0.006115601421260886 0.020104568157280595 0.9997788119386809 -0.006774339023763787 -0.9297454394336881 0.34215217050640945
FixedParameters: 0 0 0
#Transform 192
Transform: MatrixOffsetTransformBase_double_3_3
Parameters: 0.9999794059980242 -0.0015885767142720508 -0.006250871811091646 0.0014529043604862028 0.9997639858379117 -0.021680548418560486 0.006283253560465056 0.021671466401944367 0.9997456017069289 -0.03270603349589862 -1.074340746451142 0.4063650275801507
FixedParameters: 0 0 0
#Transform 193
Transform: MatrixOffsetTransformBase_double_3_3
Parameters: 0.9999802849319911 -0.000996330007911189 -0.0062225763211852594 0.0008493036843042501 0.9997199874282625 -0.02363479116913425 0.006244590121919054 0.023629191070543704 0.9997011879923118 -0.035072178417067335 -1.0074103415662847 0.35073673587977794
FixedParameters: 0 0 0
#Transform 194
Transform: MatrixOffsetTransformBase_double_3_3
Parameters: 0.9999839031260208 -0.0006464685080960664 -0.005716068579924662 0.0005228992473353756 0.999765246837811 -0.021640073131519305 0.00572960879012536 0.021635892881558566 0.999749133552748 -0.04698346025553235 -1.005483662606423 0.35990973333828435
FixedParameters: 0 0 0
#Transform 195
Transform: MatrixOffsetTransformBase_double_3_3
Parameters: 0.9999805284273716 -0.000986960178593896 -0.00620487439847234 0.0008451010899343097 0.999739732967016 -0.02280075055275932 0.006225244317634014 0.022795269180291483 0.9997211520361869 -0.025099845705213397 -1.0086288774463839 0.35096948476576983
FixedParameters: 0 0 0
#Transform 196
Transform: MatrixOffsetTransformBase_double_3_3
Parameters: 0.999978129721493 -0.0010513107821238392 -0.006462393229631424 0.0008974475770513359 0.9997180002673841 -0.023739163424226883 0.0064858613488659 0.023732839026925356 0.9996971631688398 -0.0018864838218064506 -0.9036363915060122 0.3448503919409802
FixedParameters: 0 0 0
#Transform 197
Transform: MatrixOffsetTransformBase_double_3_3
Parameters: 0.9999809730956667 -0.0009456328640523893 -0.00601136762326043 0.0008061922127647432 0.9997305375193184 -0.023171468155540637 0.0060309526873095435 0.02316551581841947 0.9997137231172494 0.016163628834945598 -1.0110104731595015 0.3428879537736549
FixedParameters: 0 0 0
#Transform 198
Transform: MatrixOffsetTransformBase_double_3_3
Parameters: 0.9999832779025096 -0.0012557740976703792 -0.005669629728476348 0.0011288270308546344 0.9997473067515635 -0.022450489271009372 0.0056962906682765085 0.022443523595754855 0.9997320997716994 0.010990307375834618 -0.9254506045321023 0.30837247612591057
FixedParameters: 0 0 0
#Transform 199
Transform: MatrixOffsetTransformBase_double_3_3
Parameters: 0.9999831544344526 -0.0014097161763417377 -0.005555039184979934 0.0012853726810977256 0.9997491904513105 -0.022337246220628576 0.005585036448151306 0.02232974206503069 0.9997352611814659 -0.014231046621674182 -1.0238449892793824 0.32886265560587447
FixedParameters: 0 0 0
#Transform 200
Transform: MatrixOffsetTransformBase_double_3_3
Parameters: 0.9999816051733867 -0.0011889048815250398 -0.005998486014273139 0.0010486606231370303 0.9997267922981157 -0.02335719660368185 0.006024444138032996 0.023349796976644938 0.9997088821359241 -0.005016374393377987 -0.9434912419077364 0.2755396485689232
FixedParameters: 0 0 0
#Transform 201
Transform: MatrixOffsetTransformBase_double_3_3
Parameters: 0.999979141862444 -0.0013687575229070351 -0.0062438460938564685 0.0012245533749264017 0.9997360113896285 -0.022939227545678148 0.00627349386236173 0.02293074481716248 0.9997169535247016 -0.003841657209690652 -0.918703107034986 0.3047996979510117
FixedParameters: 0 0 0
#Transform 202
Transform: MatrixOffsetTransformBase_double_3_3
Parameters: 0.9999829425474325 -0.0012239031194524919 -0.0057926752666207825 0.0010910582722786137 0.999736320938866 -0.022937244422020553 0.005819873061466819 0.022930776450172496 0.9997205368367195 -0.01958761308893031 -1.0479269414982895 0.280015181798305
FixedParameters: 0 0 0
#Transform 203
Transform: MatrixOffsetTransformBase_double_3_3
Parameters: 0.9999814066644869 -0.0009573605232916791 -0.0060559875885385734 0.0008157670470174289 0.9997252200720792 -0.023434777997042022 0.006076920350216441 0.02342822944668177 0.9997069549485292 0.02391940907492085 -0.9426652849963375 0.2399472950042849
FixedParameters: 0 0 0
#Transform 204
Transform: MatrixOffsetTransformBase_double_3_3
Parameters: 0.9999808300405705 -0.0014674579841589099 -0.006001360224511962 0.0013382700872105113 0.9997690692323462 -0.021425603795174858 0.006031458750966786 0.021417393420055025 0.9997528854731271 -0.012599335100972553 -0.9953004223831954 0.3452925354391141
FixedParameters: 0 0 0
#Transform 205
Transform: MatrixOffsetTransformBase_double_3_3
Parameters: 0.9999796450600926 -0.0009069087832059843 -0.006366630239991833 0.0007595428509763421 0.99973101234023 -0.02316412374074786 0.006385584999082201 0.023158868959043177 0.9997115676968099 -0.02552405829902682 -0.9614231729539995 0.3335974859109001
FixedParameters: 0 0 0
#Transform 206
Transform: MatrixOffsetTransformBase_double_3_3
Parameters: 0.9999789995603554 -0.0006080059310066138 -0.00645212380311607 0.0004691664170437138 0.999770993576368 -0.021391221339516348 0.006463772165856054 0.02138779261061241 0.9997508699721004 -0.025487302285739588 -0.8672832932873433 0.33881729292465934
FixedParameters: 0 0 0
#Transform 207
Transform: MatrixOffsetTransformBase_double_3_3
Parameters: 0.9999814888847431 -0.0009189473119740733 -0.005972098738369182 0.000798224428453889 0.999794010497963 -0.020288575276815934 0.005989487227258955 0.0202834356007775 0.9997763423665628 0.005285920327210647 -0.9228717463319782 0.36440735040319794
FixedParameters: 0 0 0
#Transform 208
Transform: MatrixOffsetTransformBase_double_3_3
Parameters: 0.9999775735259148 -0.0010782358484063286 -0.006577339809434444 0.000921093039981382 0.9997147513478084 -0.023870249356843454 0.006601479841927697 0.02386375448978678 0.9996933797617938 0.015707890504842226 -0.8434773271114011 0.3408823588574137
FixedParameters: 0 0 0
#Transform 209
Transform: MatrixOffsetTransformBase_double_3_3
Parameters: 0.9999777461071684 -0.0006508182960441216 -0.006695603690581951 0.0004922420122788401 0.9997188634556163 -0.023721390560540984 0.006708937917907456 0.023717644308858782 0.999696481415873 -0.01110651613943503 -0.8778748775455654 0.3686807431000432
FixedParameters: 0 0 0
#Transform 210
Transform: MatrixOffsetTransformBase_double_3_3
Parameters: 0.9999754871790373 -0.000874717617311364 -0.0069819386693817514 0.0007112918534801019 0.9997280971951964 -0.02331273239576334 0.007000419655385275 0.023307255554973844 0.9997035169496135 -0.016193289650715315 -0.9575265890703974 0.3405690533036534
FixedParameters: 0 0 0
#Transform 211
Transform: MatrixOffsetTransformBase_double_3_3
Parameters: 0.9999769647220526 -0.0011157629006905874 -0.006692545662014974 0.0009447288428296322 0.9996733063275606 -0.02551531165502996 0.006718768539092447 0.02550763950185353 0.9996517595259946 -0.02067168316065704 -0.9670815020422907 0.36876696945336107
FixedParameters: 0 0 0
#Transform 212
Transform: MatrixOffsetTransformBase_double_3_3
Parameters: 0.9999998294620809 0.00026264384231365975 -0.001049447355625776 -0.0002800544728322711 0.9998628728035927 -0.016553705223884052 0.0010451425873484153 0.016554273596548763 0.9998618494642163 0.058845793828339765 -1.2384862720351322 0.8270152328191642
FixedParameters: 0 0 0
#Transform 213
Transform: MatrixOffsetTransformBase_double_3_3
Parameters: 0.9999938244988015 -0.00031097111681858 -0.0033287614714179723 0.0002619713175158081 0.9998914298030418 -0.014714750945783284 0.0033324085867912855 0.014714245822575134 0.9998863370703872 0.0664049498206083 -0.9717863801031683 0.8211451991464003
FixedParameters: 0 0 0
#Transform 214
Transform: MatrixOffsetTransformBase_double_3_3
Parameters: 0.9999928187720319 0.0010232065034869238 -0.0036241556885400813 -0.0010766134484405496 0.9998935360761658 -0.014570200143742468 0.0036085745706680916 0.014573813156644494 0.9998875720810984 -0.0033566495837789034 -0.6932028022506813 0.6181905695240033
FixedParameters: 0 0 0
#Transform 215
Transform: MatrixOffsetTransformBase_double_3_3
Parameters: 0.9999889635005405 -0.0005665294909654368 -0.00476606268117237 0.0004980809189909197 0.9998976576540682 -0.014287320138390236 0.004773713494164726 0.014284660693790224 0.9998861033487734 -0.0066585824901892465 -0.6805751924152759 0.5886917925509465
FixedParameters: 0 0 0
#Transform 216
Transform: MatrixOffsetTransformBase_double_3_3
Parameters: 0.9999872765547905 -0.0006527812872702365 -0.004929237751749831 0.0005859114712747438 0.9999070366705314 -0.013633689532508375 0.004937585741702624 0.013631306538894356 0.9998945302570832 0.00818800634296224 -0.6887509468129593 0.539946646316892
FixedParameters: 0 0 0
#Transform 217
Transform: MatrixOffsetTransformBase_double_3_3
Parameters: 0.9999874913544752 -0.00035835481589293174 -0.004937613471245156 0.00029024028415131986 0.9999054929376257 -0.01372215150192399 0.004942093029441369 0.013720831939676353 0.999893419485861 -0.028525274443097715 -0.6736649871011053 0.3482890665614491
FixedParameters: 0 0 0
