#Insight Transform File V1.0
#Transform 0
Transform: MatrixOffsetTransformBase_double_3_3
Parameters: 0.9999974332285819 -0.00014499253796493777 0.0021320743091959274 0.0001457046412206367 0.9999999602370956 -0.00016682539124733553 -0.0021320257628662867 0.00016717374213784386 0.9999974172135749 -0.01986053569136459 0.031820913915765914 -0.33710017710153295
FixedParameters: 0 0 0
#Transform 1
Transform: MatrixOffsetTransformBase_double_3_3
Parameters: 0.9999976362596118 -0.00026953711866674156 0.002071524092807252 0.00027049279450873116 0.999999781889986 -0.00047157159508617874 -0.002071337484086611 0.00047142805126690335 0.9999974097451131 -0.017373157876789946 0.031053769671885334 -0.30351277631908147
FixedParameters: 0 0 0
#Transform 2
Transform: MatrixOffsetTransformBase_double_3_3
Parameters: 0.9999987275134574 -0.00012142434667732928 0.0018049208481919305 0.0001226597139743338 0.9999991933329213 -0.0008949153973785984 -0.001804838423454061 0.0008950845090364423 0.9999979321290178 -0.02309432822846702 0.023275748322404866 -0.32942229618468843
FixedParameters: 0 0 0
#Transform 3
Transform: MatrixOffsetTransformBase_double_3_3
Parameters: 0.9999982049841982 -0.0002524980829693682 0.0016526935555044363 0.0002524820749625654 0.99999985266585 -0.0002966508523751382 -0.001652611591465711 0.0002973496949890825 0.9999981759001166 -0.027545111376440445 0.050853059016887414 -0.42861082213440227
FixedParameters: 0 0 0
#Transform 4
Transform: MatrixOffsetTransformBase_double_3_3
Parameters: 0.9999982402719634 -0.00012854632492141147 0.0019347338302498156 0.00013222382235158274 0.9999990154463679 -0.0017238155353764828 -0.0019344883076338924 0.0017241843100011534 0.9999962804642414 -0.013631922862685997 0.030899619238553555 -0.3037826719404251
FixedParameters: 0 0 0
#Transform 5
Transform: MatrixOffsetTransformBase_double_3_3
Parameters: 0.9999997907861903 -0.0005197601834970885 0.0009690529933672928 0.0005204442045657239 0.9999996095109817 -0.00035256382870596514 -0.0009686858006370677 0.00035343593561491804 0.9999999320573725 -0.025735999488063044 0.026348822659613802 -0.42431675855866047
FixedParameters: 0 0 0
#Transform 6
Transform: MatrixOffsetTransformBase_double_3_3
Parameters: 0.9999991794727118 -0.0003389443530125736 0.0013060983053279714 0.0003392761356001951 0.999999630549411 -0.0005086251065676284 -0.0013058211059722368 0.0005093751203915364 0.9999990307609881 -0.019085347564526955 0.036648657547786456 -0.38077912350176746
FixedParameters: 0 0 0
#Transform 7
Transform: MatrixOffsetTransformBase_double_3_3
Parameters: 0.9999996774974088 -0.00007624750824681192 0.0011474697623952482 0.00007819233092002329 0.9999980505741684 -0.0017169782233936032 -0.0011473406196571341 0.0017170197133884874 0.9999977307426158 -0.013722171959074103 0.04130917407510992 -0.3553535991003969
FixedParameters: 0 0 0
#Transform 8
Transform: MatrixOffsetTransformBase_double_3_3
Parameters: 0.9999982543514586 -0.0001123061410222916 0.0016531884584863835 0.00011309635110102879 0.9999999348037549 -0.00023888111326723915 -0.0016531345873677487 0.0002391180250101571 0.9999982053058522 -0.017432735352826967 0.04248312248334685 -0.44601420943789094
FixedParameters: 0 0 0
#Transform 9
Transform: MatrixOffsetTransformBase_double_3_3
Parameters: 0.9999987838574345 -0.000028786231505498072 0.001488321651563487 0.000032818210049867456 0.9999974340672941 -0.002360022389272645 -0.0014883803113301846 0.0023599783629680154 0.9999962105667342 -0.02344663158335436 0.027523019069732868 -0.3611185506189969
FixedParameters: 0 0 0
#Transform 10
Transform: MatrixOffsetTransformBase_double_3_3
Parameters: 0.9999982441487791 -0.00012852838235522088 0.0019337329078567076 0.00013210575577870436 0.9999981056678502 -0.0016988821495313305 -0.0019334941358320216 0.0016991146854052203 0.9999963652750039 -0.016354522047208775 0.03503776430095229 -0.39052488587211087
FixedParameters: 0 0 0
#Transform 11
Transform: MatrixOffsetTransformBase_double_3_3
Parameters: 0.9999994168003469 -0.000159088701841507 0.0007469204094222689 0.00015925003241661407 0.9999999630011775 -0.0001078810515614953 -0.0007468860288004916 0.00010811881994833572 0.9999994304711832 -0.027593619234806965 0.04402748254416622 -0.43292121775557746
FixedParameters: 0 0 0
#Transform 12
Transform: MatrixOffsetTransformBase_double_3_3
Parameters: 0.9999996722741333 -0.00041416180787757676 0.0010752302490534705 0.0004169596903368622 0.9999968062459997 -0.0026625494720535353 -0.0010742191150497726 0.002662451952299194 0.9999956881822706 -0.01285920788231465 0.03164687218182394 -0.3626843558567572
FixedParameters: 0 0 0
#Transform 13
Transform: MatrixOffsetTransformBase_double_3_3
Parameters: 0.9999989834782016 -0.00048615062801628185 0.0013342333748816754 0.00048756597445753455 0.9999995540233291 -0.0005304130858064249 -0.0013337168183363002 0.0005305855370673074 0.9999988665949388 -0.013838246969100965 0.034795144464837335 -0.4435866967009616
FixedParameters: 0 0 0
#Transform 14
Transform: MatrixOffsetTransformBase_double_3_3
Parameters: 0.999998986559083 -0.00027116557624159824 0.0013928061876108692 0.0002715499794428761 0.9999999119470777 -0.00013768977633675517 -0.0013927312927611941 0.00013830993869805297 0.9999990365240565 -0.015324642234546104 0.040606180806719294 -0.4363754152247594
FixedParameters: 0 0 0
#Transform 15
Transform: MatrixOffsetTransformBase_double_3_3
Parameters: 0.9999998372431758 -0.00018786516387443123 0.001061876015159725 0.0001904195736924246 0.9999981699226409 -0.001672865992021863 -0.0010613111590899612 0.001673131862170718 0.9999980694605785 -0.017323997107496325 0.013553073471044286 -0.4032140450713513
FixedParameters: 0 0 0
#Transform 16
Transform: MatrixOffsetTransformBase_double_3_3
Parameters: 0.999999754564818 -0.00012275820513492374 0.0011092187779418808 0.00012269830638010761 0.9999999888348378 0.000027068268423066644 -0.0011092254052899957 -0.000026931718283912387 0.9999997642719819 -0.019247968534685356 0.04781803874990942 -0.45669760218237343
FixedParameters: 0 0 0
#Transform 17
Transform: MatrixOffsetTransformBase_double_3_3
Parameters: 0.9999993791795104 -0.0002718421317301671 0.0007398420296065173 0.0002739667914593255 0.9999961581402469 -0.0027867979557669315 -0.0007384568849776074 0.002787201392374955 0.9999956862704579 -0.015701059201603584 0.02513558866588994 -0.2576625323035131
FixedParameters: 0 0 0
#Transform 18
Transform: MatrixOffsetTransformBase_double_3_3
Parameters: 0.9999979884827332 -0.00004779240272090203 0.0017346730228822022 0.00005040433864209501 0.9999992386310905 -0.00132798206448409 -0.0017346786482333038 0.0013280166888398337 0.9999972226810007 -0.032276417071301466 0.017273710576773738 -0.4204908959576841
FixedParameters: 0 0 0
#Transform 19
Transform: MatrixOffsetTransformBase_double_3_3
Parameters: 0.9999994449897243 -0.00008384713500489005 0.0012441780823713882 0.00008478534237158034 0.999999392233357 -0.000777962676706434 -0.001244114901615898 0.0007780367648760056 0.9999988421881962 -0.029591508312535098 0.018847054960730247 -0.4657036995606205
FixedParameters: 0 0 0
#Transform 20
Transform: MatrixOffsetTransformBase_double_3_3
Parameters: 0.9999995006019675 -0.0003292907678200361 0.0006255012849903221 0.0003302568886489792 0.9999984232091512 -0.0015707926883493512 -0.0006245331497452815 0.0015712049179550935 0.9999981413111411 -0.018716591481648948 0.029790637279248244 -0.40102639288984676
FixedParameters: 0 0 0
#Transform 21
Transform: MatrixOffsetTransformBase_double_3_3
Parameters: 0.9999992220766115 -0.00005990936337882907 0.0008799623011285146 0.00006006951492302259 0.9999999881203322 -0.00009094714028831663 -0.000879951383091566 0.00009105271662304681 0.9999992173942918 -0.012968846180669402 0.04586515641553035 -0.378814463021655
FixedParameters: 0 0 0
#Transform 22
Transform: MatrixOffsetTransformBase_double_3_3
Parameters: 0.9999995037867349 -0.00028755120115469364 0.0006432503062424018 0.00028823664932568934 0.9999992036358455 -0.0013088149665258508 -0.0006425646143820555 0.0013091851454919007 0.9999988731868195 -0.03657319594559283 0.037946998112190045 -0.3758235587345382
FixedParameters: 0 0 0
#Transform 23
Transform: MatrixOffsetTransformBase_double_3_3
Parameters: 0.9999994600192929 -0.00029645443947159695 0.0006723802353839802 0.00029638450984156606 0.9999999094314136 0.00005219928304867061 -0.0006724110628710762 -0.00005180066051184429 0.9999995451798823 -0.017715178765286055 0.05123906700364955 -0.42877389208325667
FixedParameters: 0 0 0
#Transform 24
Transform: MatrixOffsetTransformBase_double_3_3
Parameters: 0.9999986621542533 -0.0001008511412720341 0.0015256696524756984 0.00010414645806103156 0.999997746395484 -0.00206091051477858 -0.0015254511976636274 0.0020610875364894116 0.999996420306871 -0.011927234937260778 0.04392554521263037 -0.3609459956138039
FixedParameters: 0 0 0
#Transform 25
Transform: MatrixOffsetTransformBase_double_3_3
Parameters: 0.9999994286335845 -0.00030910860501318137 0.0012148327521657337 0.00030957143295610686 0.9999999405027812 -0.00019068733808737248 -0.001214714893673133 0.00019031243039585588 0.9999994155505834 -0.01102341889163938 0.04808533128968406 -0.4587346938238426
FixedParameters: 0 0 0
#Transform 26
Transform: MatrixOffsetTransformBase_double_3_3
Parameters: 0.9999994046376643 -0.0002936871922156793 0.0007131788009566092 0.0002956826932072579 0.999997706558572 -0.002050788701308953 -0.0007130357018370572 0.0020512089860212634 0.999997284871818 -0.026380930283721682 0.036712271398570806 -0.40409701876860993
FixedParameters: 0 0 0
#Transform 27
Transform: MatrixOffsetTransformBase_double_3_3
Parameters: 0.9999992620618046 -0.00011709067667536009 0.0013131096419027864 0.00011906564880969714 0.9999997092588824 -0.0011319134568597705 -0.0013129103279608749 0.0011320878173030902 0.9999989899518982 -0.018071126329672893 0.038434561870460016 -0.40869965678066933
FixedParameters: 0 0 0
#Transform 28
Transform: MatrixOffsetTransformBase_double_3_3
Parameters: 0.9999990908620924 -0.0006905340219271064 0.0011970409710595929 0.0006904650599312914 0.9999993772921699 -0.00038724167167947243 -0.0011965731578179283 0.0003887587470074172 0.9999994124819781 -0.010690063214937595 0.039452094019409856 -0.4239484541221401
FixedParameters: 0 0 0
#Transform 29
Transform: MatrixOffsetTransformBase_double_3_3
Parameters: 0.9999992865093726 -0.00008548080714896209 0.0013062067422780473 0.00008859268951497786 0.9999966040684944 -0.0027189565066835786 -0.0013060054966769765 0.002719048150331832 0.9999958964728246 -0.01661609360084526 0.03160682999826747 -0.41212557928558624
FixedParameters: 0 0 0
#Transform 30
Transform: MatrixOffsetTransformBase_double_3_3
Parameters: 0.9999988369979417 -0.0003379337449455485 0.0014313635519138932 0.0003383359437295598 0.9999999384087472 -0.00014057908767042826 -0.0014312685360648926 0.00014042057997977475 0.9999988591089306 -0.01016128509034786 0.04819741522672416 -0.4465274190437185
FixedParameters: 0 0 0
#Transform 31
Transform: MatrixOffsetTransformBase_double_3_3
Parameters: 0.9999996308386297 -0.0001759481841632783 0.0011568920834756256 0.00017821039039811774 0.9999986490584172 -0.0018407903311971202 -0.0011563762852615695 0.0018402092157396438 0.9999972068930131 -0.0028257025118563206 0.03066644625447168 -0.3562860176764673
FixedParameters: 0 0 0
#Transform 32
Transform: MatrixOffsetTransformBase_double_3_3
Parameters: 0.9999974979041496 -0.0003179824879401805 0.0020975148822415714 0.00032083932917636684 0.9999983003939737 -0.0016155344666321653 -0.0020977522899555618 0.001616467336355204 0.9999969745862936 -0.004495386275593205 0.0313926980681174 -0.40994729792627993
FixedParameters: 0 0 0
#Transform 33
Transform: MatrixOffsetTransformBase_double_3_3
Parameters: 0.9999975838898794 -0.000422360188747659 0.002288606059274435 0.00042290944042898865 0.9999998208577761 -0.00011923605678079707 -0.0022885046266539963 0.00012076335989832931 0.9999977342323418 -0.0043981246697626375 0.04691914968138633 -0.4233014423257089
FixedParameters: 0 0 0
#Transform 34
Transform: MatrixOffsetTransformBase_double_3_3
Parameters: 0.9999993221713007 -0.00021212195831157163 0.00079570661637156 0.00021305916825597248 0.9999986241676746 -0.0018438269502158572 -0.0007950588245962486 0.001843174384375118 0.999997901010088 -0.012746382476976237 0.0368424851033069 -0.3724840877313085
FixedParameters: 0 0 0
#Transform 35
Transform: MatrixOffsetTransformBase_double_3_3
Parameters: 0.9999991126051683 -0.0004526282679185456 0.0012971205327297665 0.00045193035071061725 0.9999997277082014 0.0002695186003188882 -0.0012973638590071982 -0.00026848088333206177 0.9999992401751652 -0.012467282358215925 0.03485824235661994 -0.44079522269413474
FixedParameters: 0 0 0
#Transform 36
Transform: MatrixOffsetTransformBase_double_3_3
Parameters: 0.9999997853063259 -0.000298230716215421 0.00106072094730456 0.0003014290745299902 0.9999971431028619 -0.0024167463043237303 -0.0010604055844951079 0.002416255817838636 0.9999969632336219 -0.017698864093375732 0.05062900638105816 -0.3666694948755236
FixedParameters: 0 0 0
#Transform 37
Transform: MatrixOffsetTransformBase_double_3_3
Parameters: 0.9999990090756612 -0.00009416057696728515 0.001407854934380215 0.00009578325938861221 0.9999993443800612 -0.0012849347418658758 -0.0014077468869576665 0.0012850664298071912 0.9999983622411495 -0.010079379961368318 0.033553215681777715 -0.45677422652221367
FixedParameters: 0 0 0
#Transform 38
Transform: MatrixOffsetTransformBase_double_3_3
Parameters: 0.9999996999737575 -0.00032203721446412046 0.0010938765882947865 0.00032321905254676156 0.9999989753839391 -0.0009967096767206363 -0.0010933016057102954 0.0009962888592545405 0.9999987385660698 -0.017536408414358107 0.033537200933594136 -0.43934258119519143
FixedParameters: 0 0 0
#Transform 39
Transform: MatrixOffsetTransformBase_double_3_3
Parameters: 0.9999996748643046 -0.0003730716008400382 0.0010889170745493938 0.00037573957263171607 0.9999962646755699 -0.002568659736389159 -0.0010881951055487205 0.002569339145430116 0.9999962106435231 -0.011857941974071196 0.05024016575602275 -0.3874444591675541
FixedParameters: 0 0 0
#Transform 40
Transform: MatrixOffsetTransformBase_double_3_3
Parameters: 0.9999991707666889 -0.00047278604329232697 0.0007782902266012915 0.0004732537729079147 0.9999984077315811 -0.0015386311036106187 -0.0007779679846738758 0.0015393672456978091 0.9999980259920812 -0.02974115002200506 0.05231930948617958 -0.40312137781286594
FixedParameters: 0 0 0
#Transform 41
Transform: MatrixOffsetTransformBase_double_3_3
Parameters: 0.9999992124476204 -0.00042110615378461273 0.0007811666705459519 0.0004211061532169216 0.9999998226694679 3.289543507173365e-7 -0.0007811666703333856 3.2895435109203675e-7 0.9999993897781523 -0.02314074226497098 0.046762776870920675 -0.4176999827752894
FixedParameters: 0 0 0
#Transform 42
Transform: MatrixOffsetTransformBase_double_3_3
Parameters: 0.9999969561801181 -0.00005249923170956924 0.0026534268925365563 0.00005570203172187491 0.9999995800354035 -0.001167064642691798 -0.002653504612402107 0.0011679353552506294 0.9999956500266142 0.0009509318157512325 0.052180635184441826 -0.3221517678026089
FixedParameters: 0 0 0
#Transform 43
Transform: MatrixOffsetTransformBase_double_3_3
Parameters: 0.9999979879870919 -0.0001364944108302241 0.0019983438421897317 0.00013597483546149526 0.999999973792214 0.00013013626697253033 -0.0019983792632848074 -0.00012986320550872898 0.9999979803949127 -0.0026786016568820514 0.050640661010348254 -0.41147341092283796
FixedParameters: 0 0 0
#Transform 44
Transform: MatrixOffsetTransformBase_double_3_3
Parameters: 0.9999962879191862 0.00029600727137708285 0.002573580277384262 -0.00029827114114164337 0.9999997875345106 0.0010340282394382394 -0.002573759133652833 -0.0010349741180351313 0.9999963599976394 0.01355443033887127 0.052333352833272784 -0.38479433284561537
FixedParameters: 0 0 0
#Transform 45
Transform: MatrixOffsetTransformBase_double_3_3
Parameters: 0.9999964978601614 -0.00018886250685784233 0.0027324810694003355 0.00018671834287498545 0.9999990996367691 0.0009402417034728439 -0.002732630070379345 -0.0009397582683313421 0.9999956310198843 -0.003616704770877277 0.06279280211340676 -0.38859940520012515
FixedParameters: 0 0 0
#Transform 46
Transform: MatrixOffsetTransformBase_double_3_3
Parameters: 0.9999955650853498 0.00021217055955301964 0.0030640691602473215 -0.00021600203344558088 0.9999992471521155 0.0012870676863113162 -0.003064243510099495 -0.0012879317923018968 0.9999940026123877 -0.0014346090905235087 0.04575493149248189 -0.4116982833672438
FixedParameters: 0 0 0
#Transform 47
Transform: MatrixOffsetTransformBase_double_3_3
Parameters: 0.9999955866409931 -0.000053664291520415073 0.0029001285078714256 0.00005308437450789248 0.9999998185185912 0.0004438842084486666 -0.002900039874020703 -0.0004441174914253526 0.9999953738489415 0.020754595523925445 0.04232418475025668 -0.41923802991486525
FixedParameters: 0 0 0
#Transform 48
Transform: MatrixOffsetTransformBase_double_3_3
Parameters: 0.9999966639007026 0.000032803112695994386 0.0025168245064741334 -0.000029956800306229066 0.9999996672911323 -0.0011602832093693949 -0.0025171013551018692 0.0011597180960840753 0.9999963054031146 0.00956293284623655 0.06123168032831927 -0.3885077363058542
FixedParameters: 0 0 0
#Transform 49
Transform: MatrixOffsetTransformBase_double_3_3
Parameters: 0.9999968909046897 -0.0005716517094579265 0.0024045567896539065 0.0005711079726305325 0.9999996525398835 0.0003211752450712896 -0.0024048550293794195 -0.00031982513415268476 0.9999970329238809 -0.00008844748333558528 0.041336629233626354 -0.4484785860570497
FixedParameters: 0 0 0
#Transform 50
Transform: MatrixOffsetTransformBase_double_3_3
Parameters: 0.9999971702412843 -0.0003536090947002772 0.0023884539302885207 0.00035293792356383934 0.9999999371937023 0.0001406444477101143 -0.002388553199947514 -0.00014035475157885002 0.9999971935672861 0.0048600449627116404 0.05893349375568846 -0.3536553506289266
FixedParameters: 0 0 0
#Transform 51
Transform: MatrixOffsetTransformBase_double_3_3
Parameters: 0.9999962855221767 -0.00009604212968547624 0.002775765994692865 0.0001000011909255641 0.9999989582678488 -0.001431999506667836 -0.0027757573220320055 0.001432000814071313 0.9999952259958832 0.007702453390777464 0.04884097194910453 -0.4348831786347489
FixedParameters: 0 0 0
#Transform 52
Transform: MatrixOffsetTransformBase_double_3_3
Parameters: 0.9999966567781274 0.00008343340264915477 0.0027081033764254727 -0.00008551771625144546 0.9999996053676623 0.0005814944813309353 -0.0027089348013717316 -0.0005815042022415118 0.9999963751254423 0.0034935040374364235 0.03315689221044238 -0.38650772982130377
FixedParameters: 0 0 0
#Transform 53
Transform: MatrixOffsetTransformBase_double_3_3
Parameters: 0.9999980265514262 -0.00006466489203862036 0.002229607922088749 0.00006887173630725913 0.999998567472162 -0.0018539869096891315 -0.0022286347203439544 0.0018540131501725149 0.99999558443257 0.002061403917394955 0.029746409613821356 -0.3461484239668522
FixedParameters: 0 0 0
#Transform 54
Transform: MatrixOffsetTransformBase_double_3_3
Parameters: 0.9999980226279821 -0.00015167549406589723 0.0022258404525106953 0.00015180904269951724 0.9999999899525414 -0.00002986576056202006 -0.002225831348078243 0.000030134120743013915 0.9999980308754415 -0.014274304403713245 0.04106326193982568 -0.455420332578953
FixedParameters: 0 0 0
#Transform 55
Transform: MatrixOffsetTransformBase_double_3_3
Parameters: 0.9999973022156782 -0.00015929701260182475 0.002381679852995468 0.00016241509205821333 0.9999993419116782 -0.001282821055202249 -0.0023814711416012655 0.0012831800914156477 0.9999966681186006 -0.005717876143094713 0.031291651633736706 -0.4185251268796861
FixedParameters: 0 0 0
#Transform 56
Transform: MatrixOffsetTransformBase_double_3_3
Parameters: 0.9999957648542928 -0.00004774178108445622 0.002869166872503694 0.000051794416217220736 0.9999984659644432 -0.0015751329911421336 -0.0028693501284876768 0.001575866474479451 0.9999943344772306 0.016666372270719876 0.04392315991502471 -0.4204167927470479
FixedParameters: 0 0 0
#Transform 57
Transform: MatrixOffsetTransformBase_double_3_3
Parameters: 0.9999967900200241 -0.0003319308909757635 0.0026645440563635345 0.00033007895109741364 0.9999998560419846 0.0003476140527026439 -0.002664774104286919 -0.00034738363243361214 0.99999669246605 0.006535596136089339 0.04200189027818624 -0.46809903859131907
FixedParameters: 0 0 0
#Transform 58
Transform: MatrixOffsetTransformBase_double_3_3
Parameters: 0.999997910932148 -0.0003887136283715364 0.0019846874754579553 0.0003929803568505359 0.9999975259235527 -0.0020803592448753044 -0.0019833328259611966 0.0020816387085946797 0.9999957238728221 -0.007201587470689219 0.06412616296881879 -0.35855291319207083
FixedParameters: 0 0 0
#Transform 59
Transform: MatrixOffsetTransformBase_double_3_3
Parameters: 0.9999977401152348 -0.00020078861724497242 0.002284636931043382 0.00020092340891231258 1.0000000405230631 -0.000029739999768116365 -0.0022846250806741047 0.00002925986684888804 0.9999976978520756 0.0031357677425774 0.042918445523923765 -0.45773854517432255
FixedParameters: 0 0 0
#Transform 60
Transform: MatrixOffsetTransformBase_double_3_3
Parameters: 0.9999967356258228 -0.00007064530294928056 0.0026941999906624154 0.00007619599119995204 0.9999974292210977 -0.002141073457873191 -0.0026942936961303217 0.0021409262218510527 0.9999941386162593 0.002181577859431627 0.037516227060280016 -0.3483675874121843
FixedParameters: 0 0 0
#Transform 61
Transform: MatrixOffsetTransformBase_double_3_3
Parameters: 0.9999987040185736 -0.0003704531207642063 0.001469266437322105 0.0003711171902804369 0.9999998160684891 -0.0002255228015476396 -0.0014690988421953211 0.00022647658958320493 0.9999987857982439 0.001970406430430671 0.051399665341307355 -0.45977108400359157
FixedParameters: 0 0 0
#Transform 62
Transform: MatrixOffsetTransformBase_double_3_3
Parameters: 0.9999984181946464 -0.00042965590498545705 0.0015482888871640264 0.0004289606789712209 0.9999998377779549 0.00022460113702653384 -0.0015484816462273455 -0.00022439813011233822 0.9999984796164016 0.0018055842207473916 0.05533017063015677 -0.42966499766218647
FixedParameters: 0 0 0
#Transform 63
Transform: MatrixOffsetTransformBase_double_3_3
Parameters: 0.9999973990767612 -0.0004301167958272335 0.0023272706033761375 0.0004314345672325983 0.9999996486621694 -0.0004971962509278532 -0.0023269099964796282 0.0004978032658870535 0.9999972554016723 0.00023672643170868923 0.047187706281093256 -0.4052664171342144
FixedParameters: 0 0 0
#Transform 64
Transform: MatrixOffsetTransformBase_double_3_3
Parameters: 0.9999982617391187 -0.0001884700712706291 0.0016439768642288624 0.00018903374519477038 0.9999999515747124 0.00013224303947928506 -0.0016439586796050704 -0.00013175815001748026 0.9999982753162374 -0.0022453889548756933 0.06582929232482115 -0.46059167477943674
FixedParameters: 0 0 0
#Transform 65
Transform: MatrixOffsetTransformBase_double_3_3
Parameters: 0.9999972622927976 0.00005567945831927204 0.0023951095140865757 -0.00005281686634195915 0.9999998806389041 -0.0010282698690694675 -0.002394359448152818 0.0010287293685448534 0.9999962660270227 0.01748294649993909 0.04701636932234976 -0.41064237453177554
FixedParameters: 0 0 0
#Transform 66
Transform: MatrixOffsetTransformBase_double_3_3
Parameters: 0.9999963299960521 -0.00038563804713555224 0.0025536781660115393 0.0003855282368566087 0.9999999325993525 0.00002178563376808995 -0.002553694746034072 -0.000021214208399442103 0.999996396472292 0.011162519564308582 0.06618390017044362 -0.42384434710824337
FixedParameters: 0 0 0
#Transform 67
Transform: MatrixOffsetTransformBase_double_3_3
Parameters: 0.9999983658949815 -0.000584844032080332 0.0018144037497491968 0.0005846825465689303 0.9999997331814089 0.00004492985009357797 -0.001814455793452576 -0.00004407000429403063 0.999998628753147 0.009166116340395547 0.05357439181656787 -0.4502082386254216
FixedParameters: 0 0 0
#Transform 68
Transform: MatrixOffsetTransformBase_double_3_3
Parameters: 0.999997807167853 -0.0005129935213239309 0.0022202855287810886 0.000513404263781723 0.9999998098066681 -0.00009205931951249136 -0.0022201905868545063 0.00009294027323203391 0.9999979802487753 0.022650188033310314 0.04722394434512012 -0.34843586402703863
FixedParameters: 0 0 0
#Transform 69
Transform: MatrixOffsetTransformBase_double_3_3
Parameters: 0.999997965343998 -0.0005186316968772077 0.0019409429991043442 0.0005167724583619543 0.9999992928516854 0.0007188730035128377 -0.0019406212376262754 -0.0007181256868446506 0.9999976400077585 -0.0013974591252861046 0.05094061569018038 -0.452619163175342
FixedParameters: 0 0 0
#Transform 70
Transform: MatrixOffsetTransformBase_double_3_3
Parameters: 0.9999969751240187 -0.00009244202773029978 0.002648818083540216 0.00009330911354186018 0.9999998859744389 -0.00035202563693888245 -0.002648820714651886 0.0003519747953242558 0.9999968413409626 0.005739317296004742 0.05007432512093146 -0.4019025560659344
FixedParameters: 0 0 0
#Transform 71
Transform: MatrixOffsetTransformBase_double_3_3
Parameters: 0.9999964227819146 -0.0003432639451706181 0.0025414963559305405 0.0003430518491916171 0.9999998394761997 0.00023866899468555358 -0.002541591684287161 -0.0002373318345920694 0.9999964700174333 0.0047414509654117865 0.05746785004541266 -0.42595705977217335
FixedParameters: 0 0 0
#Transform 72
Transform: MatrixOffsetTransformBase_double_3_3
Parameters: 0.9999966287568811 -0.00018469142686677726 0.002708712488509434 0.00018463183329710386 0.9999999842833532 0.000011228728007489641 -0.0027087165511914322 -0.000010771197820183542 0.9999966442315279 0.0039827634931697276 0.050766905331954604 -0.38856918661849704
FixedParameters: 0 0 0
#Transform 73
Transform: MatrixOffsetTransformBase_double_3_3
Parameters: 0.9999974545734033 -0.00014399600720184106 0.002127130264375308 0.00014502331891177983 0.999999761793264 -0.0004758280756435862 -0.0021270607063938983 0.0004761714174101872 0.9999972396279272 0.003762078894936849 0.04133607920910265 -0.4074148032620286
FixedParameters: 0 0 0
#Transform 74
Transform: MatrixOffsetTransformBase_double_3_3
Parameters: 0.9999953033864623 -0.00020101238987066492 0.002942139138831543 0.00020014150588897373 0.9999999563690938 0.00014831800344712598 -0.0029421985097451233 -0.00014768059986845772 0.999995303209487 0.0222254158453552 0.05601216118145658 -0.42077258179530475
FixedParameters: 0 0 0
#Transform 75
Transform: MatrixOffsetTransformBase_double_3_3
Parameters: 0.9999956825295944 -0.00019568415098500413 0.002877352638838508 0.000196627910133534 0.9999999531312648 -0.00016370631351934894 -0.0028772882997944726 0.00016429226153140408 0.9999956756064554 0.0014497169534024579 0.04736601069042479 -0.3948751062011411
FixedParameters: 0 0 0
#Transform 76
Transform: MatrixOffsetTransformBase_double_3_3
Parameters: 0.9999953211877352 -0.0003086982102470457 0.0029297598922821307 0.0003072743085697371 0.9999998645995215 0.0002436297695765921 -0.002929909573876844 -0.00024236792781964778 0.9999953384905832 0.014012915887519739 0.032276981193277265 -0.43252760010842906
FixedParameters: 0 0 0
#Transform 77
Transform: MatrixOffsetTransformBase_double_3_3
Parameters: 0.9999960958799158 0.0000380439219248108 0.002811248235992695 -0.000039733986780834935 0.9999995194527364 0.0006556145813325226 -0.0028110612224315186 -0.000655385341051265 0.9999957170650784 0.016577570141464548 0.04906860828195647 -0.41492266582727666
FixedParameters: 0 0 0
#Transform 78
Transform: MatrixOffsetTransformBase_double_3_3
Parameters: 0.9999953216522542 -0.0002110028053128759 0.003103837091280511 0.00021119078693924596 0.9999999420874048 -0.00019068473376777917 -0.003103824467422626 0.00019131657617171838 0.9999953066024166 0.02581501211201953 0.046557065553983534 -0.3933564906429581
FixedParameters: 0 0 0
#Transform 79
Transform: MatrixOffsetTransformBase_double_3_3
Parameters: 0.9999966882489975 -0.0001319264246636373 0.0025088667868157733 0.00012996775540439264 0.9999993757860236 0.0007881243736505422 -0.002508937129254236 -0.0007878744524161124 0.9999960705740408 -0.000528981544661633 0.059758690593994856 -0.41952146992883854
FixedParameters: 0 0 0
#Transform 80
Transform: MatrixOffsetTransformBase_double_3_3
Parameters: 0.999996321326395 0.00007976772496631632 0.0027699398729687363 -0.00008081698465430025 0.9999998076689539 0.00036950151215388305 -0.002769812521908528 -0.00036949842640873753 0.9999962405964656 0.01833808816633109 0.04622831657998461 -0.4178936496390975
FixedParameters: 0 0 0
#Transform 81
Transform: MatrixOffsetTransformBase_double_3_3
Parameters: 0.9999960713735897 -0.00014425671019738652 0.0026282637378953703 0.00014493585258511463 0.9999998958351588 -0.00031889174457269687 -0.0026282395007248744 0.00031910895404202444 0.9999969720158769 0.01629420727580566 0.04425838201160559 -0.3976010482603556
FixedParameters: 0 0 0
#Transform 82
Transform: MatrixOffsetTransformBase_double_3_3
Parameters: 0.999997067005562 -0.00034640593079934986 0.0021942243966749796 0.0003426629412018204 0.9999986541468714 0.0015195570214529414 -0.0021940697069479684 -0.0015194429974750429 0.9999967950899343 0.005074277484993672 0.06788978751154673 -0.4280605730766496
FixedParameters: 0 0 0
#Transform 83
Transform: MatrixOffsetTransformBase_double_3_3
Parameters: 0.9999965570053501 -0.00033550661203329824 0.002707474883911847 0.000336340496487954 0.9999998819435534 -0.0001533614079764628 -0.0027073714192951846 0.00015463752427898048 0.9999966276299571 0.010169953541037557 0.04999660694154784 -0.40459437371200124
FixedParameters: 0 0 0
#Transform 84
Transform: MatrixOffsetTransformBase_double_3_3
Parameters: 0.9999981246191617 -0.0005024258702428868 0.001619550920461657 0.0005022137036412347 0.9999998158682589 0.00006575019513746505 -0.0016196167241054786 -0.0000652495586245666 0.999998300170422 0.01014245746729614 0.057865920607397925 -0.43406419975892163
FixedParameters: 0 0 0
#Transform 85
Transform: MatrixOffsetTransformBase_double_3_3
Parameters: 0.9999986613186927 -0.00044095975880520497 0.0014643201673548022 0.0004402861238890618 0.9999997575771553 0.0002305770806754759 -0.0014645228539014248 -0.00022942227919636737 0.9999987979417472 -0.0029672935518334498 0.058133961295482095 -0.44872076209463785
FixedParameters: 0 0 0
#Transform 86
Transform: MatrixOffsetTransformBase_double_3_3
Parameters: 0.9999973115691794 -0.0001483775198829636 0.0023804219454710064 0.00014812043182325487 0.999999988984434 0.000054149177944815 -0.0023804379564762185 -0.00005385053138785845 0.9999973167527527 0.01025756567734959 0.057364207267497136 -0.4129160600640347
FixedParameters: 0 0 0
#Transform 87
Transform: MatrixOffsetTransformBase_double_3_3
Parameters: 0.9999965232916364 -0.0006721201424228504 0.0026505553245101594 0.0006725298277207895 0.9999995638499319 -0.00026448526762780367 -0.002650266333971077 0.00026651553881312795 0.9999968184608509 0.013686220579344877 0.04372180620441668 -0.3884603339863446
FixedParameters: 0 0 0
#Transform 88
Transform: MatrixOffsetTransformBase_double_3_3
Parameters: 0.9999978202438328 -0.0004815970668880156 0.002224369249685664 0.0004812211400862129 0.9999998428409967 0.00008487171935958604 -0.002224450607679243 -0.00008412791105361084 0.9999979631224295 -0.007179697457530665 0.04917279525234619 -0.45042620453146753
FixedParameters: 0 0 0
#Transform 89
Transform: MatrixOffsetTransformBase_double_3_3
Parameters: 0.9999961800751526 -0.0003866967637987425 0.002582747260538968 0.00038741396295503594 0.9999997538418874 -0.0003312039371496378 -0.0025825582703676154 0.00033279605623171005 0.9999962057850693 -0.000003703926125808721 0.042790360473304645 -0.39802421117252607
FixedParameters: 0 0 0
#Transform 90
Transform: MatrixOffsetTransformBase_double_3_3
Parameters: 0.9999949432954611 -0.0001512845166625809 0.0030055934300894567 0.00015626822533297265 0.9999987704295732 -0.0014928767323378472 -0.003005406314379452 0.001493122506382838 0.9999947147563204 0.015356562048566502 0.03746560255821407 -0.35285117247050835
FixedParameters: 0 0 0
#Transform 91
Transform: MatrixOffsetTransformBase_double_3_3
Parameters: 0.9999952452061619 -0.00009311634580771435 0.002957256516904994 0.00010061134214029338 0.999997016400452 -0.0024479837068906024 -0.0029572583785513165 0.0024480137482448955 0.9999922433597914 0.012718449013405575 0.03879327666328436 -0.4962844122003389
FixedParameters: 0 0 0
#Transform 92
Transform: MatrixOffsetTransformBase_double_3_3
Parameters: 0.9999976033147766 -0.0003230330996927118 0.0020717935746521004 0.0003222975912253484 0.9999999414908759 0.0001775369943367161 -0.0020719081205795306 -0.0001774621436538143 0.999997598811678 -0.008522631157887872 0.0577534581327086 -0.43216227348816005
FixedParameters: 0 0 0
#Transform 93
Transform: MatrixOffsetTransformBase_double_3_3
Parameters: 0.9999986249586498 -0.0007004484586711194 0.0016985276872090536 0.0007008144934197442 0.999999425022956 -0.0004009414744364226 -0.001698033094294111 0.0004020590339613994 0.9999988775308317 0.0032004815914916662 0.04386103585004264 -0.32543701307604067
FixedParameters: 0 0 0
#Transform 94
Transform: MatrixOffsetTransformBase_double_3_3
Parameters: 0.9999982673716383 -0.0001317236155375098 0.0019275048076436193 0.0001310875304793072 0.9999999647596589 0.00016511728193685515 -0.0019275481715724714 -0.00016488213731034873 0.9999982481620205 -0.011125893336952686 0.028328973324278195 -0.41999133206097383
FixedParameters: 0 0 0
#Transform 95
Transform: MatrixOffsetTransformBase_double_3_3
Parameters: 0.9999971403784843 -0.00025359629455099875 0.002189817461995346 0.0002534605238764857 0.9999999440143216 0.00003141937999280586 -0.002189833180801012 -0.00003058044264911408 0.9999971944421878 0.01672108973572506 0.04556988781475013 -0.35133069264948347
FixedParameters: 0 0 0
#Transform 96
Transform: MatrixOffsetTransformBase_double_3_3
Parameters: 0.9999978610018766 -0.0004779189392847701 0.0019780275941818784 0.00047730708369657403 0.9999998300893849 0.00013781331024803611 -0.0019771612534233364 -0.00013718643832696942 0.9999979931000363 0.0036478956143781716 0.04041436486227212 -0.35535102911933336
FixedParameters: 0 0 0
#Transform 97
Transform: MatrixOffsetTransformBase_double_3_3
Parameters: 0.9999969964288146 -0.0005323758432203964 0.002391956522167707 0.0005304572833894561 0.999999769546923 0.001013140755142125 -0.0023918309124513985 -0.0010118607466764878 0.9999961765646497 0.011180675556602182 0.0487083463550988 -0.38766547791342987
FixedParameters: 0 0 0
#Transform 98
Transform: MatrixOffsetTransformBase_double_3_3
Parameters: 0.9999976360722522 -0.00013976418341694516 0.002084319341814259 0.00014240831750696024 0.9999997505766496 -0.001112841963986172 -0.0020841413140045262 0.00111315864640818 0.9999974079536037 0.007550849390256076 0.02933028341725219 -0.3057815297871542
FixedParameters: 0 0 0
#Transform 99
Transform: MatrixOffsetTransformBase_double_3_3
Parameters: 0.9999957927966593 -0.00026327129422653174 0.0028526837159043193 0.0002630023699537783 0.9999998999787817 0.00022247971056074678 -0.002852732533861066 -0.00022152126355526325 0.9999957942494829 0.02165613828201174 0.02814938172915049 -0.4036631623971374
FixedParameters: 0 0 0
#Transform 100
Transform: MatrixOffsetTransformBase_double_3_3
Parameters: 0.9999972253603866 -0.0002928586716753101 0.002384658732489886 0.00029394200100237006 0.9999997497103588 -0.00042150381144026583 -0.002385476801904467 0.0004224962264629678 0.9999971194815286 0.010335603284445938 0.036594402156964634 -0.3805406690051001
FixedParameters: 0 0 0
#Transform 101
Transform: MatrixOffsetTransformBase_double_3_3
Parameters: 0.9999958032005923 -0.00018951745973249295 0.0028567209213867847 0.00019494972729369945 0.9999986545649064 -0.0018237230365544532 -0.002856359727712173 0.001824278423679937 0.9999944946620125 0.0221007059895868 0.03656932895331977 -0.3952860517473198
FixedParameters: 0 0 0
#Transform 102
Transform: MatrixOffsetTransformBase_double_3_3
Parameters: 0.9999976132981596 -0.000508379675585979 0.0022644854897671137 0.0005070401716864113 0.9999994898516669 0.0005169460245058322 -0.002264941432235199 -0.0005150535316409272 0.9999975909342955 0.008444235301993785 0.04608798024725047 -0.42679022820713897
FixedParameters: 0 0 0
#Transform 103
Transform: MatrixOffsetTransformBase_double_3_3
Parameters: 0.9999960598995079 -0.00009137220644461191 0.0026327543539417077 0.00009519549494714242 0.999998807541571 -0.0014840264405613368 -0.002632749548758077 0.001483974764909926 0.9999958478340838 0.011736590415523551 0.04550411648531849 -0.3325155827694459
FixedParameters: 0 0 0
#Transform 104
Transform: MatrixOffsetTransformBase_double_3_3
Parameters: 0.9999980707704383 -0.0006930143444265002 0.0018571369190406907 0.0006928267687720789 0.999999594420245 0.00005115568676737625 -0.0018572069037363374 -0.00004984411812200551 0.9999984712497626 0.0017941024483434376 0.05061497688886618 -0.4413586099496598
FixedParameters: 0 0 0
#Transform 105
Transform: MatrixOffsetTransformBase_double_3_3
Parameters: 0.9999965557009354 -0.0007646730909780975 0.0024205295014495987 0.0007651406633632914 0.9999994846616681 0.00011065342973917702 -0.002420629001323281 -0.00010834828033050303 0.9999970470586418 0.012003079946893536 0.05135729902158914 -0.3894206436799976
FixedParameters: 0 0 0
#Transform 106
Transform: MatrixOffsetTransformBase_double_3_3
Parameters: 0.9999975647564847 -0.00014029422868353902 0.0021013209705087843 0.00014319301744919295 0.9999990235549598 -0.001401837672719411 -0.0021011275666784784 0.0014021619132948415 0.9999966099878076 0.0017737083602469284 0.04005675703467659 -0.37678665885739804
FixedParameters: 0 0 0
#Transform 107
Transform: MatrixOffsetTransformBase_double_3_3
Parameters: 0.999998352758885 -0.00025008906357605897 0.0016076981751773224 0.0002497691255841225 1.0000000001192308 0.00009933842027098905 -0.0016077479109129775 -0.00009966124995684777 0.9999983328394695 0.022983418095378738 0.050149769065967575 -0.4226771563412939
FixedParameters: 0 0 0
#Transform 108
Transform: MatrixOffsetTransformBase_double_3_3
Parameters: 0.9999972124889599 -0.0005350022115330927 0.002121620810747447 0.0005360650747768112 0.9999997275633431 -0.0002499942459844168 -0.002121352508381321 0.0002510043260365441 0.9999973594253135 0.024674152534487348 0.037678694208750585 -0.4210884306980063
FixedParameters: 0 0 0
#Transform 109
Transform: MatrixOffsetTransformBase_double_3_3
Parameters: 0.9999970063907166 -0.00036519851767539654 0.00242087383901295 0.0003657909312946498 0.9999996624591275 -0.0005343148635808814 -0.0024206191549743608 0.0005346865108488974 0.9999967725496293 0.012466292442837812 0.028752108090870365 -0.3203755568406166
FixedParameters: 0 0 0
#Transform 110
Transform: MatrixOffsetTransformBase_double_3_3
Parameters: 0.9999956179924138 -0.0002036612597044263 0.003056223085155658 0.00020801223864975083 0.9999986459710934 -0.001527710684252906 -0.0030559341229061446 0.0015282902162207512 0.9999943024382186 0.02851664814544108 0.050361023191172194 -0.4201997110873634
FixedParameters: 0 0 0
#Transform 111
Transform: MatrixOffsetTransformBase_double_3_3
Parameters: 0.999997580406014 -0.000159654235538022 0.0023225199848461637 0.00015802275992038436 0.9999996682919708 0.0005661649546331304 -0.002322631775009067 -0.0005658342717423381 0.99999727140152 0.008891576691937075 0.04128526891837225 -0.4263724742492201
FixedParameters: 0 0 0
#Transform 112
Transform: MatrixOffsetTransformBase_double_3_3
Parameters: 0.9999960478363278 -0.00023744450535710708 0.0026260135672544057 0.0002418535346229763 0.9999990376132323 -0.0014095680833475094 -0.0026255420430478103 0.0014094287210079381 0.9999950368385655 0.022467714708596986 0.030224228650226337 -0.33747525430894143
FixedParameters: 0 0 0
#Transform 113
Transform: MatrixOffsetTransformBase_double_3_3
Parameters: 0.9999973855219384 -0.00003233962936034142 0.00236923987830543 0.00003310467681782211 0.9999998744235388 -0.0003721262053041907 -0.002369283548619955 0.000371874112568768 0.9999972343299153 0.018414541801959672 0.041633375740545375 -0.4302900593932293
FixedParameters: 0 0 0
#Transform 114
Transform: MatrixOffsetTransformBase_double_3_3
Parameters: 0.9999975198059898 -0.0002977137450026567 0.0020956402041936977 0.00029773033318916507 0.999999862049595 -0.00024151224843738106 -0.0020955641216922672 0.00024248863380428587 0.9999975406281117 0.018951879711792685 0.04791773397646182 -0.4460960496275277
FixedParameters: 0 0 0
#Transform 115
Transform: MatrixOffsetTransformBase_double_3_3
Parameters: 0.999997274324754 -0.000594724204330085 0.002317527236057056 0.0005982621159904693 0.9999987812984018 -0.0013938167174776528 -0.0023170653439826467 0.0013951833300339944 0.999996603758382 0.019879274688079818 0.03929243373453062 -0.4016407844763279
FixedParameters: 0 0 0
#Transform 116
Transform: MatrixOffsetTransformBase_double_3_3
Parameters: 0.9999968389971347 -0.00017830054221334917 0.0026700556995751497 0.00018172691733357623 0.9999990567734408 -0.001388791863783434 -0.002669827681656121 0.0013892102552950508 0.9999959235700133 0.038864019044396514 0.0444558235547845 -0.36439864840249925
FixedParameters: 0 0 0
#Transform 117
Transform: MatrixOffsetTransformBase_double_3_3
Parameters: 0.9999975727171821 -0.0005609933233966553 0.002261098311301318 0.0005611809910244175 0.9999997651947399 -0.000040930185327317514 -0.0022610517408924303 0.00004206961306672807 0.9999978040780083 0.02206282005239757 0.047061855941123554 -0.43334896357055186
FixedParameters: 0 0 0
#Transform 118
Transform: MatrixOffsetTransformBase_double_3_3
Parameters: 0.9999971190600825 -0.00046084643517636857 0.002160682972646748 0.00046120294006568666 0.9999998577597985 -0.00008213473897050738 -0.002160606903540307 0.00008286478455325763 0.999997247687821 0.007334379273359559 0.04696827835537931 -0.4410221929592524
FixedParameters: 0 0 0
#Transform 119
Transform: MatrixOffsetTransformBase_double_3_3
Parameters: 0.9999962487042523 -0.00043486425874751037 0.002750075758921038 0.0004381982217293637 0.999999567524455 -0.001149998096564464 -0.002749275344797147 0.0011510008459787585 0.9999950338748919 0.015076775760604733 0.03480990896990477 -0.3990427632716518
FixedParameters: 0 0 0
#Transform 120
Transform: MatrixOffsetTransformBase_double_3_3
Parameters: 0.9999971681435098 -0.00043607893370537393 0.002154658254844147 0.00043798899209941444 0.9999995232068429 -0.0011371950748082504 -0.0021538676086371184 0.0011388066213602055 0.9999970548428918 0.000895858973208874 0.02456956529202614 -0.41114061442225136
FixedParameters: 0 0 0
#Transform 121
Transform: MatrixOffsetTransformBase_double_3_3
Parameters: 0.999992428809529 -0.0004865790409116714 0.003915857462630832 0.0004843724702859324 0.9999995813453736 0.0005373626412595034 -0.003916242349347568 -0.0005356368060053379 0.9999922717976705 0.02848440841623301 0.04162082064486583 -0.3976205556222965
FixedParameters: 0 0 0
#Transform 122
Transform: MatrixOffsetTransformBase_double_3_3
Parameters: 0.9999955982841325 -0.00024504877196493625 0.0030564173757016535 0.00024485187183845487 0.9999999459686023 -0.0001305915705530486 -0.0030564212137784027 0.00013141033770598665 0.9999956179932007 0.028505721524538785 0.03067093782624397 -0.35993276076618486
FixedParameters: 0 0 0
#Transform 123
Transform: MatrixOffsetTransformBase_double_3_3
Parameters: 0.9999935876178297 -0.0003450556366266399 0.0036460217019212665 0.0003465020329454008 0.999999690034341 -0.0004712148445107922 -0.003645831315874653 0.00047278621389931774 0.9999934520134954 0.04765541820937358 0.03305523660864651 -0.34613404584050045
FixedParameters: 0 0 0
#Transform 124
Transform: MatrixOffsetTransformBase_double_3_3
Parameters: 0.9999935385832863 -0.00033326342734030966 0.003653819707785162 0.00033430819907000106 0.9999999107072705 -0.0002792508100118857 -0.003653701136675252 0.0002797492023931675 0.9999934716352054 0.047963606485694754 0.036582703127052696 -0.3850146368089753
FixedParameters: 0 0 0
#Transform 125
Transform: MatrixOffsetTransformBase_double_3_3
Parameters: 0.9999902357744054 -0.00017105619467011415 0.004328364504191395 0.00017153016280677496 0.9999999833933634 -0.0001698697983186087 -0.004328374279799479 0.00017013120202193088 0.9999901945807489 0.05723476739308353 0.03172984143570545 -0.36787133528116556
FixedParameters: 0 0 0
#Transform 126
Transform: MatrixOffsetTransformBase_double_3_3
Parameters: 0.9999931525545556 -0.00001896853052116835 0.003721005690254506 0.000024321209691423645 0.9999990333395412 -0.0013893989531650885 -0.003721285615755472 0.0013896007803274601 0.9999922577796758 0.0299307605641701 0.04681127018935172 -0.3076071375769658
FixedParameters: 0 0 0
#Transform 127
Transform: MatrixOffsetTransformBase_double_3_3
Parameters: 0.9999932460170863 -0.000405538456251511 0.003547707891888893 0.00040699243572395703 0.9999997035096294 -0.0004759613765985826 -0.003548454433895927 0.00047703926947278985 0.9999930884013629 0.030637322032205816 0.03440959370567498 -0.4507636064960252
FixedParameters: 0 0 0
#Transform 128
Transform: MatrixOffsetTransformBase_double_3_3
Parameters: 0.9999929945728084 -0.00019882601573879109 0.00360080459633578 0.00019891578018907228 0.999999965405701 -0.00015069178982365927 -0.0036008125524220084 0.00015130969365251268 0.9999929835647591 0.03692353072624144 0.06155271815102026 -0.33021429562106164
FixedParameters: 0 0 0
#Transform 129
Transform: MatrixOffsetTransformBase_double_3_3
Parameters: 0.9999918085201718 -0.0001900787834069214 0.004019363282354271 0.00019155789345308283 0.9999999667413979 -0.0001837743853058127 -0.0040192930616929825 0.00018422258777617273 0.9999917740671148 0.03917978831746893 0.035529708393795545 -0.3718291077518785
FixedParameters: 0 0 0
#Transform 130
Transform: MatrixOffsetTransformBase_double_3_3
Parameters: 0.9999940900274206 -0.00023683070223226403 0.0032945173120695666 0.00023642217801537498 0.9999999632940916 0.00006243992069493443 -0.0032945466539008412 -0.00006155934598776891 0.9999941190453556 0.030426080487643503 0.040818147472535316 -0.37606603700140795
FixedParameters: 0 0 0
#Transform 131
Transform: MatrixOffsetTransformBase_double_3_3
Parameters: 0.9999937838098079 -0.00019120335054252982 0.0036303407091778134 0.00019551866478789378 0.9999996816283163 -0.0011437050004019511 -0.0036301703594384415 0.0011442946105624102 0.9999924847004839 0.03536097834890484 0.04857245538858024 -0.31788836950993016
FixedParameters: 0 0 0
#Transform 132
Transform: MatrixOffsetTransformBase_double_3_3
Parameters: 0.9999945042612912 0.00012313407154782065 0.0033884003005481924 -0.00012453037473614666 0.9999996940626666 0.0005001691442293177 -0.0033881403136099505 -0.0005008318477837809 0.9999943091961835 0.04420359426229936 0.038230573705632764 -0.37859690588128103
FixedParameters: 0 0 0
#Transform 133
Transform: MatrixOffsetTransformBase_double_3_3
Parameters: 0.9999957933248252 -0.0003583365471637016 0.002842255381433681 0.0003589475434472448 0.9999998097907045 -0.00028225231664141814 -0.0028421204046897306 0.0002837481170520906 0.9999958233557856 0.014575582336021853 0.03610280868656446 -0.3194283983828541
FixedParameters: 0 0 0
#Transform 134
Transform: MatrixOffsetTransformBase_double_3_3
Parameters: 0.9999952052419211 -0.0003659690322167602 0.0029429234562278524 0.00036605143190325643 0.9999998843442709 -0.000013194221714765697 -0.0029429132079480383 0.000014805644029766696 0.9999953205057599 0.014431462629886482 0.056810181047765695 -0.32533208662469804
FixedParameters: 0 0 0
#Transform 135
Transform: MatrixOffsetTransformBase_double_3_3
Parameters: 0.9999942479018209 -0.00033965782686842686 0.0032613422716021136 0.0003365778448576978 0.9999990466685847 0.0009316953320460536 -0.0032617678036752757 -0.000930304036628693 0.9999944677069512 0.026537896455366194 0.04499767447155989 -0.3571480344016891
FixedParameters: 0 0 0
#Transform 136
Transform: MatrixOffsetTransformBase_double_3_3
Parameters: 0.9999951918629679 -0.00007184519600952826 0.002966976386956191 0.00007208848581965151 1.0000000116441778 -0.00004105771029287719 -0.002966970485944121 0.000040941895305318665 0.9999951768568672 0.03156032567150646 0.05731213476575192 -0.32194639207210685
FixedParameters: 0 0 0
#Transform 137
Transform: MatrixOffsetTransformBase_double_3_3
Parameters: 0.9999920676136732 -0.00022042386201361105 0.0038579437768715918 0.00021939763855223474 0.9999999663327125 0.00013337235129266822 -0.0038580022732601074 -0.00013262553398186994 0.9999920659031308 0.05277519589031954 0.05675548365277905 -0.36143583455449857
FixedParameters: 0 0 0
#Transform 138
Transform: MatrixOffsetTransformBase_double_3_3
Parameters: 0.9999952363654953 -0.00014602738948924244 0.0031212229234774884 0.00014923101253729842 0.9999996052173579 -0.0011518846652557868 -0.003121154697312567 0.0011531183989387794 0.999994974625362 0.017082207061065446 0.05314664298376215 -0.29387206834519475
FixedParameters: 0 0 0
#Transform 139
Transform: MatrixOffsetTransformBase_double_3_3
Parameters: 0.9999951354479915 -0.0003754656161752576 0.0031178107571555084 0.00037843677692786623 0.9999993318857221 -0.0007851582092949089 -0.0031183522813429863 0.00078583961617186 0.9999945695405124 0.014591983352573834 0.038535558488078436 -0.30745938346589696
FixedParameters: 0 0 0
#Transform 140
Transform: MatrixOffsetTransformBase_double_3_3
Parameters: 0.9999977554471383 -0.0005515708014599387 0.0019850232944735773 0.0005510169571640228 0.9999997537244185 0.00013996296948184939 -0.0019851771052230797 -0.0001390363988572757 0.9999979628022759 0.0007592385532433354 0.05424545124159863 -0.40603952976292135
FixedParameters: 0 0 0
#Transform 141
Transform: MatrixOffsetTransformBase_double_3_3
Parameters: 0.9999960148911459 -0.00005350303252650462 0.0026423200719497995 0.00005719514433925353 0.9999994105879758 -0.0012650567461770512 -0.0026423840850290144 0.0012649421029156394 0.9999954038476859 0.018590264045343474 0.05260040058111315 -0.296479467980177
FixedParameters: 0 0 0
#Transform 142
Transform: MatrixOffsetTransformBase_double_3_3
Parameters: 0.9999962537018774 -0.00029901593966001226 0.0027671058025577427 0.0003007702225473335 0.9999998280797862 -0.0003164404021761824 -0.002766915670117037 0.0003175571589633108 0.9999962246445114 0.007932743391876329 0.0350180344967157 -0.3791224392993797
FixedParameters: 0 0 0
#Transform 143
Transform: MatrixOffsetTransformBase_double_3_3
Parameters: 0.9999961608337467 -0.0003412969647726272 0.002592842046892772 0.00034198198709617844 0.9999998597183142 -0.00032431317992409614 -0.0025926883379417606 0.00032468687011749653 0.9999960905147517 0.018503317400657693 0.03513016275816483 -0.31240789049559226
FixedParameters: 0 0 0
#Transform 144
Transform: MatrixOffsetTransformBase_double_3_3
Parameters: 0.99999594153308 -0.0003555334214806017 0.002816446767253926 0.0003572161234061147 0.9999994650915174 -0.00065226768133686 -0.0028161173709954027 0.0006537321294154408 0.9999956236220882 0.013543748694104352 0.028166277149864527 -0.3089430137291629
FixedParameters: 0 0 0
#Transform 145
Transform: MatrixOffsetTransformBase_double_3_3
Parameters: 0.9999956152659523 -0.00037281292901075616 0.0030406790010993243 0.00037254230501439694 0.9999999501194028 0.000044798341918714235 -0.003040712169373857 -0.00004420126766079002 0.9999956611861881 0.022748513077957 0.03269333095428806 -0.3355819232942139
FixedParameters: 0 0 0
#Transform 146
Transform: MatrixOffsetTransformBase_double_3_3
Parameters: 0.9999955486355665 -0.00011822930788665712 0.0030719857082085337 0.00012120817867522499 0.9999990640128963 -0.0009719708804507426 -0.003071957021006819 0.0009720278484368211 0.9999945950512218 0.014480637727899648 0.022421785408226924 -0.2861665787759051
FixedParameters: 0 0 0
#Transform 147
Transform: MatrixOffsetTransformBase_double_3_3
Parameters: 0.9999964597278131 -0.00034049381730196133 0.002534559964828433 0.00033788851561663614 0.9999991477537913 0.0009075924767848742 -0.002535039566580596 -0.0009074065218633021 0.9999966648597823 -0.0012445519838024666 0.06639559325479638 -0.36390775638663797
FixedParameters: 0 0 0
#Transform 148
Transform: MatrixOffsetTransformBase_double_3_3
Parameters: 0.999995853087064 0.000021682018777287695 0.003024157650918683 -0.000017005031353534383 0.9999989692625668 -0.0014333978049602125 -0.003024485153333475 0.0014326022206829492 0.9999947768351918 0.028436509979144375 0.054057855132938926 -0.2895193732255592
FixedParameters: 0 0 0
#Transform 149
Transform: MatrixOffsetTransformBase_double_3_3
Parameters: 0.9999939172818887 -0.00022404262155630548 0.0034687819618846546 0.0002278481631791341 0.9999990163044314 -0.0009796217271027807 -0.0034685431538381203 0.0009803748963809616 0.9999929801750047 0.035806953319038826 0.035826533813519745 -0.32468816842090575
FixedParameters: 0 0 0
#Transform 150
Transform: MatrixOffsetTransformBase_double_3_3
Parameters: 0.9999958246015603 -0.00018309905551887543 0.0030235508697352576 0.00018304462951026498 0.9999999895340692 0.000009214201432766744 -0.003023554165182756 -0.000008785723405749235 0.9999958349054939 0.033580930059301295 0.04408721781024383 -0.3357364299778709
FixedParameters: 0 0 0
#Transform 151
Transform: MatrixOffsetTransformBase_double_3_3
Parameters: 0.9999953189932758 0.00007051031278631649 0.002945370513177857 -0.00006812775094059412 0.9999991178098423 -0.0009125483793990946 -0.002945701066943328 0.0009124521851641698 0.9999955358666464 0.015592769337175127 0.03416208569127832 -0.33251149579523087
FixedParameters: 0 0 0
#Transform 152
Transform: MatrixOffsetTransformBase_double_3_3
Parameters: 0.9999956168570859 0.00009539117360549558 0.0028933936680639884 -0.00009741667858594354 0.9999994422094025 0.0007064445508238593 -0.00289411910296193 -0.000706554604499976 0.999995176361783 0.021417900556812697 0.0567370958561213 -0.4229361095845974
FixedParameters: 0 0 0
#Transform 153
Transform: MatrixOffsetTransformBase_double_3_3
Parameters: 0.9999948238535352 -0.00021901512519755992 0.0031824785224156024 0.00022290388677684406 0.9999994416588754 -0.0012376366687815166 -0.0031822034862540125 0.0012383644322460363 0.9999943168963917 0.032820083787427734 0.03760802166469546 -0.3401631796800473
FixedParameters: 0 0 0
#Transform 154
Transform: MatrixOffsetTransformBase_double_3_3
Parameters: 0.9999961232062726 -0.00013331514694278743 0.002803352212885293 0.00013664387427319416 0.9999992280924097 -0.0013048986017624026 -0.0028032718405080503 0.0013061032719181714 0.999995486443169 0.022108889712583846 0.04094746118825299 -0.3896671756544521
FixedParameters: 0 0 0
#Transform 155
Transform: MatrixOffsetTransformBase_double_3_3
Parameters: 0.9999963521016387 -0.00034109276131679236 0.002555623767586852 0.0003401464506510491 0.999999639138902 0.0005756045929968534 -0.002555879790951113 -0.000575397124059282 0.9999970505604585 0.00354361511666923 0.029918935730606222 -0.4264627734857811
FixedParameters: 0 0 0
#Transform 156
Transform: MatrixOffsetTransformBase_double_3_3
Parameters: 0.9999949982607744 -0.0001609090270394104 0.002995946891883378 0.00016437509407342946 0.9999998299657851 -0.0010777841861344395 -0.0029958002808301684 0.0010782158366535455 0.9999948441209973 0.013220236083014925 0.01827911177082342 -0.3210117874911731
FixedParameters: 0 0 0
#Transform 157
Transform: MatrixOffsetTransformBase_double_3_3
Parameters: 0.999996464998862 0.000037346583205870456 0.002744577806014714 -0.000033443360611442994 0.9999989494031662 -0.0014383688747624107 -0.0027449516653548483 0.0014376317074472067 0.9999953798971134 0.025802636621889974 0.02646425269098529 -0.45984457316251337
FixedParameters: 0 0 0
#Transform 158
Transform: MatrixOffsetTransformBase_double_3_3
Parameters: 0.9999946695425017 -0.0002498278140663232 0.00335679014818903 0.00025095159566573187 0.9999998652052442 -0.0003155666172099947 -0.003356699916883999 0.0003164333168373945 0.9999946046246818 0.03304155660532615 0.03244467243509064 -0.41854231346600557
FixedParameters: 0 0 0
#Transform 159
Transform: MatrixOffsetTransformBase_double_3_3
Parameters: 0.9999935876291864 -0.00007578069964252933 0.003522593549088506 0.00008471794046073234 0.999996503483047 -0.0025531227159675263 -0.003521798248644556 0.0025528737333736784 0.9999900484759059 0.053360721834607716 0.049701706180982796 -0.4081375715298492
FixedParameters: 0 0 0
#Transform 160
Transform: MatrixOffsetTransformBase_double_3_3
Parameters: 0.9999953818613972 -0.00044821367318114433 0.0029012445240537274 0.0004485182993698004 0.9999998825735121 -0.00005196575071049481 -0.002901197445640032 0.00005303376409863947 0.9999954937754181 0.03370249545841375 0.05777869097435939 -0.4252059113248521
FixedParameters: 0 0 0
#Transform 161
Transform: MatrixOffsetTransformBase_double_3_3
Parameters: 0.9999930604925366 -0.0002766311198767876 0.0035864988330315596 0.00027751991800443554 0.9999998864423026 -0.00026248149882056315 -0.0035864211061527877 0.00026351893761965284 0.9999940357117024 0.0459678704151969 0.03099896322328277 -0.40485424240868895
FixedParameters: 0 0 0
#Transform 162
Transform: MatrixOffsetTransformBase_double_3_3
Parameters: 0.9999947713301507 -0.0001782069859210357 0.003193243623523588 0.0001809950049602905 0.9999994298727749 -0.0007487646510233315 -0.003193110611560805 0.0007492330720489382 0.9999942194542831 0.04160094497174782 0.034900531906075116 -0.4067354557157614
FixedParameters: 0 0 0
#Transform 163
Transform: MatrixOffsetTransformBase_double_3_3
Parameters: 0.9999932159488757 0.00000607483479235358 0.003575261413496753 4.353794503463796e-7 0.9999989061229214 -0.0017474223540316636 -0.003575679360539406 0.0017475786447851 0.9999922022875884 0.043692322754665724 0.05221675565246642 -0.37394984681273513
FixedParameters: 0 0 0
#Transform 164
Transform: MatrixOffsetTransformBase_double_3_3
Parameters: 0.9999957328126615 -0.00012162644718932633 0.0030417584096683373 0.00012171163549900214 0.9999999766430597 -0.00017796995599231313 -0.0030417831108414707 0.0001780315566145274 0.9999956928012105 0.03157027658403422 0.03573352195982693 -0.4516207907162766
FixedParameters: 0 0 0
#Transform 165
Transform: MatrixOffsetTransformBase_double_3_3
Parameters: 0.9999925513769505 -0.00006874456580424813 0.003800931534127027 0.00007356187814304226 0.9999998851275864 -0.0010362082395896227 -0.0037999903936458902 0.001036789815319461 0.9999925175787969 0.04733786545935459 0.034864501369398226 -0.4130908499152355
FixedParameters: 0 0 0
#Transform 166
Transform: MatrixOffsetTransformBase_double_3_3
Parameters: 0.9999935159173158 -0.00022595215443095367 0.0036650866617517776 0.0002316498748809818 0.9999984391877658 -0.0015936362810105298 -0.0036647653335457235 0.0015943633555271508 0.9999919950377804 0.04899311085030433 0.03566801340934944 -0.38937972749099004
FixedParameters: 0 0 0
#Transform 167
Transform: MatrixOffsetTransformBase_double_3_3
Parameters: 0.9999940363985595 -0.0001389893156710896 0.003308195376666374 0.0001386731274038388 0.9999999932473328 -0.00010288104398745168 -0.003308234792621345 0.00010312103532605921 0.9999940219329966 0.03075923724870222 0.05521419967378449 -0.453523969513725
FixedParameters: 0 0 0
#Transform 168
Transform: MatrixOffsetTransformBase_double_3_3
Parameters: 0.999994720432911 -0.00037925343663837045 0.003183739981229055 0.00038255729162040605 0.9999989045444416 -0.0009881941459563698 -0.0031831905933147686 0.0009898050603370095 0.9999948596422663 0.03533834517277512 0.029953198751385912 -0.3890094754328288
FixedParameters: 0 0 0
#Transform 169
Transform: MatrixOffsetTransformBase_double_3_3
Parameters: 0.9999927085518469 -0.0004274412331338103 0.003887052952644234 0.00043027067629120334 0.9999992920874775 -0.0007478759410095431 -0.0038866145689233507 0.0007501240170281892 0.9999922944581265 0.04950316824599099 0.03373397192626726 -0.37108468650733073
FixedParameters: 0 0 0
#Transform 170
Transform: MatrixOffsetTransformBase_double_3_3
Parameters: 0.9999942086110198 -0.00021079898391791686 0.0032782488115452317 0.00021211682061749097 0.9999999380151798 -0.00020064491173527044 -0.0032781638056533793 0.0002013527438891466 0.9999941897941098 0.03980780953331475 0.03778835876406106 -0.3392133043361838
FixedParameters: 0 0 0
#Transform 171
Transform: MatrixOffsetTransformBase_double_3_3
Parameters: 0.9999962660035254 -0.00018382792005302215 0.0027749187042512796 0.0001914801500446032 0.9999950012508383 -0.0029967491327011347 -0.002774406039410382 0.0029972476283590954 0.9999913006696737 0.03403349068155137 0.03496688187385644 -0.3184539779737037
FixedParameters: 0 0 0
#Transform 172
Transform: MatrixOffsetTransformBase_double_3_3
Parameters: 0.9999939438209293 -0.00048335177797052906 0.0034387183723720402 0.0004915479782303989 0.9999965501166379 -0.0024967312320135215 -0.0034368951936571616 0.0024992684791161485 0.9999909136403465 0.05296098837473551 0.03169051935259404 -0.16140199202868644
FixedParameters: 0 0 0
#Transform 173
Transform: MatrixOffsetTransformBase_double_3_3
Parameters: 0.9999960357022589 -0.0005922518601475911 0.0025716759969063893 0.0005923161500620495 0.999999730778546 -0.000011675735607147297 -0.0025716611896455612 0.00001332416528400382 0.9999963046111483 0.03294597243694852 0.027866322440502245 -0.2970580208293967
FixedParameters: 0 0 0
#Transform 174
Transform: MatrixOffsetTransformBase_double_3_3
Parameters: 0.999995251369181 -0.0005567442060839349 0.002904995623816486 0.0005579803273405747 0.9999996278683391 -0.00038364735103663117 -0.002904635026629721 0.000385351819577856 0.9999953278200311 0.037083086492287975 0.047627106392582164 -0.3225801184587027
FixedParameters: 0 0 0
#Transform 175
Transform: MatrixOffsetTransformBase_double_3_3
Parameters: 0.9999960636596238 -0.0003003092068173093 0.0028011350657808237 0.0003021063970165675 0.9999994694485298 -0.0006764275856082219 -0.002800863259924218 0.0006775720940101204 0.999995677551526 0.044867504762606814 0.03678103531238719 -0.31969493022972983
FixedParameters: 0 0 0
#Transform 176
Transform: MatrixOffsetTransformBase_double_3_3
Parameters: 0.9999963665883682 -0.0004142400653344893 0.0025423436356253027 0.00042041366968619513 0.9999962118461131 -0.0025882065086171996 -0.002540659232778336 0.0025887941804784986 0.9999937540315468 0.023525277414123025 0.048236803388022054 -0.33397817466334345
FixedParameters: 0 0 0
#Transform 177
Transform: MatrixOffsetTransformBase_double_3_3
Parameters: 0.9999950935702467 -0.00024914949723665956 0.002973949036671213 0.0002495495603013277 0.9999999011038806 -0.00023453020790224766 -0.0029738998573693126 0.00023547044412053353 0.9999950820160006 0.028371889039931375 0.04584893133176138 -0.3734410825992569
FixedParameters: 0 0 0
#Transform 178
Transform: MatrixOffsetTransformBase_double_3_3
Parameters: 0.9999969599175338 -0.000729959903015748 0.0023466280856320578 0.0007296551107033963 0.9999994721092583 0.0002785140961676924 -0.0023469651142086962 -0.0002764865648462872 0.9999973337954712 0.028662675662062043 0.06502198442774443 -0.35759453803247254
FixedParameters: 0 0 0
#Transform 179
Transform: MatrixOffsetTransformBase_double_3_3
Parameters: 0.9999974831021293 -0.00030558503647787284 0.002103330347792822 0.00030890721488208075 0.9999987282062462 -0.0015014839757645504 -0.0021026117330188465 0.0015015140587100045 0.999996245887006 0.033070224904022893 0.040389584008067914 -0.3577031116844296
FixedParameters: 0 0 0
#Transform 180
Transform: MatrixOffsetTransformBase_double_3_3
Parameters: 0.9999945927827002 -0.00020747656104950035 0.0032193344040323557 0.00021040693153523554 0.9999991376981393 -0.000919734516128104 -0.003219153996260361 0.0009202654952165656 0.9999947622800651 0.042884096238438474 0.027481631126391903 -0.3523734112812775
FixedParameters: 0 0 0
#Transform 181
Transform: MatrixOffsetTransformBase_double_3_3
Parameters: 0.9999972594749428 -0.00042765239929368085 0.0021347945732969127 0.0004277320927869507 0.9999997801057846 0.0002157778268586652 -0.002134910466008498 -0.00021422313383535896 0.9999973869190173 0.031911629366206284 0.028102658341580877 -0.3270490736999534
FixedParameters: 0 0 0
#Transform 182
Transform: MatrixOffsetTransformBase_double_3_3
Parameters: 0.9999958397899231 -0.0005178212268919991 0.002809222001687978 0.000517726091860336 0.9999997804414903 0.0001951883761041051 -0.0028093554009929827 -0.00019381282885502782 0.9999959836875468 0.0326996634853316 0.046928906466959575 -0.31007384688172124
FixedParameters: 0 0 0
#Transform 183
Transform: MatrixOffsetTransformBase_double_3_3
Parameters: 0.9999958947427054 -0.0003683554952991115 0.0029949495506931306 0.0003697417030050586 0.9999997285290658 -0.00039723385520615273 -0.0029947238023942755 0.0003987657639243497 0.9999958494051343 0.03858722408740789 0.04488627020295155 -0.333609935172575
FixedParameters: 0 0 0
#Transform 184
Transform: MatrixOffsetTransformBase_double_3_3
Parameters: 0.9999924401809237 -0.0001861006881114443 0.003811193783046391 0.0001842018273234869 0.999999853701187 0.0003802296315198045 -0.0038112664830584225 -0.000379768328265917 0.9999922976795396 0.052255683068111125 0.0442186939990421 -0.37959715615104983
FixedParameters: 0 0 0
#Transform 185
Transform: MatrixOffsetTransformBase_double_3_3
Parameters: 0.9999947007269325 -0.0003821503193767081 0.003186409340842804 0.0003830616145924649 0.9999998562936145 -0.000142119405109567 -0.0031862999153373004 0.00014387907345353446 0.9999948035355692 0.03365101111157287 0.057428025422396445 -0.4350031266694998
FixedParameters: 0 0 0
#Transform 186
Transform: MatrixOffsetTransformBase_double_3_3
Parameters: 0.9999939465261023 -0.0003959136945122139 0.003449275822935183 0.0004000890776453012 0.9999991722902868 -0.0013280307835595723 -0.00344855840651219 0.0013289710969778823 0.9999932443967391 0.026988956383647178 0.049223700459265274 -0.44733272243674094
FixedParameters: 0 0 0
#Transform 187
Transform: MatrixOffsetTransformBase_double_3_3
Parameters: 0.9999914668011475 -0.0003036496723183433 0.004054740281783512 0.00030532425135971456 0.9999999695126591 -0.0002063018665515448 -0.0040546145295838705 0.00020669459163200066 0.9999914120047709 0.04910029139612959 0.043767529785313286 -0.39226321342508186
FixedParameters: 0 0 0
#Transform 188
Transform: MatrixOffsetTransformBase_double_3_3
Parameters: 0.9999931286549284 -0.0004020987484401197 0.0035651910843127106 0.00040868532146252836 0.999998821327484 -0.001762957626104289 -0.0035641693534694103 0.001764042781880179 0.9999920874374595 0.044345687612150186 0.035755578390833875 -0.3664033234737616
FixedParameters: 0 0 0
#Transform 189
Transform: MatrixOffsetTransformBase_double_3_3
Parameters: 0.9999932645517411 -0.0003430547688066701 0.003690206929204759 0.00034351736518268785 0.9999999771388958 0.00007279778060677311 -0.003690188691284813 -0.00007220494698749469 0.9999932769003305 0.04965669461226696 0.060031705133226865 -0.3985460943517438
FixedParameters: 0 0 0
#Transform 190
Transform: MatrixOffsetTransformBase_double_3_3
Parameters: 0.9999945695513223 -0.00038013452647229107 0.0032067654207417083 0.000383876423363975 0.9999994491724764 -0.0011941149409236962 -0.0032071221696432298 0.0011958865123156137 0.9999942643188151 0.03219615721506841 0.03294836179510696 -0.3393213523589793
FixedParameters: 0 0 0
#Transform 191
Transform: MatrixOffsetTransformBase_double_3_3
Parameters: 0.9999962100103176 -0.000497374565804112 0.002746272171988194 0.0005034603117274152 0.9999972308663347 -0.0023668945689560433 -0.002745376479533049 0.0023681090824187595 0.9999937689854412 0.03295454077915849 0.05467051923909594 -0.2662145639636435
FixedParameters: 0 0 0
#Transform 192
Transform: MatrixOffsetTransformBase_double_3_3
Parameters: 0.9999977299846832 -0.0002996384434124926 0.0020447587968022264 0.00030483004521409166 0.9999967177940937 -0.0024895168919754074 -0.002043593740821646 0.00249048110677276 0.9999946119632143 0.02030305259722809 0.03685513878663471 -0.44767239526228764
FixedParameters: 0 0 0
#Transform 193
Transform: MatrixOffsetTransformBase_double_3_3
Parameters: 0.9999959631633907 -0.0002934360195620815 0.002819830898233283 0.00030045307767639 0.999996765019821 -0.0024824337232336874 -0.002818832371710962 0.0024835652399051444 0.9999928675244241 0.0388958439263547 0.03876942472452072 -0.42249991051382096
FixedParameters: 0 0 0
#Transform 194
Transform: MatrixOffsetTransformBase_double_3_3
Parameters: 0.9999955244644669 -0.00024231547078526385 0.0030687353318051233 0.0002512124331909169 0.9999954766342931 -0.002912581532762984 -0.0030679098156221898 0.0029134172656362783 0.9999910766194657 0.03371867760425573 0.03920960949253072 -0.40591948078733253
FixedParameters: 0 0 0
#Transform 195
Transform: MatrixOffsetTransformBase_double_3_3
Parameters: 0.9999959674973993 -0.0003520926278753406 0.0028118506775279216 0.00035705606099073 0.9999978764522466 -0.0017573375475151143 -0.002811942108748364 0.0017576622760644006 0.999994913416448 0.025861618699835276 0.044887382726230385 -0.4411196111326774
FixedParameters: 0 0 0
#Transform 196
Transform: MatrixOffsetTransformBase_double_3_3
Parameters: 0.9999956906857416 -0.00035515068950150216 0.002860765313554921 0.0003605937495145691 0.9999986331278772 -0.0018232437545461777 -0.002859800227047474 0.0018237573805206797 0.9999944072322123 0.026602587643040465 0.03994175913449283 -0.4237364425571286
FixedParameters: 0 0 0
#Transform 197
Transform: MatrixOffsetTransformBase_double_3_3
Parameters: 0.9999937075971246 -0.0003880222817121209 0.003484345000169383 0.000402694698325972 0.9999908597790529 -0.00424302942729228 -0.0034830070842441245 0.004244969758716938 0.9999848244767636 0.02756525849376601 0.016549463945011667 -0.42614499397724614
FixedParameters: 0 0 0
#Transform 198
Transform: MatrixOffsetTransformBase_double_3_3
Parameters: 0.9999959981012326 -0.00012426841159189606 0.002825971505025783 0.00012973022228146246 0.9999985835647218 -0.0018489132874902614 -0.0028258419375273526 0.001849088202729804 0.9999945769124182 0.028424773256901403 0.04289245360857308 -0.47127363031884784
FixedParameters: 0 0 0
#Transform 199
Transform: MatrixOffsetTransformBase_double_3_3
Parameters: 0.9999923402571166 -0.0001223230357457644 0.003827152472327327 0.00013380811386475027 0.9999952885104615 -0.0029430569734333334 -0.0038261490248586616 0.002943942134269642 0.9999887232639882 0.055712708483099505 0.04223632738624872 -0.389890858872036
FixedParameters: 0 0 0
#Transform 200
Transform: MatrixOffsetTransformBase_double_3_3
Parameters: 0.9999950671661819 -0.00034941906767469865 0.0031319048721526483 0.00035922589310941 0.9999960296466429 -0.002988156890053023 -0.003131396903683262 0.002988842514762294 0.9999901751731862 0.031845469693976725 0.03405443186568391 -0.40293294046145434
FixedParameters: 0 0 0
#Transform 201
Transform: MatrixOffsetTransformBase_double_3_3
Parameters: 0.9999945279969283 -0.0002122726087925957 0.0033803532120897026 0.00022152565492824483 0.9999967022445237 -0.0026966058950935318 -0.0033797953907368093 0.002697393594813774 0.999990278067805 0.03748917153521347 0.032308017912242804 -0.4474730117073875
FixedParameters: 0 0 0
#Transform 202
Transform: MatrixOffsetTransformBase_double_3_3
Parameters: 0.999992346104273 -0.00037045993883749815 0.003939289233732521 0.00038403937856092536 0.9999945975821458 -0.0033699832813971903 -0.003937630377681705 0.003371014109591036 0.9999860278374578 0.06331940683615755 0.02214804270396087 -0.38948985145492543
FixedParameters: 0 0 0
#Transform 203
Transform: MatrixOffsetTransformBase_double_3_3
Parameters: 0.999994161664696 -0.00036034465810339087 0.0032726861045794067 0.00037439190256245095 0.999990629276898 -0.004281201521370515 -0.0032704925185426093 0.004281800256377519 0.9999858696285007 0.03838535916527519 0.036724106920942745 -0.441662703234158
FixedParameters: 0 0 0
#Transform 204
Transform: MatrixOffsetTransformBase_double_3_3
Parameters: 0.9999925979853698 -0.00032670211679129273 0.003910984605105918 0.00033578185745598355 0.9999975911540342 -0.0023081794672103195 -0.003910067057999299 0.0023098201353831116 0.9999893438151684 0.05633105637105018 0.0517504549818284 -0.412126031445581
FixedParameters: 0 0 0
#Transform 205
Transform: MatrixOffsetTransformBase_double_3_3
Parameters: 0.9999950267987332 -0.0006791985594901329 0.002917328187845626 0.0006906604533135574 0.9999932764045181 -0.0036512689327552195 -0.0029150002691489913 0.0036537300832164415 0.9999890687363691 0.04264359742882107 0.0372054294429347 -0.4283973931702576
FixedParameters: 0 0 0
#Transform 206
Transform: MatrixOffsetTransformBase_double_3_3
Parameters: 0.999997279570928 -0.0008004703216044819 0.002253942149694083 0.0008076650657714774 0.9999942849540636 -0.0033373201850382672 -0.0022511128554663653 0.0033396803922897678 0.9999917033566442 0.01764719108767565 0.022002031494452012 -0.42563147546837854
FixedParameters: 0 0 0
#Transform 207
Transform: MatrixOffsetTransformBase_double_3_3
Parameters: 0.9999957769591896 -0.0005544040708207093 0.002985496090055272 0.0005662181142826499 0.9999936135872091 -0.003626593920752652 -0.0029841065370352204 0.003628405160774617 0.9999888457155482 0.023882106525675795 0.012176763912350452 -0.454133196262859
FixedParameters: 0 0 0
#Transform 208
Transform: MatrixOffsetTransformBase_double_3_3
Parameters: 0.9999938935993553 -0.0001983201643709838 0.003614786428114467 0.00020631533473326535 0.9999971073318717 -0.002209742732956821 -0.0036144363035197948 0.002210255328955163 0.999991018027842 0.055488399845671665 0.023157793192893905 -0.3781051157480704
FixedParameters: 0 0 0
#Transform 209
Transform: MatrixOffsetTransformBase_double_3_3
Parameters: 0.9999968872167759 -0.0008727722613372985 0.0023132945746319727 0.000880749613693764 0.9999940313458353 -0.0032051702255457004 -0.0023101433548829648 0.0032078260027438577 0.9999922925146553 0.02512657601378976 0.018396899629934182 -0.3469780455226612
FixedParameters: 0 0 0
#Transform 210
Transform: MatrixOffsetTransformBase_double_3_3
Parameters: 0.9999941028625354 -0.00038857864916208346 0.0034269914255341265 0.0003993771172665905 0.9999958108812586 -0.0030210546158351975 -0.0034262884466076536 0.0030219496231346926 0.9999900329485132 0.04028927779293667 0.027589001198350616 -0.4210893040996666
FixedParameters: 0 0 0
#Transform 211
Transform: MatrixOffsetTransformBase_double_3_3
Parameters: 0.9999919994473261 -0.00024597462346757595 0.003992467638748428 0.00025524790403630963 0.9999977483769703 -0.0022855438476188095 -0.003991933976152636 0.0022864591134002243 0.9999897994164272 0.055444557769007474 0.04652965449703572 -0.37368616542087807
FixedParameters: 0 0 0
#Transform 212
Transform: MatrixOffsetTransformBase_double_3_3
Parameters: 0.9999928927038522 -0.0003982799189725812 0.0037350245270500937 0.0004095493551545156 0.999995184630188 -0.003110968085607499 -0.0037333267251426407 0.0031130346776205853 0.9999883388620456 0.0485577735495184 0.02502820545360862 -0.32945906479521625
FixedParameters: 0 0 0
#Transform 213
Transform: MatrixOffsetTransformBase_double_3_3
Parameters: 0.9999921068645363 -0.00010368184743244052 0.0038576409318358523 0.00010957359135690912 0.9999985877113227 -0.0015391365360468423 -0.0038577207148961057 0.0015398642365447163 0.99999177901113 0.038916703876878955 0.0462688801534199 -0.35657930642277336
FixedParameters: 0 0 0
#Transform 214
Transform: MatrixOffsetTransformBase_double_3_3
Parameters: 0.9999921384781864 -0.00047458192390116723 0.003825903257772414 0.0004799993727608565 0.9999986554589299 -0.0014897133923401223 -0.0038248885395153155 0.001491288586879233 0.9999920398169093 0.058633895780090484 0.052213366474404665 -0.40206129136188906
FixedParameters: 0 0 0
#Transform 215
Transform: MatrixOffsetTransformBase_double_3_3
Parameters: 0.999994300483338 -0.0003323357905639262 0.0032542385280187503 0.00034081575531143905 0.999996711322873 -0.0026822457540132683 -0.003253044588780904 0.0026837573841025086 0.9999911921097318 0.03684054284886429 0.03771838244010439 -0.3655890315677084
FixedParameters: 0 0 0
#Transform 216
Transform: MatrixOffsetTransformBase_double_3_3
Parameters: 0.9999930496844198 -0.00024537816368898005 0.0037269313807062727 0.00025571238847084675 0.99999579568455 -0.0028585414942108867 -0.0037262469233921595 0.0028594588543812555 0.9999889061464629 0.047256161779714034 0.035035261873048285 -0.3815829822090251
FixedParameters: 0 0 0
#Transform 217
Transform: MatrixOffsetTransformBase_double_3_3
Parameters: 0.9999939138435268 -0.00029309160210674753 0.0034641755548762187 0.00029847413900736504 0.9999986992537083 -0.0014963817970605614 -0.0034636300538541053 0.0014976166393837614 0.9999927325581659 0.03717172408789793 0.035275402628244024 -0.42657272167359395
FixedParameters: 0 0 0
#Transform 218
Transform: MatrixOffsetTransformBase_double_3_3
Parameters: 0.9999953333859475 -0.0003566758212149184 0.0029219384777252333 0.0003644434169653019 0.9999967551562119 -0.002683214799913 -0.0029215451565287286 0.0026837881185143853 0.9999921758204533 0.03091256795624986 0.042432066093397225 -0.41517481056988004
FixedParameters: 0 0 0
#Transform 219
Transform: MatrixOffsetTransformBase_double_3_3
Parameters: 0.9999966835115163 -0.0004261656189960466 0.0026710762946162868 0.0004350858452650376 0.9999934717125984 -0.0035251172449982243 -0.0026697177775277703 0.003525883527090115 0.9999903533730072 0.0312174305058619 0.035003503631401145 -0.44263438973973734
FixedParameters: 0 0 0
#Transform 220
Transform: MatrixOffsetTransformBase_double_3_3
Parameters: 0.9999966166753481 -0.00039566603199388506 0.002688204912054376 0.00040676704946642476 0.999991160366352 -0.004094186575928402 -0.0026866651865172586 0.004094809464226815 0.9999879262624428 0.020804999417720182 0.016689690212828623 -0.48488677904421706
FixedParameters: 0 0 0
#Transform 221
Transform: MatrixOffsetTransformBase_double_3_3
Parameters: 0.9999958567673796 -0.00035344630766017185 0.002831802762265148 0.00035835065518393375 0.9999988398211465 -0.0017462652939067708 -0.002830899323963979 0.0017477377868940075 0.9999949129062536 0.03449245400145173 0.031879161397498024 -0.42760048646196935
FixedParameters: 0 0 0
#Transform 222
Transform: MatrixOffsetTransformBase_double_3_3
Parameters: 0.999995469309612 -0.00036498703437269696 0.003065761783530815 0.000374648947195698 0.9999956340176506 -0.00304013729425677 -0.0030641246733056197 0.0030418613904243524 0.9999903398474734 0.03007468868040064 0.032198481876264395 -0.4394211230949452
FixedParameters: 0 0 0
#Transform 223
Transform: MatrixOffsetTransformBase_double_3_3
Parameters: 0.9999943477924418 -0.00010958416236757728 0.0034120798738687137 0.00012002453718388428 0.9999950336108104 -0.0031480214010425472 -0.0034111074247878304 0.0031489811981921384 0.9999894879622587 0.03918412567007579 0.01370964690187293 -0.42443260519631565
FixedParameters: 0 0 0
#Transform 224
Transform: MatrixOffsetTransformBase_double_3_3
Parameters: 0.9999963361557822 -0.0003999320769545456 0.0027394789057822375 0.00040451438144206497 0.9999984074914285 -0.0015641688262615777 -0.0027384920035497234 0.0015658293398174705 0.9999950302050493 0.017276395504097763 0.017676019664762066 -0.4352663378182484
FixedParameters: 0 0 0
#Transform 225
Transform: MatrixOffsetTransformBase_double_3_3
Parameters: 0.9999950671014637 -0.00041831675135910824 0.0031237331600462003 0.00043245075870568624 0.9999897632581302 -0.004488005582820032 -0.003121864362742781 0.004488993051887671 0.9999850102820207 0.020973636429218345 0.006732091881119118 -0.46237937374100113
FixedParameters: 0 0 0
#Transform 226
Transform: MatrixOffsetTransformBase_double_3_3
Parameters: 0.9999955921298114 -0.00037170413820676736 0.003044448634210168 0.00038410216579191545 0.9999919441520358 -0.003991190120728322 -0.0030432453038329106 0.003992812116498337 0.9999877756390659 0.03604041817847303 0.026500532133113097 -0.4588481285344983
FixedParameters: 0 0 0
#Transform 227
Transform: MatrixOffsetTransformBase_double_3_3
Parameters: 0.9999932758098146 -0.0003971167714639842 0.003544640641037665 0.0004068863539730676 0.999996159936724 -0.002774982345069718 -0.003544086552772929 0.0027770177483036063 0.9999897034422014 0.04552906132708756 0.03715110596478155 -0.47206929902493755
FixedParameters: 0 0 0
#Transform 228
Transform: MatrixOffsetTransformBase_double_3_3
Parameters: 0.999993910301865 -0.00024408211498008032 0.003468451277970361 0.00025084516187894805 0.9999985882615892 -0.0018375492705586388 -0.003467949689802789 0.001838451491243745 0.9999925655249144 0.0360910291196177 0.04897701888724271 -0.4573677031804806
FixedParameters: 0 0 0
#Transform 229
Transform: MatrixOffsetTransformBase_double_3_3
Parameters: 0.999991522678688 -0.00022525319319428435 0.004052861462313903 0.0002450821972252269 0.9999878202402969 -0.004907593004486371 -0.004051913097492016 0.004909404034621298 0.9999795152200482 0.05287042261281272 0.014329487620955206 -0.441303257996438
FixedParameters: 0 0 0
#Transform 230
Transform: MatrixOffsetTransformBase_double_3_3
Parameters: 0.9999930763750082 -0.00015723583425178255 0.003591359662565482 0.0001680394779472447 0.9999949460107266 -0.003170822505228585 -0.003591144394646376 0.003171176362417344 0.9999880197704096 0.04351107670757415 0.01629292637730373 -0.40576986312419194
FixedParameters: 0 0 0
#Transform 231
Transform: MatrixOffsetTransformBase_double_3_3
Parameters: 0.9999949858983636 -0.0003676993683899302 0.003142868192387007 0.0003794918982585409 0.9999927346630212 -0.003770160002810899 -0.0031418647643187366 0.0037708386363017182 0.9999878177278804 0.027672473161246103 0.02446603217204313 -0.4604974026025417
FixedParameters: 0 0 0
#Transform 232
Transform: MatrixOffsetTransformBase_double_3_3
Parameters: 0.9999949664498345 -0.0003520617236219295 0.003147556065440061 0.0003567638130842315 0.9999986290618963 -0.001528218855315261 -0.003147810385084782 0.001528780690995657 0.9999936647498996 0.028574568862396177 0.03373840931251948 -0.42924165968391037
FixedParameters: 0 0 0
#Transform 233
Transform: MatrixOffsetTransformBase_double_3_3
Parameters: 0.9999939023033619 -0.00021891845628323333 0.0036124081585945473 0.00023047621533843994 0.9999952490573035 -0.0031185941315588356 -0.003611754657966449 0.0031194030974091153 0.9999881968216614 0.03580843768627062 0.031799937386040256 -0.4041655764715415
FixedParameters: 0 0 0
#Transform 234
Transform: MatrixOffsetTransformBase_double_3_3
Parameters: 0.9999965421707354 -0.0003465085810169498 0.0027089191589173157 0.0003505524013978734 0.9999992096264781 -0.0012983274128772204 -0.0027082177194860495 0.001299672593811585 0.9999959577347731 0.01718542506647225 0.05470638692600005 -0.4657919834163664
FixedParameters: 0 0 0
#Transform 235
Transform: MatrixOffsetTransformBase_double_3_3
Parameters: 0.9999931291088664 -0.0003972200325054331 0.0035658301226859563 0.00041056909622822033 0.9999933052247478 -0.0036909620214430894 -0.003563732346854317 0.003692036594665035 0.999986569364165 0.042951840187953394 0.03903083162934706 -0.404960323776848
FixedParameters: 0 0 0
#Transform 236
Transform: MatrixOffsetTransformBase_double_3_3
Parameters: 0.9999960643579574 -0.00034460965010744195 0.0027956773833344834 0.0003562376727652229 0.9999916466557515 -0.004030290622371188 -0.0027945981036272354 0.004031706737582408 0.9999879195944831 0.021887061810758723 0.030004143875828504 -0.4921360545890252
FixedParameters: 0 0 0
#Transform 237
Transform: MatrixOffsetTransformBase_double_3_3
Parameters: 0.9999947535375948 -0.0003724616138350516 0.0031795142782842178 0.00038168748654144626 0.999995825331849 -0.0030201388304570836 -0.003177916512171902 0.003020866740808273 0.9999906812604498 0.033980545204073564 0.03273049726097099 -0.4775771300003697
FixedParameters: 0 0 0
#Transform 238
Transform: MatrixOffsetTransformBase_double_3_3
Parameters: 0.9999934090193395 -0.00030885104711788903 0.0036737451841641214 0.00032325260306255085 0.9999930493247605 -0.0037253139694973375 -0.003672274145334203 0.0037266857031323097 0.999986593353145 0.049811121358004584 0.018087668410757374 -0.4597233513915455
FixedParameters: 0 0 0
#Transform 239
Transform: MatrixOffsetTransformBase_double_3_3
Parameters: 0.9999914925324958 -0.00011450699724696161 0.004182344961163517 0.00012899671728980073 0.99999445311972 -0.0034021032807487195 -0.004182468778500813 0.003401900269090638 0.9999858920248453 0.05196038108353207 0.006120204091459414 -0.5065059503703253
FixedParameters: 0 0 0
#Transform 240
Transform: MatrixOffsetTransformBase_double_3_3
Parameters: 0.9999932365228701 -0.0005615499795236916 0.0035283325212870724 0.0005768608459177915 0.9999916914667556 -0.004140390907365163 -0.0035255682275503676 0.004141610266666568 0.9999852490331408 0.029081158276099472 0.02934521069229845 -0.45188093230410686
FixedParameters: 0 0 0
#Transform 241
Transform: MatrixOffsetTransformBase_double_3_3
Parameters: 0.9999940000431187 -0.0003851851971042766 0.003442448729668058 0.0003998220267490138 0.9999905330336445 -0.004290050140555238 -0.0034410985508445506 0.00429094693324597 0.9999846499618283 0.03310058406538019 0.021926277038986086 -0.4853571455626451
FixedParameters: 0 0 0
#Transform 242
Transform: MatrixOffsetTransformBase_double_3_3
Parameters: 0.9999933402357908 -0.0004023779750209277 0.003673713993620626 0.00041618387222490535 0.9999937111598641 -0.0036348982356641663 -0.0036726199809548705 0.003636099924750502 0.9999861951848821 0.034903718338355816 0.024879498643755937 -0.4847103737105982
FixedParameters: 0 0 0
#Transform 243
Transform: MatrixOffsetTransformBase_double_3_3
Parameters: 0.9999933963342039 -0.00007351648808739069 0.0035495785394884117 0.00008766202920339777 0.9999922602542701 -0.003970120752511533 -0.003548893187322574 0.003969878523932366 0.9999856140593903 0.03745803179106133 0.023787507481344505 -0.44136055600354496
FixedParameters: 0 0 0
#Transform 244
Transform: MatrixOffsetTransformBase_double_3_3
Parameters: 0.9999942614486371 -0.0003833251671201567 0.00340446263239419 0.00039751078361330826 0.9999919186907988 -0.0041250060202325245 -0.0034031911750440004 0.00412599453999947 0.9999853030107455 0.025683056540259486 0.027051245151881176 -0.4729332769638859
FixedParameters: 0 0 0
#Transform 245
Transform: MatrixOffsetTransformBase_double_3_3
Parameters: 0.9999943178505438 -0.0003738686476193777 0.0032467114902083164 0.00038647201009156865 0.999992513243382 -0.003928101766118644 -0.003245606360595158 0.003928900639453364 0.999986938171765 0.026787271922145806 0.02834334013837747 -0.47865412312430067
FixedParameters: 0 0 0
#Transform 246
Transform: MatrixOffsetTransformBase_double_3_3
Parameters: 0.9999944271107118 -0.0005304705074019328 0.003207714808942097 0.0005442535572404646 0.9999902647808735 -0.004304608059819234 -0.0032060351387566744 0.004306385263955284 0.999985087428542 0.018092323192959725 0.021860891722624842 -0.46496439500079134
FixedParameters: 0 0 0
#Transform 247
Transform: MatrixOffsetTransformBase_double_3_3
Parameters: 0.9999950363053749 -0.00036368076385637346 0.0029713743461232166 0.00036822977557497016 0.9999989203855666 -0.0014251783103623739 -0.0029716007514163805 0.0014258195677467889 0.9999940518112959 0.02653106444860498 0.033607329064651026 -0.4625330265147056
FixedParameters: 0 0 0
#Transform 248
Transform: MatrixOffsetTransformBase_double_3_3
Parameters: 0.9999951386235746 -0.0003116333531324241 0.0031244947671085735 0.0003258109641824855 0.999990137876121 -0.004333339563955582 -0.0031236139499186645 0.004334652410659293 0.9999854334015139 0.01995731068200257 0.025068964504200153 -0.46781354788815577
FixedParameters: 0 0 0
#Transform 249
Transform: MatrixOffsetTransformBase_double_3_3
Parameters: 0.9999953341795064 -0.0007358051106094877 0.002849961122539826 0.0007491332531580682 0.9999901987977127 -0.004404147418518162 -0.0028472291663560675 0.004405853075918356 0.9999863270572897 0.016981367713455597 0.006297120134192369 -0.5022327470535117
FixedParameters: 0 0 0
#Transform 250
Transform: MatrixOffsetTransformBase_double_3_3
Parameters: 0.9999948357455078 -0.00037929468552502896 0.0033194773463997482 0.0003919741453709191 0.9999932262852063 -0.0037030530803131706 -0.0033184348088975513 0.0037039435736797854 0.9999871774776995 0.024206201748725675 0.021537294638363846 -0.4862481511967758
FixedParameters: 0 0 0
#Transform 251
Transform: MatrixOffsetTransformBase_double_3_3
Parameters: 0.9999910296498203 -0.00042873984287043114 0.004096931674585921 0.00044450536467247824 0.9999919843811365 -0.0038638161475958305 -0.004095642925741934 0.003865181047978755 0.9999841763208414 0.05615575351549751 0.03072203237674387 -0.4902335665806703
FixedParameters: 0 0 0
#Transform 252
Transform: MatrixOffsetTransformBase_double_3_3
Parameters: 0.9999928170719616 -0.0003424629995360804 0.0037504471668891527 0.0003442853876804965 0.9999995023106372 -0.0006411880035573775 -0.0037502103181613925 0.0006428135393429374 0.999992490429502 0.035651980478377254 0.023603173335061456 -0.44184095002994184
FixedParameters: 0 0 0
#Transform 253
Transform: MatrixOffsetTransformBase_double_3_3
Parameters: 0.9999925102198006 -0.00041903242284192826 0.003913088246216167 0.00043217306587908116 0.9999947755869619 -0.0033268102363514795 -0.003912137297296544 0.003329190689093084 0.9999865833150476 0.04241958987343253 0.02170587688593173 -0.4734229756396786
FixedParameters: 0 0 0
#Transform 254
Transform: MatrixOffsetTransformBase_double_3_3
Parameters: 0.9999905119782179 -0.0006552402990023822 0.004249782617660664 0.0006727157024865702 0.9999913743277073 -0.004043777499111237 -0.004246564933217919 0.004046216005864689 0.9999824133418803 0.040041061793786525 0.018817093345319336 -0.4284860798575636
FixedParameters: 0 0 0
