#Insight Transform File V1.0
#Transform 0
Transform: MatrixOffsetTransformBase_double_3_3
Parameters: 0.9999980867344848 -0.0007620126350865485 0.001825714990777032 0.0007628238939177571 0.9999992503074279 -0.0004947392582164978 -0.0018250274482805478 0.0004962604754275568 0.9999983453863159 -0.029669179387468603 0.016801743749326192 -0.4516523918761095
FixedParameters: 0 0 0
#Transform 1
Transform: MatrixOffsetTransformBase_double_3_3
Parameters: 0.9999978657472323 -0.0012306011454705685 0.001618588419695457 0.0012322000816421773 0.99999872323494 -0.0013759992177900804 -0.0016173965508199226 0.0013780025215311686 0.9999973502465141 -0.01927815019583079 0.001635046039339727 -0.41054176551216415
FixedParameters: 0 0 0
#Transform 2
Transform: MatrixOffsetTransformBase_double_3_3
Parameters: 0.999997217489668 -0.0010441837223732833 0.001921620392039568 0.0010508035325471825 0.9999928675771133 -0.0034891135653223604 -0.001917778013481735 0.003490882404315415 0.9999919896234426 -0.025226156520375298 -0.009169369456529353 -0.44999149617027
FixedParameters: 0 0 0
#Transform 3
Transform: MatrixOffsetTransformBase_double_3_3
Parameters: 0.9999989590135636 -0.00111141613430547 0.0013436306028718349 0.001113418124860449 0.9999986436382333 -0.001090569182518708 -0.0013422678926106322 0.0010924305612400043 0.9999989326286316 -0.02658244753891381 -0.0006013318125468459 -0.4309408699708257
FixedParameters: 0 0 0
#Transform 4
Transform: MatrixOffsetTransformBase_double_3_3
Parameters: 0.9999981890524544 -0.0015153952047411649 0.0012307397190749448 0.0015169077811896207 0.9999979573541022 -0.001370126734791005 -0.0012287138237699604 0.0013718741476086288 0.9999984724098221 -0.017881987376895836 -0.00810285117603371 -0.35737715559746164
FixedParameters: 0 0 0
#Transform 5
Transform: MatrixOffsetTransformBase_double_3_3
Parameters: 0.9999996620037915 -0.0011565649451404396 -0.000015114515887142078 0.0011566578848812817 0.9999987752385598 -0.0013719511577091753 0.00001629289170100271 0.0013720505475638828 0.9999991219919109 -0.044329620779180345 -0.012932537442964076 -0.29457619134777246
FixedParameters: 0 0 0
#Transform 6
Transform: MatrixOffsetTransformBase_double_3_3
Parameters: 0.9999988512195678 -0.0010961472130768194 0.0009732479135775567 0.001099102136321527 0.9999967250544805 -0.0024769302875822102 -0.0009699405678109022 0.002478072437317777 0.9999968501207113 -0.021340000690230454 0.022292184443188034 -0.4172726842435992
FixedParameters: 0 0 0
#Transform 7
Transform: MatrixOffsetTransformBase_double_3_3
Parameters: 0.9999990286117159 -0.000755399227286529 0.0006325654020271867 0.0007580081687614498 0.9999932891118657 -0.0034835200276599754 -0.0006304217577221147 0.003484475739084947 0.9999934629231112 -0.034906009585341735 0.0055091956047021995 -0.3558608779304677
FixedParameters: 0 0 0
#Transform 8
Transform: MatrixOffsetTransformBase_double_3_3
Parameters: 0.999999845747576 -0.00012293072726811004 -0.0003728177159225082 0.00012186989518363694 0.9999963784388904 -0.0027580465200600923 0.0003735608944094877 0.002757955163188941 0.9999962541465737 -0.06760092984113442 0.020807793398816443 -0.35213700966731665
FixedParameters: 0 0 0
#Transform 9
Transform: MatrixOffsetTransformBase_double_3_3
Parameters: 0.9999994603635949 -0.0007117473559685572 0.00018308176984849466 0.0007113762162641955 0.9999981527800782 -0.0015298692381928436 -0.00018197008820102626 0.0015301289953624925 0.9999986257829979 -0.04265234298001985 0.011507828645690665 -0.4255905034178369
FixedParameters: 0 0 0
#Transform 10
Transform: MatrixOffsetTransformBase_double_3_3
Parameters: 0.9999992825636989 -0.0008463907784566981 0.00004013596365543403 0.0008458392805087047 0.9999946678632463 -0.0031009672411971972 -0.000037949412671848976 0.003101033310427076 0.9999953822469925 -0.03960566749063332 -0.006088347287686702 -0.3496692331653577
FixedParameters: 0 0 0
#Transform 11
Transform: MatrixOffsetTransformBase_double_3_3
Parameters: 0.9999997415339799 -0.0007348023452552259 0.0008476770203687601 0.0007377435772538039 0.9999917290490534 -0.003974370813173894 -0.0008450894802672427 0.003974626408200427 0.9999914190608071 -0.03446679619813153 -0.010642025987152692 -0.41458576159342897
FixedParameters: 0 0 0
#Transform 12
Transform: MatrixOffsetTransformBase_double_3_3
Parameters: 0.9999994422753932 -0.0007138746908756291 0.0010234658269404786 0.0007184891353059121 0.9999916668693762 -0.0041092645940802724 -0.0010208446184576526 0.004109737950930087 0.9999909992594218 -0.03436868207560906 -0.01389670279260713 -0.5523073316748395
FixedParameters: 0 0 0
#Transform 13
Transform: MatrixOffsetTransformBase_double_3_3
Parameters: 0.9999994703839648 -0.0007171335159932115 0.001007683260042947 0.0007220308601636882 0.999988389758925 -0.004812271836153362 -0.0010040903681683667 0.0048127287344070235 0.9999877600239371 -0.029923533295843185 -0.040122885519437546 -0.5389234384519597
FixedParameters: 0 0 0
#Transform 14
Transform: MatrixOffsetTransformBase_double_3_3
Parameters: 0.9999981506756386 -0.0009331721818091002 0.0014065990390812607 0.0009392309370797944 0.9999895930041337 -0.0045456756882629595 -0.0014025538919434685 0.004546324141254665 0.9999882251976724 -0.03851592040035712 -0.031962081321225355 -0.5324737941939901
FixedParameters: 0 0 0
#Transform 15
Transform: MatrixOffsetTransformBase_double_3_3
Parameters: 0.9999976568056409 -0.00007256814314561724 0.0020826577554298536 0.00008008784888334367 0.9999938790592061 -0.003481975450481914 -0.0020826023139031745 0.003482021946381142 0.9999915290077069 -0.018847793729392492 -0.025017863041952637 -0.4800111111526917
FixedParameters: 0 0 0
#Transform 16
Transform: MatrixOffsetTransformBase_double_3_3
Parameters: 0.9999982300507132 -0.0008840057436530011 0.001728729159200087 0.0008900520158201064 0.9999925717120565 -0.0037125960229650312 -0.0017256112152309274 0.003713407206362651 0.9999920854681341 -0.024397656431816017 -0.01037840831473602 -0.4197026178763963
FixedParameters: 0 0 0
#Transform 17
Transform: MatrixOffsetTransformBase_double_3_3
Parameters: 0.999998695152023 -0.0006862662059636016 0.0013542025075346724 0.0006919427869037325 0.9999893328052475 -0.004603139126867953 -0.0013513263542192777 0.004604867814604535 0.999988968434288 -0.040798140171148134 -0.023398576313212516 -0.4315756681928633
FixedParameters: 0 0 0
#Transform 18
Transform: MatrixOffsetTransformBase_double_3_3
Parameters: 0.9999981574635441 -0.0008868861805750688 0.0014338940807923607 0.0008882170676644698 0.9999989931013662 -0.0011357915625817422 -0.0014330103873003805 0.0011372096284485017 0.9999985810935529 -0.026473749710291372 -0.0007703954992024364 -0.28650618486894075
FixedParameters: 0 0 0
#Transform 19
Transform: MatrixOffsetTransformBase_double_3_3
Parameters: 0.99999981952275 -0.000884577604196171 0.0006312336818235973 0.0008861873395811427 0.9999930863677455 -0.0034924352920105706 -0.0006282463659242323 0.003492559669176984 0.9999933379787499 -0.036452514001354075 0.0017585398426405163 -0.3692209021147761
FixedParameters: 0 0 0
#Transform 20
Transform: MatrixOffsetTransformBase_double_3_3
Parameters: 0.9999991467154372 -0.0008650707453261571 0.00032406288673407404 0.0008658593486512262 0.9999967836100462 -0.0025556481225514627 -0.0003217028698170986 0.0025553519794540014 0.9999963019208273 -0.044264973703079136 0.013210993012080507 -0.35477413045370554
FixedParameters: 0 0 0
#Transform 21
Transform: MatrixOffsetTransformBase_double_3_3
Parameters: 0.999999483089485 -0.0006867537826697744 0.00021375374468184664 0.0006864401100264641 0.9999984434484837 -0.0014438531477084654 -0.0002128365503572944 0.0014441460435776488 0.9999988693674818 -0.044910975645279905 0.007441924330095162 -0.4239655079503848
FixedParameters: 0 0 0
#Transform 22
Transform: MatrixOffsetTransformBase_double_3_3
Parameters: 0.9999997825428376 -0.001100041731167004 0.00008929207986993877 0.0010998696890559708 0.9999929905013318 -0.003576834665584075 -0.00008448403458610755 0.0035771615275047713 0.9999932021075097 -0.04324536355255759 -0.01428157481446135 -0.2026902242324411
FixedParameters: 0 0 0
#Transform 23
Transform: MatrixOffsetTransformBase_double_3_3
Parameters: 0.9999990846207472 -0.0009491049656557846 0.000123067751157931 0.0009488493206807678 0.999996899682408 -0.0024888173723854323 -0.00012040711629095174 0.002489184140484005 0.9999967946705809 -0.046497901515195394 0.013660549090786844 -0.32646091169868896
FixedParameters: 0 0 0
#Transform 24
Transform: MatrixOffsetTransformBase_double_3_3
Parameters: 0.9999990162379797 -0.0009839438664256588 -0.00012568941687770215 0.0009832387226675772 0.9999933542798142 -0.003560056886520141 0.00012969956171185012 0.003559941402759753 0.9999933146776158 -0.05859740447131401 -0.005859361137765973 -0.19067406680368038
FixedParameters: 0 0 0
#Transform 25
Transform: MatrixOffsetTransformBase_double_3_3
Parameters: 0.9999983863911469 -0.001360119714611406 -0.0008732464281860391 0.0013580838568503122 0.9999949145666347 -0.0030281282638640883 0.0008776891267551142 0.0030268750219027 0.999995140248177 -0.04096955019473114 -0.0017246915360118464 -0.29507752669429976
FixedParameters: 0 0 0
#Transform 26
Transform: MatrixOffsetTransformBase_double_3_3
Parameters: 0.9999999023381606 -0.0010084166467458156 -0.0002827508854991909 0.0010086563400734244 0.999998791889007 -0.0014552232492142797 0.00028475706932949745 0.0014557773615917202 0.9999988734846371 -0.05804169837810491 0.0013729395365658092 -0.15712559217318756
FixedParameters: 0 0 0
#Transform 27
Transform: MatrixOffsetTransformBase_double_3_3
Parameters: 0.9999986455252887 -0.0013726658799557473 -0.0006858557589599209 0.0013700443746205123 0.9999920878736852 -0.003600948010715352 0.0006908785381845047 0.003600050759471965 0.9999936303565734 -0.045718469282505225 -0.011121083689957345 -0.25779620142675697
FixedParameters: 0 0 0
#Transform 28
Transform: MatrixOffsetTransformBase_double_3_3
Parameters: 0.9999984449788841 -0.001361805390679555 -0.0008366034898072404 0.001360501036098121 0.9999967092017586 -0.0020911462338677606 0.0008394374626267654 0.0020898556297865856 0.9999979953778458 -0.03409153357338823 -0.0051250415648951275 -0.2824346336921195
FixedParameters: 0 0 0
#Transform 29
Transform: MatrixOffsetTransformBase_double_3_3
Parameters: 0.9999992006741405 -0.0008861661126641875 -0.00011923292145509357 0.000885470423949479 0.9999923991887514 -0.0037171062603805066 0.00012282506977331738 0.003716891840258127 0.9999931692134275 -0.05363949005700874 -0.004575827173781022 -0.229701352489613
FixedParameters: 0 0 0
#Transform 30
Transform: MatrixOffsetTransformBase_double_3_3
Parameters: 0.9999997854506543 -0.00046089292532084536 0.000045296343917900724 0.0004612590440668333 0.9999944372107276 -0.0033689812955226273 -0.00004318728503554059 0.003369022094218438 0.9999946478410168 -0.06268049416783583 -0.019041114215767152 -0.3233266075582151
FixedParameters: 0 0 0
#Transform 31
Transform: MatrixOffsetTransformBase_double_3_3
Parameters: 0.9999992168550854 -0.0008823202482343807 0.00007081760416542321 0.0008821734495814739 0.9999907073325904 -0.004184939558783324 -0.0000674919167456126 0.004185061582549693 0.9999914809074131 -0.05086974030891156 -0.021164869489055604 -0.24350664794557986
FixedParameters: 0 0 0
#Transform 32
Transform: MatrixOffsetTransformBase_double_3_3
Parameters: 0.999999857066482 -0.0010061728796580448 -0.0003605015207924909 0.0010051420710871586 0.9999884589303515 -0.004640364536962496 0.0003649816820404957 0.004639634947803187 0.9999893386944378 -0.058947380466932486 -0.01510338337310202 -0.20540701491209745
FixedParameters: 0 0 0
#Transform 33
Transform: MatrixOffsetTransformBase_double_3_3
Parameters: 0.9999990124486042 -0.000987296821876521 0.00011427099012415166 0.0009875247320216764 0.9999909322894266 -0.004252823174536194 -0.00010993078269792611 0.004253180270980705 0.9999909039540065 -0.04639349913226454 -0.03127362476459439 -0.3537004897278706
FixedParameters: 0 0 0
#Transform 34
Transform: MatrixOffsetTransformBase_double_3_3
Parameters: 0.9999996893526137 -0.0005492407400742184 0.00009622729365815088 0.0005492061186349353 0.9999906927594101 -0.004358879288942699 -0.00009350252211225451 0.004359119209368309 0.999989994654642 -0.04633538213144561 -0.028748854187782058 -0.31818750938782614
FixedParameters: 0 0 0
#Transform 35
Transform: MatrixOffsetTransformBase_double_3_3
Parameters: 0.9999992955157238 -0.0012618202615559244 0.0003356803597813495 0.0012632420014472108 0.9999890460906039 -0.004628510769040722 -0.0003291174854699534 0.0046284950695148624 0.9999894031262719 -0.04014433213976076 -0.033264199180223386 -0.2446646511416759
FixedParameters: 0 0 0
#Transform 36
Transform: MatrixOffsetTransformBase_double_3_3
Parameters: 0.9999989823535488 -0.0012010713675105727 0.0007586053855675685 0.0012034022342781272 0.9999909922582273 -0.003953083927294029 -0.0007543597431203487 0.0039539121289754176 0.9999917296487456 -0.03224151771038919 -0.022293060952009114 -0.37703928210024173
FixedParameters: 0 0 0
#Transform 37
Transform: MatrixOffsetTransformBase_double_3_3
Parameters: 0.9999998323297358 -0.0010302493459766258 0.00032724020903043816 0.0010307553121853906 0.9999935226981089 -0.0035325920532430083 -0.00032308876787148484 0.0035324071878719554 0.9999933524368381 -0.04967598933048123 0.0013629486833650617 -0.36433524225407155
FixedParameters: 0 0 0
#Transform 38
Transform: MatrixOffsetTransformBase_double_3_3
Parameters: 0.999999901348479 -0.0010227467848577918 0.0002290478239971679 0.0010238626672453661 0.9999915527001269 -0.0040576951797935135 -0.00022480242426165382 0.004057304577337245 0.9999914218924609 -0.04215247873514727 -0.02085827569484877 -0.34761663475957505
FixedParameters: 0 0 0
#Transform 39
Transform: MatrixOffsetTransformBase_double_3_3
Parameters: 0.9999996913345516 -0.001046308174401042 0.00046296505815555337 0.0010473012284415487 0.9999948667250412 -0.0030175132097260554 -0.00045977665833501325 0.0030174883938069164 0.999995613944845 -0.03676640133075182 -0.009572033888829878 -0.3562037490602563
FixedParameters: 0 0 0
#Transform 40
Transform: MatrixOffsetTransformBase_double_3_3
Parameters: 0.999999666946229 0.0005962113886043395 -0.0009890304632665652 -0.0005999018718570315 0.9999899412427046 -0.004324475808764022 0.0009861926892205952 0.004325521394885984 0.9999903142784927 -0.03897320750868971 -0.01029298272273138 -0.27957234428753
FixedParameters: 0 0 0
#Transform 41
Transform: MatrixOffsetTransformBase_double_3_3
Parameters: 0.9999994502604238 -0.001152574793132488 0.00046991702321522817 0.0011544515379115024 0.9999925008250466 -0.003772387917376191 -0.0004663381907792374 0.003772612871818251 0.9999924858077615 -0.03519997144535125 -0.018879959205861496 -0.3567873240052819
FixedParameters: 0 0 0
#Transform 42
Transform: MatrixOffsetTransformBase_double_3_3
Parameters: 0.9999997014321985 -0.0010736488519158972 0.0003809051144430221 0.0010758542169950487 0.9999918756804448 -0.003868594189217936 -0.0003766474035096584 0.00386940837560433 0.9999928872982329 -0.04963190088182046 -0.02278165029200352 -0.33040813358809373
FixedParameters: 0 0 0
#Transform 43
Transform: MatrixOffsetTransformBase_double_3_3
Parameters: 0.9999987602280936 0.0005149381992238432 -0.0014052355721007148 -0.0005214496350318523 0.9999881700301841 -0.004757332212527152 0.0014027764036222518 0.004757660854119439 0.999987322337249 -0.04942920253330385 -0.029575735406524473 -0.3038613920671196
FixedParameters: 0 0 0
#Transform 44
Transform: MatrixOffsetTransformBase_double_3_3
Parameters: 0.9999989629005335 -0.0012265248505623448 0.0007295301215481777 0.0012291497095704644 0.9999924087198511 -0.003626101748240282 -0.0007258170544340764 0.0036268979364760257 0.9999932510775296 -0.027628882438563096 -0.019973359662841972 -0.3538187257306191
FixedParameters: 0 0 0
#Transform 45
Transform: MatrixOffsetTransformBase_double_3_3
Parameters: 0.9999992968798976 -0.0008322552095976765 0.00010326036283578084 0.0008324246935764014 0.9999899118910237 -0.0044039167060853784 -0.00009998782881518314 0.004404085878888145 0.9999905943505513 -0.04928033438550017 -0.023094580262835507 -0.18138520458553842
FixedParameters: 0 0 0
#Transform 46
Transform: MatrixOffsetTransformBase_double_3_3
Parameters: 0.9999998081227931 -0.0010917983918266871 0.00002361723807968963 0.0010912260169320107 0.9999934627627368 -0.0035129086844215007 -0.000020007002582980894 0.0035130920161015877 0.9999936629360173 -0.04968135338967272 -0.0018739790844790605 -0.23779649789075563
FixedParameters: 0 0 0
#Transform 47
Transform: MatrixOffsetTransformBase_double_3_3
Parameters: 0.9999993873373128 -0.0007506041056196481 0.00022176336463433592 0.0007517881832924856 0.9999892849554055 -0.004496827671227319 -0.0002180688873634797 0.004496167327118689 0.9999896651696996 -0.049827630405204104 -0.024709712298871978 -0.18099387315760396
FixedParameters: 0 0 0
#Transform 48
Transform: MatrixOffsetTransformBase_double_3_3
Parameters: 0.9999998921650767 -0.0009580843599692648 0.0004361973788831777 0.0009594330065721585 0.999993012504935 -0.0036145848656497087 -0.00043239460945548283 0.0036154176390850723 0.9999937431084837 -0.03220132320467428 -0.004064776662431768 -0.14197829293728148
FixedParameters: 0 0 0
#Transform 49
Transform: MatrixOffsetTransformBase_double_3_3
Parameters: 0.9999999024501999 -0.0010304048370280274 0.00018989359265872776 0.001030919656210526 0.9999938017761119 -0.003482739402352761 -0.0001857750418319272 0.003483262307265464 0.9999938380099069 -0.04128642231906099 -0.014155611457951522 -0.20380180931543634
FixedParameters: 0 0 0
#Transform 50
Transform: MatrixOffsetTransformBase_double_3_3
Parameters: 0.9999995158850377 -0.0011401271395795965 0.00042829137367558014 0.001143021274277374 0.9999859401373585 -0.005267449169545538 -0.0004223857974869305 0.005268556006396849 0.9999860716670772 -0.03147453702896996 -0.0036786905752848043 -0.15932840403829118
FixedParameters: 0 0 0
#Transform 51
Transform: MatrixOffsetTransformBase_double_3_3
Parameters: 0.9999987361316849 -0.001443970587774086 0.00042253888505127443 0.0014458126695453216 0.9999902841365083 -0.004085317863901358 -0.00041685475880519346 0.004085675671744116 0.9999910692432592 -0.02014377892749053 -0.02050108761969227 -0.13916531364860418
FixedParameters: 0 0 0
#Transform 52
Transform: MatrixOffsetTransformBase_double_3_3
Parameters: 0.9999994151373475 -0.0012074908851210917 0.00035699601868910283 0.0012083477742123425 0.9999923773307339 -0.003637566793951469 -0.00035233513817878315 0.0036374328633375086 0.9999935748975955 -0.027519056666832853 -0.04385905648040023 -0.16087773869891464
FixedParameters: 0 0 0
#Transform 53
Transform: MatrixOffsetTransformBase_double_3_3
Parameters: 0.9999996651954871 -0.0005788876687845721 0.000011049397713917459 0.0005781785877421154 0.9999914011901637 -0.00415499666872933 -0.000009302838410709382 0.004155008443327252 0.9999917357823158 -0.04060277141923052 0.004240376484588637 -0.16408644231960068
FixedParameters: 0 0 0
#Transform 54
Transform: MatrixOffsetTransformBase_double_3_3
Parameters: 0.9999984732496627 -0.0015893387501758223 0.0000020522930975980176 0.0015898002640107457 0.9999882278413422 -0.004506927368833041 0.00000529079142555172 0.004506067190677698 0.9999896281169315 -0.022900651659469418 -0.04037671667501286 -0.1676248914148033
FixedParameters: 0 0 0
#Transform 55
Transform: MatrixOffsetTransformBase_double_3_3
Parameters: 0.9999992522130682 -0.0008254190379826535 0.00025817201542116584 0.00082628414271222 0.9999939812425663 -0.0033667889093343256 -0.0002546740915944221 0.0033672124465614073 0.9999945975194087 -0.034858243100060804 -0.02799122256428177 -0.1756896441982434
FixedParameters: 0 0 0
#Transform 56
Transform: MatrixOffsetTransformBase_double_3_3
Parameters: 0.9999991559140199 -0.0011948444730476844 0.0006457462750790756 0.0011971792443012704 0.9999911885181675 -0.003930224465262061 -0.0006405391644077334 0.0039307721376208304 0.9999920696152823 -0.029975636931936833 -0.018513337676083097 -0.18056603716969732
FixedParameters: 0 0 0
#Transform 57
Transform: MatrixOffsetTransformBase_double_3_3
Parameters: 0.9999989486388416 -0.0014253683771669808 0.00013874970827847165 0.001426506848850076 0.9999818442296954 -0.005925745367751409 -0.00012989881636072965 0.00592626416615484 0.9999828687484174 -0.03620768912192318 -0.03744849642640702 -0.2150211349371176
FixedParameters: 0 0 0
#Transform 58
Transform: MatrixOffsetTransformBase_double_3_3
Parameters: 0.9999984297047422 -0.0015596627317885213 0.0003708133891301598 0.0015615162809112615 0.9999885365870089 -0.004592357250707016 -0.0003635991047366082 0.004592648342575278 0.9999897107301744 -0.020490001364848354 -0.040211760428078946 -0.16265467855063775
FixedParameters: 0 0 0
#Transform 59
Transform: MatrixOffsetTransformBase_double_3_3
Parameters: 0.9999994469994793 -0.0012282728528241512 0.00021068652637073364 0.0012288371253946406 0.999993961057842 -0.0030867425522892455 -0.00020716015958556402 0.0030872559017710716 0.9999954267559017 -0.03991804356758166 -0.03851029330556344 -0.15336952101253587
FixedParameters: 0 0 0
#Transform 60
Transform: MatrixOffsetTransformBase_double_3_3
Parameters: 0.9999961401199071 -0.0017221211730571555 -0.0019733798200913945 0.0017128441761521493 0.9999885830174435 -0.004503410796717622 0.001981405078907951 0.004499590714190538 0.9999880298163059 -0.02331620373732335 -0.025326948702428353 -0.2033294182698029
FixedParameters: 0 0 0
#Transform 61
Transform: MatrixOffsetTransformBase_double_3_3
Parameters: 0.9999983452309277 -0.001629434073851242 -0.00003083849603474788 0.0016285690141334547 0.9999936820268778 -0.003107986530213949 0.000035907967732250874 0.0031080135140792164 0.9999953438163875 -0.020925046877778186 -0.019326047334914165 -0.13553369502392343
FixedParameters: 0 0 0
#Transform 62
Transform: MatrixOffsetTransformBase_double_3_3
Parameters: 0.9999997447341898 -0.001088494491524083 0.0002648892787233438 0.0010894015367642908 0.9999942875191725 -0.0030977080589137257 -0.00026220198362832386 0.003097291287594478 0.999995268152715 -0.0462086203885832 -0.015562303141592793 -0.19366515510029103
FixedParameters: 0 0 0
#Transform 63
Transform: MatrixOffsetTransformBase_double_3_3
Parameters: 0.9999993443337597 -0.0007571576330897576 0.00028654004427092753 0.0007582062946436943 0.9999940252722862 -0.0032247814509976103 -0.0002847140521078353 0.0032252142817623952 0.9999945177679503 -0.03908259340327902 0.007025264718976132 -0.18496144672056403
FixedParameters: 0 0 0
#Transform 64
Transform: MatrixOffsetTransformBase_double_3_3
Parameters: 0.9999993443337333 -0.0007571622565816399 0.00028652794452508154 0.0007582017781722982 0.9999941282156033 -0.003208781798224772 -0.0002847261979626321 0.0032092146290311208 0.9999946207113395 -0.036304111194866096 -0.010995284766423197 -0.22782984414666885
FixedParameters: 0 0 0
#Transform 65
Transform: MatrixOffsetTransformBase_double_3_3
Parameters: 0.9999990339135572 -0.0009437409630089111 0.00027450482284563263 0.0009447550739695847 0.9999941343970847 -0.003311672903263632 -0.00027131117247547514 0.003312324007243461 0.9999939607733584 -0.03819725108127159 -0.026378638719833702 -0.17472463433368546
FixedParameters: 0 0 0
#Transform 66
Transform: MatrixOffsetTransformBase_double_3_3
Parameters: 0.9999989670483087 -0.0012446408835850914 0.0006953141750652708 0.0012465180095226557 0.9999976170552435 -0.0019730629751834178 -0.0006924612492050631 0.0019739365313441726 0.9999975605781742 -0.030061821828056168 -0.014351101160244184 -0.2723188254409763
FixedParameters: 0 0 0
#Transform 67
Transform: MatrixOffsetTransformBase_double_3_3
Parameters: 0.9999989132448497 -0.0010066411235081008 0.00027031033152930754 0.0010076349289099328 0.9999948440427157 -0.0031946576818272926 -0.00026793446271408233 0.00319434473804088 0.9999946594764106 -0.037337315623958034 -0.009322677150777281 -0.19317834799605293
FixedParameters: 0 0 0
#Transform 68
Transform: MatrixOffsetTransformBase_double_3_3
Parameters: 0.9999999406051964 -0.0007830063603223671 0.0006675291384567084 0.0007843906450376403 0.9999985533242666 -0.00168247836111797 -0.0006669545914048146 0.001683524194790731 0.9999987222932386 -0.03498698917226761 -0.021038486089935304 -0.24233489953986975
FixedParameters: 0 0 0
#Transform 69
Transform: MatrixOffsetTransformBase_double_3_3
Parameters: 0.9999990771856897 -0.0009180590965274283 0.00028257978125462553 0.0009193718404272221 0.9999921425174353 -0.003752735272301813 -0.00027874586044333404 0.0037522602267798383 0.9999927720672382 -0.03682887498796106 -0.02530673231643732 -0.1890151904672024
FixedParameters: 0 0 0
#Transform 70
Transform: MatrixOffsetTransformBase_double_3_3
Parameters: 0.9999992692107028 -0.0013146553544651947 -0.00004850196476234418 0.001314629054021581 0.9999969678718725 -0.0023019998192354424 0.00005156153690685338 0.00230200398762663 0.9999977029037812 -0.038940469987878146 -0.024197984556835195 -0.2316245942856483
FixedParameters: 0 0 0
#Transform 71
Transform: MatrixOffsetTransformBase_double_3_3
Parameters: 0.99999851500502 -0.001286496414412855 0.0009108316007932866 0.0012900503199681273 0.9999934768772478 -0.003452756202561913 -0.0009061282462130655 0.0034542419228301285 0.9999931847240606 -0.022802235356550682 -0.006209462109964647 -0.19312746702719608
FixedParameters: 0 0 0
#Transform 72
Transform: MatrixOffsetTransformBase_double_3_3
Parameters: 0.9999984329700344 -0.0011212708586062503 0.0011452885550668006 0.0011225197072654576 0.999997480403566 -0.0018237109876933916 -0.0011423964818244303 0.001825286788405614 0.9999972949603751 -0.029481058200886423 -0.010066208703690904 -0.27751206430727393
FixedParameters: 0 0 0
#Transform 73
Transform: MatrixOffsetTransformBase_double_3_3
Parameters: 0.9999982753810215 -0.0010680617316301442 0.0012587672123068074 0.0010699741484863747 0.9999985948519684 -0.0015256510728517692 -0.0012566372096656686 0.0015273493427678114 0.9999980201180706 -0.00968192686785585 -0.026228462363590666 -0.2754037005977068
FixedParameters: 0 0 0
#Transform 74
Transform: MatrixOffsetTransformBase_double_3_3
Parameters: 0.9999993484810777 -0.0011117528340090573 0.0006448691954988837 0.0011138432310640952 0.999992818547158 -0.003742212951249893 -0.0006407346539993824 0.0037427885415138584 0.999992517206426 -0.02445391288475207 -0.007589690759431278 -0.22989229037042946
FixedParameters: 0 0 0
#Transform 75
Transform: MatrixOffsetTransformBase_double_3_3
Parameters: 0.9999988298297096 -0.0010510516660139678 0.0010319820599898669 0.0010559014224240425 0.9999906482056656 -0.004159908572684792 -0.0010274788365165473 0.00416108743213868 0.9999905619516493 -0.02215561535935251 -0.04422615664810792 -0.271630055554823
FixedParameters: 0 0 0
#Transform 76
Transform: MatrixOffsetTransformBase_double_3_3
Parameters: 0.9999993739741764 -0.0012494098889795843 -0.0002544962873487341 0.0012483401828774702 0.9999873425236944 -0.004806322033768476 0.0002605824614196424 0.00480567876201074 0.9999888358894248 -0.04322399895700357 -0.033677820299260475 -0.27102555467214984
FixedParameters: 0 0 0
#Transform 77
Transform: MatrixOffsetTransformBase_double_3_3
Parameters: 0.999997882688837 -0.0018787718908434147 0.0007654004130561569 0.0018817130911249055 0.9999937867154861 -0.002967489127519818 -0.000760361393899611 0.0029685121595825065 0.9999954778647091 0.014733477994468558 -0.011278249113885863 -0.21216062004492642
FixedParameters: 0 0 0
#Transform 78
Transform: MatrixOffsetTransformBase_double_3_3
Parameters: 0.9999971926271857 -0.0015162191369828817 0.0015840770871203048 0.0015190684075840394 0.9999975816524198 -0.0018015893789740112 -0.0015808038644994809 0.0018044110581935113 0.9999971093429336 0.010942366863659458 -0.010794138465641367 -0.29934497830474527
FixedParameters: 0 0 0
#Transform 79
Transform: MatrixOffsetTransformBase_double_3_3
Parameters: 0.9999985781450297 -0.0013580408198619162 0.0012559876063252724 0.0013599699809218031 0.9999989868723088 -0.0011382167230043344 -0.0012539574892904066 0.0011397819757119065 0.9999979966297021 0.0009659695706574212 -0.011666030781668724 -0.30748096233557476
FixedParameters: 0 0 0
#Transform 80
Transform: MatrixOffsetTransformBase_double_3_3
Parameters: 0.9999973428084166 -0.0012952337918933129 0.001726272612994472 0.0013003223540918507 0.9999952593110929 -0.00286182191708563 -0.0017221746368369251 0.0028641800419731134 0.9999946899010487 0.005523089186283414 -0.0003923069000393298 -0.2791436670964771
FixedParameters: 0 0 0
#Transform 81
Transform: MatrixOffsetTransformBase_double_3_3
Parameters: 0.9999963199423892 -0.0013906750691365865 0.002178231515501779 0.0013997405100800537 0.9999915243774493 -0.003838085381901446 -0.0021730502014940933 0.003840912685352138 0.9999903118938873 0.0030894806644568007 -0.02534134071154881 -0.2697311889915994
FixedParameters: 0 0 0
#Transform 82
Transform: MatrixOffsetTransformBase_double_3_3
Parameters: 0.9999975601712536 -0.001313688086734832 0.0016471131157858709 0.0013163595647128913 0.9999985130479168 -0.0013748254501225188 -0.0016456255632923487 0.0013771739928887805 0.9999972603663728 -0.00027011158833545323 -0.011053597504314894 -0.29006898377966195
FixedParameters: 0 0 0
#Transform 83
Transform: MatrixOffsetTransformBase_double_3_3
Parameters: 0.9999980961135218 -0.0013221362557440026 0.001468242201871867 0.0013264642091885528 0.9999948708484961 -0.003083050851395777 -0.0014644047043844853 0.0030849530720329366 0.9999942030773826 -0.010493688785672362 -0.0008112802634343552 -0.2508630690441578
FixedParameters: 0 0 0
#Transform 84
Transform: MatrixOffsetTransformBase_double_3_3
Parameters: 0.9999985581381784 -0.0010361923556019518 0.0015387483264789317 0.0010388275230742362 0.9999978080403628 -0.0017844679714469625 -0.0015372427862609661 0.001786532884262032 0.9999973740652783 0.0005514193452995642 0.009426262836853994 -0.2930385959148367
FixedParameters: 0 0 0
#Transform 85
Transform: MatrixOffsetTransformBase_double_3_3
Parameters: 0.9999990291580141 -0.0009612505090950968 0.0014308417293875263 0.0009637114582587589 0.9999972686285 -0.00220768900037506 -0.0014288578714770634 0.0022093149465789025 0.9999970055571702 0.00044237508704725315 -0.002325103239527948 -0.30866110277608527
FixedParameters: 0 0 0
#Transform 86
Transform: MatrixOffsetTransformBase_double_3_3
Parameters: 0.9999973110103071 -0.0008973212496622853 0.002209750425907581 0.0009052538336178517 0.9999936803350167 -0.003556137984199681 -0.0022068758150620704 0.0035578657228040045 0.9999913260482634 -0.01067378461334556 -0.003822673623730566 -0.26602570314651075
FixedParameters: 0 0 0
#Transform 87
Transform: MatrixOffsetTransformBase_double_3_3
Parameters: 0.9999976396770471 -0.0008076564759999031 0.001925649639222058 0.0008138622556780371 0.9999946071880343 -0.0031315707253974506 -0.0019229736714441387 0.003133428867295132 0.9999934073083163 0.007468765119469367 -0.0018088822694295459 -0.2553980400166438
FixedParameters: 0 0 0
#Transform 88
Transform: MatrixOffsetTransformBase_double_3_3
Parameters: 0.9999969337992957 -0.0010518522806102293 0.0019898117994584423 0.001055583392650511 0.9999973979882937 -0.0019060305540749278 -0.001988060339319553 0.0019079691932225168 0.999996262497443 -0.0018766398292768827 -0.01676123618351255 -0.3084809291029842
FixedParameters: 0 0 0
#Transform 89
Transform: MatrixOffsetTransformBase_double_3_3
Parameters: 0.9999973317879256 -0.0008833525832981299 0.0022106513763650243 0.000891285312535878 0.9999936481293803 -0.0035541727055999756 -0.002207878796920985 0.0035568311900381483 0.9999914003688348 -0.00793924946236757 -0.014090240239511331 -0.23142485829244208
FixedParameters: 0 0 0
#Transform 90
Transform: MatrixOffsetTransformBase_double_3_3
Parameters: 0.999997262763486 -0.000931139261947994 0.002206891548886947 0.0009372103229920656 0.9999959008973573 -0.0027010700509700475 -0.002204245775589151 0.0027039286616881153 0.9999937548098129 0.005363569137031732 -0.001905656292990443 -0.3104415879668636
FixedParameters: 0 0 0
#Transform 91
Transform: MatrixOffsetTransformBase_double_3_3
Parameters: 0.9999967319402177 -0.001098072177238331 0.002250184026948672 0.0011048620269722917 0.9999950346138723 -0.002809716882841054 -0.002246395012963294 0.0028122810964978234 0.9999938938343328 -0.0031202395618947776 0.002356457630966702 -0.25568554999587434
FixedParameters: 0 0 0
#Transform 92
Transform: MatrixOffsetTransformBase_double_3_3
Parameters: 0.999995722131242 -0.0011232087229829755 0.0026487098292300457 0.001132077924728041 0.9999940625723794 -0.003143271931564884 -0.002645155224264422 0.0031457264447682515 0.9999918837140156 0.007062172164609137 -0.002980224610780624 -0.2623827548621023
FixedParameters: 0 0 0
#Transform 93
Transform: MatrixOffsetTransformBase_double_3_3
Parameters: 0.9999965746983586 -0.0012857118595134775 0.0021845555097551525 0.0012931284161826514 0.9999935404614867 -0.003464310751263175 -0.0021801533553623366 0.0034666950434049104 0.9999920147259397 -0.001020108259041308 -0.012368418360935607 -0.2814097034159744
FixedParameters: 0 0 0
#Transform 94
Transform: MatrixOffsetTransformBase_double_3_3
Parameters: 0.999997366330912 -0.0012188125200881044 0.001774595705206349 0.0012239599207682298 0.9999941436376086 -0.0030818911765287532 -0.0017704657539805782 0.0030841038739312793 0.9999932128636134 -0.005017257638087358 0.00004622132010467794 -0.24489401969054825
FixedParameters: 0 0 0
#Transform 95
Transform: MatrixOffsetTransformBase_double_3_3
Parameters: 0.9999980769693254 -0.001122991620521972 0.0016319457508930497 0.0011250569196217695 0.9999985360052313 -0.0015292266413353406 -0.0016297079596438487 0.001530775612028079 0.9999978591535975 -0.005437611799678166 -0.007735248343593071 -0.29208237280130334
FixedParameters: 0 0 0
#Transform 96
Transform: MatrixOffsetTransformBase_double_3_3
Parameters: 0.9999982432941648 -0.0009691656809133458 0.0013481765806910605 0.0009735042320902575 0.9999936537913707 -0.00338675593961299 -0.0013449288892076463 0.0033882453942356144 0.9999936391040906 -0.0037396364251804926 -0.007972604548015738 -0.1534531847987637
FixedParameters: 0 0 0
#Transform 97
Transform: MatrixOffsetTransformBase_double_3_3
Parameters: 0.9999988024053412 -0.0012283858243256661 0.001299647587431774 0.0012318592649444814 0.999995799278344 -0.002796395853329345 -0.001296031377144613 0.0027976073671708707 0.9999953566570241 0.003922485065004366 -0.010705674115357056 -0.17847405525394322
FixedParameters: 0 0 0
#Transform 98
Transform: MatrixOffsetTransformBase_double_3_3
Parameters: 0.9999983479462586 -0.0011357787593238473 0.0011673638512140613 0.0011371499562380198 0.9999974911452423 -0.0018116691998093931 -0.0011654435750210934 0.0018133296097865848 0.9999972864810723 -0.013603038868794215 -0.009979157097134816 -0.22883509188686446
FixedParameters: 0 0 0
#Transform 99
Transform: MatrixOffsetTransformBase_double_3_3
Parameters: 0.9999983333986758 -0.0010529564433192896 0.0012477329266327964 0.0010565116435876949 0.9999964808972401 -0.002543681009528842 -0.0012455624710941075 0.0025453200324260794 0.9999959035087158 -0.0017245944225692256 0.0036040630657510064 -0.20965664777888549
FixedParameters: 0 0 0
#Transform 100
Transform: MatrixOffsetTransformBase_double_3_3
Parameters: 0.9999980343438696 -0.0010811585154839897 0.0013406397064232105 0.0010821350203362324 0.9999987285486219 -0.0010826144551092376 -0.0013394294881182165 0.0010843868843115056 0.9999989578468912 -0.0029166532960545055 -0.015405495939958769 -0.24131376199220256
FixedParameters: 0 0 0
#Transform 101
Transform: MatrixOffsetTransformBase_double_3_3
Parameters: 0.9999990843544316 -0.001379433315309077 0.00011553435858147302 0.0013793856223805478 0.9999941644394356 -0.0029877729899992628 -0.0001113497386076521 0.00298822167239407 0.9999950635949716 -0.000047715545946402926 -0.011960842595158283 -0.12697453210539322
FixedParameters: 0 0 0
#Transform 102
Transform: MatrixOffsetTransformBase_double_3_3
Parameters: 0.9999987703658838 -0.0014047467677874743 0.0005060263430477788 0.0014063331532033338 0.9999937482166772 -0.0032152179975566686 -0.000502111741684309 0.003215779948531089 0.999994343210468 -0.010954629010313965 -0.0031813055541647373 -0.18708856789253048
FixedParameters: 0 0 0
#Transform 103
Transform: MatrixOffsetTransformBase_double_3_3
Parameters: 0.9999994754434941 -0.0008385142959852902 0.0009065649421034456 0.000841477108891434 0.9999940274216073 -0.0032153025016689735 -0.0009033623252174668 0.0032156963747764084 0.9999947690840001 -0.021360447564617857 -0.010378328717351337 -0.20094395628404982
FixedParameters: 0 0 0
#Transform 104
Transform: MatrixOffsetTransformBase_double_3_3
Parameters: 0.9999988264379194 -0.0012315151964516935 0.0012873169036788463 0.0012360076206958672 0.9999927756104166 -0.003582403776965712 -0.001282806550685627 0.003583593212632172 0.9999923749575661 -0.006414001580594686 -0.01697968490954338 -0.15841059507016553
FixedParameters: 0 0 0
#Transform 105
Transform: MatrixOffsetTransformBase_double_3_3
Parameters: 0.9999986247172804 -0.001238208188023789 0.0009173192036530106 0.0012401821042276817 0.9999973112723769 -0.0020538613851914106 -0.0009153564243809441 0.0020551416837724518 0.9999978714843494 -0.004720024487710361 -0.01510149183307874 -0.20533393666174504
FixedParameters: 0 0 0
#Transform 106
Transform: MatrixOffsetTransformBase_double_3_3
Parameters: 0.999998617168439 -0.0014453249070635842 0.0011371805764155772 0.0014497293213986643 0.9999923735206447 -0.0035483517408401583 -0.0011321650232528054 0.003550645947144618 0.9999930456550182 -0.013506106559646014 -0.017683183653460333 -0.17367298890931693
FixedParameters: 0 0 0
#Transform 107
Transform: MatrixOffsetTransformBase_double_3_3
Parameters: 0.999997330800634 -0.0005723273150524384 0.0020834742059046363 0.0005796456949025319 0.9999934920444954 -0.003639933410188284 -0.0020818199219268503 0.003641070394075352 0.9999913321430102 -0.00286606234440967 -0.02877879367527214 -0.16902434893420093
FixedParameters: 0 0 0
#Transform 108
Transform: MatrixOffsetTransformBase_double_3_3
Parameters: 0.999997079690882 -0.0009646930038958615 0.00223378857567065 0.0009685270446656508 0.9999978567137816 -0.0015120395586232516 -0.0022320643692451355 0.0015149584146941925 0.999996641606911 0.0011346881739200398 -0.026005715859852785 -0.1796556690145792
FixedParameters: 0 0 0
#Transform 109
Transform: MatrixOffsetTransformBase_double_3_3
Parameters: 0.9999962439691843 -0.0009869897445753213 0.002404723153459532 0.0009905813594505105 0.9999987242944142 -0.001561749944044774 -0.002402901947074701 0.0015642507408597794 0.9999956337245818 -0.010892845601333079 -0.009666046643289405 -0.06123592816597068
FixedParameters: 0 0 0
#Transform 110
Transform: MatrixOffsetTransformBase_double_3_3
Parameters: 0.9999953731550851 -0.001003508860063829 0.0027604969191244283 0.0010153670223730074 0.9999913041190305 -0.004100408515019735 -0.0027559566539088537 0.004103588433635438 0.9999874160265919 0.00887422768001045 -0.0016333533700390035 -0.22221293199999081
FixedParameters: 0 0 0
#Transform 111
Transform: MatrixOffsetTransformBase_double_3_3
Parameters: 0.999999034391556 -0.0014016904022940563 0.0010003707203363463 0.001404620061967357 0.9999932386541935 -0.003294593987740402 -0.0009963829786168359 0.0032964050033285064 0.9999940750250464 -0.01209574265786273 -0.012773519088042917 -0.09225853474445955
FixedParameters: 0 0 0
#Transform 112
Transform: MatrixOffsetTransformBase_double_3_3
Parameters: 0.9999988895647954 -0.0017622143302559582 -0.00006926908610795585 0.001762081422517628 0.9999932514204889 -0.0032609907958693757 0.00007577343246598493 0.003261006640907213 0.9999943698375073 -0.012676765116168554 -0.005672130933021435 -0.08861741912289745
FixedParameters: 0 0 0
#Transform 113
Transform: MatrixOffsetTransformBase_double_3_3
Parameters: 1.0000000796069608 -0.0008550228565081538 0.000434376139131709 0.0008568835301617662 0.9999948853504194 -0.003062629682939716 -0.00043219362678849165 0.0030633714286374264 0.9999954302666348 -0.020051217251094045 -0.00028553827488053685 -0.08527685853357525
FixedParameters: 0 0 0
#Transform 114
Transform: MatrixOffsetTransformBase_double_3_3
Parameters: 0.9999991357278194 -0.0008508179266117951 0.0003740542383770932 0.0008527869541395597 0.999992517703811 -0.0037086819130944942 -0.00037079661001059386 0.003709316383308084 0.9999931045676825 -0.004520782004235002 -0.00479115205418168 -0.11169081085996879
FixedParameters: 0 0 0
#Transform 115
Transform: MatrixOffsetTransformBase_double_3_3
Parameters: 0.99999880050723 -0.0011434351988128455 0.0009440394100607909 0.001147049225739535 0.9999934565603645 -0.003360914866981854 -0.0009405347049354297 0.0033620824218213996 0.9999937445152869 -0.007087960198518317 -0.004591365186797702 -0.12278728384873716
FixedParameters: 0 0 0
#Transform 116
Transform: MatrixOffsetTransformBase_double_3_3
Parameters: 0.9999990938913326 -0.0008943405736753191 0.0010517744821782061 0.000898637529097849 0.9999924454496849 -0.003849054756636161 -0.0010481374967821371 0.003849946565956802 0.9999920110122017 -0.008935989391659405 0.0031082302049867394 -0.12383480805513614
FixedParameters: 0 0 0
#Transform 117
Transform: MatrixOffsetTransformBase_double_3_3
Parameters: 0.9999999240766021 0.0009217089518740372 0.000475658779721251 -0.0009207043923387228 0.9999970547051502 -0.002242444744436245 -0.000477863045457266 0.002242557101813508 0.9999978117395936 0.016620748102226912 0.014970952175787033 -0.20095342338690614
FixedParameters: 0 0 0
#Transform 118
Transform: MatrixOffsetTransformBase_double_3_3
Parameters: 0.9999957976132581 -0.0004405030140324166 0.0028302083561612076 0.0004474312096509225 0.9999968450134434 -0.0024580102042660035 -0.0028285014683793516 0.0024589888860534898 0.9999928641145376 0.026176211943081285 0.02716196534161952 -0.1207868997803132
FixedParameters: 0 0 0
#Transform 119
Transform: MatrixOffsetTransformBase_double_3_3
Parameters: 0.9999871677283801 -0.0011438624117556064 0.004849699165715679 0.0011580056403895432 0.9999953016033619 -0.002772213903204368 -0.00484718868359658 0.0027777828958579914 0.9999844647585038 0.08778453402999276 0.01593794247911262 -0.1886359017154433
FixedParameters: 0 0 0
#Transform 120
Transform: MatrixOffsetTransformBase_double_3_3
Parameters: 0.9999915633792368 -0.0008354889373569474 0.00396695651724029 0.000846899658658128 0.9999955970427925 -0.0028031967901174237 -0.003964980924768747 0.0028068019135474437 0.9999882301944671 0.05287530057843526 -0.003872776547680701 -0.17570687348619174
FixedParameters: 0 0 0
#Transform 121
Transform: MatrixOffsetTransformBase_double_3_3
Parameters: 0.999994446768016 -0.00102553315732339 0.003082380479949485 0.0010372811309074953 0.9999927359333688 -0.0036531533486443835 -0.0030785820642185114 0.003656847779156855 0.9999889926210349 0.023121739933685603 -0.00929335268526188 -0.16584746219012914
FixedParameters: 0 0 0
#Transform 122
Transform: MatrixOffsetTransformBase_double_3_3
Parameters: 0.999990787211939 -0.0010933822411293456 0.004125058193678796 0.0011085923961710526 0.9999936836236858 -0.0035109898769596637 -0.004121266760887716 0.0035160110820095652 0.9999854140320962 0.04418171724940123 -0.009355602943486474 -0.20542171920156704
FixedParameters: 0 0 0
#Transform 123
Transform: MatrixOffsetTransformBase_double_3_3
Parameters: 0.999988960192254 -0.0011214431157432626 0.0045591536252870485 0.0011376411466446658 0.9999936935107875 -0.0035115143107017494 -0.004554298744109257 0.0035164882836560968 0.9999835700683184 0.05839668975272616 0.001671640449345091 -0.1992001078225627
FixedParameters: 0 0 0
#Transform 124
Transform: MatrixOffsetTransformBase_double_3_3
Parameters: 0.9999792902928606 -0.0012483406734333494 0.006336112114084889 0.0012592738394035566 0.9999981717728661 -0.001635389983177138 -0.006334676356835742 0.0016436088328017906 0.999978742541897 0.08615891641181861 0.019357425847573495 -0.23309729473506025
FixedParameters: 0 0 0
#Transform 125
Transform: MatrixOffsetTransformBase_double_3_3
Parameters: 0.9999815256071822 -0.0016156292040460922 0.005904381859827468 0.0016327722109244914 0.9999942100409895 -0.002945534574109801 -0.005900012352413962 0.0029554651030518214 0.9999779044657439 0.08392379227251467 0.006996202361875703 -0.23831946096586876
FixedParameters: 0 0 0
#Transform 126
Transform: MatrixOffsetTransformBase_double_3_3
Parameters: 0.9999822313189843 -0.0009670089089174147 0.005901983104891069 0.0009891175848024665 0.9999930940389511 -0.0036343665254866264 -0.0058982912942800005 0.0036406286846850378 0.9999756741610165 0.09970650668832093 0.0028737722227134554 -0.23740015088543487
FixedParameters: 0 0 0
#Transform 127
Transform: MatrixOffsetTransformBase_double_3_3
Parameters: 0.9999865084901327 -0.001044762523121959 0.00513829305048583 0.0010628016922766181 0.9999930385304452 -0.0034885187057855788 -0.005134155115437996 0.0034934807215216968 0.9999810955581789 0.07579895660256852 -0.003158150302326135 -0.2087558020053848
FixedParameters: 0 0 0
#Transform 128
Transform: MatrixOffsetTransformBase_double_3_3
Parameters: 0.9999885421862986 -0.0008508661756121197 0.0047677593778910855 0.0008655252308452448 0.9999955867533025 -0.002986641988767774 -0.004765577489259487 0.0029903583990877475 0.9999840930228804 0.064204146874971 0.00592025341381941 -0.22738856862406465
FixedParameters: 0 0 0
#Transform 129
Transform: MatrixOffsetTransformBase_double_3_3
Parameters: 0.9999850491112291 -0.0006126447551557614 0.005438733875643662 0.0006298717878232898 0.9999942827202827 -0.0032336345233069386 -0.005435937940913087 0.0032373641034101758 0.9999798292634917 0.08892884530982315 0.013844604553540307 -0.2330468952191609
FixedParameters: 0 0 0
#Transform 130
Transform: MatrixOffsetTransformBase_double_3_3
Parameters: 0.9999865666032273 -0.00050626155776018 0.0051162348795573635 0.0005319453506556677 0.9999883890595435 -0.00484322149889943 -0.005113835277932467 0.004845776979149161 0.9999752386049878 0.0733051994285745 -0.031168889280678513 -0.3312382643706542
FixedParameters: 0 0 0
#Transform 131
Transform: MatrixOffsetTransformBase_double_3_3
Parameters: 0.9999860217821864 -0.0005513828197608722 0.005260511071001647 0.0005736639564649804 0.9999909773102228 -0.0041019816011206855 -0.005258320397433116 0.004105007993816162 0.9999773667131728 0.07305486158278995 -0.04132827699984887 -0.301480578308329
FixedParameters: 0 0 0
#Transform 132
Transform: MatrixOffsetTransformBase_double_3_3
Parameters: 0.9999900147656681 -0.0005442725538309708 0.004437136122768897 0.0005607438604368637 0.9999933090037699 -0.003534219428998453 -0.004435247220091828 0.003536773632903667 0.9999837060630288 0.059244830458467845 -0.013317091643401113 -0.21997551360382772
FixedParameters: 0 0 0
#Transform 133
Transform: MatrixOffsetTransformBase_double_3_3
Parameters: 0.9999867056267543 -0.0010978982998390246 0.005008773431685323 0.0011103887287464286 0.9999962123430727 -0.0024263337447923278 -0.005006221012652802 0.002431664530525582 0.9999846931109782 0.06623477219460483 -0.02387651143851599 -0.1942160155266066
FixedParameters: 0 0 0
#Transform 134
Transform: MatrixOffsetTransformBase_double_3_3
Parameters: 0.9999880415877308 -0.0005234637716029543 0.00476314792614203 0.0005407530012212852 0.9999936495534637 -0.003490275197882753 -0.0047605204206692744 0.0034927235400011164 0.9999830106799115 0.07228039103748074 -0.005964122798346239 -0.21362186524210358
FixedParameters: 0 0 0
#Transform 135
Transform: MatrixOffsetTransformBase_double_3_3
Parameters: 0.9999833988255733 -0.00016660557647434906 0.005794374779840723 0.00018536430192891 0.9999943488425386 -0.0032601375029394503 -0.005793521777412373 0.003260860402233376 0.9999777880343682 0.09299222876337865 0.004405296150054028 -0.2461803419481896
FixedParameters: 0 0 0
#Transform 136
Transform: MatrixOffsetTransformBase_double_3_3
Parameters: 0.9999886778909355 -0.0005040912526588379 0.00480297683628106 0.000507568786134737 0.9999992629959042 -0.0007763806735755635 -0.004802462327229706 0.0007786200845470437 0.9999882058747084 0.06300819536693325 0.024157177055101897 -0.20121585130138442
FixedParameters: 0 0 0
#Transform 137
Transform: MatrixOffsetTransformBase_double_3_3
Parameters: 0.9999931731110803 -0.0005609837813595201 0.003537476970358509 0.0005657465474088751 0.9999988779644852 -0.0013774096054976204 -0.0035362638426008875 0.0013795896827193538 0.9999924946090205 0.04399569650034607 -0.0025263154018375644 -0.018607974253825432
FixedParameters: 0 0 0
#Transform 138
Transform: MatrixOffsetTransformBase_double_3_3
Parameters: 0.9999916047147798 -0.0007296832742502064 0.003983041632359422 0.000733442449059608 0.9999996908047337 -0.0009716210764906252 -0.003981890065383054 0.0009743807279515293 0.9999920204424195 0.05493845289763044 0.01091671540069683 -0.06001667440671099
FixedParameters: 0 0 0
#Transform 139
Transform: MatrixOffsetTransformBase_double_3_3
Parameters: 0.9999895390085936 -0.0005761147519562468 0.0045968005827534235 0.0005818032347859061 0.9999992384985219 -0.0012690772034899128 -0.004595738111749687 0.001270924958831618 0.9999890746892178 0.07047053752555144 -0.0016811256607098812 -0.10236543545417476
FixedParameters: 0 0 0
#Transform 140
Transform: MatrixOffsetTransformBase_double_3_3
Parameters: 0.9999867638114166 -0.0007805349086212133 0.005061892743487956 0.0007955823394771118 0.9999954351418123 -0.0028508824080783757 -0.0050603436266771495 0.0028551135952202267 0.9999830493231575 0.07403177608196643 0.011220485971563221 -0.17929239619772375
FixedParameters: 0 0 0
#Transform 141
Transform: MatrixOffsetTransformBase_double_3_3
Parameters: 0.9999864527775981 -0.0012061797206025478 0.005108304634255499 0.0012210488951631504 0.9999954021523327 -0.0029046684070109935 -0.0051042617813059285 0.002911335345139862 0.9999831375344761 0.07353437158347731 -0.006136226591038962 -0.24879248093563433
FixedParameters: 0 0 0
#Transform 142
Transform: MatrixOffsetTransformBase_double_3_3
Parameters: 0.9999842641289913 -0.0012050702428128388 0.005411299176920429 0.001222407584402929 0.9999944104763369 -0.003240362222943022 -0.0054076429017368526 0.0032466399695717657 0.999979812844186 0.08262659235970204 -0.008667750604161029 -0.23665966219184043
FixedParameters: 0 0 0
#Transform 143
Transform: MatrixOffsetTransformBase_double_3_3
Parameters: 0.9999871669289591 -0.0015208912805597357 0.004849779933497855 0.0015365632461397589 0.9999929832831288 -0.003334377415508502 -0.004844721051329579 0.003341624722637021 0.9999828989448272 0.06657374014730522 -0.003556946931269067 -0.24559817764699687
FixedParameters: 0 0 0
#Transform 144
Transform: MatrixOffsetTransformBase_double_3_3
Parameters: 0.9999943410520518 -0.0015130022688751952 0.0030609479378210154 0.0015192008330610354 0.9999964927049346 -0.0021186143864599383 -0.0030579857686269573 0.002123385494974775 0.9999928510290645 0.0032395287832542863 0.023866965960422704 -0.7319197884929594
FixedParameters: 0 0 0
#Transform 145
Transform: MatrixOffsetTransformBase_double_3_3
Parameters: 0.9999930812082443 -0.0018014390091327629 0.0032670713423740274 0.0017868352228166797 0.999988435340872 0.004449558327221478 -0.003275024508507442 -0.00444444388453083 0.9999850939067603 0.017581250053822828 0.10137201573743937 -1.1064344820454863
FixedParameters: 0 0 0
#Transform 146
Transform: MatrixOffsetTransformBase_double_3_3
Parameters: 0.9999938526561866 -0.0012496818647717825 0.0032534093440556317 0.0012369907622434826 0.9999913298314894 0.004053730328877389 -0.0032585424611012047 -0.004050275300903003 0.9999866851596796 0.0018110396523951522 0.023046942782229962 -0.6468798470535546
FixedParameters: 0 0 0
#Transform 147
Transform: MatrixOffsetTransformBase_double_3_3
Parameters: 0.9999885864733739 -0.0011704574181127542 0.004694891807291572 0.00115682970751489 0.9999950326957696 0.002819734459451051 -0.004698568257089146 -0.002814259593851509 0.9999846826920902 0.031853497787736273 0.03959795946337863 -0.3647843177568859
FixedParameters: 0 0 0
#Transform 148
Transform: MatrixOffsetTransformBase_double_3_3
Parameters: 0.9999826745037882 -0.0010753970901420465 0.005845446083898616 0.0010668241579881183 0.9999982146692197 0.0014131250268035467 -0.005846924835007493 -0.0014068712437896036 0.9999814836028564 0.0737259447129901 0.04232238313166192 -0.33368101740261125
FixedParameters: 0 0 0
#Transform 149
Transform: MatrixOffsetTransformBase_double_3_3
Parameters: 0.9999843837161072 -0.0011181314795984673 0.005510289765529291 0.0011077631602925474 0.9999973772256877 0.0019331342642016497 -0.005512839928115531 -0.0019268647136818778 0.9999825566267164 0.06210750589374925 0.06632634197458742 -0.3428333331853963
FixedParameters: 0 0 0
#Transform 150
Transform: MatrixOffsetTransformBase_double_3_3
Parameters: 0.9999839611389596 -0.0010614689014173222 0.005649209828853308 0.001055952141186847 0.9999992004178532 0.0010149152983202209 -0.005649946900634742 -0.0010090871131529233 0.9999837124131117 0.06613872131926257 0.07174853252645619 -0.3591070664915037
FixedParameters: 0 0 0
#Transform 151
Transform: MatrixOffsetTransformBase_double_3_3
Parameters: 0.9999800516643276 -0.0009324476478935648 0.006170651012023336 0.0009303002472756047 0.9999992505272314 0.0004194730420941928 -0.006171222809399553 -0.0004135288564076356 0.9999804541884341 0.07425339519674878 0.06320455000579273 -0.39657484805769627
FixedParameters: 0 0 0
#Transform 152
Transform: MatrixOffsetTransformBase_double_3_3
Parameters: 0.9999800095369578 -0.0007189645886188675 0.006361894746381835 0.0007197684493167 0.9999996623435322 -0.00021777315716532686 -0.0063617142513970075 0.00022223037774914134 0.9999792503916488 0.08625968349895174 0.038179021413412784 -0.3899006118661674
FixedParameters: 0 0 0
#Transform 153
Transform: MatrixOffsetTransformBase_double_3_3
Parameters: 0.9999789569284617 -0.0009818314539991478 0.00633065702788257 0.0009908156037569925 0.999998325246474 -0.00141009896184853 -0.006329478480348367 0.0014168995509929866 0.9999786356766195 0.08563125448567632 -0.0031606338963570124 -0.3159346730477921
FixedParameters: 0 0 0
#Transform 154
Transform: MatrixOffsetTransformBase_double_3_3
Parameters: 0.9999808841521718 -0.0009658002895501014 0.00609808146229153 0.0009730962385192825 0.9999990482356238 -0.0011683597098458703 -0.006096287100920465 0.0011736400363901028 0.9999810934081436 0.089748900829008 0.00930566005999367 -0.29171561717002703
FixedParameters: 0 0 0
#Transform 155
Transform: MatrixOffsetTransformBase_double_3_3
Parameters: 0.9999844692734783 -0.0007698549323505684 0.005561884164097197 0.0007743042518678198 0.9999987449893036 -0.0009297839489620929 -0.005561850770631966 0.0009342194836478579 0.9999839870191441 0.06213295087391657 0.018820708073207015 -0.344899205145893
FixedParameters: 0 0 0
#Transform 156
Transform: MatrixOffsetTransformBase_double_3_3
Parameters: 0.9999783736778588 -0.0005395726655823595 0.006506657932661753 0.0005579493501880501 0.9999960657135907 -0.002790849171205839 -0.006504817340998061 0.002794148677048164 0.9999747116611711 0.08815200627171293 0.017339110596438445 -0.31708806004230894
FixedParameters: 0 0 0
#Transform 157
Transform: MatrixOffsetTransformBase_double_3_3
Parameters: 0.9999816582709226 -0.0011658692086227503 0.005998448901008644 0.0011724427737517412 0.9999987911090876 -0.0011211864803180038 -0.005997293236072267 0.0011278148772728008 0.9999813381353778 0.0858185411575505 0.0007926256517549746 -0.41533459726055355
FixedParameters: 0 0 0
#Transform 158
Transform: MatrixOffsetTransformBase_double_3_3
Parameters: 0.9999824718490868 -0.0012186426433605656 0.005834604007811675 0.0012256058081132918 0.9999985094094629 -0.001186000383606195 -0.005833170339545249 0.0011929990768374532 0.9999821325936047 0.07834636690643038 0.0012789038944447384 -0.36188666302595607
FixedParameters: 0 0 0
#Transform 159
Transform: MatrixOffsetTransformBase_double_3_3
Parameters: 0.9999778713897489 -0.000934155845452201 0.006577062411237979 0.0009526880357904956 0.9999957450630572 -0.0027662748756587946 -0.006574058685448463 0.0027727241155932197 0.9999747858704154 0.09656492369970238 0.003929479551516124 -0.3322989918801511
FixedParameters: 0 0 0
#Transform 160
Transform: MatrixOffsetTransformBase_double_3_3
Parameters: 0.9999789882943254 -0.0005052628983101893 0.006538834098344154 0.0005105363844254433 0.9999991024792275 -0.0008591728241930108 -0.0065383675762497135 0.0008628290651188225 0.9999784031552462 0.09424874547858053 0.012974638193583132 -0.3674252539147176
FixedParameters: 0 0 0
#Transform 161
Transform: MatrixOffsetTransformBase_double_3_3
Parameters: 0.999976635947811 -0.0008435938605493266 0.006829994107762236 0.0008533682070625989 0.9999984503046099 -0.001437825235806156 -0.006829226590069284 0.001444176305562317 0.9999760326278789 0.11010904899686125 0.012941102579063113 -0.32106078231946356
FixedParameters: 0 0 0
#Transform 162
Transform: MatrixOffsetTransformBase_double_3_3
Parameters: 0.9999795242282274 -0.0008847983902888611 0.006300001948912588 0.0009061633771447511 0.9999937462885455 -0.003424703802249948 -0.006297355053599322 0.0034302980843933933 0.9999742821139006 0.09517878534134638 0.003863890201913023 -0.37974821316701934
FixedParameters: 0 0 0
#Transform 163
Transform: MatrixOffsetTransformBase_double_3_3
Parameters: 0.9999790730549074 -0.00095723962028756 0.006404075889308354 0.0009741842150317988 0.9999957913786169 -0.002561224690822969 -0.006401208619474894 0.0025677688007906124 0.9999761282132605 0.10099482442966234 0.006572594707094481 -0.3357905235798455
FixedParameters: 0 0 0
#Transform 164
Transform: MatrixOffsetTransformBase_double_3_3
Parameters: 0.9999808747108099 -0.000777514440868563 0.0062065007047964315 0.0007942507810529353 0.9999958218002921 -0.0027874040901508385 -0.006204337385771859 0.002792597577973094 0.9999764845232834 0.10236049308383599 0.014162228849158964 -0.2508840624927302
FixedParameters: 0 0 0
#Transform 165
Transform: MatrixOffsetTransformBase_double_3_3
Parameters: 0.9999773952419744 -0.000828007613450302 0.006627165705593753 0.000848186081006541 0.9999948488867442 -0.0029449961057462642 -0.006624514190201547 0.002950999507555216 0.9999741647290002 0.09961764862288192 0.006545889028558349 -0.29962293635973936
FixedParameters: 0 0 0
#Transform 166
Transform: MatrixOffsetTransformBase_double_3_3
Parameters: 0.9999789424349684 -0.0009988550674468765 0.006485515600589893 0.0010158279351011306 0.9999958668322958 -0.002530945436588883 -0.006482495247418762 0.002538050838626696 0.9999762280730117 0.10703251698403449 0.016182798688518574 -0.31402072079114873
FixedParameters: 0 0 0
#Transform 167
Transform: MatrixOffsetTransformBase_double_3_3
Parameters: 0.9999780087893533 -0.000744548804579678 0.006590659229113013 0.0007663071802249168 0.999994194872052 -0.003384509398480562 -0.006588103922710422 0.003389497902262839 0.9999728700365854 0.10885089125569891 0.005551036558543387 -0.3069350536543993
FixedParameters: 0 0 0
#Transform 168
Transform: MatrixOffsetTransformBase_double_3_3
Parameters: 0.9999813002100439 -0.0008050025897975676 0.006086635825908018 0.0008246083984802576 0.999994068451471 -0.003236320853777397 -0.006084713126536432 0.0032416781647201798 0.9999762492671423 0.0947993422129656 -0.0021971725631573236 -0.3245611215185136
FixedParameters: 0 0 0
#Transform 169
Transform: MatrixOffsetTransformBase_double_3_3
Parameters: 0.9999798848031364 -0.001212025356123977 0.006135449780001271 0.00122507246001241 0.9999964922735967 -0.0021057888473442754 -0.006133188233925882 0.0021132066238676167 0.999978492461861 0.11022939969794265 -0.0074220702148721784 -0.34811770208197856
FixedParameters: 0 0 0
#Transform 170
Transform: MatrixOffsetTransformBase_double_3_3
Parameters: 0.9999811697731137 -0.0013093333639154813 0.0060093057719963 0.0013260108709847083 0.9999953989016159 -0.002695280339529177 -0.00600627287677035 0.0027037164985013046 0.9999781961152872 0.09825473145274088 -0.0017400280455461825 -0.29636783401386424
FixedParameters: 0 0 0
#Transform 171
Transform: MatrixOffsetTransformBase_double_3_3
Parameters: 0.9999775991265789 -0.0011234680766505109 0.006568052641259782 0.0011459693723707498 0.9999942685936918 -0.003294947976917706 -0.00656399049453409 0.0033020455934339443 0.999972570049193 0.11851765841235817 0.0029019256592732745 -0.3309709338049771
FixedParameters: 0 0 0
#Transform 172
Transform: MatrixOffsetTransformBase_double_3_3
Parameters: 0.9999815066532163 -0.0011362207395344726 0.005932800492256713 0.0011470167943220015 0.9999977940683709 -0.0018204272851507913 -0.00593138050653572 0.0018265751576847372 0.9999810622099363 0.0967524293764086 -0.013197341090460668 -0.35616070685945544
FixedParameters: 0 0 0
#Transform 173
Transform: MatrixOffsetTransformBase_double_3_3
Parameters: 0.9999801274943988 -0.0011043742863713626 0.006136281343876462 0.0011232531965395874 0.9999941708927724 -0.0031504382127084812 -0.006132610989273807 0.0031575620685117822 0.9999760609258403 0.10784077087271271 0.007740637193847988 -0.33271792147456836
FixedParameters: 0 0 0
#Transform 174
Transform: MatrixOffsetTransformBase_double_3_3
Parameters: 0.9999822036674896 -0.0010283306240318523 0.0058941866036406965 0.001042056481419855 0.9999967840488863 -0.002341033981907062 -0.005891283465742726 0.002346964196164994 0.9999794308376599 0.08231509961305505 0.024009849105638637 -0.36714436343390844
FixedParameters: 0 0 0
#Transform 175
Transform: MatrixOffsetTransformBase_double_3_3
Parameters: 0.9999765968361113 -0.0007608984652713862 0.00676970157828206 0.0007783619626886895 0.9999961828501774 -0.0025403394355428682 -0.006766943445514579 0.0025456548460972006 0.9999734801317148 0.11294178631808904 0.01772589629376853 -0.30504259691370805
FixedParameters: 0 0 0
#Transform 176
Transform: MatrixOffsetTransformBase_double_3_3
Parameters: 0.9999778506239936 -0.0011422994048987092 0.00654565732030013 0.0011621869626429258 0.9999943732851327 -0.0031059364390695343 -0.006541913950774513 0.003114067986574709 0.9999741328651388 0.10294465991812274 0.005174588840915817 -0.30063681141868415
FixedParameters: 0 0 0
#Transform 177
Transform: MatrixOffsetTransformBase_double_3_3
Parameters: 0.999975701964503 -0.0009043210034504544 0.006962826637720469 0.0009238816208233169 0.9999958530225719 -0.002758249110879435 -0.006960067959909279 0.002764746814743632 0.9999715969716532 0.11325321553005097 0.008868561296395683 -0.3015028552850083
FixedParameters: 0 0 0
#Transform 178
Transform: MatrixOffsetTransformBase_double_3_3
Parameters: 0.9999760546393294 -0.0005148136851807846 0.00690513047371163 0.0005348156908400162 0.9999955309955426 -0.0028919993180601955 -0.006903453640468215 0.002894998434719326 0.999971778730285 0.12313750148155123 0.003664770723418087 -0.2956545547146163
FixedParameters: 0 0 0
#Transform 179
Transform: MatrixOffsetTransformBase_double_3_3
Parameters: 0.9999741935133444 -0.0009387902729582522 0.007065950113650864 0.0009605599803953547 0.9999948721742319 -0.0030859738478070664 -0.007062575996502731 0.003093026446341754 0.9999702310295783 0.1220537706720819 0.008671864238706917 -0.29155298027690435
FixedParameters: 0 0 0
#Transform 180
Transform: MatrixOffsetTransformBase_double_3_3
Parameters: 0.9999699928681096 -0.0009404649950683124 0.0076892593021551095 0.0009666748371140939 0.9999943892259284 -0.0033186204118894613 -0.0076856207801220796 0.0033263737211540606 0.9999645252574133 0.12738397395973777 -0.00006639035726152542 -0.3286197431408908
FixedParameters: 0 0 0
#Transform 181
Transform: MatrixOffsetTransformBase_double_3_3
Parameters: 0.999971003329556 -0.0012202560382663474 0.007450296328125068 0.0012416744762034273 0.999994984032265 -0.002830700562811053 -0.0074467403378317976 0.0028392940721816973 0.9999679446012123 0.13215653815188944 0.013330929313141837 -0.32500299359791995
FixedParameters: 0 0 0
#Transform 182
Transform: MatrixOffsetTransformBase_double_3_3
Parameters: 0.9999660950161589 -0.0012137303423630334 0.008150648815609418 0.0012423840454865531 0.9999930567536303 -0.003459270789679336 -0.0081460404693082 0.0034687256259142013 0.9999610392037788 0.13189800347842606 0.0033240046136455703 -0.2855434998615465
FixedParameters: 0 0 0
#Transform 183
Transform: MatrixOffsetTransformBase_double_3_3
Parameters: 0.9999716974921059 -0.0011135356824608924 0.007487248676333726 0.0011339853410319537 0.9999959724405704 -0.0026854637123564645 -0.0074845595525849466 0.0026935349163744737 0.9999682580013082 0.12276718115812457 0.00020624178321781983 -0.31910185871024055
FixedParameters: 0 0 0
#Transform 184
Transform: MatrixOffsetTransformBase_double_3_3
Parameters: 0.9999684740209378 -0.0008313976688508843 0.00792675176188074 0.000855622874329324 0.9999950453982138 -0.003094475543899633 -0.007924224193371023 0.00310053107876071 0.9999642392393037 0.12544720710026525 0.013117824932066924 -0.2982715949543717
FixedParameters: 0 0 0
#Transform 185
Transform: MatrixOffsetTransformBase_double_3_3
Parameters: 0.9999692279075136 -0.0011394340545476222 0.007776414529122654 0.0011624900215592322 0.9999946112150785 -0.003073071030232133 -0.007773024819226868 0.0030829337312260896 0.9999646681728183 0.1263562338636035 -0.0034547112771861066 -0.32524756042411695
FixedParameters: 0 0 0
#Transform 186
Transform: MatrixOffsetTransformBase_double_3_3
Parameters: 0.999973785822332 -0.001421737193447061 0.007154841309953471 0.001436952442506047 0.9999970696792498 -0.0020944432162273846 -0.007151853569219689 0.0021055553509702757 0.9999718960194529 0.12249147026970775 -0.018305505350738827 -0.3840011324768824
FixedParameters: 0 0 0
#Transform 187
Transform: MatrixOffsetTransformBase_double_3_3
Parameters: 0.9999712841183223 -0.0012693605238127364 0.0074235904338011355 0.0012950559610916093 0.9999933773733037 -0.0035322910690494674 -0.007418351712007328 0.003541713062805832 0.9999658855595591 0.13707191158135856 -0.00013869408672917416 -0.31341565873461263
FixedParameters: 0 0 0
#Transform 188
Transform: MatrixOffsetTransformBase_double_3_3
Parameters: 0.9999733500593138 -0.0011140596620274675 0.0071700453090747344 0.0011392222791577395 0.9999930413308725 -0.0034816628946549993 -0.007165887122670089 0.0034893322635275864 0.9999680109312893 0.12100644149282402 -0.008903190211867695 -0.3654180876814763
FixedParameters: 0 0 0
#Transform 189
Transform: MatrixOffsetTransformBase_double_3_3
Parameters: 0.9999780524930753 -0.0009603275962778511 0.006635171529618381 0.0009874940571000979 0.9999908804436711 -0.004065081300901122 -0.006631079459315924 0.004070917177696282 0.999970074298922 0.11184744075055164 0.0036903208828533707 -0.27967587947412653
FixedParameters: 0 0 0
#Transform 190
Transform: MatrixOffsetTransformBase_double_3_3
Parameters: 0.999977214927887 -0.0009594600275218427 0.006622961101941065 0.000982731810244419 0.9999931815711207 -0.003627053165083702 -0.006619605614087506 0.003633955178241055 0.9999716718840096 0.10582937921246582 -0.017974188111395506 -0.36093029547080846
FixedParameters: 0 0 0
#Transform 191
Transform: MatrixOffsetTransformBase_double_3_3
Parameters: 0.999972138234887 -0.0010523785222156686 0.007399536778414387 0.0010788696333361627 0.9999928403569819 -0.0035309908762756193 -0.007395767532582873 0.003538003582632232 0.9999663120905157 0.12210655975393081 -0.0020879051758413425 -0.2936421284666437
FixedParameters: 0 0 0
#Transform 192
Transform: MatrixOffsetTransformBase_double_3_3
Parameters: 0.9999766642205427 -0.0014237349872050498 0.006656259937000565 0.0014490284059366578 0.9999914217090743 -0.003749969119810015 -0.0066511651103610455 0.003759027249384289 0.9999710495590586 0.11348515397305903 -0.010804523375099961 -0.3366123235459213
FixedParameters: 0 0 0
#Transform 193
Transform: MatrixOffsetTransformBase_double_3_3
Parameters: 0.9999754038816776 -0.001181237443821326 0.006869933667637096 0.0012035858145682172 0.999994248856506 -0.0032783484586695194 -0.006866662774382861 0.0032866531830656326 0.9999706050876364 0.11625639892719164 0.01162951556263181 -0.2728836271054149
FixedParameters: 0 0 0
#Transform 194
Transform: MatrixOffsetTransformBase_double_3_3
Parameters: 0.9999731923168268 -0.0015476148274988694 0.007169970546028237 0.0015726104597540323 0.9999927029524017 -0.0033895414530759616 -0.007165000321540323 0.0034004513938095254 0.9999684369623253 0.11890563329512815 -0.008276592038725994 -0.26628902780429087
FixedParameters: 0 0 0
#Transform 195
Transform: MatrixOffsetTransformBase_double_3_3
Parameters: 0.9999747563566732 -0.0009281155666583412 0.007097696943737671 0.0009495923297806488 0.9999952029849086 -0.003047016324781965 -0.00709546156427787 0.003052985918941653 0.9999699480835332 0.12688005912347933 0.0022242986476612714 -0.26151823373979255
FixedParameters: 0 0 0
#Transform 196
Transform: MatrixOffsetTransformBase_double_3_3
Parameters: 0.999972423514971 -0.0008891443448013225 0.007334129410517047 0.0009194128658520465 0.999991249420827 -0.004029182917990759 -0.0073298063999877065 0.004035806891839577 0.9999646514468538 0.13192810981952618 0.0033549990682217867 -0.26846090963439906
FixedParameters: 0 0 0
#Transform 197
Transform: MatrixOffsetTransformBase_double_3_3
Parameters: 0.9999756392135445 -0.0014774982751583972 0.006795502816662063 0.0015122896251413102 0.9999863325699464 -0.005102374098489862 -0.006787602651525916 0.005111632317547868 0.9999641427426949 0.12047634325128342 -0.045845356905758194 -0.3840805751855214
FixedParameters: 0 0 0
#Transform 198
Transform: MatrixOffsetTransformBase_double_3_3
Parameters: 0.9999742057914277 -0.0011055977269519917 0.007111446313625325 0.0011296841195244207 0.9999933869525076 -0.003434797397901909 -0.007107455928688887 0.0034422069174228492 0.9999691718837569 0.129797357789613 -0.0018724553183062653 -0.2626037244874908
FixedParameters: 0 0 0
#Transform 199
Transform: MatrixOffsetTransformBase_double_3_3
Parameters: 0.9999754498322435 -0.00127443799905141 0.0068503065062737204 0.0013000294817250603 0.9999921922315993 -0.0038157251137907883 -0.0068453000505051525 0.0038252796637995717 0.9999690646813687 0.1218170240398706 -0.009091809652488791 -0.2236448216946627
FixedParameters: 0 0 0
#Transform 200
Transform: MatrixOffsetTransformBase_double_3_3
Parameters: 0.9999774972652796 -0.0014627758918158108 0.006585211953826492 0.0014854632411534336 0.9999929450796633 -0.003369759212859494 -0.006579750885742652 0.003380236009919435 0.9999727706280374 0.12188532423733989 -0.0059403424764354895 -0.3096850499300814
FixedParameters: 0 0 0
#Transform 201
Transform: MatrixOffsetTransformBase_double_3_3
Parameters: 0.9999790998600316 -0.0012137577232631976 0.006436350484363748 0.0012381440827647077 0.9999923553191589 -0.00381344660861363 -0.006431683650836055 0.0038215543590612716 0.9999715975059328 0.1057390567248575 -0.001470816430455102 -0.30935747784577927
FixedParameters: 0 0 0
#Transform 202
Transform: MatrixOffsetTransformBase_double_3_3
Parameters: 0.9999777841680926 -0.0017109272177577208 0.006425635019681491 0.001741578941012562 0.9999869734589991 -0.004757303406738592 -0.006417285027074342 0.004768697908215297 0.9999684376061706 0.10933760674691939 -0.04578898639412898 -0.3747640737400957
FixedParameters: 0 0 0
#Transform 203
Transform: MatrixOffsetTransformBase_double_3_3
Parameters: 0.9999766553576487 -0.0014272204095224514 0.006656262121224157 0.001454521246451718 0.9999906606519733 -0.003975938734025006 -0.0066505503119633136 0.00398505573226976 0.9999703054748754 0.115394570357509 -0.029416373752752634 -0.31943236160849153
FixedParameters: 0 0 0
#Transform 204
Transform: MatrixOffsetTransformBase_double_3_3
Parameters: 0.9999788211495944 -0.0016436612359130582 0.006283265119634478 0.0016672641051076191 0.9999922465756934 -0.0036788598720404186 -0.006276620922449826 0.003690138779405175 0.9999734231204653 0.10753077822691637 -0.014245515123079144 -0.2801951480249443
FixedParameters: 0 0 0
#Transform 205
Transform: MatrixOffsetTransformBase_double_3_3
Parameters: 0.9999765158791452 -0.0012061509182941152 0.006784213267405272 0.0012291086300889405 0.9999936805831213 -0.0033652740262217623 -0.006780566175459309 0.0033727251763173427 0.9999711346431197 0.11961419920234562 -0.004067016661551293 -0.3005531064486604
FixedParameters: 0 0 0
#Transform 206
Transform: MatrixOffsetTransformBase_double_3_3
Parameters: 0.9999754884704174 -0.001288802061097547 0.006917403917197603 0.0013138785534903743 0.9999923261736925 -0.003669602112111703 -0.006912602971092933 0.003678398273323155 0.9999691653180369 0.1226711169363881 -0.0019985494164700413 -0.27946919829449257
FixedParameters: 0 0 0
#Transform 207
Transform: MatrixOffsetTransformBase_double_3_3
Parameters: 0.9999763959289149 -0.0011942091350656881 0.0067953007170521605 0.0012194567741628543 0.9999919123709785 -0.003748408539660325 -0.006791004745956022 0.0037565942734483354 0.9999703206008198 0.10556721118386747 -0.017802531405664013 -0.34940506350609724
FixedParameters: 0 0 0
#Transform 208
Transform: MatrixOffsetTransformBase_double_3_3
Parameters: 0.9999756513919724 -0.001316918906203977 0.006827552363803362 0.0013436259183611794 0.9999919827052527 -0.0038374523101442765 -0.006822091839367568 0.003846544406063898 0.9999691463056132 0.12217198361173587 -0.006307772877192974 -0.2820040648605726
FixedParameters: 0 0 0
#Transform 209
Transform: MatrixOffsetTransformBase_double_3_3
Parameters: 0.9999846665863787 -0.0018983905090245667 0.005170333457992327 0.0019162779551840886 0.9999915542160216 -0.003527983943095614 -0.005163138712901665 0.0035370125074146858 0.9999801550038065 0.09678598286690487 -0.016689057605859148 -0.2606530014107733
FixedParameters: 0 0 0
#Transform 210
Transform: MatrixOffsetTransformBase_double_3_3
Parameters: 0.9999844492686897 -0.0020689993822268805 0.005125865537672674 0.002085376733679544 0.9999923389198541 -0.0033131329470486998 -0.005118291787111127 0.0033238669063706122 0.9999810852359761 0.10400350381061685 0.007762237993006238 -0.23844764196182666
FixedParameters: 0 0 0
#Transform 211
Transform: MatrixOffsetTransformBase_double_3_3
Parameters: 0.9999797689462426 -0.001285588605418156 0.006291025261541906 0.0013068957045953983 0.9999935724077252 -0.0033391818405960477 -0.006286778547558542 0.0033478178855180507 0.9999748382619933 0.11175813835471615 0.0012324945565893586 -0.26332205670807696
FixedParameters: 0 0 0
#Transform 212
Transform: MatrixOffsetTransformBase_double_3_3
Parameters: 0.9999789654508668 -0.0013611310595199886 0.006338637022181166 0.0013851588910546381 0.9999924462136591 -0.0037596314670717973 -0.0063339229466632405 0.003768374164952945 0.9999731834262141 0.11411177172014675 -0.018290855095827396 -0.33382265431961855
FixedParameters: 0 0 0
#Transform 213
Transform: MatrixOffsetTransformBase_double_3_3
Parameters: 0.9999777199295079 -0.0013493510594347643 0.0065157773654633015 0.001373988707762786 0.9999923236825147 -0.0037805303737250967 -0.006511160493485828 0.003789474502012974 0.9999717433588956 0.12145329361844404 -0.006783907620388163 -0.24751663786531708
FixedParameters: 0 0 0
#Transform 214
Transform: MatrixOffsetTransformBase_double_3_3
Parameters: 0.9999752735730332 -0.001608505418866972 0.0067927117260577685 0.0016286551692968952 0.9999943974579849 -0.00293253219117047 -0.00678755416902812 0.002943465827865102 0.9999726121851811 0.12171448354801839 0.0019757323475744215 -0.29095974911575695
FixedParameters: 0 0 0
#Transform 215
Transform: MatrixOffsetTransformBase_double_3_3
Parameters: 0.9999777956521951 -0.0013500161164027556 0.006586452817105568 0.0013719380200841946 0.999993660624928 -0.003311505094504133 -0.00658191607958825 0.0033204969558238567 0.999973142999428 0.11397181361348885 -0.007189639061024877 -0.24518466815995055
FixedParameters: 0 0 0
#Transform 216
Transform: MatrixOffsetTransformBase_double_3_3
Parameters: 0.9999778897018193 -0.0012475434322179217 0.0065233433842299664 0.0012723323802815362 0.9999924277470422 -0.0037931876711286283 -0.006518467444361665 0.003801816024994936 0.9999716195064698 0.11204550132789848 -0.025060243129743753 -0.2498208684980625
FixedParameters: 0 0 0
#Transform 217
Transform: MatrixOffsetTransformBase_double_3_3
Parameters: 0.9999764762638463 -0.0016730254472877848 0.006612404574608717 0.001698832697050227 0.9999911479633172 -0.00395924218762593 -0.006605861476334772 0.003969760824502955 0.9999698932794238 0.11001552329454967 -0.03748449019708744 -0.2946056584794263
FixedParameters: 0 0 0
#Transform 218
Transform: MatrixOffsetTransformBase_double_3_3
Parameters: 0.9999749317390455 -0.0012101751438962634 0.006899347423841175 0.0012347330508072347 0.9999931857893355 -0.003569176655136938 -0.006895303838956137 0.003577829336050678 0.9999702057289418 0.12401302658609836 -0.010371719021719628 -0.25063041941663755
FixedParameters: 0 0 0
#Transform 219
Transform: MatrixOffsetTransformBase_double_3_3
Parameters: 0.999974864735038 -0.0013059200603946215 0.007030687152406086 0.001333218995504933 0.9999920049251175 -0.003839395934397319 -0.0070253716007427115 0.0038486067994842055 0.9999683066404734 0.11813922820843459 -0.010659083750908849 -0.28206015984724786
FixedParameters: 0 0 0
#Transform 220
Transform: MatrixOffsetTransformBase_double_3_3
Parameters: 0.9999730093260176 -0.0014079400904848409 0.007142145847353999 0.0014338158580107182 0.9999925115273787 -0.0036095886218801 -0.007136635598877896 0.0036194135258951626 0.9999683681388316 0.13229292989231567 -0.022895944951784486 -0.3078336175782681
FixedParameters: 0 0 0
#Transform 221
Transform: MatrixOffsetTransformBase_double_3_3
Parameters: 0.9999748666104631 -0.0014741491571436233 0.006852917075265963 0.0015025012161134956 0.9999904349483751 -0.004229337853185272 -0.006846343422592753 0.004239670468893411 0.9999675690450156 0.1237162173528219 -0.004975383660976718 -0.27555675489344367
FixedParameters: 0 0 0
#Transform 222
Transform: MatrixOffsetTransformBase_double_3_3
Parameters: 0.9999745529669856 -0.0011898988696134108 0.007002167247934309 0.0012168689103373585 0.9999911780502171 -0.003974252628924896 -0.006997557254585229 0.003982753324867569 0.9999677174440541 0.12954736994093707 -0.01942447440245587 -0.30434895057211975
FixedParameters: 0 0 0
#Transform 223
Transform: MatrixOffsetTransformBase_double_3_3
Parameters: 0.9999754106177916 -0.0011056176915022267 0.006954282771406259 0.0011313244885465072 0.9999925128115941 -0.003695827762015297 -0.006950768535189279 0.0037031694756183287 0.99996852478317 0.1184386749434907 -0.014840924803962707 -0.2984486935441737
FixedParameters: 0 0 0
#Transform 224
Transform: MatrixOffsetTransformBase_double_3_3
Parameters: 0.9999768357440435 -0.001052850353216251 0.006786679713346029 0.0010819364835271692 0.9999900394491329 -0.004262296649763214 -0.006781540373193438 0.004269695078542926 0.9999673982235852 0.12085005771596968 -0.02576285220061436 -0.29045537603300886
FixedParameters: 0 0 0
#Transform 225
Transform: MatrixOffsetTransformBase_double_3_3
Parameters: 0.9999750505408909 -0.0012304605524404884 0.0068873493824636684 0.0012578501860554827 0.9999909459657209 -0.003999033447674258 -0.006882285999768282 0.004006963629587149 0.9999680560483933 0.11750770969793223 -0.0052692618956342585 -0.3082595002193784
FixedParameters: 0 0 0
#Transform 226
Transform: MatrixOffsetTransformBase_double_3_3
Parameters: 0.9999742996808922 -0.001416820869700365 0.006978172180534097 0.0014416719929161098 0.9999929085862952 -0.003549626002624401 -0.00697270494217825 0.003559373157858578 0.9999691217569896 0.12335597205920124 -0.015610023519002425 -0.28769984705039064
FixedParameters: 0 0 0
#Transform 227
Transform: MatrixOffsetTransformBase_double_3_3
Parameters: 0.9999768760743167 -0.0012134063235508003 0.006682243909317946 0.001242885445880055 0.9999895972421785 -0.004278329277288384 -0.006676622148962047 0.004286660996362018 0.9999685986703929 0.10970576857454262 -0.008589019032058332 -0.26901334803237376
FixedParameters: 0 0 0
#Transform 228
Transform: MatrixOffsetTransformBase_double_3_3
Parameters: 0.9999797545506814 -0.0013009844606791862 0.006209191853292467 0.0013243821765397206 0.999991960238817 -0.0037131810012109856 -0.006203990640906935 0.003720816996978654 0.9999741617681374 0.10550649504213538 -0.032717039088211664 -0.29749002813244374
FixedParameters: 0 0 0
#Transform 229
Transform: MatrixOffsetTransformBase_double_3_3
Parameters: 0.9999749320134921 -0.0011392785051599417 0.006983301179644039 0.0011667273720423865 0.9999920623619099 -0.0038765545334053797 -0.006979182051055302 0.0038844426606929466 0.999967752611815 0.11805736464023653 -0.007007618281647865 -0.2620727224918227
FixedParameters: 0 0 0
#Transform 230
Transform: MatrixOffsetTransformBase_double_3_3
Parameters: 0.9999784503082491 -0.001368535817591539 0.006377854525410714 0.0013970220477505678 0.9999891966723662 -0.004399582304415325 -0.0063715699800499185 0.004408417706209894 0.9999704626032828 0.10678269009278551 -0.02846659715882538 -0.31705969334090867
FixedParameters: 0 0 0
#Transform 231
Transform: MatrixOffsetTransformBase_double_3_3
Parameters: 0.9999927821495511 -0.0015883730309604294 0.003419702766708532 0.001597898942955992 0.9999949084992378 -0.00281087173080731 -0.003415409031501497 0.0028161287359936144 0.9999900419969461 0.00793251264376238 0.026329882399721782 -0.7043309544771716
FixedParameters: 0 0 0
#Transform 232
Transform: MatrixOffsetTransformBase_double_3_3
Parameters: 0.9999903428898663 -0.0011964131864891276 0.0041503752081830225 0.0011976831417878377 0.9999988567258239 -0.00015062273001671678 -0.004150008911129442 0.00015537430775111605 0.9999914393463686 0.011021155665233096 0.00771228203791452 -0.7321693675422409
FixedParameters: 0 0 0
#Transform 233
Transform: MatrixOffsetTransformBase_double_3_3
Parameters: 0.9999830092116523 -0.002074685400585607 0.00544859152471326 0.0020682353325583488 0.9999971109733212 0.0011343795722670996 -0.005450863390330223 -0.0011226183221606234 0.999984351193901 0.06527921070257037 0.009616922660399041 -0.5638673187678762
FixedParameters: 0 0 0
#Transform 234
Transform: MatrixOffsetTransformBase_double_3_3
Parameters: 0.9999801814797793 -0.001456148875643784 0.006057704840608871 0.0014605914072178133 0.9999989546178333 -0.0006863546231124229 -0.006056960558400395 0.0006946443430594501 0.9999812732728586 0.08887697552489726 0.008110447113580221 -0.43847196888393114
FixedParameters: 0 0 0
#Transform 235
Transform: MatrixOffsetTransformBase_double_3_3
Parameters: 0.9999821037935789 -0.001249123405804218 0.005859658215680082 0.001256661537743549 0.9999983266438782 -0.0012297883364792844 -0.005858041093519763 0.0012372085919498538 0.9999817340806573 0.09128993405782637 -0.0025023016665954856 -0.34667667466337093
FixedParameters: 0 0 0
#Transform 236
Transform: MatrixOffsetTransformBase_double_3_3
Parameters: 0.9999819128319871 -0.0010320523803327357 0.006001959001790816 0.0010529598419551152 0.9999935940998227 -0.0035569518639907705 -0.005998027970009963 0.0035630561963054946 0.9999759711882633 0.09398185286612204 0.013298413559709843 -0.31654145862833616
FixedParameters: 0 0 0
#Transform 237
Transform: MatrixOffsetTransformBase_double_3_3
Parameters: 0.999977574544858 -0.0005515896989425275 0.006717354970689346 0.0005716355249141495 0.9999954715259057 -0.003049722176706182 -0.006715355152754959 0.00305428053559062 0.9999724733481333 0.10572030899015772 0.014755957553902022 -0.31768699733508754
FixedParameters: 0 0 0
#Transform 238
Transform: MatrixOffsetTransformBase_double_3_3
Parameters: 0.9999757137064151 -0.0010945439096112161 0.006934382232516073 0.0011146667013879235 0.999995342374578 -0.0028049435633075853 -0.0069314652458955985 0.0028120491429265704 0.999971595782552 0.1282160864867734 0.024785183457751714 -0.32379473338717446
FixedParameters: 0 0 0
#Transform 239
Transform: MatrixOffsetTransformBase_double_3_3
Parameters: 0.9999704384158691 -0.0007227457085174285 0.007618095791500017 0.0007448320234572331 0.9999954022903899 -0.0028833670852556614 -0.007616354317666506 0.00288862888843143 0.999966377866729 0.1310237456329162 0.019346460088314643 -0.2909810166314202
FixedParameters: 0 0 0
#Transform 240
Transform: MatrixOffsetTransformBase_double_3_3
Parameters: 0.9999718563281995 -0.0003844654474804072 0.007482781196249872 0.00041019679613816433 0.9999935167052276 -0.0035179323696253456 -0.007481820747618526 0.0035210690862978733 0.9999655654330132 0.11978639645992928 -0.00406413895275648 -0.36319079456188774
FixedParameters: 0 0 0
#Transform 241
Transform: MatrixOffsetTransformBase_double_3_3
Parameters: 0.9999694565657767 -0.000015066259055067973 0.0077808043871891355 0.00004951268436251597 0.9999904883169891 -0.004401803781039423 -0.0077808372562031035 0.004402197794695445 0.99996021225949 0.10567336533753746 -0.011189455111932034 -0.37740617492258366
FixedParameters: 0 0 0
#Transform 242
Transform: MatrixOffsetTransformBase_double_3_3
Parameters: 0.9999726713781364 -0.00018424321512971868 0.007368367360670378 0.00021295292909418958 0.9999920753138783 -0.0038474493878050547 -0.007367745461006341 0.0038495482260133135 0.9999659736576179 0.10891559239844639 -0.017073768335251316 -0.3918241092655137
FixedParameters: 0 0 0
#Transform 243
Transform: MatrixOffsetTransformBase_double_3_3
Parameters: 0.9999758327495227 -0.00011042315315896523 0.006939116866408804 0.00013908705087902547 0.9999916954283123 -0.004154775469074237 -0.006939054903898013 0.004155231175701074 0.9999676086790751 0.09997299302244755 -0.02087154280158643 -0.41673482955246754
FixedParameters: 0 0 0
#Transform 244
Transform: MatrixOffsetTransformBase_double_3_3
Parameters: 0.9999730447163439 -0.00012075863581570835 0.0073439766300274 0.0001579010984370297 0.9999874342403354 -0.005045825339958829 -0.007344089232162371 0.005047179784247166 0.9999606751145179 0.10239497702740152 -0.031929758646015216 -0.39586962472485254
FixedParameters: 0 0 0
#Transform 245
Transform: MatrixOffsetTransformBase_double_3_3
Parameters: 0.9999748046525043 -0.0003840953956707652 0.007145035408653032 0.000415539983113137 0.9999902418512737 -0.0044388396373311045 -0.007142663773894139 0.004441159319145224 0.9999641349071671 0.10216643562260685 -0.017393721095857018 -0.409329621776493
FixedParameters: 0 0 0
#Transform 246
Transform: MatrixOffsetTransformBase_double_3_3
Parameters: 0.9999691563625093 -0.00016546612037360623 0.007862573313744124 0.00019583614624147825 0.9999927100999804 -0.003906697047660029 -0.007861274791522257 0.003907311929002913 0.9999619163415806 0.11655029194290023 -0.02432732684047778 -0.3960986626865264
FixedParameters: 0 0 0
#Transform 247
Transform: MatrixOffsetTransformBase_double_3_3
Parameters: 0.999972303890817 -0.0006061650478966612 0.0074385473482740955 0.0006413541355244412 0.9999885907968064 -0.004711255539199377 -0.007435047584601675 0.004715742489144456 0.9999612780732818 0.11507764589121905 -0.025005471408348967 -0.37146114346239756
FixedParameters: 0 0 0
#Transform 248
Transform: MatrixOffsetTransformBase_double_3_3
Parameters: 0.9999733916251192 -0.0006146175152136 0.007295671894825357 0.0006465803804325297 0.9999906538782263 -0.004372159889875979 -0.007293328862316334 0.00437684050732963 0.9999634645488827 0.11556331308516121 -0.016673344566186188 -0.40153117316938847
FixedParameters: 0 0 0
#Transform 249
Transform: MatrixOffsetTransformBase_double_3_3
Parameters: 0.9999762872270969 -0.00035798331880314635 0.006825049313352683 0.00038807465037707443 0.9999905610614246 -0.0043960207431502085 -0.006823808925319618 0.004398981542352409 0.9999670495045114 0.11003603685919927 -0.01332054582118758 -0.3641907610470696
FixedParameters: 0 0 0
#Transform 250
Transform: MatrixOffsetTransformBase_double_3_3
Parameters: 0.9999733173271168 -0.0006805974975980841 0.007226054641250643 0.0007034553380516155 0.9999951917286614 -0.003093753562267404 -0.007224263575907965 0.0030982436059857205 0.9999689548768779 0.11215813401422281 0.014713211033779316 -0.2323542852502527
FixedParameters: 0 0 0
#Transform 251
Transform: MatrixOffsetTransformBase_double_3_3
Parameters: 0.9999809728416357 -0.0007623089138596716 0.006119216065929165 0.0007785294921514065 0.999996163147435 -0.0025405631374804116 -0.00611731558474931 0.0025454304156357355 0.999977875868861 0.0844401170317326 0.01181622167371188 -0.07434700962112117
FixedParameters: 0 0 0
#Transform 252
Transform: MatrixOffsetTransformBase_double_3_3
Parameters: 0.9999831198038902 -0.0011713617056667899 0.005701573912181876 0.0011933876870334642 0.9999922016403507 -0.0038363292271772764 -0.005696982546642032 0.003843672324325198 0.9999764265993225 0.09601566449025256 0.01614952739394937 -0.1841032695237601
FixedParameters: 0 0 0
#Transform 253
Transform: MatrixOffsetTransformBase_double_3_3
Parameters: 0.9999797454294355 -0.000897694303474215 0.006281124378205888 0.0009186824098792532 0.9999938191396072 -0.0034106423185045337 -0.006277418110828694 0.003416361440436541 0.9999746220100988 0.10064227916979007 -0.004030317389847937 -0.23706753094080568
FixedParameters: 0 0 0
#Transform 254
Transform: MatrixOffsetTransformBase_double_3_3
Parameters: 0.9999826051612315 -0.0011175617931264991 0.005757044917714809 0.0011395290862481493 0.9999923047650547 -0.003707638632835117 -0.005753090125600047 0.0037143583492156573 0.9999767570337665 0.0746936991717746 -0.014188361648052705 -0.19072522972422234
FixedParameters: 0 0 0
#Transform 255
Transform: MatrixOffsetTransformBase_double_3_3
Parameters: 0.9999846855744859 -0.0012813240589649526 0.005446982823120554 0.0013023138892997717 0.9999920975890734 -0.003822963597017448 -0.0054425154798011235 0.0038300415334528853 0.999978303424973 0.06926447165398031 -0.015130936257492067 -0.220430984399826
FixedParameters: 0 0 0
#Transform 256
Transform: MatrixOffsetTransformBase_double_3_3
Parameters: 0.9999790069359644 -0.001357396877705287 0.006336512857138993 0.0013785724542659387 0.9999931495681971 -0.0033836634899257756 -0.006331732657468391 0.003392334894409571 0.9999738999784687 0.09171620885435061 -0.0020575901962587295 -0.24774770589309014
FixedParameters: 0 0 0
#Transform 257
Transform: MatrixOffsetTransformBase_double_3_3
Parameters: 0.9999796665978814 -0.0011338159365005096 0.006328153871154118 0.0011649642154081272 0.999986610552079 -0.00503907022206343 -0.006322796166717252 0.005046934038390141 0.9999671914773877 0.10196645424561268 -0.04457120849498608 -0.3505178783660199
FixedParameters: 0 0 0
#Transform 258
Transform: MatrixOffsetTransformBase_double_3_3
Parameters: 0.9999796685235872 -0.0013706109355822985 0.00628094935265831 0.001400780240691258 0.999987163187126 -0.004834630685869409 -0.006274635273232567 0.004843370377252382 0.9999686727311651 0.10138040875089871 -0.03455738542189124 -0.37663421373432016
FixedParameters: 0 0 0
#Transform 259
Transform: MatrixOffsetTransformBase_double_3_3
Parameters: 0.9999791684109997 -0.0011775021625299667 0.006280494690567323 0.0012030145453314094 0.9999909309967855 -0.00399786301055477 -0.006275661151405983 0.004006131017427111 0.9999722049751445 0.09747220093950659 -0.015148242770038678 -0.33152430006640543
FixedParameters: 0 0 0
#Transform 260
Transform: MatrixOffsetTransformBase_double_3_3
Parameters: 0.9999823847139997 -0.0009653552981149266 0.005889446275003614 0.0009909964664775962 0.9999899728241229 -0.004281446678009726 -0.005884759915710739 0.004287548966936172 0.9999736975328459 0.09587407007037996 -0.004428835816980836 -0.25445733721859654
FixedParameters: 0 0 0
#Transform 261
Transform: MatrixOffsetTransformBase_double_3_3
Parameters: 0.9999835220073982 -0.0013621589722634924 0.005623447623468665 0.0013847784758829172 0.9999906365798479 -0.0041143408588954905 -0.005617758698384631 0.004121664549206566 0.9999759691297011 0.07534614142933549 -0.018604096143675974 -0.2801478199252472
FixedParameters: 0 0 0
#Transform 262
Transform: MatrixOffsetTransformBase_double_3_3
Parameters: 0.999983570823014 -0.0010083331869546268 0.005692814402994947 0.0010275914975643786 0.99999289410041 -0.0035113482748639346 -0.00569008043555621 0.003517656354362478 0.9999779730034339 0.07798181686065675 0.0014661381321587896 -0.26639665068522334
FixedParameters: 0 0 0
#Transform 263
Transform: MatrixOffsetTransformBase_double_3_3
Parameters: 0.9999837674726029 -0.0007890009828326148 0.005622136506748463 0.0008132711513340481 0.999990274957916 -0.004274571289076726 -0.00561891123589544 0.004279424073904289 0.9999749066145263 0.059255983493230246 -0.00991765936248612 -0.22675291099430694
FixedParameters: 0 0 0
#Transform 264
Transform: MatrixOffsetTransformBase_double_3_3
Parameters: 0.999994183257943 -0.0012328355151782204 0.0032090749815079107 0.001244104733174019 0.9999928832956839 -0.003434350808165204 -0.0032043041442483804 0.003438642819995563 0.9999886807804627 0.020055095639634146 0.008916955660154713 -0.12615972922999674
FixedParameters: 0 0 0
#Transform 265
Transform: MatrixOffsetTransformBase_double_3_3
Parameters: 0.9999956718073583 -0.0014731837096378475 0.002675774171452674 0.0014832219043588708 0.9999923903292277 -0.0036912407095649052 -0.0026695255059546483 0.0036957628044538005 0.999989997424266 0.019886731929787516 0.0014628896750252807 -0.11446960623129598
FixedParameters: 0 0 0
#Transform 266
Transform: MatrixOffsetTransformBase_double_3_3
Parameters: 0.9999948337248661 -0.0014942286634093468 0.0029887028232357623 0.0015039679406517441 0.9999934076324997 -0.0034087797155693267 -0.002984212507686047 0.0034132278892266277 0.999990156091916 0.024641509579183207 -0.001523213185251393 -0.14184614062975243
FixedParameters: 0 0 0
#Transform 267
Transform: MatrixOffsetTransformBase_double_3_3
Parameters: 0.9999932619190527 -0.001373643908283543 0.0034426574167083102 0.001385708284299269 0.9999924427796468 -0.003596643470583527 -0.0034376013751996155 0.003601358775841168 0.9999879133565523 0.015491980657884596 -0.007801653032842637 -0.14823985966897624
FixedParameters: 0 0 0
#Transform 268
Transform: MatrixOffsetTransformBase_double_3_3
Parameters: 0.9999878723703495 -0.0012618187579337768 0.0047471045565526376 0.001276548996027492 0.9999941273233811 -0.0031047695757987354 -0.00474322979600066 0.003110232323020226 0.999984431765925 0.04572811957251588 -0.0003188028506428964 -0.20847265278318616
FixedParameters: 0 0 0
#Transform 269
Transform: MatrixOffsetTransformBase_double_3_3
Parameters: 0.9999823943590406 -0.0012953955896733457 0.005738140498947049 0.0013149200531390843 0.9999941504884678 -0.003245574001453977 -0.005733875509223619 0.003253421786094196 0.9999781251453776 0.08018662353916284 0.004587559907051286 -0.18485609854550944
FixedParameters: 0 0 0
#Transform 270
Transform: MatrixOffsetTransformBase_double_3_3
Parameters: 0.9999874210559484 -0.0010994535686464123 0.004936561752464331 0.001117928006423285 0.9999918742392541 -0.0037693930692091343 -0.004932483051005888 0.0037746075973258686 0.9999810905632804 0.05104863950381855 -0.015455339113003674 -0.17481258609554118
FixedParameters: 0 0 0
#Transform 271
Transform: MatrixOffsetTransformBase_double_3_3
Parameters: 0.9999884005243926 -0.0011135265042513253 0.004728824737544105 0.0011296382560287905 0.9999943517425618 -0.0032704262583139604 -0.0047244983936986585 0.0032755731677219374 0.9999836235420315 0.05129526782425842 -0.011477076899396366 -0.17578665406551863
FixedParameters: 0 0 0
#Transform 272
Transform: MatrixOffsetTransformBase_double_3_3
Parameters: 0.9999901359197134 -0.000921501573177781 0.004360745383897836 0.0009377431065305196 0.9999928541516134 -0.0036766139315366902 -0.0043569897071587095 0.0036803887993853424 0.9999842188078799 0.03236604049477876 0.0030863540641377085 -0.1600698434356218
FixedParameters: 0 0 0
#Transform 273
Transform: MatrixOffsetTransformBase_double_3_3
Parameters: 0.9999848512871534 -0.0013365237144575986 0.005325844422042189 0.001354838309735175 0.9999934721975404 -0.0034777664490075327 -0.005320759681215239 0.003485239780191593 0.9999801371276197 0.06418251957637722 0.011514053384047429 -0.20246129058119777
FixedParameters: 0 0 0
#Transform 274
Transform: MatrixOffsetTransformBase_double_3_3
Parameters: 0.9999852667906327 -0.0005993395231932814 0.005419743903907066 0.0006205744873367673 0.9999919365486871 -0.003976710219096166 -0.005417384438222695 0.003980293997283876 0.9999776729401734 0.06446398658073349 0.013835836776252108 -0.17242566154359906
FixedParameters: 0 0 0
#Transform 275
Transform: MatrixOffsetTransformBase_double_3_3
Parameters: 0.9999826616188465 -0.0007826110714174198 0.005807519939447012 0.0008018635486559086 0.9999948665027034 -0.003282542650752937 -0.005804605652270092 0.00328646289366602 0.9999782189747701 0.07173574539135075 0.001267707376499061 -0.20615771538041372
FixedParameters: 0 0 0
#Transform 276
Transform: MatrixOffsetTransformBase_double_3_3
Parameters: 0.9999856969112567 -0.0008978982874966119 0.005338233285485152 0.0009162542165968147 0.9999936540450358 -0.0035740993128023646 -0.0053351005750795905 0.003578908672735734 0.999979459864035 0.06411978829265763 -0.004407102304753607 -0.19024714611676075
FixedParameters: 0 0 0
#Transform 277
Transform: MatrixOffsetTransformBase_double_3_3
Parameters: 0.9999828823453405 -0.0006023973122376266 0.005723017924640565 0.0006218250347999755 0.9999946258240254 -0.0033465739466563976 -0.005721209164868037 0.0033494262094645316 0.9999778380644653 0.07384429605160392 -0.011449846021221788 -0.21830843002813083
FixedParameters: 0 0 0
#Transform 278
Transform: MatrixOffsetTransformBase_double_3_3
Parameters: 0.9999849762426661 -0.0006549232332860792 0.00544010109116289 0.0006750051262057977 0.9999938560026732 -0.0035803275846129218 -0.0054376265406541864 0.003584670208335833 0.9999784513609933 0.06875378005656785 -0.0076865327723254495 -0.16556199388641346
FixedParameters: 0 0 0
#Transform 279
Transform: MatrixOffsetTransformBase_double_3_3
Parameters: 0.9999853690954248 -0.0009686467189693254 0.005356546440351256 0.0009863118296477833 0.9999943334682572 -0.0033107026361337416 -0.005353288260462849 0.0033162991254264973 0.9999800768340233 0.06917631094457022 -0.0014404235092513318 -0.17467106702083868
FixedParameters: 0 0 0
