#Insight Transform File V1.0
#Transform 0
Transform: MatrixOffsetTransformBase_double_3_3
Parameters: 0.9999993629698106 0.0005787010663665446 -0.0005498015808487022 -0.0005758622798800747 0.9999844742562898 0.005585321119878556 0.0005525091290576337 -0.005584684772483639 0.9999845037342595 -0.05258038164474499 0.1929190885565788 -1.0877228301247328
FixedParameters: 0 0 0
#Transform 1
Transform: MatrixOffsetTransformBase_double_3_3
Parameters: 0.9999987751091637 0.000983939800655495 -0.0015023787359412437 -0.0009718058259146704 0.9999708233512583 0.007554569737042813 0.0015099989524313443 -0.00755343378765827 0.9999708241793038 -0.09109033803554212 0.08259946446183619 -1.158727720995202
FixedParameters: 0 0 0
#Transform 2
Transform: MatrixOffsetTransformBase_double_3_3
Parameters: 0.9999988536252618 0.0009225183314857002 -0.001515062096457275 -0.0009118439447656023 0.9999721854519811 0.007342477965389588 0.0015214574753085219 -0.007340516137505471 0.9999718714349434 -0.09922296193926172 0.17110954672038758 -1.1506897532192824
FixedParameters: 0 0 0
#Transform 3
Transform: MatrixOffsetTransformBase_double_3_3
Parameters: 0.999997120282883 0.0012832530513979348 -0.0022875515349296276 -0.0012666858117553535 0.9999743836043246 0.007055022323104579 0.0022968004870002425 -0.007051973721347943 0.9999722315729285 -0.14453602034433288 0.16567966816401736 -1.1709997937791314
FixedParameters: 0 0 0
#Transform 4
Transform: MatrixOffsetTransformBase_double_3_3
Parameters: 0.999992582595013 0.0017167435207819473 -0.003531266366539248 -0.001690999852399507 0.9999729771534244 0.007184405543728747 0.0035437530920315228 -0.0071786031229749 0.9999684557675289 -0.1673785789985942 0.17444264542595533 -1.1932114023542368
FixedParameters: 0 0 0
#Transform 5
Transform: MatrixOffsetTransformBase_double_3_3
Parameters: 0.9999952768924253 0.0011927311787617296 -0.002702118577136848 -0.0011758428860002763 0.9999798008640485 0.006205477098124218 0.002709154661876999 -0.0062025248347313405 0.9999774958758914 -0.15845520892692377 0.14126965044593476 -1.2210891796368486
FixedParameters: 0 0 0
#Transform 6
Transform: MatrixOffsetTransformBase_double_3_3
Parameters: 0.9999906102830896 0.001345743379043249 -0.004071352473035303 -0.0013223429423773665 0.9999823552341142 0.005775970759294716 0.004079671720667242 -0.005771022843084728 0.9999745876196283 -0.20320086317225616 0.18836986637313657 -1.3556206656979697
FixedParameters: 0 0 0
#Transform 7
Transform: MatrixOffsetTransformBase_double_3_3
Parameters: 0.9999880537897623 0.00215182421358746 -0.004507073395476214 -0.0021259143301185102 0.9999814178680441 0.005762219522532155 0.004519798371596193 -0.005752784293843627 0.9999733373241666 -0.2366425231028586 0.013635260928708703 -1.3085990094832596
FixedParameters: 0 0 0
#Transform 8
Transform: MatrixOffsetTransformBase_double_3_3
Parameters: 0.999989548427049 0.001954860977295713 -0.0040777629632097155 -0.0019372512644025936 0.9999886686395866 0.004458418129367828 0.004086609080625718 -0.004450592169280829 0.9999821942017009 -0.22085367211745677 0.04946162137127885 -1.3735700546092602
FixedParameters: 0 0 0
#Transform 9
Transform: MatrixOffsetTransformBase_double_3_3
Parameters: 0.9999842598411075 0.0023945988352615136 -0.005099479374855023 -0.0023624718353714384 0.999977138359882 0.006417903030367864 0.005114664830402372 -0.006406113315482728 0.9999668923912848 -0.27439220549514687 0.005589500216032661 -1.2831182934361323
FixedParameters: 0 0 0
#Transform 10
Transform: MatrixOffsetTransformBase_double_3_3
Parameters: 0.9999803720980561 0.002657713491205552 -0.005617812095537609 -0.0026250956449129564 0.9999794255557545 0.005775786218391518 0.005633883794813547 -0.005761203843126408 0.9999673942189466 -0.3073466027134941 0.08710586322958136 -1.2658365850118827
FixedParameters: 0 0 0
#Transform 11
Transform: MatrixOffsetTransformBase_double_3_3
Parameters: 0.999983699580683 0.0030916126311508045 -0.004872802786252192 -0.003063112863751693 0.999979290307549 0.005748457963990997 0.0048903352905919585 -0.005733544616173092 0.9999714900045196 -0.28782907506543154 0.04944206214209146 -1.2985324347524028
FixedParameters: 0 0 0
#Transform 12
Transform: MatrixOffsetTransformBase_double_3_3
Parameters: 0.9999806541283655 0.0031191738627875066 -0.005442010199915999 -0.0030905360343561877 0.9999805341022234 0.005338697467038897 0.005458466693488184 -0.005321304191042361 0.9999713012551887 -0.3130094341703682 0.14101799267790227 -1.3456857158337954
FixedParameters: 0 0 0
#Transform 13
Transform: MatrixOffsetTransformBase_double_3_3
Parameters: 0.9999792426103382 0.0032877089586724724 -0.005472208800680049 -0.003252755196267045 0.999974369411272 0.006367629937534813 0.005493578525224 -0.006349370102215229 0.9999650105130099 -0.3236565571769745 0.04390215290516153 -1.362979875202626
FixedParameters: 0 0 0
#Transform 14
Transform: MatrixOffsetTransformBase_double_3_3
Parameters: 0.9999730526370948 0.0037555140360796976 -0.0063123288980894855 -0.003724738049813338 0.999981443978107 0.004868548041298104 0.0063301042872207025 -0.004844457206634567 0.9999684365348439 -0.3433288239528878 0.07631842280041212 -1.3089580406439012
FixedParameters: 0 0 0
#Transform 15
Transform: MatrixOffsetTransformBase_double_3_3
Parameters: 0.9999747357452196 0.003994726263796346 -0.005941574658826219 -0.003961467498603178 0.9999763311543743 0.00556533519580206 0.0059643810780797895 -0.005541655519210223 0.999966720651747 -0.3410497320939925 0.04106614221402083 -1.2666269153476009
FixedParameters: 0 0 0
#Transform 16
Transform: MatrixOffsetTransformBase_double_3_3
Parameters: 0.9999728850744047 0.0039959827093308375 -0.006257073305563788 -0.00395744130431347 0.9999735906070552 0.00613068388625812 0.006280781361743777 -0.00610631751015521 0.999961420641932 -0.34910530659669803 0.18037396600783495 -1.2988736735339756
FixedParameters: 0 0 0
#Transform 17
Transform: MatrixOffsetTransformBase_double_3_3
Parameters: 0.9999712928723438 0.0039802122867929985 -0.006470595639445949 -0.003942198175808673 0.99997470045642 0.0058835925138319145 0.006493145798381266 -0.00585740680406982 0.999961665291329 -0.35515943602443656 0.04386896749879554 -1.2597048739583983
FixedParameters: 0 0 0
#Transform 18
Transform: MatrixOffsetTransformBase_double_3_3
Parameters: 0.9999700370851262 0.004342999262069061 -0.0064883286413984255 -0.004308918055983547 0.9999765847987344 0.005246879444713151 0.006511306886890531 -0.0052181096072860395 0.9999646930221054 -0.35747787134414466 0.054461744968122616 -1.3122105384206293
FixedParameters: 0 0 0
#Transform 19
Transform: MatrixOffsetTransformBase_double_3_3
Parameters: 0.9999684865786289 0.004171614984790311 -0.006790226981474074 -0.004142064214134823 0.9999813721745048 0.004359285973191421 0.006808716335169369 -0.004331706671063376 0.9999673469180875 -0.3644582788927835 0.06620028556709201 -1.2933213470178515
FixedParameters: 0 0 0
#Transform 20
Transform: MatrixOffsetTransformBase_double_3_3
Parameters: 0.9999713162289661 0.004186756710256716 -0.006336978698188536 -0.004155150022769321 0.9999783627215779 0.005013231113560931 0.006357227941636924 -0.004986763811598294 0.9999669524995182 -0.3715164265545212 0.036738332819695074 -1.3209206419132613
FixedParameters: 0 0 0
#Transform 21
Transform: MatrixOffsetTransformBase_double_3_3
Parameters: 0.9999695831378485 0.004498314755091576 -0.006339279072643469 -0.004471497504831075 0.9999814809491663 0.004146073196224925 0.006357375709915607 -0.004116922711788609 0.9999709629600707 -0.3739128806115417 0.055692896419344606 -1.3075734065583475
FixedParameters: 0 0 0
#Transform 22
Transform: MatrixOffsetTransformBase_double_3_3
Parameters: 0.9999715154160543 0.004118431878426116 -0.006365697894852084 -0.0040820371988769776 0.9999757190988849 0.00568990834255334 0.006389126322822271 -0.005664090156930424 0.9999633382220856 -0.353115101873982 0.022275505105071147 -1.2630645175268285
FixedParameters: 0 0 0
#Transform 23
Transform: MatrixOffsetTransformBase_double_3_3
Parameters: 0.9999666776302826 0.0037934947532049647 -0.007275310444807067 -0.0037602377384668255 0.9999822860231414 0.0045979462018234385 0.007292630575076419 -0.004571057719618701 0.9999633553805273 -0.3928001686042677 0.10048464724236794 -1.2841575314896403
FixedParameters: 0 0 0
#Transform 24
Transform: MatrixOffsetTransformBase_double_3_3
Parameters: 0.9999650925633173 0.003763853662338337 -0.0074662335186637665 -0.003727348777311929 0.9999805795462906 0.004909511107747178 0.007483849376546467 -0.004881483256671523 0.9999595800796272 -0.38010681434789717 -0.002997575252194906 -1.2368334382180706
FixedParameters: 0 0 0
#Transform 25
Transform: MatrixOffsetTransformBase_double_3_3
Parameters: 0.9999710043086238 0.003992289664400649 -0.006561679796680517 -0.003957397854033645 0.9999786833908938 0.005237045703924803 0.006582909218667921 -0.0052109509953228855 0.9999647394053628 -0.3521663629337439 0.1829747322671409 -1.3090417135699397
FixedParameters: 0 0 0
#Transform 26
Transform: MatrixOffsetTransformBase_double_3_3
Parameters: 0.9999736260254322 0.0037448979593906603 -0.006192454447151521 -0.003709590986875923 0.9999762295346319 0.005747024310519586 0.006214077208169826 -0.005723975509020929 0.9999646031689698 -0.31237392787306817 0.05138681361364661 -1.25148121600607
FixedParameters: 0 0 0
#Transform 27
Transform: MatrixOffsetTransformBase_double_3_3
Parameters: 0.9999750978126196 0.004061654228741807 -0.005779573541847713 -0.004030625793385337 0.9999780416467456 0.005263005240676216 0.005801442592356294 -0.005239993602733972 0.9999698985993227 -0.3017425064530386 -0.0005207531340545302 -1.2704101957617127
FixedParameters: 0 0 0
#Transform 28
Transform: MatrixOffsetTransformBase_double_3_3
Parameters: 0.9999705145694917 0.004196347515209571 -0.006470979833072654 -0.004164629620242032 0.9999800124291913 0.0048288595204412366 0.006491693124904957 -0.004802135418203929 0.9999671231257773 -0.35311578294653145 0.08243328541448136 -1.2749233867231453
FixedParameters: 0 0 0
#Transform 29
Transform: MatrixOffsetTransformBase_double_3_3
Parameters: 0.999972571197706 0.004289930078046043 -0.006001824711518359 -0.00424773110967614 0.9999657103956199 0.007146195819535475 0.006032203527981939 -0.007120807391283054 0.9999560844551922 -0.32879524409315763 0.13896039260684745 -1.1294859014836476
FixedParameters: 0 0 0
#Transform 30
Transform: MatrixOffsetTransformBase_double_3_3
Parameters: 0.9999693991340739 0.003905009700771866 -0.006734454879128384 -0.0038751416013414787 0.999982862328673 0.004338321377056975 0.006751384812824741 -0.004312673401882877 0.9999681161856847 -0.36364200019032467 0.08137029981187993 -1.1398921962944257
FixedParameters: 0 0 0
#Transform 31
Transform: MatrixOffsetTransformBase_double_3_3
Parameters: 0.9999677460501841 0.003742830385591419 -0.00715873956989145 -0.0037086566710739107 0.9999821887901764 0.004667038242925317 0.007176023150853123 -0.0046399534565587375 0.9999632462330922 -0.37225060324425385 0.14502093961809237 -1.2224656562617326
FixedParameters: 0 0 0
#Transform 32
Transform: MatrixOffsetTransformBase_double_3_3
Parameters: 0.9999691733506979 0.0038475490669100266 -0.006856878590329236 -0.003816021949471172 0.9999813484317235 0.004678475424543749 0.006875237256523652 -0.0046515198759536774 0.9999652995817798 -0.35854674429722877 0.06074822373423672 -1.1872483127461635
FixedParameters: 0 0 0
#Transform 33
Transform: MatrixOffsetTransformBase_double_3_3
Parameters: 0.999968704632856 0.003787266918266023 -0.00692467748384377 -0.0037538013615551207 0.9999811797055844 0.004850310260789553 0.006942847063230687 -0.004823685240410089 0.9999637308089332 -0.3367491812635137 0.1332968634310845 -1.2441792927216255
FixedParameters: 0 0 0
#Transform 34
Transform: MatrixOffsetTransformBase_double_3_3
Parameters: 0.9999688491454435 0.004450210541647457 -0.006507514048208723 -0.004414181558387275 0.9999751945812537 0.00546966928900694 0.006531665191046676 -0.005440329627499546 0.9999641391527825 -0.33190217937247724 0.009173321140025337 -1.200323602268341
FixedParameters: 0 0 0
#Transform 35
Transform: MatrixOffsetTransformBase_double_3_3
Parameters: 0.9999720595894841 0.0038732152487781493 -0.006398261828778625 -0.0038479737720720987 0.9999847915161657 0.004042646113687098 0.006413487793372564 -0.004017365207591661 0.9999717856419978 -0.33079072248737873 0.08659603242918479 -1.2541248302028407
FixedParameters: 0 0 0
#Transform 36
Transform: MatrixOffsetTransformBase_double_3_3
Parameters: 0.9999673084471297 0.0040690593644106075 -0.006937782958108988 -0.004034595983684046 0.9999792987691665 0.004996258340181553 0.006957941633519631 -0.004968741148754299 0.9999633579569328 -0.3417174965608325 -0.006945248485166644 -1.2135572757727289
FixedParameters: 0 0 0
#Transform 37
Transform: MatrixOffsetTransformBase_double_3_3
Parameters: 0.9999677455399614 0.004031562004757539 -0.006999822802042685 -0.003996662994696594 0.9999790283384652 0.005054328745043482 0.007020153232849283 -0.005026673572825963 0.9999629027576363 -0.34176263362552106 0.08468086428810295 -1.2373611360443988
FixedParameters: 0 0 0
#Transform 38
Transform: MatrixOffsetTransformBase_double_3_3
Parameters: 0.9999669507948864 0.003907133285641402 -0.007126186249489713 -0.003870567508980672 0.9999791142353313 0.00515201339090153 0.007146094190136613 -0.005123983252547745 0.9999610372686362 -0.35388118958891823 0.007103657936198715 -1.215431638920876
FixedParameters: 0 0 0
#Transform 39
Transform: MatrixOffsetTransformBase_double_3_3
Parameters: 0.9999694162760454 0.003724505983978999 -0.006907176118373107 -0.0036868127937672176 0.999978321686592 0.005466885914116329 0.0069276255110192735 -0.005441118478671597 0.9999616009752287 -0.3380119615345336 0.13425359817748017 -1.2383782260673684
FixedParameters: 0 0 0
#Transform 40
Transform: MatrixOffsetTransformBase_double_3_3
Parameters: 0.9999589501411087 0.0036693654752556325 -0.008341957680707347 -0.003628715560377895 0.9999818965484244 0.004819585819523575 0.008359206502537922 -0.004789414561132813 0.999953885925285 -0.3836368015825258 0.06832844899361135 -1.2325964264401534
FixedParameters: 0 0 0
#Transform 41
Transform: MatrixOffsetTransformBase_double_3_3
Parameters: 0.9999614997083264 0.004016955320225535 -0.007833590579639999 -0.003974415517436435 0.9999774009128007 0.005399042818673913 0.007854970894755996 -0.0053669581749128115 0.9999551438698371 -0.35409898613113455 0.14134257641190118 -1.261120911667021
FixedParameters: 0 0 0
#Transform 42
Transform: MatrixOffsetTransformBase_double_3_3
Parameters: 0.9999648214353759 0.004224795327063423 -0.007302506135950902 -0.004181720174603668 0.9999738960607102 0.005908953612409562 0.007327509048125149 -0.0058790418419854 0.9999554450900167 -0.35697818444070606 0.04246199589458399 -1.2498835721906971
FixedParameters: 0 0 0
#Transform 43
Transform: MatrixOffsetTransformBase_double_3_3
Parameters: 0.9999592631245947 0.004428825736444205 -0.007818122391257159 -0.004390893295399903 0.9999787393996609 0.004793001260564367 0.007839195000030736 -0.004758992739303525 0.9999579022206071 -0.36785960599729606 0.07677374298569362 -1.239958685799877
FixedParameters: 0 0 0
#Transform 44
Transform: MatrixOffsetTransformBase_double_3_3
Parameters: 0.9999568177527577 0.004343611679959231 -0.00820461921428628 -0.0042990027229536385 0.9999761387217357 0.005414235613329224 0.008227792627485507 -0.005378760501495286 0.9999514329485246 -0.3705845320094454 0.04742073334536201 -1.2549813437602921
FixedParameters: 0 0 0
#Transform 45
Transform: MatrixOffsetTransformBase_double_3_3
Parameters: 0.9999650201598607 0.004147085474921163 -0.007265062212076623 -0.004106206678508299 0.9999764694893837 0.0055722290178256695 0.007288132108591755 -0.005542768607892989 0.999957777513899 -0.3527097809554647 0.05433239031430048 -1.2419744649679245
FixedParameters: 0 0 0
#Transform 46
Transform: MatrixOffsetTransformBase_double_3_3
Parameters: 0.9999666482993285 0.00427607288320991 -0.006933038293461407 -0.004236410377540669 0.9999743090551364 0.005761592648033748 0.006957168564789297 -0.005732408158153374 0.9999592815804088 -0.32593287048932496 0.11899829481012603 -1.2520379773720691
FixedParameters: 0 0 0
#Transform 47
Transform: MatrixOffsetTransformBase_double_3_3
Parameters: 0.9999596757776665 0.004022643908835675 -0.008009258789022424 -0.003976936454374568 0.9999761570551066 0.005674790807684071 0.008031143807724034 -0.0056432075087185785 0.9999514683713352 -0.38246812773222416 -0.01674769969179124 -1.2548198470293386
FixedParameters: 0 0 0
#Transform 48
Transform: MatrixOffsetTransformBase_double_3_3
Parameters: 0.999960756755115 0.004288113476012499 -0.007736418211765073 -0.004252147247822488 0.9999798058361012 0.004710553286742164 0.007756456650267964 -0.004678448342457162 0.9999588731462857 -0.3629826920460175 0.07703192858603813 -1.2834050712376524
FixedParameters: 0 0 0
#Transform 49
Transform: MatrixOffsetTransformBase_double_3_3
Parameters: 0.9999653176154597 0.004749985421458766 -0.006864696657384422 -0.004709653363884446 0.999972292610343 0.00581333598918482 0.006891671563059636 -0.005780669370440944 0.9999598128206222 -0.37116630520168314 -0.002036794067052483 -1.2066527728434693
FixedParameters: 0 0 0
#Transform 50
Transform: MatrixOffsetTransformBase_double_3_3
Parameters: 0.9999757945406089 0.0041012739193195865 -0.0056020613540701016 -0.00405855654083671 0.9999622148625817 0.007705325807376068 0.005633321934403943 -0.0076826729253917925 0.9999541812368777 -0.30095833530519656 0.09942147868390805 -1.0242587735368858
FixedParameters: 0 0 0
#Transform 51
Transform: MatrixOffsetTransformBase_double_3_3
Parameters: 0.9999773448071202 0.0030220181505340882 -0.005960531187222846 -0.0029838940986805108 0.9999750230504614 0.006364962016379594 0.0059787327058318145 -0.006347043035105901 0.9999625225347181 -0.2724846564208434 0.15709229389116786 -1.2525032804205267
FixedParameters: 0 0 0
#Transform 52
Transform: MatrixOffsetTransformBase_double_3_3
Parameters: 0.999972609087864 0.0030238024655722265 -0.006726648712615531 -0.0029846309658661326 0.9999780904359725 0.005857606279537353 0.00674396510088892 -0.005836391403590449 0.9999601423338007 -0.3060147931826549 0.1537933467835586 -1.3247880162019499
FixedParameters: 0 0 0
#Transform 53
Transform: MatrixOffsetTransformBase_double_3_3
Parameters: 0.9999690518955643 0.00360460142129222 -0.006925053410458305 -0.0035618568359790225 0.999974842985501 0.006193099697041585 0.006946793725708851 -0.006167906653798627 0.99995680981658 -0.31305147892354057 -0.0059099155877220255 -1.28661726749678
FixedParameters: 0 0 0
#Transform 54
Transform: MatrixOffsetTransformBase_double_3_3
Parameters: 0.9999698201356473 0.003645125135386804 -0.006847822183551676 -0.003604293248665097 0.9999762203366491 0.005972024831238806 0.006869305796534163 -0.005946980581778796 0.9999585667871718 -0.32264678228592913 0.10699400955802219 -1.2145479617430794
FixedParameters: 0 0 0
#Transform 55
Transform: MatrixOffsetTransformBase_double_3_3
Parameters: 0.9999721699282159 0.004421419684149904 -0.0059394340157565085 -0.004383497066396807 0.9999704834915478 0.006333633103261405 0.00596805554100731 -0.006307357052909204 0.9999617871652948 -0.29131569563786286 0.11490447442965035 -1.238451609898135
FixedParameters: 0 0 0
#Transform 56
Transform: MatrixOffsetTransformBase_double_3_3
Parameters: 0.9999657946044448 0.0035917949259962503 -0.007503300953720033 -0.003546800883361944 0.9999753447548134 0.00606141103492322 0.007525165681349505 -0.0060345891808936125 0.9999532913054399 -0.39484153158109336 0.14305619811705128 -1.3314757383450484
FixedParameters: 0 0 0
#Transform 57
Transform: MatrixOffsetTransformBase_double_3_3
Parameters: 0.9999614637306089 0.004438434514272931 -0.007538947415086688 -0.004388391822148613 0.9999682128752619 0.006608635323883449 0.007568097669211281 -0.0065753530080031874 0.9999493393972886 -0.3797595377876348 0.01846045199420132 -1.285758034806605
FixedParameters: 0 0 0
#Transform 58
Transform: MatrixOffsetTransformBase_double_3_3
Parameters: 0.9999665465576675 0.005406310246709896 -0.006183059354740157 -0.0053615275097702204 0.999959884905535 0.007118611149896439 0.006220948182106844 -0.007084383871941893 0.999955796110819 -0.3166242544953093 0.03352259209003705 -1.255756375266614
FixedParameters: 0 0 0
#Transform 59
Transform: MatrixOffsetTransformBase_double_3_3
Parameters: 0.9999629530402421 0.004592740386454691 -0.007207948044555224 -0.004544277974858426 0.9999670898803432 0.006743054372291016 0.007238296899815929 -0.006709951364878702 0.999951368840331 -0.3375609641774133 0.12461185317374657 -1.3343119178587841
FixedParameters: 0 0 0
#Transform 60
Transform: MatrixOffsetTransformBase_double_3_3
Parameters: 0.9999623986477961 0.004808775820595852 -0.007174740454942358 -0.0047631611650850135 0.9999679839233772 0.0064383942821803625 0.007204926665013314 -0.0064036183228119575 0.9999539537737341 -0.35999980732887593 0.04451078505661599 -1.2668396543172378
FixedParameters: 0 0 0
#Transform 61
Transform: MatrixOffsetTransformBase_double_3_3
Parameters: 0.999965030411421 0.00431964620546634 -0.007163064771972475 -0.004271000964329044 0.9999680876372881 0.006785951889786479 0.007192109570621843 -0.006755050286019304 0.999951260764525 -0.35182055420852976 0.15830194840248168 -1.3015072639024083
FixedParameters: 0 0 0
#Transform 62
Transform: MatrixOffsetTransformBase_double_3_3
Parameters: 0.9999571094648051 0.005201373891615858 -0.007605032496173263 -0.005145009243912973 0.999959313206904 0.007411452197659471 0.007642997813098991 -0.007371547939519746 0.9999435239007012 -0.37458956116789466 0.0691372095815268 -1.2764626328729065
FixedParameters: 0 0 0
#Transform 63
Transform: MatrixOffsetTransformBase_double_3_3
Parameters: 0.9999672647628406 0.004158582607811169 -0.006960279686712097 -0.004110309264074528 0.9999683088570195 0.006806939002919593 0.006988160589030439 -0.006778055467926938 0.9999526772499626 -0.34378915532751364 0.15435180895335066 -1.297748995651716
FixedParameters: 0 0 0
#Transform 64
Transform: MatrixOffsetTransformBase_double_3_3
Parameters: 0.9999611105138079 0.0048457133775329534 -0.007376213730959654 -0.0047931099808853714 0.9999627868757143 0.007161699127793492 0.007410298975287251 -0.007125304437696059 0.9999472611389365 -0.36445426243049894 0.0568362212413831 -1.2712679917601974
FixedParameters: 0 0 0
#Transform 65
Transform: MatrixOffsetTransformBase_double_3_3
Parameters: 0.9999649698880186 0.004109762072790112 -0.007289499858230522 -0.0040640260875698464 0.9999711048576277 0.0063851276618314 0.007315360516501996 -0.006355871153886666 0.9999526962531816 -0.3707658249174841 0.13640954123582105 -1.313208260056797
FixedParameters: 0 0 0
#Transform 66
Transform: MatrixOffsetTransformBase_double_3_3
Parameters: 0.999957024453155 0.004703796181114759 -0.00799049224877239 -0.004651721791963137 0.9999680449161543 0.006561871441072439 0.008020926649863602 -0.006525134414799003 0.9999463419572249 -0.40144893021241046 0.0199746448243161 -1.2948545803005658
FixedParameters: 0 0 0
#Transform 67
Transform: MatrixOffsetTransformBase_double_3_3
Parameters: 0.9999625707696618 0.004939715888703919 -0.00714338481911965 -0.0048941715825861175 0.9999672511705175 0.006467022891876242 0.007174536661998908 -0.006431980344466431 0.9999531250439323 -0.3718275537883784 0.0973508951922355 -1.2979856017856406
FixedParameters: 0 0 0
#Transform 68
Transform: MatrixOffsetTransformBase_double_3_3
Parameters: 0.9999581422483259 0.004903736601794412 -0.007668578843978829 -0.004853745969802761 0.9999670088368928 0.006575664384127808 0.007700614797659071 -0.006538346008776466 0.9999491421397393 -0.3941562170975317 0.07027991633431441 -1.274827805332336
FixedParameters: 0 0 0
#Transform 69
Transform: MatrixOffsetTransformBase_double_3_3
Parameters: 0.9999607904507223 0.004699916842146958 -0.007491158580979198 -0.004651405397834241 0.9999683212269569 0.006488245019548963 0.0075215516406438475 -0.006452755127593746 0.999950731968685 -0.37086032108935285 0.09744272388988406 -1.2808202797644697
FixedParameters: 0 0 0
#Transform 70
Transform: MatrixOffsetTransformBase_double_3_3
Parameters: 0.9999627709114977 0.0042481655851874175 -0.007495500199112193 -0.004201789090072803 0.9999723651611008 0.006188012783606464 0.007521360951892389 -0.00615598529991121 0.9999522164552053 -0.3845564191662163 0.19742593452214408 -1.3136443087043972
FixedParameters: 0 0 0
#Transform 71
Transform: MatrixOffsetTransformBase_double_3_3
Parameters: 0.9999563625999854 0.004720643111263588 -0.008022086256316768 -0.004656200815697736 0.9999566639636351 0.008025196916748675 0.008059307619853967 -0.00798779726682293 0.9999354857666407 -0.40238063452454753 0.11706374318792712 -1.2443472080724405
FixedParameters: 0 0 0
#Transform 72
Transform: MatrixOffsetTransformBase_double_3_3
Parameters: 0.9999496173320321 0.0048029568523372335 -0.008849417063642173 -0.004740151005659752 0.9999632891560194 0.007115331880605119 0.008883165899441705 -0.007072669182430311 0.999935674678966 -0.4923210842422492 0.16269246361554224 -1.496814517585932
FixedParameters: 0 0 0
#Transform 73
Transform: MatrixOffsetTransformBase_double_3_3
Parameters: 0.9999550273479185 0.004086616758896172 -0.008560100954776767 -0.004020326628363483 0.9999622009158146 0.0077198176791336 0.008590833530561358 -0.007685177408388116 0.9999331650284788 -0.3958566674362771 0.13366202400926852 -1.488680278827374
FixedParameters: 0 0 0
#Transform 74
Transform: MatrixOffsetTransformBase_double_3_3
Parameters: 0.9999560055546194 0.004404535686095722 -0.008281960824399295 -0.004342985447116343 0.9999624868331985 0.007517035901645416 0.008314604931931547 -0.0074809669166899795 0.9999370446429288 -0.40272490060270627 -0.05370042306584821 -1.4422098201727351
FixedParameters: 0 0 0
#Transform 75
Transform: MatrixOffsetTransformBase_double_3_3
Parameters: 0.9999619029154437 0.004862472150507904 -0.007311292171648039 -0.004805860614323752 0.9999583913175157 0.007717500861984347 0.007348220018162852 -0.007681501856918779 0.9999439429340894 -0.3875549406191965 0.06160264798320725 -1.4615763291938038
FixedParameters: 0 0 0
#Transform 76
Transform: MatrixOffsetTransformBase_double_3_3
Parameters: 0.9999557884396819 0.005164587395572309 -0.007908374675799048 -0.005100611187919577 0.9999543633542881 0.008067888068989643 0.007949066456948177 -0.008028107708405632 0.9999358795247408 -0.41751860381235417 0.06067264537730921 -1.4062260858106157
FixedParameters: 0 0 0
#Transform 77
Transform: MatrixOffsetTransformBase_double_3_3
Parameters: 0.999957808647619 0.005164149621924198 -0.007649650853308367 -0.005105520549283831 0.9999571285929391 0.007715477372806562 0.007689420490238702 -0.007675527142190594 0.999941234303191 -0.39538444916641424 0.1321318471218973 -1.4090180156004521
FixedParameters: 0 0 0
#Transform 78
Transform: MatrixOffsetTransformBase_double_3_3
Parameters: 0.9999571901589391 0.005120294903440002 -0.007654059367343594 -0.005065580201542607 0.9999605559541469 0.0072461669072243495 0.007691150756171705 -0.007206828171085547 0.9999441860576966 -0.4161068060309816 0.15032806425260503 -1.4030856211893052
FixedParameters: 0 0 0
#Transform 79
Transform: MatrixOffsetTransformBase_double_3_3
Parameters: 0.9999514534904291 0.0048669512312295785 -0.008535747209446607 -0.0048038465264161525 0.9999605902411186 0.007401128268667567 0.008571179401165792 -0.007359862171916032 0.9999359156462707 -0.44071818791579176 0.11472960922436926 -1.3916952504899456
FixedParameters: 0 0 0
#Transform 80
Transform: MatrixOffsetTransformBase_double_3_3
Parameters: 0.9999503412139243 0.005234903802404998 -0.008440850132897094 -0.005169474003027618 0.9999563583710973 0.007757556634656784 0.008481567919739344 -0.007713438477266132 0.9999343022177535 -0.44055838437796524 0.1792928407688663 -1.390895618750946
FixedParameters: 0 0 0
#Transform 81
Transform: MatrixOffsetTransformBase_double_3_3
Parameters: 0.9999583348223233 0.004849222612653685 -0.007755942751249343 -0.004788128086082922 0.9999576176016006 0.007827795512300562 0.007793018631126258 -0.007790207079520467 0.9999397518282493 -0.4203149950663345 0.10650706969119028 -1.3526638185149693
FixedParameters: 0 0 0
#Transform 82
Transform: MatrixOffsetTransformBase_double_3_3
Parameters: 0.9999529535357415 0.004751751119213299 -0.008453927351723737 -0.0046887559688449125 0.9999617501134705 0.007401755343253588 0.008488588627313887 -0.00736224874872049 0.999937211496834 -0.4302025871670452 0.12291909018517799 -1.4081790113395272
FixedParameters: 0 0 0
#Transform 83
Transform: MatrixOffsetTransformBase_double_3_3
Parameters: 0.9999555586416783 0.0054072033850297825 -0.0077586173888644135 -0.005347034564960243 0.999955332910769 0.007780864388455572 0.007800898580569389 -0.007739135149796697 0.9999397860281672 -0.42416303528285937 0.05496443750789126 -1.3715144214380217
FixedParameters: 0 0 0
#Transform 84
Transform: MatrixOffsetTransformBase_double_3_3
Parameters: 0.99995438862187 0.0051318934373002 -0.00807937747346006 -0.005071307063552758 0.9999587336625325 0.007552679446727953 0.00811713122529381 -0.0075113342697639834 0.999939188600092 -0.4269591856433834 0.1352809933945025 -1.3844613199839557
FixedParameters: 0 0 0
#Transform 85
Transform: MatrixOffsetTransformBase_double_3_3
Parameters: 0.9999536432793703 0.005990789553988297 -0.007580564906438821 -0.005933338843842065 0.999953084007743 0.007608973644660483 0.007625623515931327 -0.0075640255875455 0.9999424449699843 -0.4235715070384316 0.03477897503076122 -1.34465869707509
FixedParameters: 0 0 0
#Transform 86
Transform: MatrixOffsetTransformBase_double_3_3
Parameters: 0.9999471619137299 0.0055052749341097575 -0.008690846843812286 -0.0054822936698112855 0.9999816628986622 0.002685273556976439 0.008704950899056057 -0.0026377307429409774 0.9999583314393655 -0.4700848195109302 -0.019434227467996834 -1.4239516174068427
FixedParameters: 0 0 0
#Transform 87
Transform: MatrixOffsetTransformBase_double_3_3
Parameters: 0.9999441864389335 0.005769389364777996 -0.008804836257141693 -0.005732405130332482 0.9999744450567959 0.004287218096490561 0.008828902460115315 -0.004236793352266718 0.9999524108738868 -0.4840862300057438 -0.05828937419362035 -1.3971451532184318
FixedParameters: 0 0 0
#Transform 88
Transform: MatrixOffsetTransformBase_double_3_3
Parameters: 0.9999526226931281 0.0052950282297920155 -0.00820591958245111 -0.005249260106625034 0.9999713976586458 0.0055106275742173305 0.008235347991220058 -0.005467366547980329 0.9999509649340428 -0.43261165858406514 0.015014302581363381 -1.4009465971228963
FixedParameters: 0 0 0
#Transform 89
Transform: MatrixOffsetTransformBase_double_3_3
Parameters: 0.9999524890710143 0.005674026116384147 -0.007957276599473253 -0.00563049490169909 0.9999693173117258 0.005495036279776114 0.007987619700029053 -0.005449971079301244 0.9999532733278114 -0.4506585821329736 0.03147102463204021 -1.3961593656983382
FixedParameters: 0 0 0
#Transform 90
Transform: MatrixOffsetTransformBase_double_3_3
Parameters: 0.9999510182164077 0.006004041680088012 -0.007805848816031604 -0.005958103387293188 0.9999655821217287 0.0058335258837961534 0.007840920375127064 -0.005786477158900696 0.9999529216703846 -0.43683558433616554 0.12418958159105387 -1.402301951607157
FixedParameters: 0 0 0
#Transform 91
Transform: MatrixOffsetTransformBase_double_3_3
Parameters: 0.9999429680749916 0.006450260970595551 -0.00851007619059497 -0.00639382008794223 0.999957284233172 0.006656739312524557 0.008552723783510473 -0.006601261713186091 0.9999417930821093 -0.50183879778983 0.0036578755200054047 -1.332402694686479
FixedParameters: 0 0 0
#Transform 92
Transform: MatrixOffsetTransformBase_double_3_3
Parameters: 0.9999503472902641 0.005617196641835232 -0.008191195210034979 -0.005561948208743375 0.9999624040881029 0.006687036180602915 0.008229018001238698 -0.006641959700274369 0.9999441089320191 -0.480786660722913 0.0836234667504101 -1.3837641939419854
FixedParameters: 0 0 0
#Transform 93
Transform: MatrixOffsetTransformBase_double_3_3
Parameters: 0.9999525480532951 0.005885983043570605 -0.007733305343061871 -0.005837084887024326 0.9999627980748769 0.006350162063251785 0.007770392590058859 -0.006304835793714589 0.9999496727870957 -0.46751244031079864 0.019051596900652612 -1.3447964396429342
FixedParameters: 0 0 0
#Transform 94
Transform: MatrixOffsetTransformBase_double_3_3
Parameters: 0.9999547716637627 0.005835064591725205 -0.007561742106671902 -0.00578681244859447 0.9999631011843215 0.006384677761691451 0.007598513816825511 -0.006340322009967744 0.9999507050024351 -0.46177383746376677 0.013477252084285851 -1.3462614782583842
FixedParameters: 0 0 0
#Transform 95
Transform: MatrixOffsetTransformBase_double_3_3
Parameters: 0.9999494182474936 0.006101121147121593 -0.00802240597659306 -0.006046711669103634 0.9999580590372508 0.006800682148237924 0.00806306231908953 -0.006752312005972247 0.9999445139588518 -0.4547042640929533 -0.013050723706484746 -1.3166609004600787
FixedParameters: 0 0 0
#Transform 96
Transform: MatrixOffsetTransformBase_double_3_3
Parameters: 0.9999530884372323 0.005643607547796892 -0.007877701995108705 -0.005596448522392267 0.9999662364018903 0.005978327455844784 0.007911379644312135 -0.005933665180351308 0.9999509019123357 -0.44605603832172847 0.07561433187717626 -1.3504413545995675
FixedParameters: 0 0 0
#Transform 97
Transform: MatrixOffsetTransformBase_double_3_3
Parameters: 0.9999519784714611 0.006099855625013408 -0.007668800131330016 -0.006053248795509789 0.9999629389651468 0.006125280994034074 0.007705704003365331 -0.00607871939542913 0.9999515682150619 -0.44450132323869695 -0.03602642500369768 -1.3024074968903392
FixedParameters: 0 0 0
#Transform 98
Transform: MatrixOffsetTransformBase_double_3_3
Parameters: 0.9999534833181547 0.0056411732022042995 -0.007790181276259972 -0.005596277956947913 0.9999669805712065 0.005830827876869019 0.007823106128775952 -0.005787174030544115 0.999953011643687 -0.4327244393020351 0.0651816612605387 -1.331344426220383
FixedParameters: 0 0 0
#Transform 99
Transform: MatrixOffsetTransformBase_double_3_3
Parameters: 0.9999538137459176 0.005809999242126456 -0.007709029929256455 -0.005761626657535698 0.9999638182214852 0.006266509929428732 0.007745107291989603 -0.006221494631390309 0.9999510178472968 -0.42634606522619833 -0.008307419541523586 -1.2842411756051462
FixedParameters: 0 0 0
#Transform 100
Transform: MatrixOffsetTransformBase_double_3_3
Parameters: 0.9999525150641959 0.0059026579286537775 -0.007722591050972942 -0.00585534534732701 0.9999636292765793 0.006187233114097385 0.007758897414417996 -0.006141766640390359 0.999950881151193 -0.4265297402081387 0.10088936037818996 -1.3286415630211366
FixedParameters: 0 0 0
#Transform 101
Transform: MatrixOffsetTransformBase_double_3_3
Parameters: 0.9999591106147298 0.005835312240388806 -0.006843795593552935 -0.005783643706012993 0.9999539636680399 0.007631163106255084 0.006887416105389632 -0.007591838625490621 0.9999472730474545 -0.3792995692968901 -0.013287318004557847 -1.2090215991659505
FixedParameters: 0 0 0
#Transform 102
Transform: MatrixOffsetTransformBase_double_3_3
Parameters: 0.9999576249966624 0.005643529089223353 -0.007315977365779584 -0.005587820986699653 0.9999554499395988 0.007610811628526143 0.007358645192970135 -0.007569183492781337 0.9999439547754909 -0.3888790876221151 0.10851667002360443 -1.2075766487149195
FixedParameters: 0 0 0
#Transform 103
Transform: MatrixOffsetTransformBase_double_3_3
Parameters: 0.9999558647344515 0.005924219978574146 -0.007350499786794514 -0.005868091827738048 0.9999529832627905 0.007682014284694505 0.00739633975934993 -0.007637980595788366 0.9999435259742667 -0.4139867634222014 -0.0074251629973645095 -1.1992033621996114
FixedParameters: 0 0 0
#Transform 104
Transform: MatrixOffsetTransformBase_double_3_3
Parameters: 0.9999554696630873 0.005662225560343915 -0.007514669056831963 -0.005603619122073036 0.9999540074537291 0.00781215914340222 0.0075581159114099334 -0.007769844694989744 0.9999410582881328 -0.42031253152813974 0.1146278319795897 -1.2106318234720987
FixedParameters: 0 0 0
#Transform 105
Transform: MatrixOffsetTransformBase_double_3_3
Parameters: 0.9999705641900114 0.003955399882671199 -0.006541044207959059 -0.0039151016460735365 0.9999727096130838 0.006303717279698182 0.006565930452374955 -0.006278290884883547 0.9999586992240697 -0.31352407005151406 0.09239495664476749 -1.3926377675496013
FixedParameters: 0 0 0
#Transform 106
Transform: MatrixOffsetTransformBase_double_3_3
Parameters: 0.9999615509383396 0.0038370344124328644 -0.00785671839296754 -0.00378815391668768 0.9999737280522161 0.006111766850835171 0.007879984705214664 -0.006081221115715393 0.9999504862237766 -0.4487333422486728 0.18396174492787054 -1.455586376218804
FixedParameters: 0 0 0
#Transform 107
Transform: MatrixOffsetTransformBase_double_3_3
Parameters: 0.9999596352022309 0.004649621356343661 -0.007664214236536481 -0.004606331593847142 0.9999738044969605 0.005652766501369311 0.007690829988506066 -0.005617231534333092 0.9999543224864477 -0.4285366884701034 0.027084702078056466 -1.3724598081579273
FixedParameters: 0 0 0
#Transform 108
Transform: MatrixOffsetTransformBase_double_3_3
Parameters: 0.9999536722423806 0.006265498182149999 -0.00735316659228779 -0.0062332759389187725 0.9999709763361436 0.004406349302909868 0.007380509300694885 -0.004359652596346186 0.9999632734390214 -0.45544465790338506 0.12348716694393147 -1.3882678903304821
FixedParameters: 0 0 0
#Transform 109
Transform: MatrixOffsetTransformBase_double_3_3
Parameters: 0.9999727287982646 0.005032616153946851 -0.0054723554587255635 -0.004999944682674375 0.9999701501806213 0.005961469124257768 0.005501599569599288 -0.005934533485132024 0.9999668195909427 -0.32201668948070505 0.10176694059217084 -1.3207257944860658
FixedParameters: 0 0 0
#Transform 110
Transform: MatrixOffsetTransformBase_double_3_3
Parameters: 0.9999780415898413 0.00509593919855229 -0.004121566812605962 -0.005071292563650547 0.9999685508457794 0.006086510976411594 0.004152339709552741 -0.006065486806129394 0.9999726537309505 -0.24224398034237993 0.13890554813676204 -1.2992759608853675
FixedParameters: 0 0 0
#Transform 111
Transform: MatrixOffsetTransformBase_double_3_3
Parameters: 0.9999736505117499 0.0055593112193240805 -0.004630298662601462 -0.005530277280195114 0.999965445346692 0.006241196594681309 0.00466561766178959 -0.006214799105805871 0.9999696274565001 -0.28306739422419014 0.0939228611717624 -1.2363223709938183
FixedParameters: 0 0 0
#Transform 112
Transform: MatrixOffsetTransformBase_double_3_3
Parameters: 0.9999709805779099 0.0059219447207252114 -0.004790113363639502 -0.005893901385070648 0.9999646993606774 0.005940768649836267 0.004825396440556682 -0.005912230339532906 0.9999710327830372 -0.30975201608430325 0.14433543689617068 -1.2736065756698878
FixedParameters: 0 0 0
#Transform 113
Transform: MatrixOffsetTransformBase_double_3_3
Parameters: 0.9999695798303565 0.00552033961834055 -0.005471915682275257 -0.005486082192544648 0.9999657522958542 0.006218002263276415 0.005506851364825829 -0.006187996079983271 0.9999658712240928 -0.3252602807617677 0.10253860833505257 -1.2689984450446303
FixedParameters: 0 0 0
#Transform 114
Transform: MatrixOffsetTransformBase_double_3_3
Parameters: 0.999967054662974 0.005686159600056032 -0.005797808276266501 -0.005653260157349111 0.999968230133689 0.00566377725656407 0.005829425052432883 -0.005631226141503715 0.9999670344374433 -0.34382123422744826 0.13285846315729088 -1.2792535703281231
FixedParameters: 0 0 0
#Transform 115
Transform: MatrixOffsetTransformBase_double_3_3
Parameters: 0.9999647846389488 0.006190936308617 -0.005734773774232126 -0.006159000816878636 0.9999652130540833 0.005570091372134975 0.005768843003976407 -0.005533905142258391 0.9999679206236682 -0.35394143157354563 0.05774131985845088 -1.2281502352535227
FixedParameters: 0 0 0
#Transform 116
Transform: MatrixOffsetTransformBase_double_3_3
Parameters: 0.9999669766329077 0.005674835087856818 -0.005815480755639889 -0.005645930636701071 0.9999720977162088 0.004928809044492097 0.005843326533883003 -0.004896187758282863 0.9999706125322356 -0.34038814579344034 0.1540716727749043 -1.3366019385440637
FixedParameters: 0 0 0
#Transform 117
Transform: MatrixOffsetTransformBase_double_3_3
Parameters: 0.9999623564665027 0.0064171129950638325 -0.005871104371515285 -0.0063861483300523625 0.9999662530611132 0.00518420580879031 0.005903574702956131 -0.005146799881186784 0.9999697372304862 -0.35832608199324056 0.16803459697047174 -1.3586381646109942
FixedParameters: 0 0 0
#Transform 118
Transform: MatrixOffsetTransformBase_double_3_3
Parameters: 0.9999591919029599 0.006751272051561471 -0.005935148364087439 -0.006721627453796229 0.9999643746470502 0.005018458247970592 0.005968827844819203 -0.0049785384506349645 0.9999698459462987 -0.36225559879110847 0.2126666034418605 -1.302385769622589
FixedParameters: 0 0 0
#Transform 119
Transform: MatrixOffsetTransformBase_double_3_3
Parameters: 0.9999536087011012 0.007156169146021691 -0.00641701861736719 -0.007124338385623789 0.9999617292785822 0.004984258738725475 0.006452370293880798 -0.004937734356841195 0.9999666549753776 -0.3778381516029157 0.12682643530062876 -1.3283274835820862
FixedParameters: 0 0 0
#Transform 120
Transform: MatrixOffsetTransformBase_double_3_3
Parameters: 0.9999491208953369 0.007560933418857499 -0.006610776269173328 -0.007527215586476552 0.9999579508406341 0.005232119121737391 0.006650106060136297 -0.005181880122675106 0.9999639426255568 -0.385555899669626 0.1840962491014011 -1.3072630465407258
FixedParameters: 0 0 0
#Transform 121
Transform: MatrixOffsetTransformBase_double_3_3
Parameters: 0.9999429264015263 0.008767897832721357 -0.006179808911237579 -0.008749037637759065 0.9999564817866176 0.003102383378913498 0.006207171020751132 -0.003048614095287963 0.9999765266334771 -0.3707789218971982 0.08398829059379409 -1.1894240400635994
FixedParameters: 0 0 0
#Transform 122
Transform: MatrixOffsetTransformBase_double_3_3
Parameters: 0.9999621028459903 0.0070957178556870755 -0.005054313398843394 -0.007082107457419562 0.9999717131249721 0.0027046516776688956 0.005073453442063505 -0.0026683520976982927 0.9999839548468661 -0.3042600282590513 0.1503536471759901 -1.1764447232513362
FixedParameters: 0 0 0
#Transform 123
Transform: MatrixOffsetTransformBase_double_3_3
Parameters: 0.9999599529788095 0.0074316096970957375 -0.0049812704330670365 -0.007414899206846528 0.9999665315395411 0.0034015835366043162 0.005006813818363136 -0.003364411024648503 0.9999815315562247 -0.3169065514360767 0.10954224277024593 -1.2030859876749815
FixedParameters: 0 0 0
#Transform 124
Transform: MatrixOffsetTransformBase_double_3_3
Parameters: 0.999958168263545 0.007367438069049231 -0.005343708006152715 -0.007353884736217106 0.999969738551399 0.002455094687305162 0.005361527795541255 -0.002415901644446883 0.9999825661372272 -0.3155174607379081 0.10432657042304072 -1.1489214175637699
FixedParameters: 0 0 0
#Transform 125
Transform: MatrixOffsetTransformBase_double_3_3
Parameters: 0.9999575197481181 0.006926727872599948 -0.006041593885895423 -0.006907981447001652 0.9999717048468946 0.0030360694204716737 0.006062691488407452 -0.002993923898152076 0.9999766340463374 -0.3402529925271409 0.18441973376896215 -1.2128146649919955
FixedParameters: 0 0 0
#Transform 126
Transform: MatrixOffsetTransformBase_double_3_3
Parameters: 0.9999579909832366 0.0075355651008618295 -0.005120620217851645 -0.0075234207800311875 0.9999684452345732 0.0024231512731379967 0.005138788049318551 -0.0023848478243056193 0.9999839870621627 -0.3351093804131722 0.0860733889531815 -1.1349752850685064
FixedParameters: 0 0 0
#Transform 127
Transform: MatrixOffsetTransformBase_double_3_3
Parameters: 0.9999568792600094 0.00753466243436569 -0.0054174625646780696 -0.00751038787324381 0.9999616091954114 0.004443497708807809 0.005450846969697766 -0.004402494637770676 0.9999751432068751 -0.3205486800877111 0.19154695681390876 -1.260562598447308
FixedParameters: 0 0 0
#Transform 128
Transform: MatrixOffsetTransformBase_double_3_3
Parameters: 0.9999562636538378 0.007245023279784393 -0.005936859712810989 -0.007218046911680294 0.9999638576157442 0.004537019058178854 0.005969253672975672 -0.004493979931205386 0.9999716254600242 -0.3323216175418935 0.179048721675926 -1.2724298217219285
FixedParameters: 0 0 0
#Transform 129
Transform: MatrixOffsetTransformBase_double_3_3
Parameters: 0.9999575670002737 0.007062742310654758 -0.005877654659765264 -0.007041336282310765 0.9999682723903004 0.003724662602708928 0.005903623349762533 -0.0036823413656199844 0.9999758620979179 -0.3352856423137922 0.22848595955557016 -1.2885237195166752
FixedParameters: 0 0 0
#Transform 130
Transform: MatrixOffsetTransformBase_double_3_3
Parameters: 0.9999538273928396 0.007696129927030049 -0.0058257986341833275 -0.0076711559532918455 0.9999613781577531 0.0043735518451557265 0.0058586768966356895 -0.004329459224310092 0.99997357702126 -0.3349749251968177 0.15709924831702438 -1.2409975649146503
FixedParameters: 0 0 0
#Transform 131
Transform: MatrixOffsetTransformBase_double_3_3
Parameters: 0.9999518706537058 0.00775920747672645 -0.00607642281772088 -0.007726725817137534 0.9999558377601444 0.005352961490634259 0.0061174818456311685 -0.00530604053180074 0.9999672239592747 -0.3432081201806625 0.2627724955037962 -1.2555071802784568
FixedParameters: 0 0 0
#Transform 132
Transform: MatrixOffsetTransformBase_double_3_3
Parameters: 0.9999559196500719 0.0076796121728153885 -0.005486276538284333 -0.007645981567187487 0.9999510836025027 0.006255770952842202 0.005533538588734435 -0.00621323184049663 0.9999650955628558 -0.33711182846141696 0.22747622495259634 -1.2409819844104533
FixedParameters: 0 0 0
#Transform 133
Transform: MatrixOffsetTransformBase_double_3_3
Parameters: 0.9999535498512598 0.00761102908254477 -0.005875197648237377 -0.007578812885620657 0.999956551789631 0.00551052241439412 0.005917093831299127 -0.005466483988219445 0.9999677489162044 -0.3384768220167018 0.2737078763785519 -1.2412801435911547
FixedParameters: 0 0 0
#Transform 134
Transform: MatrixOffsetTransformBase_double_3_3
Parameters: 0.999955792235397 0.007393582725302958 -0.005877115045702532 -0.0073582750165059425 0.9999549597752597 0.005952393326974018 0.005921298388942705 -0.00590859233664856 0.9999644886975485 -0.3550213780576712 0.23969887619756491 -1.2617106169002312
FixedParameters: 0 0 0
#Transform 135
Transform: MatrixOffsetTransformBase_double_3_3
Parameters: 0.9999570113999072 0.007504851086743143 -0.005537405844055689 -0.007478126655490043 0.999960127953335 0.0049632542350705605 0.005573644239658528 -0.004921756517377862 0.9999720254200397 -0.32633383323685905 0.30829098803739896 -1.411587010421954
FixedParameters: 0 0 0
#Transform 136
Transform: MatrixOffsetTransformBase_double_3_3
Parameters: 0.9999584225391689 0.007367673178769808 -0.0054117790531932495 -0.007343114831982803 0.9999621757213923 0.004664629385582819 0.005446110741240103 -0.004624369590569041 0.9999741029280415 -0.3412222416102395 0.35499424040624206 -1.463058553371269
FixedParameters: 0 0 0
#Transform 137
Transform: MatrixOffsetTransformBase_double_3_3
Parameters: 0.9999560301631082 0.007178298177752434 -0.006036344485776641 -0.007149869867557811 0.9999627581979038 0.0047535050846067295 0.006070398702977857 -0.0047104915628111005 0.9999704870976379 -0.357146148870342 0.30110365009664974 -1.3830065038642232
FixedParameters: 0 0 0
#Transform 138
Transform: MatrixOffsetTransformBase_double_3_3
Parameters: 0.999968922153248 0.0054245391501884545 -0.005800567804200661 -0.005404714937644591 0.9999790432944525 0.0034924215267381903 0.005819840489902219 -0.0034605738791084334 0.9999767063161045 -0.4656958765594652 0.2130597714788678 -1.5317078148011802
FixedParameters: 0 0 0
#Transform 139
Transform: MatrixOffsetTransformBase_double_3_3
Parameters: 0.9999647893129412 0.005971305994044128 -0.005962678492993285 -0.005941163488501969 0.9999698016623833 0.00509935470548524 0.0059926184207830056 -0.0050636544587423366 0.99996934306675 -0.43952733237387065 0.22702791765385655 -1.5445388399620867
FixedParameters: 0 0 0
#Transform 140
Transform: MatrixOffsetTransformBase_double_3_3
Parameters: 0.9999626192620268 0.0067228180615790355 -0.005402044898272634 -0.006694104532479249 0.9999636708637326 0.005344454648763777 0.005437770161482272 -0.005308550912834359 0.9999712037067006 -0.42342316165711225 0.17740440123577628 -1.4689235464182246
FixedParameters: 0 0 0
#Transform 141
Transform: MatrixOffsetTransformBase_double_3_3
Parameters: 0.9999625440406005 0.006848643514601157 -0.005248503906051185 -0.006814507035798167 0.999955749847798 0.006551932061065385 0.00529347968223369 -0.00651606825992021 0.9999644053781447 -0.4221676765949667 0.2623019198712342 -1.3914669401849977
FixedParameters: 0 0 0
#Transform 142
Transform: MatrixOffsetTransformBase_double_3_3
Parameters: 0.99996491734879 0.006483012861733912 -0.005295712103700725 -0.006455827417712557 0.9999655423939948 0.005291534291098202 0.005330211145689064 -0.005257469188021821 0.9999717328743021 -0.3958850512372152 0.24326270480521828 -1.434079602819395
FixedParameters: 0 0 0
#Transform 143
Transform: MatrixOffsetTransformBase_double_3_3
Parameters: 0.9999643821514124 0.00582694512586783 -0.006054688241792087 -0.005796467019853654 0.9999702509809245 0.0051251881851487185 0.006084540109085442 -0.005089820183816693 0.99996895675398 -0.3943152376925667 0.22097382909285557 -1.4086003430375769
FixedParameters: 0 0 0
#Transform 144
Transform: MatrixOffsetTransformBase_double_3_3
Parameters: 0.9999695154423979 0.006752257432793261 -0.003986315199461338 -0.006727383986734711 0.9999585257586492 0.006167625650735309 0.004028143001276362 -0.006141375834757018 0.9999732320525162 -0.31609320804948027 0.23599585322457983 -1.348352791872955
FixedParameters: 0 0 0
#Transform 145
Transform: MatrixOffsetTransformBase_double_3_3
Parameters: 0.9999663831826732 0.006958937058684889 -0.0043801248905540845 -0.006933649824986012 0.9999587818734443 0.005893209630184443 0.004420816801348022 -0.005862801410022406 0.9999734977114975 -0.3103229439382744 0.2791771447393643 -1.34777870401183
FixedParameters: 0 0 0
#Transform 146
Transform: MatrixOffsetTransformBase_double_3_3
Parameters: 0.9999619333385528 0.007307159703451117 -0.0048650433955106515 -0.007278027229291691 0.9999544174838432 0.006154225498526691 0.004908914428865433 -0.006117782810292113 0.9999692126521958 -0.3495406432755743 0.24287423272748754 -1.3723331346689918
FixedParameters: 0 0 0
#Transform 147
Transform: MatrixOffsetTransformBase_double_3_3
Parameters: 0.9999624780108991 0.006740342623375501 -0.005485051896667905 -0.006698788702329106 0.9999494101745501 0.007528124662703764 0.00553619300255502 -0.007491867425979168 0.9999562639757813 -0.37337653814242344 0.3163693114762225 -1.3127375002625854
FixedParameters: 0 0 0
#Transform 148
Transform: MatrixOffsetTransformBase_double_3_3
Parameters: 0.9999684791714537 0.007027704252534807 -0.00375904613929316 -0.007001453072382749 0.9999519649307154 0.006920906707654342 0.0038079330153457337 -0.006895097006528919 0.9999690706331321 -0.3165825432915028 0.29383000094792067 -1.3414454578042552
FixedParameters: 0 0 0
#Transform 149
Transform: MatrixOffsetTransformBase_double_3_3
Parameters: 0.9999694551905058 0.00690514688141159 -0.0037232617076484375 -0.006877944904409692 0.9999498567605242 0.007267268602819829 0.0037733134140506665 -0.007241725151667919 0.999966339930441 -0.3095114380143116 0.25691385303585434 -1.2931059138362286
FixedParameters: 0 0 0
#Transform 150
Transform: MatrixOffsetTransformBase_double_3_3
Parameters: 0.9999619752654718 0.007667467860232043 -0.00426957222032073 -0.007635583895178344 0.9999422660468265 0.007543043069931157 0.004327250507719968 -0.007509955834082246 0.9999624090358488 -0.3224250296969444 0.3139730830284009 -1.3039764746086888
FixedParameters: 0 0 0
#Transform 151
Transform: MatrixOffsetTransformBase_double_3_3
Parameters: 0.9999622412248463 0.0075005335917548 -0.004300649279103888 -0.0074695652609962524 0.9999463633487817 0.007232633031652488 0.0043550851006393 -0.007200372792982662 0.999964718786744 -0.32905593930514954 0.24350686861087922 -1.2826640413436792
FixedParameters: 0 0 0
#Transform 152
Transform: MatrixOffsetTransformBase_double_3_3
Parameters: 0.9999541068432773 0.008514446709939413 -0.004289391849294434 -0.00848152198870504 0.9999348280234909 0.007576322221880691 0.004353289793108571 -0.00753967081810393 0.9999620279166335 -0.3350589807843676 0.32110293532807077 -1.2619112473208958
FixedParameters: 0 0 0
#Transform 153
Transform: MatrixOffsetTransformBase_double_3_3
Parameters: 0.9999665892821662 0.0071166753218088906 -0.003970083508700292 -0.007088322832822966 0.9999493204441455 0.007088827748304591 0.004020721098789787 -0.00706016552769155 0.9999671688708766 -0.31764296837882 0.2698889554625197 -1.252067516283816
FixedParameters: 0 0 0
#Transform 154
Transform: MatrixOffsetTransformBase_double_3_3
Parameters: 0.999959940751222 0.007699402141928915 -0.00455812971044775 -0.007666821536881035 0.9999457928964645 0.00712240153837046 0.004612788567082203 -0.007086604926308096 0.9999641966743776 -0.33638855527378553 0.3644046960265541 -1.285901415542554
FixedParameters: 0 0 0
#Transform 155
Transform: MatrixOffsetTransformBase_double_3_3
Parameters: 0.9999606124708487 0.0072378010322962 -0.005195605755499327 -0.007204445688193557 0.9999520036612208 0.006566453460696328 0.005242877484501549 -0.006528543488070623 0.9999648666966025 -0.35057749370906777 0.2440002295292345 -1.2777567426388572
FixedParameters: 0 0 0
#Transform 156
Transform: MatrixOffsetTransformBase_double_3_3
Parameters: 0.9999649691382578 0.0074273074699015 -0.0038547536578124137 -0.007400543311238403 0.999947194035167 0.007123994429133251 0.003907334353349694 -0.007096015916511655 0.999967667782084 -0.3212821064877147 0.29750380677114663 -1.2738225383254758
FixedParameters: 0 0 0
#Transform 157
Transform: MatrixOffsetTransformBase_double_3_3
Parameters: 0.9999643870592068 0.007486036733355019 -0.003945822626840271 -0.007458270822029828 0.9999478961072491 0.006941893665653731 0.003998407753490168 -0.006912102075710538 0.999968521454193 -0.34079434913307693 0.27397722375660294 -1.241860003091304
FixedParameters: 0 0 0
#Transform 158
Transform: MatrixOffsetTransformBase_double_3_3
Parameters: 0.9999580747495554 0.007741417606744177 -0.004795500760147017 -0.00770836883169616 0.9999473079683922 0.006806519189848204 0.0048478565475320885 -0.0067694861439449305 0.9999656098847305 -0.3429498670590192 0.37381943672323814 -1.277426625496858
FixedParameters: 0 0 0
#Transform 159
Transform: MatrixOffsetTransformBase_double_3_3
Parameters: 0.9999566531155946 0.007923966169200108 -0.0049554823937125 -0.007890835388800926 0.9999471969779955 0.0065895918490496835 0.005007864866440204 -0.006550404869816645 0.9999661235422005 -0.3690316180352795 0.24050632409040418 -1.2585258774334278
FixedParameters: 0 0 0
#Transform 160
Transform: MatrixOffsetTransformBase_double_3_3
Parameters: 0.9999636530281112 0.007575510143663082 -0.0039937972895474315 -0.007547386502197181 0.9999460973037186 0.007180463953241109 0.004048400519875425 -0.007150535368288399 0.9999658637477921 -0.32083616317088115 0.3259344283593748 -1.2799862576170824
FixedParameters: 0 0 0
#Transform 161
Transform: MatrixOffsetTransformBase_double_3_3
Parameters: 0.9999618721894041 0.007819808213413066 -0.003869411618130849 -0.007793102219825686 0.9999452700942857 0.0069713116085096255 0.0039240990807154945 -0.006941680616206911 0.9999678133520894 -0.33569230223335467 0.25822372332316945 -1.240489580788548
FixedParameters: 0 0 0
#Transform 162
Transform: MatrixOffsetTransformBase_double_3_3
Parameters: 0.9999626132237873 0.0074049462091596826 -0.004533843619524734 -0.007373674283632554 0.9999503766908746 0.006756008169348862 0.004583744966403662 -0.006721987095852422 0.9999664055800302 -0.3569967877977689 0.32402497973464506 -1.2498719104111018
FixedParameters: 0 0 0
#Transform 163
Transform: MatrixOffsetTransformBase_double_3_3
Parameters: 0.9999601064682997 0.0078034007376226455 -0.004358092286747695 -0.007774474382084862 0.9999468239336291 0.006784239483070373 0.004410834227560734 -0.006750766987422982 0.9999676815002237 -0.3545900005940723 0.3033576350690055 -1.2502856954968422
FixedParameters: 0 0 0
#Transform 164
Transform: MatrixOffsetTransformBase_double_3_3
Parameters: 0.9999629219437771 0.007826519497307286 -0.003581777334990907 -0.007800618705574087 0.9999448388430958 0.007011074344018375 0.0036359542302668467 -0.006982927213138604 0.9999691640599031 -0.3215169849303976 0.31637966689291375 -1.236516597055271
FixedParameters: 0 0 0
#Transform 165
Transform: MatrixOffsetTransformBase_double_3_3
Parameters: 0.9999677725528671 0.007182409913111155 -0.003693070553818926 -0.00715768279567709 0.9999517655930604 0.006705925991870629 0.0037409330794222245 -0.006679070041223922 0.9999704254099172 -0.33540626299696896 0.29203846437609116 -1.2879712720344685
FixedParameters: 0 0 0
#Transform 166
Transform: MatrixOffsetTransformBase_double_3_3
Parameters: 0.999968632592444 0.007034590931536395 -0.0035886453468748484 -0.007011850326259042 0.9999552768608828 0.006293706445385849 0.0036335814324727138 -0.006268279583600919 0.9999734518889999 -0.27863496715100666 0.3775063220957833 -1.283026754748576
FixedParameters: 0 0 0
#Transform 167
Transform: MatrixOffsetTransformBase_double_3_3
Parameters: 0.9999672007748129 0.0072946566026503915 -0.0034036613383143354 -0.007270259174206201 0.9999487339298873 0.00710807701695379 0.003455826676850237 -0.007082922784714077 0.9999687717072187 -0.29486141369238794 0.17234708400717125 -1.2530787307244111
FixedParameters: 0 0 0
#Transform 168
Transform: MatrixOffsetTransformBase_double_3_3
Parameters: 0.9999656553230505 0.007469998481478733 -0.0035413546189124465 -0.007445585684409979 0.9999489969722979 0.006826709663253272 0.003592791072821912 -0.0067992908620889 0.9999708217460791 -0.3084310165655211 0.2919787137598462 -1.2588492532942865
FixedParameters: 0 0 0
#Transform 169
Transform: MatrixOffsetTransformBase_double_3_3
Parameters: 0.9999590363957679 0.008124870123944423 -0.003993383778408588 -0.008098956645985776 0.9999463123946865 0.006527351895158254 0.004046008010441702 -0.006494658845416432 0.9999709350533197 -0.32478616636657875 0.24306663091145708 -1.2726836269497426
FixedParameters: 0 0 0
#Transform 170
Transform: MatrixOffsetTransformBase_double_3_3
Parameters: 0.9999597840878639 0.007805499790092902 -0.004503520639560551 -0.007774363211608227 0.9999451793489341 0.007048382842383752 0.004558544376334683 -0.007012617907021526 0.9999647456443743 -0.33571878421399504 0.32265538419706274 -1.264033553048094
FixedParameters: 0 0 0
#Transform 171
Transform: MatrixOffsetTransformBase_double_3_3
Parameters: 0.9999583382075813 0.007904536715165202 -0.004492294638890696 -0.007875177404289706 0.9999478295506419 0.006514646638216368 0.004543040800212835 -0.0064783503845234625 0.9999680970171714 -0.33652862300183983 0.26832402683163536 -1.269098322520037
FixedParameters: 0 0 0
#Transform 172
Transform: MatrixOffsetTransformBase_double_3_3
Parameters: 0.9999591953261138 0.007912414315087104 -0.004382374398228755 -0.007882263729794064 0.9999467797904086 0.006660818437184177 0.004434461093514161 -0.006626180240492441 0.9999681405806182 -0.34086888587155784 0.33162731274637736 -1.2603552340844004
FixedParameters: 0 0 0
#Transform 173
Transform: MatrixOffsetTransformBase_double_3_3
Parameters: 0.9999581340132495 0.007606303276483636 -0.005000701011980647 -0.0075776890884887895 0.9999545794437367 0.005830578343879525 0.005044233863310189 -0.005792438228346672 0.9999710054391114 -0.34758448412812015 0.322424840910557 -1.2803876055701977
FixedParameters: 0 0 0
#Transform 174
Transform: MatrixOffsetTransformBase_double_3_3
Parameters: 0.9999598274898851 0.007377830081620493 -0.005073526252980544 -0.007346585554761389 0.9999533936616093 0.006216120939030581 0.005118242577846982 -0.006178881347958395 0.9999676135243728 -0.34778734325543326 0.30374157570066984 -1.2796833842863862
FixedParameters: 0 0 0
#Transform 175
Transform: MatrixOffsetTransformBase_double_3_3
Parameters: 0.9999609684776659 0.007148172167426951 -0.005285279923475679 -0.007116156764895099 0.9999571530183442 0.006011623571370986 0.005328214067284674 -0.005974380752076236 0.9999679812713489 -0.3618977884408281 0.3024277648857918 -1.3040943433948513
FixedParameters: 0 0 0
#Transform 176
Transform: MatrixOffsetTransformBase_double_3_3
Parameters: 0.9999691366375172 0.005769258578955843 -0.005345848660416115 -0.005736492751053558 0.9999648043406961 0.006147489198611772 0.00538098963098597 -0.006116517963762766 0.99996712753495 -0.45024975175283544 0.1324110331920565 -1.216496108898653
FixedParameters: 0 0 0
#Transform 177
Transform: MatrixOffsetTransformBase_double_3_3
Parameters: 0.9999615793469208 0.007352789850123276 -0.0048328892781929235 -0.00731944516094063 0.9999493719570001 0.00687114201479351 0.004883002962881915 -0.006835849609462888 0.9999642636015796 -0.42313336670370916 0.2020488592722529 -1.2241494918749822
FixedParameters: 0 0 0
#Transform 178
Transform: MatrixOffsetTransformBase_double_3_3
Parameters: 0.9999523243312672 0.008436037882439155 -0.004949632922345922 -0.008401550342428973 0.9999397592852397 0.007095730005556675 0.005009511765726519 -0.007054272541125506 0.9999624501306433 -0.4335336585101288 0.17633872057544409 -1.2189076214714447
FixedParameters: 0 0 0
#Transform 179
Transform: MatrixOffsetTransformBase_double_3_3
Parameters: 0.9999640444252662 0.007546423482019605 -0.004000377428219805 -0.007520665636932525 0.9999504931433606 0.006447454881911077 0.004049269978175941 -0.006417531386918612 0.9999707948924423 -0.35217513036755577 0.24865030485436534 -1.205605080515852
FixedParameters: 0 0 0
#Transform 180
Transform: MatrixOffsetTransformBase_double_3_3
Parameters: 0.9999703504940082 0.006778340066911803 -0.0037023980046989595 -0.0067539029514138245 0.9999574204144478 0.0063197177295976625 0.003745459516822873 -0.006295281064387509 0.9999733589969633 -0.3129919910360286 0.20017250453439317 -1.1762863212800312
FixedParameters: 0 0 0
#Transform 181
Transform: MatrixOffsetTransformBase_double_3_3
Parameters: 0.9999664972454271 0.007213689566162182 -0.003931944310729977 -0.00718855093788998 0.9999533879905557 0.006460770640674254 0.003978754914481215 -0.006432223999794748 0.999970992298826 -0.33937624069710637 0.1808165692902861 -1.1594680906933519
FixedParameters: 0 0 0
#Transform 182
Transform: MatrixOffsetTransformBase_double_3_3
Parameters: 0.999968294065445 0.006856910057056541 -0.003961152354363174 -0.0068302809233630035 0.9999547234712037 0.0065907929680898425 0.004006142914438077 -0.006564197376876024 0.9999700413531618 -0.32038778193160056 0.240578137932431 -1.1663648658620787
FixedParameters: 0 0 0
#Transform 183
Transform: MatrixOffsetTransformBase_double_3_3
Parameters: 0.9999657118670697 0.0072411759988361595 -0.004105535657910047 -0.007214928322899972 0.9999536531026443 0.006326215292936227 0.004150734660183537 -0.006295780948456037 0.9999713991732466 -0.3455210993032125 0.22093670975854707 -1.1646089801673867
FixedParameters: 0 0 0
#Transform 184
Transform: MatrixOffsetTransformBase_double_3_3
Parameters: 0.9999573826397671 0.007490710810929136 -0.0054325139247254125 -0.007456570660064413 0.9999531310598533 0.006166390187917967 0.0054779236979446335 -0.006125603229679977 0.9999657026580868 -0.38743440151566233 0.2672882451553278 -1.2036247803794566
FixedParameters: 0 0 0
#Transform 185
Transform: MatrixOffsetTransformBase_double_3_3
Parameters: 0.9999655056877977 0.00701305491119675 -0.004393496979087295 -0.006985262177568798 0.9999547119273087 0.006409544798336025 0.00443920783819121 -0.006378448792083477 0.9999700250936627 -0.3495514792091825 0.229943090869412 -1.164878832609915
FixedParameters: 0 0 0
#Transform 186
Transform: MatrixOffsetTransformBase_double_3_3
Parameters: 0.9999582492537283 0.00780687062411625 -0.00466948338473544 -0.007779653758590945 0.9999532968372096 0.005771748757783246 0.004714205708756812 -0.005735257112705394 0.9999727449406359 -0.37060182494350613 0.24449758749706518 -1.2149514163283186
FixedParameters: 0 0 0
#Transform 187
Transform: MatrixOffsetTransformBase_double_3_3
Parameters: 0.9999562027499602 0.008076736011178903 -0.004750558813319066 -0.008042300998254615 0.9999426896564722 0.007047536115021777 0.004807339944078912 -0.007008454611965517 0.9999637242025966 -0.3911825364393451 0.27594946633243467 -1.220967150130221
FixedParameters: 0 0 0
#Transform 188
Transform: MatrixOffsetTransformBase_double_3_3
Parameters: 0.9999595161895901 0.007703999685189889 -0.004703758636459637 -0.007674912592991915 0.9999509570505221 0.006267619179618086 0.004752170578031454 -0.006231382777592817 0.9999694442722862 -0.39178488879714735 0.23193481900062807 -1.190048865440886
FixedParameters: 0 0 0
#Transform 189
Transform: MatrixOffsetTransformBase_double_3_3
Parameters: 0.9999549882428518 0.007695174811302132 -0.005549267685068044 -0.007656723951553898 0.9999470862260235 0.006919357076487803 0.005602142947244164 -0.006876649223920547 0.9999607338918081 -0.39767988738972804 0.26963931569397914 -1.2263362534764042
FixedParameters: 0 0 0
#Transform 190
Transform: MatrixOffsetTransformBase_double_3_3
Parameters: 0.9999533699362481 0.008172404560091493 -0.005181095556577508 -0.008140337322034341 0.9999482234296379 0.006094601575270739 0.00523056142230941 -0.0060524002885785355 0.9999683692836008 -0.3931657730060749 0.1966337724906424 -1.2092809829193953
FixedParameters: 0 0 0
#Transform 191
Transform: MatrixOffsetTransformBase_double_3_3
Parameters: 0.9999517861462937 0.007899820032123517 -0.005899368870266498 -0.00786343019194638 0.9999496155819037 0.006230271745583715 0.005948093500152328 -0.00618373039136734 0.9999631142380462 -0.4052088416000714 0.2733379788818695 -1.2134955159679492
FixedParameters: 0 0 0
#Transform 192
Transform: MatrixOffsetTransformBase_double_3_3
Parameters: 0.9999428627143112 0.00857580569442268 -0.006370890395582605 -0.008537481559974618 0.9999454853506764 0.00601704259404047 0.006422370312163714 -0.005962956045724305 0.9999616144805458 -0.41512319911872453 0.2415856868904882 -1.2172181737013972
FixedParameters: 0 0 0
#Transform 193
Transform: MatrixOffsetTransformBase_double_3_3
Parameters: 0.9999487061282717 0.008854416908762786 -0.004988630928697622 -0.00882641183254308 0.9999448204088913 0.005732811611943278 0.005038827399886618 -0.005688191135646531 0.9999706638673723 -0.4107572622252036 0.25638681291108867 -1.1976834034629178
FixedParameters: 0 0 0
#Transform 194
Transform: MatrixOffsetTransformBase_double_3_3
Parameters: 0.9999390046259474 0.009893050444956518 -0.004808129022954746 -0.009864668804711044 0.9999336832877597 0.005946474977575764 0.004866320399801541 -0.005898534498275904 0.9999711665321814 -0.4469348270900184 0.20858661535615397 -1.2173188353075233
FixedParameters: 0 0 0
#Transform 195
Transform: MatrixOffsetTransformBase_double_3_3
Parameters: 0.9999180333659223 0.011462499131563393 -0.005619317251844675 -0.011425517938388696 0.9999132836970334 0.006502282429455136 0.005693115988536454 -0.006436713757009799 0.999963036546671 -0.5171707565948367 0.2988790487574562 -1.1863844974197235
FixedParameters: 0 0 0
#Transform 196
Transform: MatrixOffsetTransformBase_double_3_3
Parameters: 0.9999421682795601 0.009249696408238528 -0.005410338663550474 -0.00921724471372212 0.9999389903886251 0.006011655999589999 0.0054653845286398925 -0.005961343650027512 0.9999674988286239 -0.43408420593749497 0.29722071163809005 -1.2295886338092146
FixedParameters: 0 0 0
#Transform 197
Transform: MatrixOffsetTransformBase_double_3_3
Parameters: 0.9999267671574346 0.010994415441085127 -0.005133475126250287 -0.01095904151396614 0.9999165177044241 0.006861510106130245 0.005208128831535537 -0.006804489354264545 0.9999628651513847 -0.5167767580641964 0.26821518499652086 -1.182709737134175
FixedParameters: 0 0 0
#Transform 198
Transform: MatrixOffsetTransformBase_double_3_3
Parameters: 0.9999522757604032 0.008032598032182307 -0.005585114781091315 -0.007995613500233287 0.9999448930683845 0.006752382281438402 0.0056389660463873545 -0.00670762070645442 0.999961793678382 -0.4149129904252504 0.3604683345649988 -1.2090506397117622
FixedParameters: 0 0 0
#Transform 199
Transform: MatrixOffsetTransformBase_double_3_3
Parameters: 0.9999707982826825 0.005712924046802112 -0.005055940543548819 -0.005681974822280038 0.9999649993374713 0.006113438499021809 0.0050908583854785356 -0.006084556858812595 0.9999684015971757 -0.3901304273032906 0.10995815158311473 -1.2430555143175894
FixedParameters: 0 0 0
#Transform 200
Transform: MatrixOffsetTransformBase_double_3_3
Parameters: 0.9999655285528147 0.007202796244113092 -0.004194236960335374 -0.0071800810585889545 0.9999595104614398 0.005346766172389647 0.0042326124845844925 -0.005316230810511385 0.9999771669317684 -0.38569655627004806 0.1997908016544443 -1.2721892878531094
FixedParameters: 0 0 0
#Transform 201
Transform: MatrixOffsetTransformBase_double_3_3
Parameters: 0.9999612881696226 0.0074458930440628405 -0.004611593920610232 -0.0074175827503910295 0.9999530615873181 0.006183853270959938 0.004657462065291765 -0.006149142967092347 0.9999701729794404 -0.42510244425778865 0.1357547622114481 -1.255178626426968
FixedParameters: 0 0 0
#Transform 202
Transform: MatrixOffsetTransformBase_double_3_3
Parameters: 0.9999603432326979 0.007297897401758187 -0.005039435899430498 -0.007264247323085244 0.9999517693480846 0.006599546313784843 0.005087816678179877 -0.006562453418735459 0.9999659521232152 -0.4444967542310536 0.25261730451796893 -1.277481625488548
FixedParameters: 0 0 0
#Transform 203
Transform: MatrixOffsetTransformBase_double_3_3
Parameters: 0.9999549171063143 0.007575262710189065 -0.005718628976371793 -0.0075374142289568805 0.9999496968751017 0.006558117730119523 0.0057672984406553045 -0.006514875921863866 0.9999617657712078 -0.4889672335863793 0.21913777462707174 -1.2868329855290739
FixedParameters: 0 0 0
#Transform 204
Transform: MatrixOffsetTransformBase_double_3_3
Parameters: 0.9999284100101352 0.010221928273626961 -0.006172775032406455 -0.010181781893090235 0.9999277491647418 0.006452184129350572 0.006237801038308991 -0.0063888250318864526 0.9999602113572978 -0.6052647957437927 0.27172137399921326 -1.3007114658645094
FixedParameters: 0 0 0
#Transform 205
Transform: MatrixOffsetTransformBase_double_3_3
Parameters: 0.9999026488102547 0.01255482575665478 -0.006142538213362383 -0.012513087098300532 0.9998993336680244 0.00664216076095514 0.006225077175297598 -0.006564832840486978 0.9999590975496107 -0.6831004419507423 0.24993696146627542 -1.2973940054009176
FixedParameters: 0 0 0
#Transform 206
Transform: MatrixOffsetTransformBase_double_3_3
Parameters: 0.9999107625566007 0.011716860563532874 -0.006398553593358237 -0.01167376326969114 0.9999090153851689 0.00676993394963589 0.006477347278668823 -0.00669507449509206 0.9999570889353564 -0.6556639958919703 0.32289700151130774 -1.2700696193887353
FixedParameters: 0 0 0
#Transform 207
Transform: MatrixOffsetTransformBase_double_3_3
Parameters: 0.9999167611553326 0.010981406395053735 -0.006756085594018769 -0.01093735623436192 0.9999190473412011 0.006520883067156605 0.006826569172904169 -0.006446121086252671 0.9999556378650686 -0.6295847821022562 0.3010733795545093 -1.2943924995165048
FixedParameters: 0 0 0
#Transform 208
Transform: MatrixOffsetTransformBase_double_3_3
Parameters: 0.9998973797851777 0.012513305869564449 -0.007001873466759394 -0.012472301662688584 0.99990507507336 0.005876986889843339 0.007074746650753216 -0.005789015415539445 0.9999582528432605 -0.6948957520425978 0.252463629509009 -1.293830730320579
FixedParameters: 0 0 0
#Transform 209
Transform: MatrixOffsetTransformBase_double_3_3
Parameters: 0.9999184418117766 0.011301046029636021 -0.00598704183077457 -0.011262931359260408 0.999916669535303 0.006259769883141614 0.0060573177665693805 -0.006192219268274374 0.9999622422706661 -0.6555256887798038 0.3117114789315991 -1.3094933980685681
FixedParameters: 0 0 0
#Transform 210
Transform: MatrixOffsetTransformBase_double_3_3
Parameters: 0.9999065606097104 0.01175522825934063 -0.007017566683809892 -0.011711770246283 0.9999123003840968 0.0062536204855045685 0.007089724564312443 -0.006170399250753245 0.999956077853896 -0.7017515459743038 0.23234548523778642 -1.2679267021107847
FixedParameters: 0 0 0
#Transform 211
Transform: MatrixOffsetTransformBase_double_3_3
Parameters: 0.9999201249833564 0.010668356196974146 -0.006785969903338782 -0.01062794693004772 0.9999249536485852 0.006033366115455088 0.0068498651526497 -0.005960625946935472 0.9999582398430207 -0.6513018594248337 0.36269785562376455 -1.3625133325766683
FixedParameters: 0 0 0
#Transform 212
Transform: MatrixOffsetTransformBase_double_3_3
Parameters: 0.9998846362916747 0.01303101164598944 -0.007780554261680266 -0.012983924028899764 0.9998972579411851 0.006103620825545247 0.00785965540370125 -0.006001378529199158 0.9999511079512473 -0.8913675598244026 0.378921637843888 -1.2210489109774016
FixedParameters: 0 0 0
#Transform 213
Transform: MatrixOffsetTransformBase_double_3_3
Parameters: 0.9998443758495886 0.012446875136803462 -0.012517712305241043 -0.012341743430371147 0.9998885234422166 0.008390954091782601 0.012619960472374594 -0.008235049015277635 0.9998866272867117 -1.10491636608333 0.025947747451311898 -1.1766999839819903
FixedParameters: 0 0 0
#Transform 214
Transform: MatrixOffsetTransformBase_double_3_3
Parameters: 0.9998400764824458 0.012601444815270244 -0.012653002328431973 -0.012493645502651451 0.9998853977845256 0.00857454683673757 0.0127596921443414 -0.008414460192617351 0.999883351466639 -1.1554656003375214 0.17363057339957777 -1.2836462964023525
FixedParameters: 0 0 0
#Transform 215
Transform: MatrixOffsetTransformBase_double_3_3
Parameters: 0.999838977940383 0.013653402639103591 -0.011643402718130507 -0.01355672169857259 0.9998730923261151 0.008378147035227643 0.011756855680975951 -0.008219852519436369 0.9998971253536817 -1.1204794839906782 0.2949617051489639 -1.3168249311201663
FixedParameters: 0 0 0
#Transform 216
Transform: MatrixOffsetTransformBase_double_3_3
Parameters: 0.9998251360990547 0.014401691362688873 -0.011934342392995248 -0.01430125160828695 0.9998622044593131 0.008448444675264802 0.012054200807908082 -0.008276558379190183 0.9998930541215199 -1.1333413509946126 0.3753297257148063 -1.3194950898663649
FixedParameters: 0 0 0
#Transform 217
Transform: MatrixOffsetTransformBase_double_3_3
Parameters: 0.9998245283467424 0.014880194983029145 -0.011358801289177538 -0.014788344644048558 0.999857555846545 0.008140591143096731 0.011477967127412208 -0.007970413406539659 0.9999021768250358 -1.124793484269503 0.3575340747892142 -1.2869525005385327
FixedParameters: 0 0 0
#Transform 218
Transform: MatrixOffsetTransformBase_double_3_3
Parameters: 0.9998267438350324 0.01473592091268158 -0.011405426337780845 -0.014640849620816623 0.9998578259871795 0.008387877632146046 0.011526783709359046 -0.0082191400912517 0.999900007126173 -1.1286131151620822 0.397038930101715 -1.331774976512179
FixedParameters: 0 0 0
#Transform 219
Transform: MatrixOffsetTransformBase_double_3_3
Parameters: 0.9998287329491768 0.014225761958214938 -0.011826494616818579 -0.01414571350784568 0.9998767356518874 0.006827891437706596 0.011922078836680759 -0.006659115413205616 0.9999070388495135 -1.139572654139414 0.3169823453004881 -1.2935561667860043
FixedParameters: 0 0 0
#Transform 220
Transform: MatrixOffsetTransformBase_double_3_3
Parameters: 0.999828651982844 0.014775819207586532 -0.011180137266934443 -0.014697755794327213 0.9998675535304411 0.007012696437295199 0.01128242599723606 -0.006847302914107081 0.9999130392579905 -1.1294814786723464 0.3108572037474744 -1.3259410798293203
FixedParameters: 0 0 0
#Transform 221
Transform: MatrixOffsetTransformBase_double_3_3
Parameters: 0.9998150093522022 0.0146670807291807 -0.012483317678911499 -0.014574708094285361 0.9998656640409034 0.007492773672884825 0.012591032110265864 -0.007309234973477088 0.9998937839831115 -1.1708955349918568 0.2389704897132532 -1.297593233948973
FixedParameters: 0 0 0
#Transform 222
Transform: MatrixOffsetTransformBase_double_3_3
Parameters: 0.9998305278174198 0.014273243783639724 -0.011649651301370148 -0.014192285163814733 0.9998749019445892 0.0070196953476269475 0.011748456137067962 -0.006853307998223923 0.9999073864597365 -1.1147521045709823 0.2883433243619038 -1.3693932735310739
FixedParameters: 0 0 0
#Transform 223
Transform: MatrixOffsetTransformBase_double_3_3
Parameters: 0.9998259146875965 0.01395689474339172 -0.01233967275204823 -0.013854016337694248 0.999868819069232 0.008382607127426417 0.012454467273679328 -0.00821039446968673 0.9998884174645142 -1.1345755043545012 0.20377333815945065 -1.304007473830552
FixedParameters: 0 0 0
#Transform 224
Transform: MatrixOffsetTransformBase_double_3_3
Parameters: 0.999829982472775 0.013869981793036869 -0.01214962174464516 -0.01378619933743028 0.9998807724029328 0.006965860204640281 0.012244526594458313 -0.006797154067962205 0.9999024907144164 -1.1310238741019418 0.27349407696776495 -1.3262105312293784
FixedParameters: 0 0 0
#Transform 225
Transform: MatrixOffsetTransformBase_double_3_3
Parameters: 0.999826784889873 0.014153290493948369 -0.0120770986364085 -0.01405382877347291 0.9998661278734993 0.008337950731659396 0.01219377543256931 -0.008167050234771545 0.9998924353860253 -1.143788529098046 0.22058730489032996 -1.2913974533182113
FixedParameters: 0 0 0
#Transform 226
Transform: MatrixOffsetTransformBase_double_3_3
Parameters: 0.9998201748554764 0.014524330651631482 -0.0121583618598518 -0.014431439793851818 0.9998660783875266 0.007710158763391137 0.012269347523734457 -0.00753282691332563 0.9998959099426878 -1.1548362190103916 0.2809788545523446 -1.2868437079802106
FixedParameters: 0 0 0
#Transform 227
Transform: MatrixOffsetTransformBase_double_3_3
Parameters: 0.9998367879029352 0.01487286238896476 -0.010295013601768894 -0.014801460600955049 0.999866634191237 0.006936857002622518 0.010397038422728218 -0.0067831397162446405 0.9999230257266748 -1.0814141522924245 0.2948538525031381 -1.3757655602301497
FixedParameters: 0 0 0
#Transform 228
Transform: MatrixOffsetTransformBase_double_3_3
Parameters: 0.9998361931249523 0.013496028376440376 -0.012068240744999945 -0.013415473153452494 0.9998880581761631 0.006689467984526687 0.01215730742755304 -0.006526529598447808 0.9999047955258005 -1.0854048997438497 0.2965370558069935 -1.3491950537473798
FixedParameters: 0 0 0
#Transform 229
Transform: MatrixOffsetTransformBase_double_3_3
Parameters: 0.9999133571169577 0.009552982797496667 -0.00902067177635727 -0.00950131541566568 0.9999386814032171 0.005749217599114162 0.009075447322509464 -0.005662779507985979 0.9999425555176289 -0.8166368430409818 0.10600739399018266 -1.2975860144328664
FixedParameters: 0 0 0
#Transform 230
Transform: MatrixOffsetTransformBase_double_3_3
Parameters: 0.9998920266986707 0.011635092441182913 -0.008976727216390092 -0.011582278651852044 0.9999148494201475 0.005968768707577496 0.009045279984159063 -0.005864237459491606 0.9999421629046183 -0.8968113138770804 0.24381097806461582 -1.3556580605677198
FixedParameters: 0 0 0
#Transform 231
Transform: MatrixOffsetTransformBase_double_3_3
Parameters: 0.9998927680521172 0.010895120206968369 -0.009824143204574653 -0.01083672415265612 0.9999234449076704 0.006036526271234327 0.009888833086967865 -0.0059294899748032065 0.9999337259760199 -0.9760873108810983 0.1913867252845165 -1.3767057344394402
FixedParameters: 0 0 0
#Transform 232
Transform: MatrixOffsetTransformBase_double_3_3
Parameters: 0.9998623257628444 0.01246116373737829 -0.010926579095742378 -0.012393633737403317 0.9999042223784426 0.006180965404675887 0.011001708022895691 -0.006044043110720515 0.9999213721902198 -1.0269820178012168 0.2789653766763678 -1.4301063180085123
FixedParameters: 0 0 0
#Transform 233
Transform: MatrixOffsetTransformBase_double_3_3
Parameters: 0.999867314576923 0.012115215045567007 -0.010903770738283807 -0.01205142795375806 0.9999101630677062 0.005908192172799337 0.010973970856939791 -0.005775814254147485 0.9999228884271576 -1.0296545748928168 0.155966747008506 -1.4047480910211476
FixedParameters: 0 0 0
#Transform 234
Transform: MatrixOffsetTransformBase_double_3_3
Parameters: 0.9998693715634122 0.011817223832790293 -0.011043366186603258 -0.011767958747992007 0.9999200490559846 0.004572039830616617 0.011096621193704045 -0.004440964700316949 0.9999287025396129 -1.0125940539390683 0.03904269506743674 -1.4032831653417759
FixedParameters: 0 0 0
#Transform 235
Transform: MatrixOffsetTransformBase_double_3_3
Parameters: 0.9999820281274938 0.004142941524243727 -0.004220048043079422 -0.004129229369947699 0.9999871304133997 0.0030533555415147295 0.004233182111413436 -0.0030366401415202193 0.9999863534722874 -0.4307019479882115 0.17313775357689565 -1.5300718700571991
FixedParameters: 0 0 0
#Transform 236
Transform: MatrixOffsetTransformBase_double_3_3
Parameters: 0.9999718923358685 0.004494665840503451 -0.005992163012118262 -0.004473209631396873 0.9999835097224129 0.0034954162854128196 0.006008003679932792 -0.00346857807158589 0.9999761335716416 -0.4993516885839142 0.08688369887968861 -1.425959851258412
FixedParameters: 0 0 0
#Transform 237
Transform: MatrixOffsetTransformBase_double_3_3
Parameters: 0.9999342864098902 0.008572463628613417 -0.007564811100412398 -0.008543778015260906 0.9999567337759219 0.0037517412635760528 0.0075966314881604 -0.003686253678997123 0.9999638897314858 -0.7399471887052584 0.08159952778272839 -1.429789616517482
FixedParameters: 0 0 0
#Transform 238
Transform: MatrixOffsetTransformBase_double_3_3
Parameters: 0.9999461112263079 0.007528286211905572 -0.007085736450136693 -0.007500610744044806 0.9999635447049294 0.0039848107361323964 0.007115460691670777 -0.003931191580073587 0.9999672340242854 -0.6341648404204676 0.15391784757150617 -1.3628742714848556
FixedParameters: 0 0 0
#Transform 239
Transform: MatrixOffsetTransformBase_double_3_3
Parameters: 0.9999669626926517 0.005741673111410361 -0.005662933748506169 -0.005711285458565154 0.9999697163549196 0.005292237741916728 0.00569368090138127 -0.005259753020088048 0.9999695727416951 -0.5016538340233723 0.10317125602364285 -1.3417353859735073
FixedParameters: 0 0 0
