#Insight Transform File V1.0
#Transform 0
Transform: MatrixOffsetTransformBase_double_3_3
Parameters: 0.9999998645016083 0.0003674378654490785 -0.00002266000641978292 -0.00036748385132639175 0.999977584984185 -0.006728996517521582 0.000020704585092646 0.006729012453111152 0.999977719547064 0.08390409845611657 -0.3540733338733446 -1.1031527309147435
FixedParameters: 0 0 0
#Transform 1
Transform: MatrixOffsetTransformBase_double_3_3
Parameters: 0.999999139458473 0.0012126975876802647 -0.0006251317588431527 -0.0012156071488937724 0.9999805442390567 -0.006074240053492247 0.0006180262264795178 0.006074762875773659 0.9999817953862798 0.05964316544394421 -0.28668214998108965 -1.0292728844596013
FixedParameters: 0 0 0
#Transform 2
Transform: MatrixOffsetTransformBase_double_3_3
Parameters: 0.9999993275350593 0.00123387940614323 -0.0003880123414794349 -0.0012353415540874494 0.9999860845017666 -0.005232610788663022 0.00038190340328618044 0.005233398014167501 0.9999864740117417 0.045836814388039215 -0.31559342938223267 -0.964356395942275
FixedParameters: 0 0 0
#Transform 3
Transform: MatrixOffsetTransformBase_double_3_3
Parameters: 0.999999197925698 0.001218689573172408 -0.0005638256416104732 -0.0012206054227869119 0.9999873569606592 -0.004811315854338499 0.0005578216866689741 0.004812683876082691 0.9999885299897814 0.035756972166069545 -0.2589484028575555 -0.9518504306553268
FixedParameters: 0 0 0
#Transform 4
Transform: MatrixOffsetTransformBase_double_3_3
Parameters: 0.9999984935790095 0.0013467255101260848 -0.0008322681624896439 -0.001350446903179173 0.9999866659312444 -0.005041958945956937 0.0008263129288186776 0.00504304580061489 0.9999869736562197 0.03832407749970912 -0.306279597166494 -0.9297275800442719
FixedParameters: 0 0 0
#Transform 5
Transform: MatrixOffsetTransformBase_double_3_3
Parameters: 0.9999973941403754 0.001976139805447442 -0.000837587625702632 -0.0019809105506049095 0.9999812513122833 -0.005807510555797937 0.0008252381209295063 0.005809487310016778 0.9999826648491146 0.03071083423186849 -0.2336235972453693 -0.934820618677449
FixedParameters: 0 0 0
#Transform 6
Transform: MatrixOffsetTransformBase_double_3_3
Parameters: 0.9999978249667996 0.0017650733765042805 -0.0010295635971247798 -0.0017697973162784755 0.999985428042668 -0.0051323429447905355 0.0010209738902142462 0.005134653939708134 0.999985690893885 0.02644424128006051 -0.23458474675599916 -0.8576896827293581
FixedParameters: 0 0 0
#Transform 7
Transform: MatrixOffsetTransformBase_double_3_3
Parameters: 0.999997535099342 0.0019363202805083351 -0.0013097604378920788 -0.0019417353385285945 0.9999888883021687 -0.0042625370403383545 0.0013017843569456161 0.004265464456564366 0.9999902831838983 0.01453907851841052 -0.38822711824421674 -0.8063977602175356
FixedParameters: 0 0 0
#Transform 8
Transform: MatrixOffsetTransformBase_double_3_3
Parameters: 0.9999977535895294 0.0019439726550333923 -0.0012108283036215697 -0.001950472559666737 0.9999846800890829 -0.005132720108210739 0.001201387390763034 0.005135280795018543 0.9999863571672998 0.01644881783553842 -0.24920472851054853 -0.8182881727032196
FixedParameters: 0 0 0
#Transform 9
Transform: MatrixOffsetTransformBase_double_3_3
Parameters: 0.9999985323849775 0.0018041211076321566 -0.00046057777014574995 -0.0018060567167724332 0.9999902750274575 -0.003921249478747432 0.000454311557870631 0.003921751044261318 0.999992500886295 0.01913567016488571 -0.24674329924732774 -0.7707489092131112
FixedParameters: 0 0 0
#Transform 10
Transform: MatrixOffsetTransformBase_double_3_3
Parameters: 0.9999978503360308 0.001949641037116046 -0.0011613642885156344 -0.001953747456649031 0.9999907474745866 -0.003776809521736771 0.0011542625624835112 0.003779192465943146 0.999992556147322 0.0034052745317580957 -0.21610023219726315 -0.8133288760628972
FixedParameters: 0 0 0
#Transform 11
Transform: MatrixOffsetTransformBase_double_3_3
Parameters: 0.9999972372894617 0.0023161802406319394 -0.0006311835556077085 -0.002318816924250869 0.999987589697416 -0.004351706310301809 0.0006208120980549044 0.0043532946025183206 0.9999907588417839 -0.007756909374052157 -0.2267333232328781 -0.7752493245585441
FixedParameters: 0 0 0
#Transform 12
Transform: MatrixOffsetTransformBase_double_3_3
Parameters: 0.9999977638723249 0.002012146516575974 -0.00043252268281878894 -0.002014267812625349 0.9999876384004479 -0.004504299787914126 0.00042327137277084964 0.004505696040311313 0.9999895351919527 -0.0012573764903578422 -0.2293235783890566 -0.7941390323175455
FixedParameters: 0 0 0
#Transform 13
Transform: MatrixOffsetTransformBase_double_3_3
Parameters: 0.9999974905849157 0.001983685295385881 -0.0007580519747236213 -0.00198723122633879 0.9999861238608042 -0.00488166073609185 0.0007483843948525004 0.004883338500881074 0.9999876887774023 -0.00688291405535324 -0.23429268002493586 -0.7825850584382295
FixedParameters: 0 0 0
#Transform 14
Transform: MatrixOffsetTransformBase_double_3_3
Parameters: 0.9999975431094036 0.00198789851355602 -0.0007116138346628836 -0.0019906384001261673 0.9999880214931358 -0.004573754105679451 0.0007021378144325097 0.0045752532295077475 0.9999896692169399 -0.009471712275967548 -0.24995120204994237 -0.7629307270036634
FixedParameters: 0 0 0
#Transform 15
Transform: MatrixOffsetTransformBase_double_3_3
Parameters: 0.9999974534112409 0.0019996819560952894 -0.0012440391163647253 -0.00200570205516423 0.9999870593721626 -0.004768670211350565 0.0012344899829887079 0.004771334179954026 0.9999878878963406 -0.007699942845107444 -0.24349547660732185 -0.7401220173407097
FixedParameters: 0 0 0
#Transform 16
Transform: MatrixOffsetTransformBase_double_3_3
Parameters: 0.9999969146828573 0.0020518324687054433 -0.0013693580422327034 -0.002058380639317526 0.9999853900422777 -0.004919263267089885 0.0013596029106886563 0.004922735146185561 0.9999870917998783 -0.009024302446633214 -0.2740896852965733 -0.752440520221711
FixedParameters: 0 0 0
#Transform 17
Transform: MatrixOffsetTransformBase_double_3_3
Parameters: 0.9999967331456214 0.002088453790250095 -0.0013807205516638862 -0.00209411971152059 0.9999878515570563 -0.004528267564629734 0.0013712502002988913 0.004530736390871051 0.9999888485555545 -0.027348511185152802 -0.2660610059287052 -0.7330837240409096
FixedParameters: 0 0 0
#Transform 18
Transform: MatrixOffsetTransformBase_double_3_3
Parameters: 0.9999961293532833 0.0024640760970542058 -0.000893888805848162 -0.002467895726779334 0.9999879083493158 -0.004338043639613362 0.0008832060311359213 0.00433996283578765 0.9999905668920841 -0.013709987191745654 -0.24969138550146397 -0.7579189135397826
FixedParameters: 0 0 0
#Transform 19
Transform: MatrixOffsetTransformBase_double_3_3
Parameters: 0.9999955549826977 0.0024888500781096133 -0.0018032145026590555 -0.002496300298886536 0.9999882669384076 -0.004260737335174472 0.0017923521071635546 0.004265263348110032 0.9999889414526812 -0.05007744719857499 -0.28067971740647124 -0.7378160690040403
FixedParameters: 0 0 0
#Transform 20
Transform: MatrixOffsetTransformBase_double_3_3
Parameters: 0.9999933976389289 0.002418743430611876 -0.00259856316867425 -0.0024306468897733607 0.9999855166558349 -0.0048037534915875285 0.0025872249670320533 0.004810244803245045 0.9999846660808147 -0.07186895325497744 -0.26417688245645365 -0.7687463153699099
FixedParameters: 0 0 0
#Transform 21
Transform: MatrixOffsetTransformBase_double_3_3
Parameters: 0.9999957106285002 0.0025245658585330384 -0.0013848127290750772 -0.0025304844250069515 0.9999855300678856 -0.004669658441311064 0.0013726658918046368 0.004673341722069957 0.9999885344070667 -0.035829673869884004 -0.27990792877355375 -0.7295824946332914
FixedParameters: 0 0 0
#Transform 22
Transform: MatrixOffsetTransformBase_double_3_3
Parameters: 0.999996758162234 0.002136830261032254 -0.0016355076139856867 -0.0021443029684343126 0.9999880211108085 -0.004373571358847889 0.0016262501359367591 0.004377430371816288 0.9999894467908212 -0.04732547806864318 -0.2336820792647245 -0.7545312963720505
FixedParameters: 0 0 0
#Transform 23
Transform: MatrixOffsetTransformBase_double_3_3
Parameters: 0.9999958595202074 0.0021672486556979205 -0.0018555408379023293 -0.002174994933269021 0.9999883295248704 -0.004196033180770539 0.001846704790152294 0.004199961646428316 0.9999892833823186 -0.04599251349061717 -0.24275870282178857 -0.7896951956894611
FixedParameters: 0 0 0
#Transform 24
Transform: MatrixOffsetTransformBase_double_3_3
Parameters: 0.9999967587196036 0.0022310299095818463 -0.001504042264669312 -0.002238328315206325 0.9999861233000101 -0.004754792694009913 0.001494251635480299 0.004758206597225395 0.9999873865005107 -0.021299667825587676 -0.19560601756907658 -0.7793046429313648
FixedParameters: 0 0 0
#Transform 25
Transform: MatrixOffsetTransformBase_double_3_3
Parameters: 0.9999959245081634 0.002534122331458673 -0.001285899716909057 -0.002538982723857786 0.9999890756119701 -0.003770892515178509 0.0012763999390836072 0.003774105592040472 0.9999923852325491 -0.03083604993304334 -0.2728958971316189 -0.7470600672447318
FixedParameters: 0 0 0
#Transform 26
Transform: MatrixOffsetTransformBase_double_3_3
Parameters: 0.9999963996626472 0.0020285819537409658 -0.0018671370734064565 -0.002036898478881414 0.9999856907029986 -0.004881267042606274 0.0018575107498081328 0.004884728724280571 0.9999860212276627 -0.022237879065102106 -0.23847246379129672 -0.7488160995300319
FixedParameters: 0 0 0
#Transform 27
Transform: MatrixOffsetTransformBase_double_3_3
Parameters: 0.999995399737131 0.002743017447525581 -0.0014408018869500941 -0.0027493132427674864 0.9999868530743952 -0.004271277169485069 0.0014288829525044185 0.0042747215852094594 0.9999900293559032 -0.034075046507368256 -0.27195391431057203 -0.7337699379392149
FixedParameters: 0 0 0
#Transform 28
Transform: MatrixOffsetTransformBase_double_3_3
Parameters: 0.9999944782671897 0.0025624003810139607 -0.0019893040042738416 -0.002570817856432043 0.9999863473768239 -0.004649122215009849 0.0019776454904913616 0.004653881061769921 0.9999868576230497 -0.05007684486332664 -0.2293745927637474 -0.729615414066302
FixedParameters: 0 0 0
#Transform 29
Transform: MatrixOffsetTransformBase_double_3_3
Parameters: 0.9999953715014892 0.002585808088986026 -0.0017159413911952259 -0.0025934711639644596 0.9999850834837253 -0.004882792971558025 0.0017029411774938767 0.0048872104473356714 0.9999865611515497 -0.03557075390037312 -0.30025751547290724 -0.7825632434384318
FixedParameters: 0 0 0
#Transform 30
Transform: MatrixOffsetTransformBase_double_3_3
Parameters: 0.9999952969843916 0.0022984807400148874 -0.002102368300870949 -0.002309473459731369 0.9999837639910633 -0.005250227827907475 0.0020902993876391555 0.005255778113775769 0.999984344429919 -0.03494650450271308 -0.23798427412476997 -0.7911829651341264
FixedParameters: 0 0 0
#Transform 31
Transform: MatrixOffsetTransformBase_double_3_3
Parameters: 0.999995626245673 0.0025923132270790675 -0.001629222872080889 -0.0026013882063827595 0.9999811559373634 -0.005633009448733517 0.0016142501160523216 0.005636996079471435 0.9999829631743032 -0.037469431565114064 -0.2869246062080748 -0.8271251393489365
FixedParameters: 0 0 0
#Transform 32
Transform: MatrixOffsetTransformBase_double_3_3
Parameters: 0.9999942909130553 0.0025332857671295406 -0.0023006466025577866 -0.002545968086783402 0.9999803196231188 -0.005637219942906363 0.0022859630530144208 0.005643772167342007 0.9999813401621168 -0.03268962258424324 -0.23075045783205894 -0.8150326004868305
FixedParameters: 0 0 0
#Transform 33
Transform: MatrixOffsetTransformBase_double_3_3
Parameters: 0.999994719387746 0.002480324339817522 -0.002032347216291154 -0.0024915395149221514 0.9999799953589963 -0.0057770926366331465 0.002017660252008904 0.005781901278756343 0.9999809180939948 -0.01849783177121367 -0.3335875579062417 -0.8338553439309777
FixedParameters: 0 0 0
#Transform 34
Transform: MatrixOffsetTransformBase_double_3_3
Parameters: 0.9999957586786907 0.002596757561075096 -0.0015810100266770925 -0.002604811775585944 0.9999818364306907 -0.005480127014589706 0.0015667888020078594 0.00548387756563086 0.9999838169844292 -0.01241176728036919 -0.25970613762834205 -0.8051885164863677
FixedParameters: 0 0 0
#Transform 35
Transform: MatrixOffsetTransformBase_double_3_3
Parameters: 0.9999942039843995 0.0027500609155896093 -0.0017980837879470269 -0.0027577636608703228 0.9999866932431656 -0.004390277778561477 0.0017862732001023354 0.004394726016855394 0.9999889223217874 -0.04969179870781204 -0.260193580711956 -0.8145587724543475
FixedParameters: 0 0 0
#Transform 36
Transform: MatrixOffsetTransformBase_double_3_3
Parameters: 0.9999946816002129 0.0026264538329975563 -0.002102373904551265 -0.0026378932894871995 0.9999824666379455 -0.005398697023151169 0.002088068431100925 0.005404304265476542 0.9999828619603404 -0.03809182119816512 -0.27712845098417915 -0.8227206644788367
FixedParameters: 0 0 0
#Transform 37
Transform: MatrixOffsetTransformBase_double_3_3
Parameters: 0.9999946575635952 0.002565731049178416 -0.00193904709902068 -0.002575919286252766 0.999982359036631 -0.0052521579793733675 0.0019252455184557322 0.005256832988228724 0.9999840785103492 -0.04890591654010734 -0.275546917953875 -0.8352907574522277
FixedParameters: 0 0 0
#Transform 38
Transform: MatrixOffsetTransformBase_double_3_3
Parameters: 0.999995360767543 0.0025844767201757047 -0.0017214049550940442 -0.0025930653664681946 0.9999821722492072 -0.005454782898603572 0.0017063662976056096 0.005459220430213338 0.9999836302153852 -0.027222317915885696 -0.2595263714006535 -0.8212217036660974
FixedParameters: 0 0 0
#Transform 39
Transform: MatrixOffsetTransformBase_double_3_3
Parameters: 0.9999961454283683 0.002561781455634415 -0.0011356477503273194 -0.0025672140754912655 0.9999882323603919 -0.0041223325688790335 0.0011252128389529173 0.004125667459899854 0.9999908981045292 -0.0030732156955224355 -0.24778604150506567 -0.8095898528206362
FixedParameters: 0 0 0
#Transform 40
Transform: MatrixOffsetTransformBase_double_3_3
Parameters: 0.9999972669161576 0.0017239263666655967 -0.001327232048396711 -0.001730960460149471 0.9999848160677862 -0.0051977810875207114 0.001317748047800631 0.005200213712891727 0.9999853912440877 0.053758397546133097 -0.183637475076722 -0.9012068269740183
FixedParameters: 0 0 0
#Transform 41
Transform: MatrixOffsetTransformBase_double_3_3
Parameters: 0.9999975794081701 0.0020015499788555266 -0.0006444552445754423 -0.002004081341173566 0.9999856980249454 -0.00501887914660365 0.0006350660273591805 0.0050201285827105036 0.9999874902109618 0.03168189265369392 -0.3499515234255739 -0.8560672720747817
FixedParameters: 0 0 0
#Transform 42
Transform: MatrixOffsetTransformBase_double_3_3
Parameters: 0.9999978835378567 0.002087688400202191 -0.0008703769901289148 -0.0020914309182668445 0.9999885332611312 -0.004358349331743658 0.0008618785746345036 0.004360655779110503 0.9999903395447461 0.030727372333871017 -0.3219655708570599 -0.9223662127126602
FixedParameters: 0 0 0
#Transform 43
Transform: MatrixOffsetTransformBase_double_3_3
Parameters: 0.9999974568060178 0.001872833873272032 -0.0014269605056492606 -0.001878590506169277 0.9999890941192235 -0.00438148144487828 0.0014189960227178615 0.004384519874546272 0.9999889410656595 0.023443775208164652 -0.3101117000675515 -0.8923090288408417
FixedParameters: 0 0 0
#Transform 44
Transform: MatrixOffsetTransformBase_double_3_3
Parameters: 0.999996942179175 0.0018562072571518895 -0.001616512634226627 -0.0018630799055667164 0.999987827818468 -0.004522061303368824 0.0016080844965840916 0.004524934902153499 0.9999881900021725 0.008745208599250986 -0.29107658050169505 -0.9042699713568112
FixedParameters: 0 0 0
#Transform 45
Transform: MatrixOffsetTransformBase_double_3_3
Parameters: 0.9999973488103918 0.0013496391566588735 -0.0016820219414305701 -0.0013562292805425103 0.9999918040554079 -0.0038877098457542753 0.001676988314475332 0.0038892946697357544 0.9999913037237298 0.009493514864018948 -0.24688092657484617 -0.9008003169151522
FixedParameters: 0 0 0
#Transform 46
Transform: MatrixOffsetTransformBase_double_3_3
Parameters: 0.9999960959100499 0.0018339904881621732 -0.001881671163532312 -0.001841622195399536 0.9999897796000741 -0.004062521968304547 0.001874132912143515 0.004065478162630698 0.9999902839241227 -0.008811205402551536 -0.2356243095045869 -0.9194360679523612
FixedParameters: 0 0 0
#Transform 47
Transform: MatrixOffsetTransformBase_double_3_3
Parameters: 0.9999963975510364 0.00176634411761354 -0.0018665774064591041 -0.0017743666419773223 0.999988628617414 -0.004468762997429293 0.0018580661411043873 0.0044722339467017785 0.9999877979412827 -0.003811240265719107 -0.2651941714773898 -0.9047820946512957
FixedParameters: 0 0 0
#Transform 48
Transform: MatrixOffsetTransformBase_double_3_3
Parameters: 0.9999965965239561 0.0018212877024747296 -0.002021751893227712 -0.001829311470139245 0.9999891135818886 -0.004391379343189533 0.0020139451730325137 0.00439562270226071 0.9999878769912675 -0.004697832343168784 -0.23534959650336873 -0.9403343997284139
FixedParameters: 0 0 0
#Transform 49
Transform: MatrixOffsetTransformBase_double_3_3
Parameters: 0.9999971505426302 0.0021223006413452223 -0.001160307693474191 -0.002126550271589738 0.9999905182420864 -0.003844694780727978 0.001151611870686233 0.003847306510767784 0.9999920487109644 -0.0007642467784307883 -0.28090915334715305 -0.8898346105152655
FixedParameters: 0 0 0
#Transform 50
Transform: MatrixOffsetTransformBase_double_3_3
Parameters: 0.9999949852165991 0.0022130423593303868 -0.002262244518178421 -0.00222187268261283 0.9999905783761988 -0.003882044623416764 0.0022533312079278307 0.0038869615938811886 0.9999902279467903 -0.019437278053416662 -0.22609557768375055 -0.9095685096891657
FixedParameters: 0 0 0
#Transform 51
Transform: MatrixOffsetTransformBase_double_3_3
Parameters: 0.9999960674732418 0.002173852610677085 -0.0014854771032226399 -0.002178947795793169 0.999990692629087 -0.0036478381711315955 0.0014781515167195825 0.0036511652035513126 0.9999927369965854 -0.0029049556625437845 -0.2989182200877849 -0.8798927577807092
FixedParameters: 0 0 0
#Transform 52
Transform: MatrixOffsetTransformBase_double_3_3
Parameters: 0.9999979271725552 0.0019532724897828504 -0.0011211598162228333 -0.001957750498889938 0.9999920535382668 -0.0035969659352284716 0.0011138185409126165 0.0035990366837103382 0.9999929823002248 0.02188025771181401 -0.2719649558521695 -0.9009862445941792
FixedParameters: 0 0 0
#Transform 53
Transform: MatrixOffsetTransformBase_double_3_3
Parameters: 0.9999973116024794 0.0020440640700345658 -0.0012289377935128755 -0.0020478219117082874 0.9999939171055269 -0.0029516429343824785 0.0012225884197873264 0.002954358839197521 0.99999495401103 0.008669074463426796 -0.32878112055520603 -0.8975062086330468
FixedParameters: 0 0 0
#Transform 54
Transform: MatrixOffsetTransformBase_double_3_3
Parameters: 0.9999959308024916 0.002182762066377978 -0.00207409450499353 -0.002190620090301577 0.999991416384537 -0.003517520769081295 0.002067180420094195 0.0035214803121410565 0.9999917405207122 -0.006275051003257204 -0.2481286957808635 -0.8837629793969057
FixedParameters: 0 0 0
#Transform 55
Transform: MatrixOffsetTransformBase_double_3_3
Parameters: 0.9999964726783581 0.0022109267408413585 -0.0016253242585192564 -0.00221634399187003 0.9999909361100935 -0.003716549716563211 0.0016163450450887907 0.003719452682002536 0.999991889364054 -0.0032551433168919175 -0.2931459892235182 -0.9033509616583189
FixedParameters: 0 0 0
#Transform 56
Transform: MatrixOffsetTransformBase_double_3_3
Parameters: 0.9999968575793348 0.0017300438197221813 -0.0020365552742781776 -0.0017394666224184359 0.9999901516675599 -0.00419245581473239 0.0020294018531863893 0.004196549581902631 0.999989518011361 -0.008936501905083105 -0.2666062802010458 -0.8958490956952545
FixedParameters: 0 0 0
#Transform 57
Transform: MatrixOffsetTransformBase_double_3_3
Parameters: 0.9999967173920378 0.002192702505509732 -0.0015735646861840709 -0.002198989842862512 0.9999886637304972 -0.004143610380072452 0.0015638391122255798 0.0041463900595472 0.9999906914000277 0.031284870028201794 -0.26668938253133945 -0.9324098011454396
FixedParameters: 0 0 0
#Transform 58
Transform: MatrixOffsetTransformBase_double_3_3
Parameters: 0.9999969701018115 0.0018918542757667078 -0.0012042841418407524 -0.0018971926864280026 0.9999876949772036 -0.004639876556133363 0.0011962557443515077 0.004642124669123754 0.9999881970706874 0.03574119082915672 -0.2520801425372383 -0.8940073083083888
FixedParameters: 0 0 0
#Transform 59
Transform: MatrixOffsetTransformBase_double_3_3
Parameters: 0.9999974832553327 0.0018740761990412359 -0.0014164958060601217 -0.0018790645087019477 0.9999892975639313 -0.004113408350866515 0.001408534892657898 0.004115586704464713 0.9999903273015752 0.01079414437838011 -0.23973351867300607 -0.932461443788128
FixedParameters: 0 0 0
#Transform 60
Transform: MatrixOffsetTransformBase_double_3_3
Parameters: 0.9999957279375592 0.002223676029602101 -0.0020798310880694964 -0.002233257462253605 0.999987924572198 -0.00444443323107338 0.0020703184671846107 0.004449572150847833 0.9999882514363744 -0.013316078102292295 -0.29073244963356615 -0.9032704790015629
FixedParameters: 0 0 0
#Transform 61
Transform: MatrixOffsetTransformBase_double_3_3
Parameters: 0.9999959392095041 0.0018292636880812877 -0.0019273165250390724 -0.0018378948240906786 0.9999880662561201 -0.004506454205045349 0.0019190972483599552 0.004510547246812144 0.9999882195239301 0.000014089231385128187 -0.24393292262698196 -0.9290864247966795
FixedParameters: 0 0 0
#Transform 62
Transform: MatrixOffsetTransformBase_double_3_3
Parameters: 0.9999949171244499 0.002437133002806758 -0.0017734511137962611 -0.002445712390476118 0.9999850776496674 -0.004959825795540718 0.0017605263519482803 0.004964180864626411 0.9999865961388664 0.0038097533356307167 -0.29898802841263716 -0.9004623132839811
FixedParameters: 0 0 0
#Transform 63
Transform: MatrixOffsetTransformBase_double_3_3
Parameters: 0.9999954175809018 0.0027033463117100095 -0.0011286906007033162 -0.0027102187975216892 0.9999789737732941 -0.005873198897413959 0.0011124220537369086 0.005876802053134095 0.9999824118084077 -0.017869766565283385 -0.2706539636652394 -0.9220060276363711
FixedParameters: 0 0 0
#Transform 64
Transform: MatrixOffsetTransformBase_double_3_3
Parameters: 0.9999952923016238 0.002876741352467884 -0.001196927282685575 -0.0028827033190249466 0.9999832395300964 -0.005115962399683718 0.0011819929383561187 0.00511903674222533 0.9999856746939131 -0.001274077608115931 -0.22604961260994116 -0.9390066393748384
FixedParameters: 0 0 0
#Transform 65
Transform: MatrixOffsetTransformBase_double_3_3
Parameters: 0.9999960309041265 0.002162701822589511 -0.0020714015787549477 -0.0021689052363126782 0.9999932624831952 -0.0031015720757443938 0.0020654398470191784 0.003105435501776166 0.99999350488365 -0.0075309993792700425 -0.2763678481959744 -0.852859504577367
FixedParameters: 0 0 0
#Transform 66
Transform: MatrixOffsetTransformBase_double_3_3
Parameters: 0.9999969350454507 0.0018358825626561977 -0.001641320917869474 -0.0018409459199876116 0.9999928676357812 -0.003239048031056846 0.0016359728793736799 0.0032419500367595333 0.9999930656486108 0.027285703723293864 -0.2994896333561172 -0.7956432635717192
FixedParameters: 0 0 0
#Transform 67
Transform: MatrixOffsetTransformBase_double_3_3
Parameters: 0.9999965065501943 0.002310817228464078 -0.0014681751655448284 -0.002315910248143536 0.999990939900862 -0.003664837720057365 0.001458774590711729 0.003668159160831519 0.9999916800758694 0.001630640908587111 -0.27170719155701306 -0.8399911444799955
FixedParameters: 0 0 0
#Transform 68
Transform: MatrixOffsetTransformBase_double_3_3
Parameters: 0.9999957089923843 0.0024951140284284715 -0.0014379108382815827 -0.00250100787232084 0.9999866050247339 -0.0044585652540164444 0.0014260968493902903 0.004462433403889701 0.9999893115729368 -0.002667114026948525 -0.2152237389654914 -0.885884926817198
FixedParameters: 0 0 0
#Transform 69
Transform: MatrixOffsetTransformBase_double_3_3
Parameters: 0.9999943386060991 0.002937605713313526 -0.0014256604974518627 -0.00294359140550225 0.9999844722486967 -0.0046461303450837516 0.0014127794672099806 0.00465086410765532 0.9999876489305297 0.0008705201322953826 -0.2966913504327522 -0.8722026963556289
FixedParameters: 0 0 0
#Transform 70
Transform: MatrixOffsetTransformBase_double_3_3
Parameters: 0.9999969436689427 0.002557150345968805 -0.0007204910876842147 -0.002560040671962829 0.9999851722544348 -0.004805405827499762 0.000707611512497879 0.0048065966628765 0.9999885757824153 0.020725282537341627 -0.22564083256965262 -0.8704074766456387
FixedParameters: 0 0 0
#Transform 71
Transform: MatrixOffsetTransformBase_double_3_3
Parameters: 0.9999955198175114 0.0029730877754929655 -0.0007995704715261247 -0.002976897897877633 0.9999857746335886 -0.004378954071678362 0.0007872983998840411 0.0043810485793771 0.999990376097442 -0.003331988202447178 -0.2661073554370148 -0.8138451840657552
FixedParameters: 0 0 0
#Transform 72
Transform: MatrixOffsetTransformBase_double_3_3
Parameters: 0.9999941713681987 0.003075033109386745 -0.001540387970663945 -0.0030824576045916873 0.9999833860220958 -0.0047705765066981265 0.0015254559466778628 0.004775415953884435 0.9999872219301261 -0.014940904138157407 -0.2452671067691199 -0.8789546074390984
FixedParameters: 0 0 0
#Transform 73
Transform: MatrixOffsetTransformBase_double_3_3
Parameters: 0.9999945644710727 0.002926482237639258 -0.0013677483028931813 -0.0029332413922897346 0.9999847093689502 -0.004734320922784113 0.0013535367180290672 0.00473868096328442 0.9999879858600608 -0.028090897523682656 -0.2784852964367843 -0.8506920923604611
FixedParameters: 0 0 0
#Transform 74
Transform: MatrixOffsetTransformBase_double_3_3
Parameters: 0.9999941420113568 0.0028352225907276886 -0.0016797566196887481 -0.002842737598338195 0.9999849706501812 -0.0046474680143616665 0.0016657365933299881 0.0046525296214333794 0.9999879260209283 -0.005207033418400897 -0.20445745409497817 -0.8657840065586839
FixedParameters: 0 0 0
#Transform 75
Transform: MatrixOffsetTransformBase_double_3_3
Parameters: 0.9999939145271867 0.0033376832677653396 -0.0013945587305623005 -0.0033445824446561604 0.9999828377498973 -0.0047557474960475965 0.0013783007380622522 0.004760249152131843 0.9999877992607349 -0.008022559024155385 -0.31789899461925586 -0.8283526880267829
FixedParameters: 0 0 0
#Transform 76
Transform: MatrixOffsetTransformBase_double_3_3
Parameters: 0.9999923220682067 0.0035997222457432826 -0.001311711467855305 -0.0036047119168089903 0.9999856024840537 -0.003877761709551175 0.0012973832217498611 0.0038822340646777614 0.9999916105768026 0.004635827169835238 -0.29725123897331684 -0.8185643990613585
FixedParameters: 0 0 0
#Transform 77
Transform: MatrixOffsetTransformBase_double_3_3
Parameters: 0.9999927508117212 0.003496378194541211 -0.0017391555812419793 -0.003503311970797972 0.999985635457287 -0.004079393518482022 0.0017250370594356378 0.0040856049333780065 0.9999897814823098 -0.007511521708920554 -0.2924693451238056 -0.8295630990568981
FixedParameters: 0 0 0
#Transform 78
Transform: MatrixOffsetTransformBase_double_3_3
Parameters: 0.9999936322466958 0.003326542639961808 -0.00114095029459746 -0.00333091425255232 0.9999881101271944 -0.0036756932321956454 0.00112818117215833 0.003679306933266832 0.999992473931475 0.006366586674516839 -0.254301065905878 -0.8050520121628608
FixedParameters: 0 0 0
#Transform 79
Transform: MatrixOffsetTransformBase_double_3_3
Parameters: 0.999992711739146 0.003622526309942537 -0.0010790185593256832 -0.003627241000543678 0.9999848733419491 -0.004204668354615318 0.001064222554825188 0.00420833441803152 0.9999904488181715 0.02708488470703685 -0.17466522935477258 -0.8475046695478028
FixedParameters: 0 0 0
#Transform 80
Transform: MatrixOffsetTransformBase_double_3_3
Parameters: 0.9999913376328411 0.004078040938342752 -0.00017599274820947507 -0.0040789778017216805 0.9999813632716016 -0.004474977810855513 0.00015850372208830492 0.004476022040209124 0.9999899137939757 0.053348137291251874 -0.21238537874818064 -0.8041642160349625
FixedParameters: 0 0 0
#Transform 81
Transform: MatrixOffsetTransformBase_double_3_3
Parameters: 0.9999918806224206 0.003986595105490781 -0.0004768018339553631 -0.003988803154598227 0.9999772178962265 -0.005367789939125303 0.0004558255353481831 0.005370202413301675 0.999985009797982 0.043890520580859516 -0.2531860000517838 -0.8367746933334388
FixedParameters: 0 0 0
#Transform 82
Transform: MatrixOffsetTransformBase_double_3_3
Parameters: 0.9999911041112807 0.004131305581033543 -0.0009101889287682725 -0.004136206898640866 0.99997661002501 -0.005390923207277937 0.0008872819089741851 0.005395073855094024 0.9999853245211594 0.024873448992593694 -0.22987720361834363 -0.8296806562269694
FixedParameters: 0 0 0
#Transform 83
Transform: MatrixOffsetTransformBase_double_3_3
Parameters: 0.9999933395808516 0.0034548580142181916 -0.0008510702013537887 -0.0034594697111959656 0.9999792394810803 -0.00543956708454546 0.0008321392347266777 0.0054424331793769265 0.9999848905106035 0.024826787850940946 -0.2698511725445627 -0.8337618563754745
FixedParameters: 0 0 0
#Transform 84
Transform: MatrixOffsetTransformBase_double_3_3
Parameters: 0.9999918235409048 0.004092262336357541 -0.0006564869161740988 -0.0040955537571558814 0.9999762225834201 -0.005555084709810157 0.0006337495740001473 0.005557910374745345 0.9999838508586035 0.029915011787537082 -0.25656803739968836 -0.8243621830534238
FixedParameters: 0 0 0
#Transform 85
Transform: MatrixOffsetTransformBase_double_3_3
Parameters: 0.9999908837221964 0.004104053395664888 -0.0005227251446913897 -0.004106627720488709 0.9999774845328235 -0.0052455444010908875 0.0005014913952896612 0.0052474560256949715 0.9999863470480901 0.041853189500230314 -0.2773803934030923 -0.8194107335649932
FixedParameters: 0 0 0
#Transform 86
Transform: MatrixOffsetTransformBase_double_3_3
Parameters: 0.9999909004376469 0.004187125910715513 -0.0007523720312979093 -0.004191737229078472 0.9999741477230991 -0.005842626162812642 0.0007281531900415137 0.005846372307246384 0.9999824354707058 0.030568108412865058 -0.261712155554477 -0.8048917311540578
FixedParameters: 0 0 0
#Transform 87
Transform: MatrixOffsetTransformBase_double_3_3
Parameters: 0.9999917752327421 0.004086242870774842 -0.0007261271845140195 -0.004090015766508237 0.9999770855689497 -0.005288712395652567 0.0007046364448861614 0.005291281853269811 0.9999857208618733 0.014183349143223722 -0.26075896004903143 -0.7994676342382263
FixedParameters: 0 0 0
#Transform 88
Transform: MatrixOffsetTransformBase_double_3_3
Parameters: 0.9999916230174594 0.004071265852408713 -0.0008949676337400207 -0.004076303222201125 0.9999752189428844 -0.00565203711161498 0.0008725742081503544 0.005655958035174963 0.999983467881509 0.030327229372304032 -0.25485567526094144 -0.7996285992857253
FixedParameters: 0 0 0
#Transform 89
Transform: MatrixOffsetTransformBase_double_3_3
Parameters: 0.9999923347037893 0.003913256177491295 -0.0005915522446946634 -0.003916902687249762 0.9999767393105146 -0.00554836949926614 0.0005699423730867573 0.005550623721400361 0.9999840008151333 0.04075061708238081 -0.24627741612248144 -0.8294269878158786
FixedParameters: 0 0 0
#Transform 90
Transform: MatrixOffsetTransformBase_double_3_3
Parameters: 0.9999912215182792 0.004045283080908801 -0.0011893415213838224 -0.004051946546067888 0.9999749067652274 -0.005776863676097893 0.0011660525938704655 0.005782133560642791 0.9999825086738742 0.040796514623451685 -0.21494905991443147 -0.8060199277636713
FixedParameters: 0 0 0
#Transform 91
Transform: MatrixOffsetTransformBase_double_3_3
Parameters: 0.9999900938798165 0.004396305510337173 -0.0007601284496786972 -0.004400787501699638 0.9999739088519293 -0.005700512116013121 0.000734718834964966 0.005703480955801643 0.9999831586073991 0.03779231106058489 -0.3345173880213679 -0.7953688930018643
FixedParameters: 0 0 0
#Transform 92
Transform: MatrixOffsetTransformBase_double_3_3
Parameters: 0.9999912735113491 0.004048764235583872 -0.001154412189404361 -0.004055033673409766 0.9999774178206937 -0.005268988556566392 0.0011332948648273104 0.0052730053225095025 0.9999852882091275 0.024542504768731987 -0.2339730125060413 -0.8119355909153683
FixedParameters: 0 0 0
#Transform 93
Transform: MatrixOffsetTransformBase_double_3_3
Parameters: 0.9999918304905431 0.004093355976539139 -0.0006446983025783496 -0.004096344695949374 0.9999774296435097 -0.005352131981879629 0.0006226164005260417 0.00535486499553893 0.9999850802819762 0.03124565596810669 -0.2762148687841517 -0.7903771132431672
FixedParameters: 0 0 0
#Transform 94
Transform: MatrixOffsetTransformBase_double_3_3
Parameters: 0.9999902182088215 0.004295955111384635 -0.0011511580869193135 -0.0043021293194809955 0.9999769191141545 -0.0053158956909774985 0.0011290201861877648 0.005321105417669114 0.9999847255247768 0.018928561796229815 -0.2219204129107908 -0.8014803079211958
FixedParameters: 0 0 0
#Transform 95
Transform: MatrixOffsetTransformBase_double_3_3
Parameters: 0.9999916816147125 0.004076042423232628 -0.0008392433107108446 -0.004080789744136524 0.9999741852312324 -0.005911268516677962 0.0008156814559972755 0.005914738319486426 0.9999825682910979 0.018384952823481626 -0.27412278122803 -0.7978705091460085
FixedParameters: 0 0 0
#Transform 96
Transform: MatrixOffsetTransformBase_double_3_3
Parameters: 0.9999919098823697 0.0040516685647116035 -0.0008221178613485556 -0.004055708218656587 0.9999766911250407 -0.005444351016317128 0.000799644785022775 0.005447645456485878 0.9999849002511279 0.03594098559662484 -0.21995160966073968 -0.8197293194547512
FixedParameters: 0 0 0
#Transform 97
Transform: MatrixOffsetTransformBase_double_3_3
Parameters: 0.9999916556999909 0.003877558213797226 -0.0011445155735887043 -0.0038838220250066438 0.9999760762863069 -0.0057912369161101235 0.0011220624229742468 0.005795766587088996 0.9999824492714283 0.02686975382786727 -0.27437138469683475 -0.7915453852551622
FixedParameters: 0 0 0
#Transform 98
Transform: MatrixOffsetTransformBase_double_3_3
Parameters: 0.9999914847674508 0.004060495399888631 -0.0010136371185737643 -0.004066821879775569 0.9999730437089799 -0.006173647259574769 0.0009880343631216372 0.006177351830664007 0.999980166402582 0.03131250391147944 -0.20404562412349492 -0.8406723126369968
FixedParameters: 0 0 0
#Transform 99
Transform: MatrixOffsetTransformBase_double_3_3
Parameters: 0.9999903864527147 0.004344822116201074 -0.0008565126002284904 -0.004350009039364959 0.9999759946547035 -0.005365043714596993 0.0008326100000692582 0.0053679574702992505 0.9999857924505852 0.03449172620638308 -0.2612180228406089 -0.7897645603123493
FixedParameters: 0 0 0
#Transform 100
Transform: MatrixOffsetTransformBase_double_3_3
Parameters: 0.999991961881841 0.004052808292763187 -0.0007839813885307057 -0.004056976766857278 0.9999744002084632 -0.005909512822569518 0.0007597173067213775 0.005912492674636338 0.9999826808907988 0.024348440902699053 -0.34313713927797096 -0.8092832926904947
FixedParameters: 0 0 0
#Transform 101
Transform: MatrixOffsetTransformBase_double_3_3
Parameters: 0.9999909242271018 0.004223216637767618 -0.0004910063122127707 -0.004225654777657486 0.999974287307176 -0.005719700761060834 0.00046750793917911196 0.0057212934827127054 0.9999831878815335 0.022560945862508675 -0.2732360589941152 -0.8222993043940932
FixedParameters: 0 0 0
#Transform 102
Transform: MatrixOffsetTransformBase_double_3_3
Parameters: 0.9999907744381878 0.004197836702742404 -0.0007781336713824593 -0.0042019271995783316 0.9999730439645297 -0.006012511652500427 0.0007532793666907732 0.006016486989757486 0.9999813810777022 0.020137728087462392 -0.3156685922455722 -0.8193342206144223
FixedParameters: 0 0 0
#Transform 103
Transform: MatrixOffsetTransformBase_double_3_3
Parameters: 0.999989671259067 0.00458540916628024 -0.0005505664550765573 -0.0045883377595394665 0.999974090579703 -0.005630428939917692 0.0005247344543282748 0.005632578109289882 0.9999841522142378 0.018848327841524792 -0.24807488134199218 -0.8107767549861649
FixedParameters: 0 0 0
#Transform 104
Transform: MatrixOffsetTransformBase_double_3_3
Parameters: 0.9999899713150646 0.0042257556120925115 -0.0010830004395418259 -0.00423098422256919 0.9999774174801932 -0.005136100285583867 0.0010611432338653545 0.00514090030165637 0.9999867448677713 0.025342722606126245 -0.23372953847250244 -0.8301020144313753
FixedParameters: 0 0 0
#Transform 105
Transform: MatrixOffsetTransformBase_double_3_3
Parameters: 0.9999912743757783 0.004001405117775782 -0.0008458084825160246 -0.004005702541466394 0.9999771168450031 -0.005442297328634313 0.000823897481237876 0.005445702412855344 0.9999848825730151 0.015577739308639593 -0.21309573506637491 -0.8229339948505725
FixedParameters: 0 0 0
#Transform 106
Transform: MatrixOffsetTransformBase_double_3_3
Parameters: 0.9999898648560629 0.004382797682185779 -0.0009619567654014082 -0.004387927403747087 0.9999763075691412 -0.005303627737958075 0.0009390966114005715 0.005307371668528807 0.9999852599501393 0.008491151412357567 -0.2367211125964701 -0.8159280393632713
FixedParameters: 0 0 0
#Transform 107
Transform: MatrixOffsetTransformBase_double_3_3
Parameters: 0.9999910205854429 0.004303220948109379 -0.0006769273315064548 -0.004307838549790482 0.9999740786581902 -0.005763868408338466 0.0006521136229312554 0.00576713421316595 0.9999834590636033 0.01777897267912465 -0.2440188905427476 -0.817684463496164
FixedParameters: 0 0 0
#Transform 108
Transform: MatrixOffsetTransformBase_double_3_3
Parameters: 0.9999901598480837 0.004389517219760093 -0.0007555314824791209 -0.004394445602132646 0.9999715828700825 -0.006154545240606324 0.0007282019614330779 0.006157455462018152 0.9999807832077339 0.025551632202976293 -0.29001810615702084 -0.8446852289627884
FixedParameters: 0 0 0
#Transform 109
Transform: MatrixOffsetTransformBase_double_3_3
Parameters: 0.9999913890421646 0.004017048605994822 -0.0006885124517392009 -0.0040211017826344555 0.9999746401322741 -0.005920006649689585 0.0006646693575609731 0.005922988759568343 0.9999816197069696 0.04110023619303149 -0.2863231470505383 -0.8195448379789383
FixedParameters: 0 0 0
#Transform 110
Transform: MatrixOffsetTransformBase_double_3_3
Parameters: 0.9999914653196785 0.0038974322894726487 -0.0011582837396074523 -0.003904835651171574 0.9999759982554981 -0.005784159511941708 0.001135730256197757 0.005788842567813618 0.9999824990503154 0.026932292552046988 -0.27662600296177686 -0.8451260519491086
FixedParameters: 0 0 0
#Transform 111
Transform: MatrixOffsetTransformBase_double_3_3
Parameters: 0.9999899824092033 0.00422889238280866 -0.001461435810826013 -0.004237160269605669 0.9999726606838051 -0.0059934875798274 0.00143600740713969 0.005999513230693976 0.9999814046899832 0.02685284923528286 -0.3147320521825776 -0.8141101675992104
FixedParameters: 0 0 0
#Transform 112
Transform: MatrixOffsetTransformBase_double_3_3
Parameters: 0.999992126195751 0.0039030948406304057 -0.0007980111711148338 -0.0039081758351343955 0.9999762282838032 -0.005688571155410091 0.0007763193961855192 0.005692426823281596 0.9999831335620699 0.06208156321483216 -0.24164013850348454 -0.8309718944633886
FixedParameters: 0 0 0
#Transform 113
Transform: MatrixOffsetTransformBase_double_3_3
Parameters: 0.9999932981823656 0.003616630094676234 -0.0007885856791565514 -0.003619623011863293 0.999985890047672 -0.003974732414869023 0.0007745998125879779 0.0039772718285648045 0.9999917907326948 0.03042953681720917 -0.1351071918200688 -0.8470934924528706
FixedParameters: 0 0 0
#Transform 114
Transform: MatrixOffsetTransformBase_double_3_3
Parameters: 0.9999888868951174 0.0047510902602292205 -0.000736230179296603 -0.0047540047165499965 0.9999772544960581 -0.004680436675712538 0.0007144856173513804 0.004683561608512021 0.9999887896655808 0.02498094584187527 -0.450973368510617 -0.670625835240088
FixedParameters: 0 0 0
#Transform 115
Transform: MatrixOffsetTransformBase_double_3_3
Parameters: 0.9999934263711092 0.0034768879218503176 -0.0006970261226767459 -0.003479457314935784 0.9999850752704285 -0.0041970780400619745 0.00068260884426643 0.004198923580194955 0.9999911044198921 0.016222912737177353 -0.33132683839060917 -0.8117975843711065
FixedParameters: 0 0 0
#Transform 116
Transform: MatrixOffsetTransformBase_double_3_3
Parameters: 0.9999946114934274 0.003039737766856218 -0.0010718513722975615 -0.0030428116803619234 0.9999899131853442 -0.003261069237684433 0.0010627211000220156 0.0032649346461120915 0.9999944038456854 -0.014002349808265535 -0.2197374315966556 -0.9190958619105913
FixedParameters: 0 0 0
#Transform 117
Transform: MatrixOffsetTransformBase_double_3_3
Parameters: 0.9999968464196912 0.0024491330912611545 -0.0003948555209353193 -0.0024504233860914272 0.9999891219976371 -0.003981289941053942 0.00038522981518978965 0.003982711010368109 0.9999920115958707 0.012530667554941033 -0.21839036151399682 -0.890234571468028
FixedParameters: 0 0 0
#Transform 118
Transform: MatrixOffsetTransformBase_double_3_3
Parameters: 0.999995055699154 0.0030978754892437474 -0.0005885022524880281 -0.0031005258953460163 0.999986913485252 -0.004044595675689461 0.0005763008079957653 0.004046402458248319 0.9999914098657154 0.008967759460148272 -0.20793559798390504 -0.8999605319699242
FixedParameters: 0 0 0
#Transform 119
Transform: MatrixOffsetTransformBase_double_3_3
Parameters: 0.9999955080401117 0.0029579637853372506 -0.0008605282481931314 -0.0029618488897426173 0.9999875501813227 -0.004059864434844254 0.0008492801547241212 0.004062135565864863 0.9999909742026978 -0.02050859398720206 -0.16263282261212453 -0.9210924042698565
FixedParameters: 0 0 0
#Transform 120
Transform: MatrixOffsetTransformBase_double_3_3
Parameters: 0.9999950548621945 0.0030969718431032955 -0.0005959586826288347 -0.003099449981463698 0.9999838163885733 -0.004843581245673564 0.0005807255465162606 0.004845423687057204 0.9999882996972808 0.0002628428133135685 -0.21839636047951672 -0.9108501186247224
FixedParameters: 0 0 0
#Transform 121
Transform: MatrixOffsetTransformBase_double_3_3
Parameters: 0.9999933721115768 0.0036722350098138145 -0.00037605476877841367 -0.003674208140795773 0.9999825179256104 -0.004576140540579018 0.0003593726398060683 0.0045778620005518245 0.9999899559545068 0.01794114709070982 -0.20985956876069167 -0.8602241252622775
FixedParameters: 0 0 0
#Transform 122
Transform: MatrixOffsetTransformBase_double_3_3
Parameters: 0.9999947304429087 0.0030868645972463994 -0.0008606360909450279 -0.0030911293341265708 0.999983050437862 -0.00501976361176637 0.0008453164881976064 0.005022243564785797 0.9999872586400003 0.0004588178922659836 -0.2961598805062806 -0.9084002522530312
FixedParameters: 0 0 0
#Transform 123
Transform: MatrixOffsetTransformBase_double_3_3
Parameters: 0.999995071446944 0.0029221772850545648 -0.0011788260779314365 -0.002928651379986713 0.9999804290809032 -0.005451877356788107 0.0011624547755861314 0.005455113624968075 0.9999841605010921 -0.011079567982449134 -0.28006547518755553 -0.907017236155923
FixedParameters: 0 0 0
#Transform 124
Transform: MatrixOffsetTransformBase_double_3_3
Parameters: 0.9999938502231082 0.003206013811350225 -0.0013683952508898095 -0.003212690421142473 0.9999816622456947 -0.005163017872646863 0.0013516935240745344 0.005166984756730206 0.9999858329960316 -0.020991691770674947 -0.3055639053208665 -0.9184694188720073
FixedParameters: 0 0 0
#Transform 125
Transform: MatrixOffsetTransformBase_double_3_3
Parameters: 0.9999947735861424 0.002999134872201326 -0.0011099394946310036 -0.003004349788182406 0.9999846911811843 -0.004691076888424017 0.0010953930878731886 0.004693920436505725 0.9999880429502387 -0.017804388669873106 -0.26839689700628355 -0.863128184898045
FixedParameters: 0 0 0
#Transform 126
Transform: MatrixOffsetTransformBase_double_3_3
Parameters: 0.9999926310321121 0.0034292214398011053 -0.0016154045706609926 -0.0034363982850836635 0.9999835281547839 -0.004496853941399315 0.0015999670131815198 0.004502142308437887 0.9999886115435057 -0.04303186306343321 -0.24903034097614807 -0.8743847868969539
FixedParameters: 0 0 0
#Transform 127
Transform: MatrixOffsetTransformBase_double_3_3
Parameters: 0.9999939102929186 0.003475989688477475 -0.0010029059655896361 -0.0034815318601640072 0.9999817642079175 -0.004991020189178699 0.0009848637500426904 0.0049949821361444935 0.9999872855015243 -0.03168425847785272 -0.2867590085333518 -0.8633886712281935
FixedParameters: 0 0 0
#Transform 128
Transform: MatrixOffsetTransformBase_double_3_3
Parameters: 0.9999948463190595 0.0030796167023969365 -0.0008189502196894835 -0.0030830846795744564 0.9999838879045205 -0.004733891671823476 0.0008044733419558154 0.004736104273605865 0.9999881176187524 0.0017160335748513944 -0.21212724618499124 -0.8598826342213215
FixedParameters: 0 0 0
#Transform 129
Transform: MatrixOffsetTransformBase_double_3_3
Parameters: 0.9999945347313799 0.0032886669323700765 -0.0008054295031121447 -0.0032927207271632925 0.9999841738829995 -0.004558848229169091 0.000790203830134944 0.004561145914489292 0.9999887733399363 -0.008656461467353438 -0.25630897187846813 -0.8560331722547119
FixedParameters: 0 0 0
#Transform 130
Transform: MatrixOffsetTransformBase_double_3_3
Parameters: 0.9999952517592751 0.0029442002435256316 -0.0010400640693831419 -0.002948263014923139 0.9999856812342945 -0.004408266906197972 0.0010267066486993673 0.004411729687844854 0.9999896740562318 -0.011490077509606067 -0.19816991740137269 -0.8508549902667397
FixedParameters: 0 0 0
#Transform 131
Transform: MatrixOffsetTransformBase_double_3_3
Parameters: 0.9999896976886974 0.0036054299031624227 -0.0027019739343221226 -0.0036172998270729744 0.9999846087882778 -0.0043056189026940694 0.002686963509412656 0.004315384731791466 0.9999869277031965 -0.12229686748791835 -0.26063897131693636 -0.8676195474493085
FixedParameters: 0 0 0
#Transform 132
Transform: MatrixOffsetTransformBase_double_3_3
Parameters: 0.9999933170988963 0.0032229506638783564 -0.0015155524583149724 -0.0032296268745599698 0.9999840337590169 -0.0046015134883680975 0.001500302468261108 0.004606480677565583 0.9999878893757198 -0.007603710988703938 -0.22734650582951588 -0.8721193148264206
FixedParameters: 0 0 0
#Transform 133
Transform: MatrixOffsetTransformBase_double_3_3
Parameters: 0.9999951852233877 0.0028887996013660607 -0.0012112228085838315 -0.0028952594638297327 0.9999838755020646 -0.004844821560735582 0.0011978119508102804 0.004848175601149626 0.9999873322195268 -0.0006343375788873118 -0.22601100179711864 -0.894028275113314
FixedParameters: 0 0 0
#Transform 134
Transform: MatrixOffsetTransformBase_double_3_3
Parameters: 0.9999943024562841 0.003220397520275761 -0.0005729620926248265 -0.003222698472436444 0.9999828828882437 -0.004960663483818739 0.0005567767102799628 0.00496233649294453 0.9999871861691491 0.01874845365874478 -0.24525134603344156 -0.8531160933156627
FixedParameters: 0 0 0
#Transform 135
Transform: MatrixOffsetTransformBase_double_3_3
Parameters: 0.9999943491353732 0.0034080770968977036 -0.00019328553458576912 -0.0034085414513826875 0.9999822932590141 -0.0048008549206702 0.0001765048731355884 0.004801135331634024 0.9999879563216585 0.03251377168346892 -0.2591891742780206 -0.8692645246109407
FixedParameters: 0 0 0
#Transform 136
Transform: MatrixOffsetTransformBase_double_3_3
Parameters: 0.9999963297256739 0.002455911590263611 -0.0007991498625707235 -0.00245957462946594 0.9999851270330209 -0.004862282285248307 0.0007879561459286157 0.004863719888984264 0.9999879047855926 0.08752741065768532 -0.230646478899331 -0.8279898776298467
FixedParameters: 0 0 0
#Transform 137
Transform: MatrixOffsetTransformBase_double_3_3
Parameters: 0.9999975683467855 0.001883596622761324 -0.000939048610795837 -0.001888915661483977 0.9999864214031235 -0.004882386640868611 0.0009303478688621167 0.004883613032502357 0.9999874592303037 0.06456500796424791 -0.17608364029638324 -0.9234479066752925
FixedParameters: 0 0 0
#Transform 138
Transform: MatrixOffsetTransformBase_double_3_3
Parameters: 0.999996646113297 0.0024268571649193912 -0.0006804792392840937 -0.0024310588449982904 0.9999829728708465 -0.005386605400147654 0.0006670993847766198 0.00538840209578606 0.9999856223764184 0.05686655383216532 -0.15825798058195062 -0.8620296504402347
FixedParameters: 0 0 0
#Transform 139
Transform: MatrixOffsetTransformBase_double_3_3
Parameters: 0.9999935858437243 0.0034875438069962433 -0.0005006154514669258 -0.003490533443638017 0.9999778311009498 -0.00573277670506793 0.00048045698643549555 0.0057342332154368125 0.9999840078974507 0.0709082135185497 -0.28837350114898186 -0.7763246797927934
FixedParameters: 0 0 0
#Transform 140
Transform: MatrixOffsetTransformBase_double_3_3
Parameters: 0.99999413943853 0.0032953100628092245 0.000007505406172747336 -0.003295636411949859 0.999978406085992 -0.00563746918140165 -0.000026558925893909488 0.005637526869588766 0.9999841698845767 0.06378837678232685 -0.37350982921330456 -0.8334448590534862
FixedParameters: 0 0 0
#Transform 141
Transform: MatrixOffsetTransformBase_double_3_3
Parameters: 0.9999954505604185 0.003090032843258697 -0.0000442806220446203 -0.003089965549592104 0.9999786329382815 -0.0058193080737763 0.000026337147754796166 0.005819696226853702 0.9999830837015226 0.05620773353237496 -0.24015894454448983 -0.8667673953764705
FixedParameters: 0 0 0
#Transform 142
Transform: MatrixOffsetTransformBase_double_3_3
Parameters: 0.999995843313003 0.0027979964635295998 -0.0005710174660825187 -0.0028013574596967433 0.9999842630275901 -0.0048767408439057275 0.000557577385557027 0.0048782606982347015 0.9999879998853839 0.039000577208426535 -0.21967014326112633 -0.816388883967349
FixedParameters: 0 0 0
#Transform 143
Transform: MatrixOffsetTransformBase_double_3_3
Parameters: 0.9999960744568182 0.002723300779818004 -0.0007127342191879833 -0.0027273823887390258 0.9999831983601077 -0.005116388849447845 0.0006986318859793086 0.0051176088904155426 0.9999865082839847 0.03500187750928774 -0.17601488672903542 -0.8632803053320117
FixedParameters: 0 0 0
#Transform 144
Transform: MatrixOffsetTransformBase_double_3_3
Parameters: 0.9999943038106379 0.0031157081364269514 -0.000993725664342087 -0.0031219496647627736 0.9999772432867016 -0.005984323446942316 0.0009749949640162343 0.005987673855250619 0.9999813953144215 0.03718094638770708 -0.12430811180729506 -0.8631181163632959
FixedParameters: 0 0 0
#Transform 145
Transform: MatrixOffsetTransformBase_double_3_3
Parameters: 0.9999958181465957 0.0026963813540880695 -0.000953700914718632 -0.002701526345651348 0.9999845250162095 -0.004897756364313652 0.000940963467900183 0.0049002435720395116 0.9999872923425938 0.03418463663001603 -0.26457949009157744 -0.8290927021142238
FixedParameters: 0 0 0
#Transform 146
Transform: MatrixOffsetTransformBase_double_3_3
Parameters: 0.9999947299100255 0.0030732554179665385 -0.0009092544783783623 -0.003077846740267538 0.9999797030844534 -0.005534544301098884 0.000891816695586791 0.005537457195078435 0.9999847315985381 0.029086508260817823 -0.2629517111613211 -0.8590076171633569
FixedParameters: 0 0 0
#Transform 147
Transform: MatrixOffsetTransformBase_double_3_3
Parameters: 0.9999950595729122 0.0031527626113778003 -0.000038311883331750945 -0.003152618431360256 0.999978885543462 -0.005676321361611059 0.00002054042786875238 0.005676676848130252 0.9999837280558574 0.026340129304870175 -0.247487119420839 -0.8548270294986651
FixedParameters: 0 0 0
#Transform 148
Transform: MatrixOffsetTransformBase_double_3_3
Parameters: 0.9999945227861354 0.0032109169886259544 -0.001079761204513105 -0.0032171922675134444 0.9999793659764489 -0.005477941623279026 0.0010621497462056993 0.005481049570546209 0.9999841063946706 0.04361762562292881 -0.22647443070867723 -0.884655404477968
FixedParameters: 0 0 0
#Transform 149
Transform: MatrixOffsetTransformBase_double_3_3
Parameters: 0.9999946621584337 0.003289804566149288 -0.0007165372371547003 -0.0032945362727990184 0.9999776178948679 -0.005859149055424118 0.0006967248002470933 0.005860848710411051 0.9999823642925462 0.032299175511283806 -0.22323799883361062 -0.8945878218329
FixedParameters: 0 0 0
#Transform 150
Transform: MatrixOffsetTransformBase_double_3_3
Parameters: 0.9999950946984179 0.0031321012331454365 -0.000307225069125617 -0.0031342629557300473 0.9999734949716537 -0.006530473767993261 0.00028722830841414095 0.006531519696756485 0.9999782907266805 0.04122338646619994 -0.2992400841566223 -0.9155707702561102
FixedParameters: 0 0 0
#Transform 151
Transform: MatrixOffsetTransformBase_double_3_3
Parameters: 0.9999948204991586 0.003113021927368368 -0.0006985437883365961 -0.003116759946885864 0.9999821004354132 -0.005098243184149032 0.0006825601653454844 0.0050997554369470455 0.9999867199986414 0.04930615205238098 -0.22349273713138018 -0.8692160763262535
FixedParameters: 0 0 0
#Transform 152
Transform: MatrixOffsetTransformBase_double_3_3
Parameters: 0.9999952670004081 0.0029378352443338073 -0.0010501693999766355 -0.0029444261227550552 0.9999757581524955 -0.006269243705718103 0.0010308139980901702 0.006271751206027132 0.9999798695751584 0.029176643345294906 -0.28391215095727773 -0.8936583505479092
FixedParameters: 0 0 0
#Transform 153
Transform: MatrixOffsetTransformBase_double_3_3
Parameters: 0.9999932845481736 0.0032661722016017708 -0.001431529761913781 -0.0032749888396320886 0.9999731314878305 -0.006540733690143019 0.0014100008575746422 0.0065452643549200745 0.9999775301864359 0.01929379775401685 -0.16548426948304495 -0.928136861653428
FixedParameters: 0 0 0
#Transform 154
Transform: MatrixOffsetTransformBase_double_3_3
Parameters: 0.9999956231419983 0.0029622926799753985 -0.0007754600854368045 -0.002967037441981563 0.9999780049587883 -0.006006130270061055 0.0007575328952738298 0.006008871933023491 0.9999814372372672 0.03318918942950688 -0.2629290387896077 -0.8563665430104379
FixedParameters: 0 0 0
#Transform 155
Transform: MatrixOffsetTransformBase_double_3_3
Parameters: 0.9999941679158552 0.003418383963836841 -0.00038482447803882 -0.003420252421766949 0.9999744170746291 -0.006232205870905769 0.00036404282044449925 0.006233786560666754 0.9999800493262089 0.03996078153315352 -0.3392365500481418 -0.8740677697749675
FixedParameters: 0 0 0
#Transform 156
Transform: MatrixOffsetTransformBase_double_3_3
Parameters: 0.9999931410089893 0.0036871396267914177 -0.0005129497356537584 -0.0036904919106448774 0.9999736308699239 -0.006214711458321198 0.0004899341961334796 0.006216281109523034 0.9999802442909964 0.029137565799018716 -0.2629709657358603 -0.9025449724444883
FixedParameters: 0 0 0
#Transform 157
Transform: MatrixOffsetTransformBase_double_3_3
Parameters: 0.9999940640273688 0.0033767037055197915 -0.0007313119839929337 -0.003380899844874105 0.9999752872721486 -0.006177046756188728 0.0007102431796905873 0.0061799510197092095 0.9999804280881642 0.028325106763304575 -0.28486316114896226 -0.887977002041211
FixedParameters: 0 0 0
#Transform 158
Transform: MatrixOffsetTransformBase_double_3_3
Parameters: 0.9999939663456253 0.0034200837231737904 -0.0005809684259933534 -0.0034235486790148983 0.9999744848504118 -0.006298534070664483 0.0005586219014150902 0.006300467061860049 0.9999801130614341 0.025725071367773467 -0.24364754960720347 -0.8991549933476932
FixedParameters: 0 0 0
#Transform 159
Transform: MatrixOffsetTransformBase_double_3_3
Parameters: 0.999994163571842 0.0032880369384320025 -0.00015584260896765745 -0.003289236772963501 0.9999765415190703 -0.006050010026419 0.00013506766779313288 0.006049986782295097 0.9999814162039568 0.03305603703103088 -0.250981879449796 -0.8919671612899975
FixedParameters: 0 0 0
#Transform 160
Transform: MatrixOffsetTransformBase_double_3_3
Parameters: 0.9999944037159025 0.003285018251686762 -0.0008959221911835024 -0.0032908384226253643 0.9999772461749145 -0.005892559210642523 0.0008768505956184883 0.005895434933630719 0.9999816782989286 0.013426558022501922 -0.21845392737961333 -0.8936047511103453
FixedParameters: 0 0 0
#Transform 161
Transform: MatrixOffsetTransformBase_double_3_3
Parameters: 0.9999941686167592 0.0033127902653750877 -0.0009245179917482421 -0.0033185164690509084 0.9999783145515143 -0.0056103577432849855 0.0009059929932823282 0.005613637382729908 0.9999838643225387 0.014774590950594302 -0.23392252878922193 -0.9151594120078244
FixedParameters: 0 0 0
#Transform 162
Transform: MatrixOffsetTransformBase_double_3_3
Parameters: 0.9999937743778864 0.0034205308644412215 -0.0012342629693557427 -0.003429035627380597 0.9999743467856451 -0.00621419533057832 0.001212201773981329 0.006218797718388028 0.9999801368888617 0.00858437078370855 -0.24522196077380443 -0.8855100782084406
FixedParameters: 0 0 0
#Transform 163
Transform: MatrixOffsetTransformBase_double_3_3
Parameters: 0.9999955624626446 0.002798789674615624 -0.0012669920642821972 -0.002805757953126653 0.9999798064753671 -0.005661697856182285 0.0012507049391596874 0.0056653035098773175 0.9999836048494283 -0.00870707853921715 -0.227502545345871 -0.908764002358609
FixedParameters: 0 0 0
#Transform 164
Transform: MatrixOffsetTransformBase_double_3_3
Parameters: 0.9999915217859082 0.0041268336555761054 -0.000668107142290927 -0.004131997745425838 0.999964524508684 -0.007366031860213576 0.000636994357721214 0.007368964766386293 0.999972435242037 0.017037606497183333 -0.27791322397190754 -0.9413586640415588
FixedParameters: 0 0 0
#Transform 165
Transform: MatrixOffsetTransformBase_double_3_3
Parameters: 0.999994075377156 0.003048355077104998 -0.0012773957567933656 -0.0030563943858802297 0.9999766735750101 -0.006140516300895613 0.001258341352150623 0.006144480077682174 0.9999799402939705 -0.006941239267135302 -0.3408116184157848 -0.901290710878925
FixedParameters: 0 0 0
#Transform 166
Transform: MatrixOffsetTransformBase_double_3_3
Parameters: 0.9999927638362314 0.0036126773042794947 -0.0010880005206161242 -0.0036203978226857394 0.9999695954409322 -0.0068565785635311405 0.0010628979464951472 0.006860417822872875 0.9999760889345236 0.0002793109954808415 -0.2790570430641566 -0.9415330020168113
FixedParameters: 0 0 0
#Transform 167
Transform: MatrixOffsetTransformBase_double_3_3
Parameters: 0.9999931671064556 0.0035514369233495156 -0.00046897872180641617 -0.003554535029034289 0.9999724818033072 -0.006538938690359486 0.0004453492887996868 0.006540057477266409 0.999978154018971 0.016210272707198214 -0.3159833334893136 -0.9243951889064022
FixedParameters: 0 0 0
#Transform 168
Transform: MatrixOffsetTransformBase_double_3_3
Parameters: 0.9999940227469702 0.003372768178716818 -0.0007753937540121018 -0.00337754443781662 0.9999743107674786 -0.006251812842188689 0.0007548637198014902 0.006254187990328244 0.9999805109580456 0.00808649854390353 -0.24511281263355045 -0.9019028812396783
FixedParameters: 0 0 0
#Transform 169
Transform: MatrixOffsetTransformBase_double_3_3
Parameters: 0.9999934293768101 0.0035761012894008895 -0.0008833551862076953 -0.003582031634679576 0.9999742004326029 -0.006145350529071683 0.0008610337890000735 0.006148640802559058 0.9999806568094327 0.01330175004507339 -0.2446582528308312 -0.9470556336909226
FixedParameters: 0 0 0
#Transform 170
Transform: MatrixOffsetTransformBase_double_3_3
Parameters: 0.9999925843765661 0.003766374885251134 -0.00047974320384091987 -0.0037692944987348783 0.9999733157431429 -0.006198804006669986 0.00045586215376495375 0.006201185985406213 0.9999803876799277 0.025168872632931993 -0.26391395859575084 -0.9407192033471858
FixedParameters: 0 0 0
#Transform 171
Transform: MatrixOffsetTransformBase_double_3_3
Parameters: 0.9999931192294557 0.003313582847443476 -0.0017031657208545683 -0.0033243513152864438 0.9999741357793305 -0.006359760948379131 0.0016821165531218422 0.0063662338306604005 0.9999780068451648 -0.008549885154721437 -0.24832526122219178 -0.9484073526564032
FixedParameters: 0 0 0
#Transform 172
Transform: MatrixOffsetTransformBase_double_3_3
Parameters: 0.9999920879085079 0.003946113883924043 -0.0005816743012658071 -0.003950124467294791 0.9999737790038471 -0.006122400959172339 0.000557158392725511 0.006124604092378014 0.9999813133680051 0.0010047955570939848 -0.27642090540008724 -0.9199882134504236
FixedParameters: 0 0 0
#Transform 173
Transform: MatrixOffsetTransformBase_double_3_3
Parameters: 0.9999945904586746 0.0031187044783724813 -0.0008265052740118214 -0.003124724814033216 0.9999688399441565 -0.00729385445998218 0.000803553626220498 0.0072961533458578975 0.9999733147146719 0.024269179567426136 -0.26550560819225666 -1.0087930077871476
FixedParameters: 0 0 0
#Transform 174
Transform: MatrixOffsetTransformBase_double_3_3
Parameters: 0.9999944820956105 0.0032875135359420543 -0.000843675853731687 -0.003293454978165048 0.999963478737708 -0.007903741489426824 0.0008181518817710945 0.00790625669790225 0.9999680230099769 0.008614722420816179 -0.29152560848548603 -1.0211375822225932
FixedParameters: 0 0 0
#Transform 175
Transform: MatrixOffsetTransformBase_double_3_3
Parameters: 0.9999934212987784 0.0034912787094995277 -0.001179061633087501 -0.003500256633873932 0.9999631918933416 -0.007827395244109026 0.001151652665976198 0.007831603358638042 0.9999686249806623 -0.004388471904704261 -0.3989335779359351 -1.0016480854752814
FixedParameters: 0 0 0
#Transform 176
Transform: MatrixOffsetTransformBase_double_3_3
Parameters: 0.9999939484048102 0.0034660537488027765 -0.001018711029796543 -0.003473392693164447 0.999968762502989 -0.0071389881802638305 0.0009936618922408353 0.007143017571466875 0.9999741964657742 -0.005390981736937306 -0.2742742811390144 -0.9723204534618048
FixedParameters: 0 0 0
#Transform 177
Transform: MatrixOffsetTransformBase_double_3_3
Parameters: 0.9999929506694859 0.0034419260826642154 -0.0010970872685225096 -0.0034495178757587707 0.9999679791001901 -0.007199729598980631 0.001071882019922462 0.007203263716819383 0.9999732467295153 -0.006867992722973781 -0.3511281226454912 -0.9846786497741817
FixedParameters: 0 0 0
#Transform 178
Transform: MatrixOffsetTransformBase_double_3_3
Parameters: 0.9999937625125228 0.00333382847262593 -0.0010587087505597782 -0.003342120309623284 0.9999680561985196 -0.0073189850748708735 0.0010343395692686734 0.007323018642949153 0.9999725104407975 0.012223819228580624 -0.2689130193130467 -0.9740277387386413
FixedParameters: 0 0 0
#Transform 179
Transform: MatrixOffsetTransformBase_double_3_3
Parameters: 0.9999934088820218 0.003643448989786659 -0.0005638487993035675 -0.0036465990506199305 0.9999730648337852 -0.006364550037347885 0.0005402021600032017 0.0063664445263475755 0.9999793038060909 0.004838390117683389 -0.27623679120037536 -0.9428744267298867
FixedParameters: 0 0 0
#Transform 180
Transform: MatrixOffsetTransformBase_double_3_3
Parameters: 0.9999946693264304 0.003152488616868285 -0.0011794443346903754 -0.0031613201118557616 0.99996968197362 -0.007144701918637933 0.0011567530313665705 0.0071483008419024885 0.9999738408149316 -0.004595657991572466 -0.2520664024106196 -0.9853842480424504
FixedParameters: 0 0 0
#Transform 181
Transform: MatrixOffsetTransformBase_double_3_3
Parameters: 0.9999943044077836 0.0031363544819419586 -0.0013629204067389768 -0.0031462188666883423 0.9999712302421147 -0.006893131036602884 0.0013409538843216899 0.006896861893887565 0.9999749907565115 -0.010475354514966284 -0.2545625796768576 -0.9610560290390708
FixedParameters: 0 0 0
#Transform 182
Transform: MatrixOffsetTransformBase_double_3_3
Parameters: 0.9999940159633562 0.003447971445650004 -0.0010468416701372367 -0.0034545036472202638 0.9999729614739777 -0.006466893340808091 0.0010247053855232198 0.006470103161033289 0.9999783703803524 -0.006656490950419425 -0.27053143669793656 -0.9237549381988259
FixedParameters: 0 0 0
#Transform 183
Transform: MatrixOffsetTransformBase_double_3_3
Parameters: 0.9999930873543713 0.0036933077883082757 -0.0011265801805972913 -0.00370213075796841 0.99996727298438 -0.007192432814037614 0.0010998723488784543 0.007196562758037803 0.9999732910155082 0.0082296705423488 -0.2774023863059085 -0.9639584570394817
FixedParameters: 0 0 0
#Transform 184
Transform: MatrixOffsetTransformBase_double_3_3
Parameters: 0.999993430341551 0.0036801620076044993 -0.00016033586252226504 -0.0036811585126970124 0.9999748631019763 -0.006045020454633052 0.00013784409231996082 0.006044974683667423 0.9999814823035474 0.0484321106049066 -0.2802307612500101 -0.9358839665360676
FixedParameters: 0 0 0
#Transform 185
Transform: MatrixOffsetTransformBase_double_3_3
Parameters: 0.999994167387457 0.0034395965456305404 0.000056195237510676206 -0.0034389214210309876 0.9999851862721731 -0.004136639338087791 -0.0000706170126514929 0.0041373597122478095 0.9999917513341428 0.056055556071711976 -0.15092401832279734 -0.9374508540246893
FixedParameters: 0 0 0
#Transform 186
Transform: MatrixOffsetTransformBase_double_3_3
Parameters: 0.9999939102307711 0.0033047165255693034 -0.0004120647902843906 -0.0033062706930058116 0.9999832134145753 -0.004776152319531199 0.00039634809578727376 0.004777844591287744 0.9999880569860227 0.03171832122838225 -0.26175028733131 -0.9389775463277914
FixedParameters: 0 0 0
#Transform 187
Transform: MatrixOffsetTransformBase_double_3_3
Parameters: 0.9999920157798264 0.003983709722568949 -0.0003380320579738745 -0.003985729860751092 0.9999735886822526 -0.006121358157451934 0.00031316178395691783 0.006122646410076982 0.9999814682998587 0.03102581347013711 -0.2965849175091648 -0.9458212216424471
FixedParameters: 0 0 0
#Transform 188
Transform: MatrixOffsetTransformBase_double_3_3
Parameters: 0.9999930645619056 0.0037313719281550956 -0.00011479456601605511 -0.0037317439578661957 0.9999741437173475 -0.0060801110328119745 0.00009241910578319066 0.006080890889230195 0.9999819749317144 0.03945821968488872 -0.2682954104297437 -0.9418837146430974
FixedParameters: 0 0 0
#Transform 189
Transform: MatrixOffsetTransformBase_double_3_3
Parameters: 0.9999937338094078 0.0036422020598790507 0.000024290565246288956 -0.0036419841739749126 0.999976182383352 -0.005887710809636196 -0.000045090442542697 0.005888287982143192 0.999982213514578 0.04402903945819503 -0.24531990723414765 -0.964289265434715
FixedParameters: 0 0 0
#Transform 190
Transform: MatrixOffsetTransformBase_double_3_3
Parameters: 0.9999925778553234 0.003767708900903271 -0.00047598654859978384 -0.003770538256592352 0.9999737636970791 -0.006235896173051661 0.0004528110131123319 0.0062371037890981695 0.9999800252574981 0.012809658071731178 -0.2827642120938947 -0.9281837255350638
FixedParameters: 0 0 0
#Transform 191
Transform: MatrixOffsetTransformBase_double_3_3
Parameters: 0.9999912657369653 0.004081891331325392 0.00026986044291123153 -0.004079943989599039 0.9999703255674826 -0.006573832234430685 -0.0002962761149232883 0.006573174955843225 0.9999785170226227 0.03322328556291154 -0.219819989045277 -1.0132129262812555
FixedParameters: 0 0 0
#Transform 192
Transform: MatrixOffsetTransformBase_double_3_3
Parameters: 0.9999932307330618 0.0035691081588227007 -0.0010158278267867465 -0.003575369333144257 0.9999716763784422 -0.006576882090514408 0.0009923368172707187 0.006580116158118418 0.9999779998073938 0.002627466152077318 -0.14846701259556028 -1.0572318391161417
FixedParameters: 0 0 0
#Transform 193
Transform: MatrixOffsetTransformBase_double_3_3
Parameters: 0.9999913143914824 0.003945215098053637 -0.0010581276427987923 -0.003951907969644657 0.9999735801855106 -0.006042421015000687 0.001033984370087322 0.00604657896824759 0.9999816612735363 0.023528458229549187 -0.2157124622219868 -0.9703958053651149
FixedParameters: 0 0 0
#Transform 194
Transform: MatrixOffsetTransformBase_double_3_3
Parameters: 0.9999949007499889 0.0033185931862892413 -0.0002986527152001315 -0.003319624562012225 0.9999734190814199 -0.006520534269420675 0.00027621176704015747 0.006521462368073841 0.9999784336682608 0.01266447884130173 -0.43644661566987963 -0.9159902614734676
FixedParameters: 0 0 0
#Transform 195
Transform: MatrixOffsetTransformBase_double_3_3
Parameters: 0.9999966879031015 0.00270116176885412 0.0001301175377849904 -0.0026998114502156567 0.9999737105384511 -0.0067126294545755555 -0.0001482686956166957 0.0067123742584953155 0.999977860847429 0.0192908690682998 -0.3819613393722392 -1.041257079811274
FixedParameters: 0 0 0
#Transform 196
Transform: MatrixOffsetTransformBase_double_3_3
Parameters: 0.9999963911920733 0.0027258330693616093 0.00042550191940811215 -0.0027218196250733025 0.9999693307871635 -0.007307442913384296 -0.00044504801005718764 0.007306554811348204 0.9999732742950767 0.02485447989178624 -0.3516542376629985 -1.0534498685601932
FixedParameters: 0 0 0
#Transform 197
Transform: MatrixOffsetTransformBase_double_3_3
Parameters: 0.9999963779945207 0.0027360534620932317 -0.00036906446129095514 -0.0027383657273009083 0.9999738095339318 -0.00675734527010019 0.0003509220238872454 0.00675866274617877 0.9999772260616211 0.009381440788700957 -0.28824052345552786 -1.029483378549756
FixedParameters: 0 0 0
#Transform 198
Transform: MatrixOffsetTransformBase_double_3_3
Parameters: 0.9999951809300832 0.0032838684654124283 -0.00019383090367184545 -0.003284607144848313 0.999963166973975 -0.007937819180352482 0.00016760195266647264 0.007938189593362593 0.999968987872211 0.03605289410761259 -0.25646981526564616 -1.1073440813930517
FixedParameters: 0 0 0
#Transform 199
Transform: MatrixOffsetTransformBase_double_3_3
Parameters: 0.9999950430110279 0.002992596123172655 -0.00004594738759612887 -0.00299257012217355 0.9999762721352105 -0.006224297337721202 0.000026716669995568987 0.006223698159150429 0.9999802936281627 0.01468471239385849 -0.2621466926766516 -1.0625778262872387
FixedParameters: 0 0 0
#Transform 200
Transform: MatrixOffsetTransformBase_double_3_3
Parameters: 0.9999947847381121 0.0033433632510757915 -0.00019032476363618737 -0.003344943795895406 0.999967252239155 -0.007388899924564887 0.00016589860415585478 0.007390097832917664 0.9999723212981126 0.019459105444013858 -0.19159290269368512 -1.1004078294691055
FixedParameters: 0 0 0
#Transform 201
Transform: MatrixOffsetTransformBase_double_3_3
Parameters: 0.9999944476432523 0.003240804927346492 -0.00022507014744128668 -0.003241874732312404 0.9999726309004996 -0.006700726182059233 0.0002035518775947772 0.006702285455022744 0.9999779952154579 0.016340354799780243 -0.2819315983885957 -1.0518881817321244
FixedParameters: 0 0 0
#Transform 202
Transform: MatrixOffsetTransformBase_double_3_3
Parameters: 0.9999948745358707 0.0032994457121818845 -0.0004908972245653827 -0.003302163569981458 0.9999707023466846 -0.006875819860555715 0.00046825938222780556 0.006877182684585245 0.9999765982861144 0.016418048436690924 -0.33644130734191435 -1.0430555929673204
FixedParameters: 0 0 0
#Transform 203
Transform: MatrixOffsetTransformBase_double_3_3
Parameters: 0.9999964085184194 0.0027545835265151255 0.00005623769188169974 -0.0027541797208044264 0.9999535406674165 -0.009215516569987814 -0.00008084643717347082 0.009215472251994455 0.9999570131451045 0.02464985016872845 -0.3766970038234092 -1.1335170406963897
FixedParameters: 0 0 0
#Transform 204
Transform: MatrixOffsetTransformBase_double_3_3
Parameters: 0.9999943757703622 0.0034025518367166593 -0.00021306378025984772 -0.003404395995883542 0.9999685062569952 -0.007201808774100524 0.0001890372509574709 0.007202197383304881 0.9999741302143889 0.007008547501655471 -0.3990974963241456 -1.0595392313210965
FixedParameters: 0 0 0
#Transform 205
Transform: MatrixOffsetTransformBase_double_3_3
Parameters: 0.9999954532070748 0.0028405729187765505 -0.0006907434826945605 -0.002847711268092086 0.9999463832296589 -0.009919388419718289 0.0006618894166712205 0.009921595739560682 0.9999502322305487 -0.019611085499192882 -0.4701707817648497 -1.294252169340865
FixedParameters: 0 0 0
#Transform 206
Transform: MatrixOffsetTransformBase_double_3_3
Parameters: 0.9999982692282776 0.0019243348186836768 -0.00016074880195823262 -0.001926416766044386 0.9999696529907539 -0.007524863991914571 0.0001468029799056494 0.007525129508666392 0.9999713633276359 -0.0655271688159047 -0.37968665385760403 -1.5518169797933297
FixedParameters: 0 0 0
#Transform 207
Transform: MatrixOffsetTransformBase_double_3_3
Parameters: 0.9999970491865077 0.002355197764466058 -0.0006363733267267565 -0.00235853169200387 0.9999791076479164 -0.005935672073025158 0.0006220970839261276 0.005937324923041068 0.9999824567663843 -0.03893164962553897 -0.384082761040645 -1.5675340209881057
FixedParameters: 0 0 0
#Transform 208
Transform: MatrixOffsetTransformBase_double_3_3
Parameters: 0.9999962092066996 0.0025737227321158402 -0.00041074067324440753 -0.0025757382727106515 0.9999740896980414 -0.00672120599487025 0.0003929070564324867 0.0067217986420504555 0.9999777611791387 -0.02757914777616577 -0.37838091580032085 -1.5853659539399416
FixedParameters: 0 0 0
#Transform 209
Transform: MatrixOffsetTransformBase_double_3_3
Parameters: 0.999995387383031 0.0024546775081412324 -0.0016080156284850428 -0.002464505171062482 0.9999812587670358 -0.005604205814377733 0.0015938152948993076 0.0056087947332899984 0.9999832622992282 -0.06548550348409776 -0.35569930461075216 -1.6016944542448641
FixedParameters: 0 0 0
#Transform 210
Transform: MatrixOffsetTransformBase_double_3_3
Parameters: 0.9999961584192976 0.0021547513979541357 -0.0017884364968301864 -0.002164669484237426 0.9999816755285579 -0.005595203985232999 0.0017764793045778097 0.005598793630903431 0.9999828294727177 -0.08312489601725304 -0.3133496837012757 -1.5835695430232164
FixedParameters: 0 0 0
#Transform 211
Transform: MatrixOffsetTransformBase_double_3_3
Parameters: 0.9999948779937964 0.0022807049778388933 -0.002218931063219758 -0.0022921239124520367 0.9999818368261517 -0.005521986761151176 0.002205641231116765 0.005527007085870617 0.9999820003810915 -0.09343090432470547 -0.30025744736728655 -1.6005664625915443
FixedParameters: 0 0 0
#Transform 212
Transform: MatrixOffsetTransformBase_double_3_3
Parameters: 0.9999973236098201 0.0020166435432711293 -0.0012685094238620105 -0.0020240006117294065 0.999981599013685 -0.005668516931205569 0.0012570667705161633 0.005671482988551163 0.9999834261887888 -0.05877121294197707 -0.3422298447492409 -1.5756367756198415
FixedParameters: 0 0 0
#Transform 213
Transform: MatrixOffsetTransformBase_double_3_3
Parameters: 0.9999963104483743 0.0019818253789906574 -0.001662255241641348 -0.0019910960342919264 0.9999810454160682 -0.005801764385967981 0.0016504223421791703 0.005804235341324668 0.9999819147364974 -0.06912376867001058 -0.3210554505351695 -1.596249966260018
FixedParameters: 0 0 0
#Transform 214
Transform: MatrixOffsetTransformBase_double_3_3
Parameters: 0.9999946914277801 0.0025388919525763942 -0.0022048781621314397 -0.00255211799215568 0.9999785258975846 -0.006044535453039776 0.0021900495011286498 0.0060504633801016505 0.9999790201491952 -0.09478599636503304 -0.40492848591213715 -1.584127456183623
FixedParameters: 0 0 0
#Transform 215
Transform: MatrixOffsetTransformBase_double_3_3
Parameters: 0.9999961525661311 0.0025426139684804542 -0.0011749135061286061 -0.0025501755049576053 0.9999790438775791 -0.0059322511132830075 0.0011602316314367053 0.005934747686146005 0.9999816950933949 -0.06984213101630132 -0.35982105710783685 -1.5841340603182061
FixedParameters: 0 0 0
#Transform 216
Transform: MatrixOffsetTransformBase_double_3_3
Parameters: 0.9999946309285929 0.0026260528953464695 -0.0018635641476861613 -0.0026375911632129257 0.9999775694497839 -0.006168326472271959 0.0018472078940478054 0.006172669845948983 0.9999789104389764 -0.09402851091466857 -0.4232359856429184 -1.5861445331322699
FixedParameters: 0 0 0
#Transform 217
Transform: MatrixOffsetTransformBase_double_3_3
Parameters: 0.9999960929899423 0.002577325822448945 -0.0011243569998691633 -0.0025840228693758843 0.9999797478476187 -0.005778346947224525 0.0011090639622539091 0.005781647622704944 0.9999825276837101 -0.07642820586508492 -0.37383819460283974 -1.5536328181285626
FixedParameters: 0 0 0
