#Insight Transform File V1.0
#Transform 0
Transform: MatrixOffsetTransformBase_double_3_3
Parameters: 0.9999985695107553 0.0015534365403298608 -0.0001315810217665005 -0.0015537499398034877 0.999995473774973 -0.002470879428061512 0.00012788969727620542 0.002471119215332551 0.9999968840311019 -0.003911576820300411 -0.1649581054700775 -0.6688561210641097
FixedParameters: 0 0 0
#Transform 1
Transform: MatrixOffsetTransformBase_double_3_3
Parameters: 0.9999981676762599 0.0015378615202069302 -0.0006831397362706819 -0.0015398234381118294 0.9999957282364735 -0.002411025889907492 0.0006796224936962251 0.002411973074386356 0.9999968087525066 -0.027437822071135543 -0.14557049034158354 -0.6643030564616623
FixedParameters: 0 0 0
#Transform 2
Transform: MatrixOffsetTransformBase_double_3_3
Parameters: 0.9999988970152646 0.0014046748013740514 -0.00035903681581343853 -0.0014062131899692503 0.9999952006772704 -0.0026105772569341157 0.0003556841229566681 0.002611418435165644 0.9999960616772696 -0.02199330914531572 -0.197093116625922 -0.6609455534090785
FixedParameters: 0 0 0
#Transform 3
Transform: MatrixOffsetTransformBase_double_3_3
Parameters: 0.9999991958441726 0.0013363845431016684 0.00013775994963432603 -0.001335461985198549 0.9999964071920362 -0.0024252750587688693 -0.00014125061302078308 0.0024257255675391026 0.9999970225277572 0.001199700344102439 -0.1756214453056657 -0.6286114579202859
FixedParameters: 0 0 0
#Transform 4
Transform: MatrixOffsetTransformBase_double_3_3
Parameters: 0.9999988842625012 0.0017261791365466366 -0.00036762804229297516 -0.001727501901419897 0.9999958378350137 -0.0022564441770375337 0.0003638213457365641 0.002256557377333601 0.9999978628187651 -0.03760123571224483 -0.1567032432765103 -0.6439899273731271
FixedParameters: 0 0 0
#Transform 5
Transform: MatrixOffsetTransformBase_double_3_3
Parameters: 0.9999984858897119 0.0015814694045129883 0.00011750505827232155 -0.0015807195793420645 0.9999961166461654 -0.0021112752628996284 -0.00012119211894108632 0.0021117211050267343 0.9999974523715675 -0.0070352691794397515 -0.18800597897821092 -0.6090358420207167
FixedParameters: 0 0 0
#Transform 6
Transform: MatrixOffsetTransformBase_double_3_3
Parameters: 0.9999984537473241 0.001544166098106384 -0.0010780618398499996 -0.0015457762644248939 0.9999973295209864 -0.0017864117311758576 0.0010753645945171244 0.0017885888202684719 0.9999977339021845 -0.041141338281633466 -0.13752691395988847 -0.6431984043829573
FixedParameters: 0 0 0
#Transform 7
Transform: MatrixOffsetTransformBase_double_3_3
Parameters: 0.9999974351561788 0.0023308479700937653 -0.00036236874784077407 -0.0023317954535428905 0.9999954118805848 -0.0017694033221122007 0.0003581024049894359 0.0017705929998576009 0.9999977574689596 -0.03363043011833611 -0.1934389236376859 -0.6151738223295524
FixedParameters: 0 0 0
#Transform 8
Transform: MatrixOffsetTransformBase_double_3_3
Parameters: 0.9999969623757295 0.002218142721696603 -0.00034158083244583803 -0.002219152544082661 0.9999956851561144 -0.002090492461758492 0.0003372856121793186 0.002091508654970861 0.9999975326346344 -0.025530881061982313 -0.1510570791383259 -0.6034113472552036
FixedParameters: 0 0 0
#Transform 9
Transform: MatrixOffsetTransformBase_double_3_3
Parameters: 0.9999981657560096 0.001804756612712956 -0.0007596922286600134 -0.0018061678724753771 0.999996587666818 -0.0017497062043930478 0.000756279267998023 0.001751293340959817 0.99999844957907 -0.04100103319971993 -0.15787641140397568 -0.6206787603610309
FixedParameters: 0 0 0
#Transform 10
Transform: MatrixOffsetTransformBase_double_3_3
Parameters: 0.9999983490394936 0.001895766963148121 0.00023797747538147504 -0.0018959797767042947 0.9999983166091729 0.00027438600167986604 -0.00023793138010680208 -0.00027561491869812493 0.9999998811802244 -0.01060696326044308 -0.10624496556178542 -0.5951187926040689
FixedParameters: 0 0 0
#Transform 11
Transform: MatrixOffsetTransformBase_double_3_3
Parameters: 0.9999980899752077 0.0019771590635070347 -0.000031530403207423116 -0.001977121167859886 0.9999976414666971 -0.0007191087663436513 0.00002968193487191503 0.0007198897131892729 0.999999413148344 -0.03682889643491194 -0.127024821969016 -0.6284368415493304
FixedParameters: 0 0 0
#Transform 12
Transform: MatrixOffsetTransformBase_double_3_3
Parameters: 0.9999980148588654 0.0019919710107488544 -0.00013122935787644076 -0.001992093686794193 0.999997400577034 -0.0007859029908703768 0.00012909451910359904 0.0007860949133124961 0.9999993786902448 -0.03265611121439349 -0.16550006931561256 -0.6282444906049562
FixedParameters: 0 0 0
#Transform 13
Transform: MatrixOffsetTransformBase_double_3_3
Parameters: 0.9999985219758285 0.0017441338227460787 -0.000659541722228697 -0.0017457411397374658 0.9999980497274498 -0.0013450081687416682 0.0006568393660157427 0.001345991950184755 0.9999988515031055 -0.03486212795701249 -0.1396023140317908 -0.608591533966262
FixedParameters: 0 0 0
#Transform 14
Transform: MatrixOffsetTransformBase_double_3_3
Parameters: 0.9999975433498892 0.002102282686133486 -0.00019239579991170436 -0.002102569361137476 0.9999971739668955 -0.001179761876793542 0.00018942734213136972 0.001180237981442775 0.9999995845791352 -0.03201543434406062 -0.15625799695737896 -0.620333476551636
FixedParameters: 0 0 0
#Transform 15
Transform: MatrixOffsetTransformBase_double_3_3
Parameters: 0.9999973366300242 0.002144028262126547 -0.00025757933768898823 -0.002144347991236857 0.9999974123382392 -0.0009426879256094478 0.0002555308133003579 0.000942311580479388 0.9999991476777681 -0.03037926179264616 -0.1605784620144135 -0.6052023154572765
FixedParameters: 0 0 0
#Transform 16
Transform: MatrixOffsetTransformBase_double_3_3
Parameters: 0.9999975961849639 0.0020832063090595494 -0.00025278844488836854 -0.0020835805120543783 0.9999974205423423 -0.0010696329622006256 0.00025032533463078323 0.0010693679213837348 0.9999998879785422 -0.033198948703542897 -0.15043872763781962 -0.6282764425215959
FixedParameters: 0 0 0
#Transform 17
Transform: MatrixOffsetTransformBase_double_3_3
Parameters: 0.9999979837293667 0.002233844134954949 0.00016650833373772715 -0.002233308520610358 0.9999972671472799 0.00089737840195378 -0.0001645742725714054 -0.0008976213059571636 0.9999991055675257 -0.02543166261209251 -0.17399638174455845 -0.5838100041983267
FixedParameters: 0 0 0
#Transform 18
Transform: MatrixOffsetTransformBase_double_3_3
Parameters: 0.9999979741037642 0.0019881546416311595 -0.0002737102589732578 -0.0019875069870126326 0.9999971514938272 -0.0009396203733617742 0.0002718844699872225 0.0009403782727837456 0.9999990554094658 -0.03355853448356072 -0.13366855667221955 -0.625802915576628
FixedParameters: 0 0 0
#Transform 19
Transform: MatrixOffsetTransformBase_double_3_3
Parameters: 0.9999977669508429 0.0022778844516551226 -0.0002050861905043042 -0.0022785389819695518 0.999996770359455 0.0014212265438254268 0.00020865290562965805 -0.001420773937158934 0.9999989581013762 -0.04904428440019615 -0.16328128607560188 -0.603358077666087
FixedParameters: 0 0 0
#Transform 20
Transform: MatrixOffsetTransformBase_double_3_3
Parameters: 0.9999983667343652 0.001879245265389544 -0.00031916294642316787 -0.0018790268285091669 0.9999982345174221 0.0004704372266110951 0.0003199326991756772 -0.000469562929472922 0.9999996904164822 -0.06387123001753992 -0.09556718529489672 -0.5766596995910049
FixedParameters: 0 0 0
#Transform 21
Transform: MatrixOffsetTransformBase_double_3_3
Parameters: 0.9999976712032402 0.002045548453249062 -0.0003793350665221365 -0.0020461987093810152 0.9999973991085253 -0.0011833902058029783 0.00037748034201688424 0.0011846119060069937 0.9999994683763661 -0.04441314291975118 -0.15639382303182003 -0.6192634932162662
FixedParameters: 0 0 0
#Transform 22
Transform: MatrixOffsetTransformBase_double_3_3
Parameters: 0.9999987542996635 0.0017683506955160347 -0.0003432809049410163 -0.0017679156336239588 0.9999946857411026 0.002664537005806933 0.0003478020631106247 -0.002664464977199049 0.9999968693963264 -0.041233338543534614 -0.10673977878337837 -0.5002064787486091
FixedParameters: 0 0 0
#Transform 23
Transform: MatrixOffsetTransformBase_double_3_3
Parameters: 0.9999978052683033 0.0022739394990235833 -0.0001540110908391975 -0.0022735699858395064 0.9999928345512088 0.00299719587397404 0.00016066356443914786 -0.002996807031444587 0.999996006626825 -0.03262514621258106 -0.07584637329509292 -0.5027870296046189
FixedParameters: 0 0 0
#Transform 24
Transform: MatrixOffsetTransformBase_double_3_3
Parameters: 0.9999955107763958 0.002887555905241994 0.00038902479661978416 -0.002888814657464408 0.9999900889453158 0.003272631793402911 -0.0003792522510119842 -0.0032733675635701898 0.9999949966726737 -0.034161292589473646 -0.16527971366721772 -0.46236975995998364
FixedParameters: 0 0 0
#Transform 25
Transform: MatrixOffsetTransformBase_double_3_3
Parameters: 0.9999961560836573 0.0025511405505239493 -0.0005796274042789454 -0.002549479900129832 0.9999923199362175 0.0028422477905715032 0.0005862297137917291 -0.0028407510310372724 0.9999956878460486 -0.04988866221300725 -0.05569288787305027 -0.5105577102167587
FixedParameters: 0 0 0
#Transform 26
Transform: MatrixOffsetTransformBase_double_3_3
Parameters: 0.9999959730368442 0.0028264152944721703 -0.00019477673339300913 -0.0028257770062659632 0.9999875917812348 0.004049238343223072 0.00020570294800173748 -0.004048759847778194 0.9999915922608325 -0.03736516415405333 -0.11964750295518911 -0.4479255875900918
FixedParameters: 0 0 0
#Transform 27
Transform: MatrixOffsetTransformBase_double_3_3
Parameters: 0.9999972102719602 0.0021638471421795424 -0.00032518629144568143 -0.002164128467714142 0.9999961428149112 0.0014705431239998429 0.00032864045435292773 -0.0014694549001380286 0.9999987456525642 -0.042571734656249305 -0.06509785207288132 -0.49992192407376024
FixedParameters: 0 0 0
#Transform 28
Transform: MatrixOffsetTransformBase_double_3_3
Parameters: 0.9999962481572915 0.0027589715932478448 -0.00037567380267360616 -0.00275725950490513 0.999991675099089 0.0031137225950835234 0.00038487280753930476 -0.003112278210948019 0.9999951914333562 -0.04573157327857302 -0.13165144902922066 -0.47338317835324517
FixedParameters: 0 0 0
#Transform 29
Transform: MatrixOffsetTransformBase_double_3_3
Parameters: 0.9999967835233987 0.002481929684941741 -0.00023823089236248157 -0.002481158728666586 0.999993082223394 0.0027823551712472805 0.00024506179318697474 -0.0027816458324093074 0.9999962221952154 -0.04241519189037035 -0.09899042502971156 -0.4160918958233566
FixedParameters: 0 0 0
#Transform 30
Transform: MatrixOffsetTransformBase_double_3_3
Parameters: 0.9999970635789877 0.0023819199170472976 -0.0005122210274757391 -0.0023805581043414943 0.9999935964443061 0.002762990403518531 0.0005194795341222031 -0.0027620102210888786 0.9999962042687993 -0.05432148765680722 -0.057784083403717545 -0.4740570179215382
FixedParameters: 0 0 0
#Transform 31
Transform: MatrixOffsetTransformBase_double_3_3
Parameters: 0.9999965771937769 0.002475184183127361 -0.0005428329781930056 -0.0024737195540565473 0.9999895222297859 0.003906119177023562 0.0005523585354090563 -0.0039048857181226 0.9999925489191747 -0.06461692999118895 -0.1270119213834704 -0.42096488473177374
FixedParameters: 0 0 0
#Transform 32
Transform: MatrixOffsetTransformBase_double_3_3
Parameters: 0.999996741773328 0.0026834230475881416 -0.0002401483877213196 -0.002682613468060118 0.999991738261914 0.0031683301311378753 0.0002481783251702452 -0.003167673240953392 0.9999949309659343 -0.05753143500650992 -0.06570097509690243 -0.47371509451612326
FixedParameters: 0 0 0
#Transform 33
Transform: MatrixOffsetTransformBase_double_3_3
Parameters: 0.9999963879401557 0.002568346664640329 -0.00012267647214923527 -0.0025682138435707204 0.9999925717162467 0.0027950789810014948 0.00013005675277505825 -0.002794919868198395 0.9999961921207658 -0.053682940073215946 -0.12529846541865197 -0.4499750413155823
FixedParameters: 0 0 0
#Transform 34
Transform: MatrixOffsetTransformBase_double_3_3
Parameters: 0.9999963701683283 0.002714079834060367 0.0005129133899401596 -0.0027156387551505144 0.9999926776173034 0.0028432781548367314 -0.0005056081887697976 -0.0028447234680546024 0.9999955158110719 -0.03720584856125697 -0.09986135272933439 -0.42511327283823164
FixedParameters: 0 0 0
#Transform 35
Transform: MatrixOffsetTransformBase_double_3_3
Parameters: 0.9999963366106392 0.0026810184103609165 -0.0006886896987679633 -0.0026795321096684307 0.9999913605626386 0.003045625158653767 0.0006962067859845114 -0.0030443763674353475 0.99999543191526 -0.0697592361631223 -0.08447310114060258 -0.45883280024466444
FixedParameters: 0 0 0
#Transform 36
Transform: MatrixOffsetTransformBase_double_3_3
Parameters: 0.999996240093989 0.0027858285430128666 -0.000011110678424681634 -0.0027853971590793237 0.9999915955560886 0.0029497073169106602 0.000019488035378517296 -0.0029492888095598857 0.9999952453774806 -0.052111868649163284 -0.12318246541411781 -0.42287954146647166
FixedParameters: 0 0 0
#Transform 37
Transform: MatrixOffsetTransformBase_double_3_3
Parameters: 0.9999960609881269 0.0027700461291986713 -0.0005154209530527067 -0.002768333145457093 0.9999902504112873 0.003314201906864961 0.0005248846672673082 -0.0033127976402441833 0.999994851910393 -0.07399224667281601 -0.05614470393717852 -0.4836239967573306
FixedParameters: 0 0 0
#Transform 38
Transform: MatrixOffsetTransformBase_double_3_3
Parameters: 0.9999959082810483 0.0030022773989535853 -0.00028002397808812483 -0.0030012220229467903 0.9999901317400128 0.0032904458393609726 0.0002898092079539131 -0.0032895519642220095 0.9999941282404476 -0.060879707944337724 -0.13823788984981888 -0.43304671260996486
FixedParameters: 0 0 0
#Transform 39
Transform: MatrixOffsetTransformBase_double_3_3
Parameters: 0.9999953510699868 0.002903876732384499 0.0004676348909245687 -0.0029045426794464127 0.9999907731500123 0.003150314479180849 -0.00045854802582121444 -0.003151684478663458 0.999994720228971 -0.039804828393954494 -0.07625272655640458 -0.4299296903339922
FixedParameters: 0 0 0
#Transform 40
Transform: MatrixOffsetTransformBase_double_3_3
Parameters: 0.9999953234080372 0.002916242263587239 0.0004132164092148585 -0.0029182099273087135 0.999988556136105 0.0037504688059383645 -0.0004024581417835674 -0.0037515284895255907 0.9999926271200357 -0.036011991861130355 -0.11644777421994945 -0.42799824813944554
FixedParameters: 0 0 0
#Transform 41
Transform: MatrixOffsetTransformBase_double_3_3
Parameters: 0.9999965014176591 0.00273833865513233 0.00002461588900050469 -0.0027382189119724842 0.999989368187603 0.00363269471519706 -0.000013773860780331445 -0.003632303241017487 0.999993742988685 -0.05079476787970805 -0.1259398921559267 -0.3823578060073345
FixedParameters: 0 0 0
#Transform 42
Transform: MatrixOffsetTransformBase_double_3_3
Parameters: 0.9999972323328696 0.0021722464474296663 -0.00022210519179431237 -0.0021714516041173204 0.9999930401468843 0.0030383273822845586 0.00022832493587624498 -0.0030376757640546564 0.9999957332238387 -0.053701207603353396 -0.05763070138895898 -0.42487257541958456
FixedParameters: 0 0 0
#Transform 43
Transform: MatrixOffsetTransformBase_double_3_3
Parameters: 0.9999966266662195 0.00270261971835059 -0.0002637829677687296 -0.002701669954204853 0.999991748985392 0.00315039884751199 0.0002718368151192928 -0.0031496048234680996 0.9999950325834899 -0.05521176790590232 -0.13591249702454888 -0.4111419228546538
FixedParameters: 0 0 0
#Transform 44
Transform: MatrixOffsetTransformBase_double_3_3
Parameters: 0.999996286121091 0.0027643285372865507 -0.00026967189248900276 -0.002763460171748191 0.9999925666049476 0.002787430373128841 0.0002771048007363028 -0.002786572438227858 0.9999961847102521 -0.05880921328025579 -0.052080762766763655 -0.41730270591421004
FixedParameters: 0 0 0
#Transform 45
Transform: MatrixOffsetTransformBase_double_3_3
Parameters: 0.9999966920087813 0.0026866994609946525 -0.0003009280300449163 -0.0026852872782966793 0.9999894322475313 0.0037854953325321544 0.00031029809117188024 -0.003784506877877014 0.9999926071478824 -0.05938675251890402 -0.10542477042011456 -0.43023604519500225
FixedParameters: 0 0 0
#Transform 46
Transform: MatrixOffsetTransformBase_double_3_3
Parameters: 0.9999957781644477 0.0028540613498935483 -0.00027661920668222014 -0.002853117065232589 0.9999917133062037 0.0028494736401310783 0.000284905926596203 -0.002848524574126543 0.9999958311950505 -0.05396789475550179 -0.13774838907009723 -0.3860135612700333
FixedParameters: 0 0 0
#Transform 47
Transform: MatrixOffsetTransformBase_double_3_3
Parameters: 0.9999960440884661 0.0026247972978217416 -0.00025827428545850553 -0.00262393001450542 0.9999926351509499 0.0029073613609774396 0.0002655592981574484 -0.0029066399290826883 0.9999955075705863 -0.057698397731400064 -0.07885383817267666 -0.4120817218011581
FixedParameters: 0 0 0
#Transform 48
Transform: MatrixOffsetTransformBase_double_3_3
Parameters: 0.9999953249061687 0.002931932414353791 -0.00028159860086424154 -0.002930888905514846 0.9999907781453722 0.0032554313592644407 0.0002907158034608817 -0.0032545702919265646 0.9999943566034553 -0.0606170423268253 -0.14373687446304473 -0.3773191383874206
FixedParameters: 0 0 0
#Transform 49
Transform: MatrixOffsetTransformBase_double_3_3
Parameters: 0.9999948727608736 0.0031680655319989196 -0.0003016335239898283 -0.003167077931309952 0.9999909917146635 0.0028185612405126903 0.00031051630429360756 -0.0028174388319861243 0.999995998726272 -0.06245057374833607 -0.057248146427852475 -0.4537300090604788
FixedParameters: 0 0 0
#Transform 50
Transform: MatrixOffsetTransformBase_double_3_3
Parameters: 0.9999954070929262 0.0029178446794476194 -0.00028184194632467586 -0.002916901974941329 0.9999916555719643 0.00279450717241915 0.0002901712002385451 -0.002793491691861605 0.999996138588094 -0.06035241860254814 -0.09567572740921548 -0.4160207353065175
FixedParameters: 0 0 0
#Transform 51
Transform: MatrixOffsetTransformBase_double_3_3
Parameters: 0.9999965296107952 0.00273166760080025 0.00009106555973853074 -0.0027319583834170837 0.9999915905254866 0.003162430491910631 -0.00008283844458764015 -0.0031625722987120436 0.9999949361766532 -0.048881641665872166 -0.1157786426020948 -0.4273703596474263
FixedParameters: 0 0 0
#Transform 52
Transform: MatrixOffsetTransformBase_double_3_3
Parameters: 0.9999969922960319 0.0024468108880136064 0.00014327761188436772 -0.0024474181261180702 0.9999914279163803 0.0034124090847490324 -0.0001346310167354082 -0.0034125925681198904 0.9999942739588087 -0.04275702291707262 -0.050415436942486735 -0.4865204711932165
FixedParameters: 0 0 0
#Transform 53
Transform: MatrixOffsetTransformBase_double_3_3
Parameters: 0.9999950440168515 0.0029797348875007863 0.00027723085749535906 -0.002980836104554921 0.9999881609917392 0.003884852601943614 -0.0002661974177436475 -0.0038851523409672573 0.999992696374419 -0.04572793777924744 -0.1312893765033749 -0.45265255130560433
FixedParameters: 0 0 0
#Transform 54
Transform: MatrixOffsetTransformBase_double_3_3
Parameters: 0.9999953161133831 0.002868914782118126 -0.0006743137297750179 -0.0028660548829551125 0.999989739882319 0.003442633692695221 0.0006841691645643899 -0.0034413646907516388 0.9999938813871718 -0.07865750454827491 -0.06120149611352588 -0.470403072042231
FixedParameters: 0 0 0
#Transform 55
Transform: MatrixOffsetTransformBase_double_3_3
Parameters: 0.9999965089620358 0.002704990055330908 0.0004160100904971569 -0.002706677304052058 0.9999907392191032 0.0034745475506682555 -0.00040733471130225915 -0.0034754555546250288 0.9999936183642159 -0.059149356493776395 -0.1428790996956053 -0.38738506589645283
FixedParameters: 0 0 0
#Transform 56
Transform: MatrixOffsetTransformBase_double_3_3
Parameters: 0.999996660690532 0.0027053732571778863 -0.0001398567598156594 -0.002705118396440132 0.9999908897984848 0.003430066203092677 0.0001494450982875487 -0.003429936873640918 0.9999942409692424 -0.07246921898271808 -0.11196200475481533 -0.43290334543978304
FixedParameters: 0 0 0
#Transform 57
Transform: MatrixOffsetTransformBase_double_3_3
Parameters: 0.9999963150922407 0.002757369446394598 -0.0002821010584409445 -0.002757074549634037 0.9999899098755699 0.0035304636160785885 0.0002926793451358694 -0.003529532118090581 0.999993483306259 -0.07069309273755664 -0.1332660488919828 -0.40900638536156464
FixedParameters: 0 0 0
#Transform 58
Transform: MatrixOffsetTransformBase_double_3_3
Parameters: 0.9999971704748236 0.002567895400378901 -0.00048539783358489045 -0.0025660742625104307 0.9999895334530662 0.003712019261295399 0.000494568219280061 -0.0037109802430792954 0.9999930864169491 -0.07681804474732701 -0.11461629478428392 -0.3815723519898597
FixedParameters: 0 0 0
#Transform 59
Transform: MatrixOffsetTransformBase_double_3_3
Parameters: 0.9999973044451205 0.002080679698873339 -0.0006060142908645826 -0.00207851400556051 0.9999931705791708 0.003068110944765029 0.0006118781421352675 -0.003066891434162222 0.9999953146797141 -0.08601047962925179 -0.06388182655794594 -0.4534245562323349
FixedParameters: 0 0 0
#Transform 60
Transform: MatrixOffsetTransformBase_double_3_3
Parameters: 0.9999929235433948 0.0023947423024046318 -0.0028878233884898122 -0.002386465513331495 0.9999921311639693 0.0030989585813129272 0.002895388053235033 -0.0030920391340901465 0.9999906280328537 -0.16317301479995194 -0.11713306400253032 -0.4713392160955152
FixedParameters: 0 0 0
#Transform 61
Transform: MatrixOffsetTransformBase_double_3_3
Parameters: 0.9999952719296076 0.001988708886978458 -0.0024023459262211594 -0.0019813936297171137 0.9999932109403742 0.0030748075833464117 0.0024091378701105925 -0.00307018935501939 0.9999921803957081 -0.15660287010192064 -0.07312378251621965 -0.44884526004470615
FixedParameters: 0 0 0
#Transform 62
Transform: MatrixOffsetTransformBase_double_3_3
Parameters: 0.9999957821242732 0.0025663536646056257 -0.0016228954545428223 -0.0025591004558519 0.9999888042722913 0.00403695406597572 0.0016330234672732658 -0.004033046250458583 0.9999904151930729 -0.12673783433088204 -0.0971571871369008 -0.4161494110206263
FixedParameters: 0 0 0
#Transform 63
Transform: MatrixOffsetTransformBase_double_3_3
Parameters: 0.9999981257673626 0.002147599542346489 -0.0005127586104854824 -0.002145096941667839 0.9999895166628003 0.00409695648958934 0.000521455938537093 -0.004096049918750733 0.9999920462721781 -0.06553460684722268 -0.014510734278957216 -0.44128324946143493
FixedParameters: 0 0 0
#Transform 64
Transform: MatrixOffsetTransformBase_double_3_3
Parameters: 0.9999947439088783 0.0031807226517802153 -0.0010680158755802713 -0.003175482198967655 0.9999855982059602 0.004363029368116764 0.001082031562507587 -0.00435997259388711 0.9999901000418527 -0.12466255092171252 -0.17134836642620144 -0.21974482484361602
FixedParameters: 0 0 0
#Transform 65
Transform: MatrixOffsetTransformBase_double_3_3
Parameters: 0.9999952022428293 0.003003189040005275 -0.0008832560275701775 -0.0029993245033197616 0.999987995023394 0.0038493559350253337 0.0008945580732184138 -0.0038466466732458987 0.9999925928193869 -0.1101574796591791 -0.09931848605656057 -0.2868353405679045
FixedParameters: 0 0 0
#Transform 66
Transform: MatrixOffsetTransformBase_double_3_3
Parameters: 0.9999937173051647 0.0033843595675456493 -0.000911841704195666 -0.0033798325165275704 0.9999854886304821 0.004218638244621778 0.0009255842133097575 -0.004216363520793617 0.9999906537876389 -0.10968211634094871 -0.11633588996359379 -0.2693229754899136
FixedParameters: 0 0 0
#Transform 67
Transform: MatrixOffsetTransformBase_double_3_3
Parameters: 0.9999950505190917 0.0028260213703083866 -0.0009815298698202318 -0.002822271400842488 0.9999884367251154 0.003914481971110689 0.000991920768642439 -0.003912521648276365 0.9999919826296338 -0.11464627068659183 -0.11268994486819395 -0.2802258364611845
FixedParameters: 0 0 0
#Transform 68
Transform: MatrixOffsetTransformBase_double_3_3
Parameters: 0.9999955644587207 0.0027729873685023963 -0.0008649144682038212 -0.002769081462408628 0.9999885667283477 0.003957092309455665 0.0008750404820601578 -0.003953910676865693 0.9999917055699795 -0.12276604382140022 -0.09816581471042696 -0.35218280431051596
FixedParameters: 0 0 0
#Transform 69
Transform: MatrixOffsetTransformBase_double_3_3
Parameters: 0.99999495794893 0.002974886525208452 -0.00043731802349337 -0.0029735652106100377 0.9999889064981279 0.003636991124594327 0.0004480656522478291 -0.003635011080591513 0.9999936103036752 -0.10142038710705492 -0.09928099279234459 -0.29265252221230753
FixedParameters: 0 0 0
#Transform 70
Transform: MatrixOffsetTransformBase_double_3_3
Parameters: 0.9999963582932584 0.0026573188146475613 -0.0007614716973394873 -0.00265506238727274 0.9999912312666892 0.0032577128776268838 0.000769965681819066 -0.003255284945627379 0.9999939173526932 -0.09848404148006296 -0.05283992651196456 -0.3573724336040556
FixedParameters: 0 0 0
#Transform 71
Transform: MatrixOffsetTransformBase_double_3_3
Parameters: 0.9999957864307379 0.002714524092495051 -0.0009188329374056755 -0.002711314193259112 0.999988687822134 0.0038442759495579404 0.0009289673633298551 -0.003841726112443003 0.9999925611331587 -0.10966192138165809 -0.1300544493741569 -0.33764133811183683
FixedParameters: 0 0 0
#Transform 72
Transform: MatrixOffsetTransformBase_double_3_3
Parameters: 0.9999946847466059 0.003050284636974905 -0.0010061433888424102 -0.003046504364885131 0.9999898894012046 0.003261769519108157 0.0010162165347267567 -0.0032582309791032715 0.9999945400327251 -0.13138583378022872 -0.104009047907752 -0.3969834470950815
FixedParameters: 0 0 0
#Transform 73
Transform: MatrixOffsetTransformBase_double_3_3
Parameters: 0.9999929973565983 0.0030569263176740977 -0.0021578263495784255 -0.0030501476776071314 0.9999896871090379 0.003391402488007081 0.002168127814457248 -0.003384602358957614 0.9999923529971072 -0.16452998344682612 -0.1330688619718643 -0.40703208467232344
FixedParameters: 0 0 0
#Transform 74
Transform: MatrixOffsetTransformBase_double_3_3
Parameters: 0.9999931636673492 0.0032372181633653343 -0.001831736769064975 -0.0032314640965667232 0.9999890368283532 0.0034635754780734385 0.0018426570031749856 -0.0034584272329983706 0.9999921696333974 -0.1653156657224173 -0.11350268021394072 -0.365306337737465
FixedParameters: 0 0 0
#Transform 75
Transform: MatrixOffsetTransformBase_double_3_3
Parameters: 0.9999953535593956 0.0026058637484310545 -0.0016906340366869116 -0.00259995993670629 0.9999920434824319 0.0031381936552268425 0.0016983175941325136 -0.003133808739040747 0.9999936409817524 -0.15877184357468366 -0.08500530945832452 -0.3792353868209517
FixedParameters: 0 0 0
#Transform 76
Transform: MatrixOffsetTransformBase_double_3_3
Parameters: 0.9999941641122052 0.003032240411681945 -0.0012815314672975759 -0.0030284529141814233 0.9999908159924568 0.0029565901334081407 0.0012897173215360913 -0.0029524113369802374 0.9999948898894351 -0.14452105868898002 -0.16273273218931195 -0.3543600128961941
FixedParameters: 0 0 0
#Transform 77
Transform: MatrixOffsetTransformBase_double_3_3
Parameters: 0.999993322690958 0.00340715368726475 -0.0010343780677582162 -0.0034033068639560066 0.9999887032945096 0.003243146486358539 0.0010456517739908411 -0.003238853229439856 0.9999946111140106 -0.14647750777986346 -0.12114610527410719 -0.35523591684746236
FixedParameters: 0 0 0
#Transform 78
Transform: MatrixOffsetTransformBase_double_3_3
Parameters: 0.9999918400563638 0.0037237871975319063 -0.0015136252157707062 -0.0037191433815605044 0.9999872169192988 0.0035471145397566184 0.0015264599255678127 -0.0035408904600856966 0.9999925030673193 -0.16613274425957059 -0.12324440407610382 -0.3519073144142766
FixedParameters: 0 0 0
#Transform 79
Transform: MatrixOffsetTransformBase_double_3_3
Parameters: 0.9999934401336849 0.002772999173429054 -0.0024226697845113514 -0.002764805293663262 0.9999910125496928 0.0032796057014416458 0.0024324183441636147 -0.0032733950189219457 0.999991956546921 -0.17655506045822733 -0.03611937512025065 -0.38587372822551913
FixedParameters: 0 0 0
#Transform 80
Transform: MatrixOffsetTransformBase_double_3_3
Parameters: 0.9999922465821066 0.0028788836442202597 -0.002732567096687161 -0.0028677251445468274 0.9999876584966513 0.00405575738526702 0.0027437156340326483 -0.004048241465816879 0.999987750418127 -0.19811211976534082 -0.09575483693684816 -0.37296206632736073
FixedParameters: 0 0 0
#Transform 81
Transform: MatrixOffsetTransformBase_double_3_3
Parameters: 0.9999912213638184 0.003451581111083233 -0.0024222917847523833 -0.003442693811429794 0.9999882780038779 0.0034900154832673835 0.0024339426832056415 -0.0034819844613600964 0.999990638786515 -0.19417786546677007 -0.1212277322092774 -0.35383504662588905
FixedParameters: 0 0 0
#Transform 82
Transform: MatrixOffsetTransformBase_double_3_3
Parameters: 0.9999934173361851 0.0031329437486795828 -0.0016642550002531763 -0.0031265002604646914 0.9999892536974514 0.0033959322311958584 0.0016748612983164817 -0.003391067823757324 0.9999931318153574 -0.16620150123640087 -0.05882784947780806 -0.3890370821676612
FixedParameters: 0 0 0
#Transform 83
Transform: MatrixOffsetTransformBase_double_3_3
Parameters: 0.9999921726249393 0.0029413240706067526 -0.002678506273441178 -0.0029315578575870977 0.9999893294546839 0.0036617741356640005 0.0026897638720204307 -0.003654229649414212 0.9999900810332886 -0.20587180764759694 -0.12777035954782434 -0.3657956946289431
FixedParameters: 0 0 0
#Transform 84
Transform: MatrixOffsetTransformBase_double_3_3
Parameters: 0.9999933141253635 0.0032697744073545694 -0.001730171779195941 -0.003264868548736677 0.9999902136180465 0.00311229685037695 0.0017399380533460749 -0.003106708319375387 0.9999937623979692 -0.16851699469317794 -0.11303465237362786 -0.38427964630145084
FixedParameters: 0 0 0
#Transform 85
Transform: MatrixOffsetTransformBase_double_3_3
Parameters: 0.9999942476695973 0.0031642157877053356 -0.0013185830970366364 -0.0031600682653032163 0.9999889987728311 0.003413803646630395 0.0013295264190669545 -0.0034101928217671884 0.9999929652849375 -0.13853158602596238 -0.121167125259106 -0.3845074505541817
FixedParameters: 0 0 0
#Transform 86
Transform: MatrixOffsetTransformBase_double_3_3
Parameters: 0.9999945228327798 0.002862321184327464 -0.0015111014447277344 -0.0028574879761153237 0.9999899710922284 0.0035370376244388824 0.0015207677702382425 -0.00353296631516202 0.9999925591331581 -0.16493519692936331 -0.11363767706957617 -0.336409502178455
FixedParameters: 0 0 0
#Transform 87
Transform: MatrixOffsetTransformBase_double_3_3
Parameters: 0.9999955706629325 0.002651390875742842 -0.0015484123118990596 -0.002646959308136489 0.9999909486327916 0.003270894560693821 0.0015571726593997788 -0.003267103552541187 0.9999932492068773 -0.15664072773599003 -0.0537166636007953 -0.3633387428714343
FixedParameters: 0 0 0
#Transform 88
Transform: MatrixOffsetTransformBase_double_3_3
Parameters: 0.9999958180102476 0.0029952234428350538 -0.00045773833074367546 -0.002994134347445809 0.9999906055404777 0.003053064886241061 0.0004671331327384472 -0.003051935060547406 0.9999955768712897 -0.11381870561211826 -0.12967566437411904 -0.3612982729994769
FixedParameters: 0 0 0
#Transform 89
Transform: MatrixOffsetTransformBase_double_3_3
Parameters: 0.999994911547954 0.0024733563444724496 -0.0019925667684080857 -0.002467055128382829 0.9999926583423121 0.002971801415026648 0.0020006706209630153 -0.0029671967617230094 0.9999936172672638 -0.15844029296998485 -0.047501679824051735 -0.44069267052826433
FixedParameters: 0 0 0
#Transform 90
Transform: MatrixOffsetTransformBase_double_3_3
Parameters: 0.9999958951076131 0.0026745414782919025 -0.0009762372368596619 -0.0026707008888579033 0.9999904510416895 0.0033513883369004627 0.0009853380279844376 -0.0033486088822059917 0.9999939989669399 -0.09712794720319096 -0.13562442906361127 -0.42282424953202735
FixedParameters: 0 0 0
#Transform 91
Transform: MatrixOffsetTransformBase_double_3_3
Parameters: 0.9999950736579205 0.002894149657134632 -0.0012443291546096647 -0.0028905871746951976 0.9999901431082759 0.003351306353951561 0.0012540666139775642 -0.003347693058002435 0.9999934921325128 -0.1346058717877554 -0.0781526087592539 -0.38565668428284994
FixedParameters: 0 0 0
#Transform 92
Transform: MatrixOffsetTransformBase_double_3_3
Parameters: 0.999993455281113 0.0033885428793328344 -0.0010318018086663385 -0.0033841280478066117 0.9999875768565561 0.003562126099314486 0.0010441202916151074 -0.003558872628089793 0.9999935239489592 -0.14287166425144449 -0.11904262108616592 -0.3927670315595009
FixedParameters: 0 0 0
#Transform 93
Transform: MatrixOffsetTransformBase_double_3_3
Parameters: 0.9999930694046727 0.0032429756595058683 -0.0018481714762996382 -0.003236038610597679 0.9999889496876451 0.0034836299974269763 0.001859171872556836 -0.003477369441433842 0.9999918918009363 -0.1555595485680641 -0.12360041010121847 -0.3803917718454102
FixedParameters: 0 0 0
#Transform 94
Transform: MatrixOffsetTransformBase_double_3_3
Parameters: 0.9999930270036782 0.0029022845123769766 -0.002355237590479351 -0.002895463309790519 0.9999905280374268 0.003082723267402443 0.0023646956947347446 -0.003076273352812145 0.9999925322252958 -0.20216455292617752 -0.04252875561995495 -0.42871136302281343
FixedParameters: 0 0 0
#Transform 95
Transform: MatrixOffsetTransformBase_double_3_3
Parameters: 0.999993089147811 0.003283586767388217 -0.0020320912346924857 -0.003276559478102553 0.9999889386473895 0.0034364001185521187 0.002043144350707146 -0.003429605707839789 0.9999925793451576 -0.18347491425576834 -0.14012710902163406 -0.37491351904633063
FixedParameters: 0 0 0
#Transform 96
Transform: MatrixOffsetTransformBase_double_3_3
Parameters: 0.9999941061680522 0.003024489997368781 -0.001657207732608374 -0.0030195162334280996 0.9999909991786193 0.0029207201921099546 0.001666202249121539 -0.0029152763733042986 0.9999940774647664 -0.15488093380287182 -0.08552020100441382 -0.4421536428102826
FixedParameters: 0 0 0
#Transform 97
Transform: MatrixOffsetTransformBase_double_3_3
Parameters: 0.9999959756865856 0.002659023279416703 -0.0009766033756484019 -0.0026561597826116265 0.999993079608785 0.0027702927921495896 0.000984508590598155 -0.0027677073851917616 0.9999955612953658 -0.13363236840199022 -0.04274100364986566 -0.49907633336049173
FixedParameters: 0 0 0
#Transform 98
Transform: MatrixOffsetTransformBase_double_3_3
Parameters: 0.9999934476438762 0.003252320620595966 -0.0014049580047961962 -0.003247298093310382 0.9999864600360153 0.003954202143245572 0.0014171014465808346 -0.003949793842008775 0.9999907507960756 -0.14379470835797292 -0.18806416977085405 -0.446640944042187
FixedParameters: 0 0 0
#Transform 99
Transform: MatrixOffsetTransformBase_double_3_3
Parameters: 0.9999926018761387 0.002624461590200681 -0.0027408921819804654 -0.0026142557064163857 0.9999901904694782 0.0036601586522972407 0.002749822122211752 -0.003652845735768101 0.9999896712205606 -0.17251342927461621 -0.17379492769050842 -0.40904378676798103
FixedParameters: 0 0 0
#Transform 100
Transform: MatrixOffsetTransformBase_double_3_3
Parameters: 0.9999945976402334 0.002918570303688857 -0.0016985551445549093 -0.0029129347124473236 0.9999897135568393 0.003384748471993021 0.0017077240887835297 -0.0033792528168857944 0.9999930081005934 -0.14474990473124194 -0.08352456597908997 -0.43103729483263464
FixedParameters: 0 0 0
#Transform 101
Transform: MatrixOffsetTransformBase_double_3_3
Parameters: 0.999992514028636 0.0028244875036111897 -0.002551237212228558 -0.002814501267674831 0.9999882591156575 0.003903090653375685 0.0025620044098763235 -0.0038959064422784823 0.999988842498101 -0.14823879157735576 -0.11985953630176027 -0.3926933196304958
FixedParameters: 0 0 0
#Transform 102
Transform: MatrixOffsetTransformBase_double_3_3
Parameters: 0.9999955717753145 0.002758551498450767 -0.0013480634402780016 -0.0027542786196823412 0.9999909929524788 0.00332642959087949 0.0013577517089939548 -0.003323570803162104 0.9999934674587009 -0.1429335734922006 -0.05704819165126196 -0.4168269146423853
FixedParameters: 0 0 0
#Transform 103
Transform: MatrixOffsetTransformBase_double_3_3
Parameters: 0.9999915941109453 0.002778710607523567 -0.003112224655379393 -0.002766024151229584 0.9999879723787731 0.003954702107224858 0.0031230709809109973 -0.003946294587303487 0.9999874085872146 -0.2003037717424263 -0.11041684609322999 -0.38698750808980265
FixedParameters: 0 0 0
#Transform 104
Transform: MatrixOffsetTransformBase_double_3_3
Parameters: 0.9999903143193775 0.003263456412604885 -0.0030059998422395833 -0.003252921764895646 0.9999878156408935 0.0035857083028818376 0.003017195024064909 -0.00357528923233158 0.9999888585188613 -0.18705044273330884 -0.02455741011318935 -0.3709969656279384
FixedParameters: 0 0 0
#Transform 105
Transform: MatrixOffsetTransformBase_double_3_3
Parameters: 0.9999918222507391 0.0029301782380412936 -0.002930823280924395 -0.002920340650502239 0.9999893500068635 0.0035305612943404285 0.0029413087406500228 -0.003521439565299961 0.9999896067047889 -0.14231215010954656 -0.0023936724976181267 -0.33130137753339284
FixedParameters: 0 0 0
#Transform 106
Transform: MatrixOffsetTransformBase_double_3_3
Parameters: 0.9999959388269037 0.0024945148416168177 -0.0013563523257402582 -0.002489247037912872 0.9999898308985361 0.003703249030391223 0.001365161204674226 -0.003699753674915429 0.9999927055650513 -0.09285453306540603 0.003567251304005481 -0.3268906314760045
FixedParameters: 0 0 0
#Transform 107
Transform: MatrixOffsetTransformBase_double_3_3
Parameters: 0.9999957497009492 0.0026041943551010113 -0.0012114763497118855 -0.0025999837971077636 0.9999902190348838 0.0037078591105486336 0.0012211271207030617 -0.003705142248581497 0.9999920542259084 -0.1063216973439296 -0.01315501999881974 -0.3299305211109953
FixedParameters: 0 0 0
#Transform 108
Transform: MatrixOffsetTransformBase_double_3_3
Parameters: 0.9999931589062602 0.003083057151962668 -0.0020824198525069364 -0.003075500852568225 0.9999891351369748 0.0034612174495692177 0.002093241830145916 -0.003453782170682748 0.9999921150045088 -0.1333984308323437 -0.028049094353193027 -0.32347409300292895
FixedParameters: 0 0 0
#Transform 109
Transform: MatrixOffsetTransformBase_double_3_3
Parameters: 0.9999944393720518 0.0030260127125326763 -0.001550412302710965 -0.003020337491987246 0.9999885116760729 0.0037434054483598267 0.0015614818874999906 -0.003738597184155701 0.9999919373452864 -0.10535234076252209 -0.03956196635280662 -0.33373729411250963
FixedParameters: 0 0 0
#Transform 110
Transform: MatrixOffsetTransformBase_double_3_3
Parameters: 0.9999937138157571 0.0031181001145955734 -0.001602130013757997 -0.0031113969045102573 0.9999886757912302 0.0036326312588709775 0.0016131144448334066 -0.003628366005729272 0.9999916768065863 -0.13726188920867344 -0.0836502741430678 -0.3121717716324923
FixedParameters: 0 0 0
#Transform 111
Transform: MatrixOffsetTransformBase_double_3_3
Parameters: 0.9999950684405577 0.0024220724508026838 -0.0020163513191049833 -0.0024173235163363455 0.9999945837165218 0.0022877486363782756 0.002021757310739774 -0.0022822505333016663 0.9999950422366713 -0.15493783922319437 0.016579532646829875 -0.3680724523047445
FixedParameters: 0 0 0
#Transform 112
Transform: MatrixOffsetTransformBase_double_3_3
Parameters: 0.9999922377921242 0.003124284053264956 -0.0024494266700282596 -0.0031153165873329747 0.9999877018405801 0.003873463837504698 0.0024613521544790203 -0.0038655390585917715 0.9999895896497669 -0.15306168528012165 -0.046929414068785036 -0.34047485027802793
FixedParameters: 0 0 0
#Transform 113
Transform: MatrixOffsetTransformBase_double_3_3
Parameters: 0.9999922156828618 0.002163078071628378 -0.003332390433610395 -0.0021548904650728075 0.9999945480010509 0.002500410681580356 0.0033378459879580425 -0.002492589016212049 0.9999912025896499 -0.18048892608743472 0.0474715154958858 -0.4024434590345578
FixedParameters: 0 0 0
#Transform 114
Transform: MatrixOffsetTransformBase_double_3_3
Parameters: 0.9999911607739624 0.0027580266362697034 -0.0031987524221303233 -0.0027464550840848798 0.9999893127373025 0.003661877231706287 0.0032088235332629494 -0.003653121051609323 0.9999880932216869 -0.1821771724952157 -0.05173278045016616 -0.38875645274862336
FixedParameters: 0 0 0
#Transform 115
Transform: MatrixOffsetTransformBase_double_3_3
Parameters: 0.9999925265677135 0.0030529472421217964 -0.002480414913282413 -0.0030452925264608417 0.999990448199627 0.003112378434388066 0.0024899786029870643 -0.0031046189964624576 0.9999917527101883 -0.1479104447002868 -0.013021190673228489 -0.3693440967735171
FixedParameters: 0 0 0
#Transform 116
Transform: MatrixOffsetTransformBase_double_3_3
Parameters: 0.9999931960372019 0.0025804850343695623 -0.002673503148713723 -0.002571046416148438 0.9999916094334758 0.0032068539380090133 0.0026816074353567102 -0.0031991430959060624 0.9999910680721631 -0.1620207939208882 -0.03193122681328475 -0.35836409084431864
FixedParameters: 0 0 0
#Transform 117
Transform: MatrixOffsetTransformBase_double_3_3
Parameters: 0.9999918215526367 0.0025751519614118814 -0.0030898923844113065 -0.0025650927244079617 0.9999916273835544 0.003024085065428908 0.0030980984335409268 -0.003015910313181186 0.9999909532680362 -0.15897337456067362 0.0051289759008597 -0.34692140093747525
FixedParameters: 0 0 0
#Transform 118
Transform: MatrixOffsetTransformBase_double_3_3
Parameters: 0.9999945580537941 0.002505695668984532 -0.0022722737488899587 -0.0024969573443461473 0.9999902780625071 0.0036156471863898892 0.002281949781505201 -0.0036093516995835268 0.9999911795231918 -0.12577674983062082 -0.02772386565440854 -0.36206446516168
FixedParameters: 0 0 0
#Transform 119
Transform: MatrixOffsetTransformBase_double_3_3
Parameters: 0.9999920152376557 0.0029226014486517142 -0.0027281682552316266 -0.0029131027241032816 0.9999906235565956 0.0033498673059709355 0.0027383837908243856 -0.0033421358417583535 0.9999910000867434 -0.1352751643750878 -0.01827130096525309 -0.32662037040675784
FixedParameters: 0 0 0
#Transform 120
Transform: MatrixOffsetTransformBase_double_3_3
Parameters: 0.9999946477418251 0.002458103231623632 -0.002304090875416919 -0.002452274873233104 0.9999932768059906 0.002685624462596653 0.00231078065064185 -0.00268037679492987 0.9999939738877408 -0.11658894075361559 -0.03224784626307553 -0.35942120715463943
FixedParameters: 0 0 0
#Transform 121
Transform: MatrixOffsetTransformBase_double_3_3
Parameters: 0.9999949357877456 0.002507415506215583 -0.002185593343174735 -0.0025006091959381177 0.9999918929839203 0.003072434356854184 0.0021934840870020448 -0.0030665652260404574 0.9999931990481146 -0.12896077659110006 -0.06027930214246169 -0.3422814942694288
FixedParameters: 0 0 0
#Transform 122
Transform: MatrixOffsetTransformBase_double_3_3
Parameters: 0.9999916150148708 0.0024544822985693385 -0.003370918031786986 -0.0024472215367612907 0.9999951217634305 0.0020394095299384463 0.0033754073067853033 -0.002031591031502994 0.9999922066852442 -0.16326100317007786 0.0037714945025015822 -0.37652464728931534
FixedParameters: 0 0 0
#Transform 123
Transform: MatrixOffsetTransformBase_double_3_3
Parameters: 0.9999953383575313 0.002174004132586116 -0.0019840140583642623 -0.0021679603341932235 0.9999934328511253 0.002921259542589247 0.0019901215412166237 -0.002916741339479556 0.9999938643085532 -0.142662209399802 -0.04165888226563652 -0.36543806173821736
FixedParameters: 0 0 0
#Transform 124
Transform: MatrixOffsetTransformBase_double_3_3
Parameters: 0.9999976382510725 0.0018280141592887482 -0.0014210459638348883 -0.0018261638930661874 0.9999971103560615 0.0018175402635061122 0.0014239430603201317 -0.001815465254533813 0.9999979285267653 -0.12032563766264559 0.004372273674064786 -0.3573013148555617
FixedParameters: 0 0 0
#Transform 125
Transform: MatrixOffsetTransformBase_double_3_3
Parameters: 0.9999937257505538 0.002490100327322142 -0.0024644121441643354 -0.0024820845218109177 0.9999926141753267 0.002954094085338324 0.0024726003096920126 -0.002947902903781538 0.9999926946907441 -0.1634943104595692 -0.02630680047735723 -0.36065426966135306
FixedParameters: 0 0 0
#Transform 126
Transform: MatrixOffsetTransformBase_double_3_3
Parameters: 0.9999918953145087 0.002108988069567793 -0.0034138815049505095 -0.002104441563755691 0.9999968740877595 0.0014344127592570005 0.003417330730674898 -0.001427587204415659 0.9999929256863417 -0.17241961269903072 0.002280074261634013 -0.33964947549722524
FixedParameters: 0 0 0
#Transform 127
Transform: MatrixOffsetTransformBase_double_3_3
Parameters: 0.9999936047275843 0.002281025502583579 -0.0026818176226575023 -0.0022743367128736113 0.9999943147387174 0.002454154348811022 0.0026874946752667227 -0.002447844139139524 0.9999932751352979 -0.14711784149719165 0.04211088427783238 -0.3380185613898732
FixedParameters: 0 0 0
#Transform 128
Transform: MatrixOffsetTransformBase_double_3_3
Parameters: 0.9999951141782009 0.001822006612895406 -0.0025626621784112886 -0.0018170137715328141 0.9999967133463615 0.0016067787380250331 0.002565756905875249 -0.0016022170300347416 0.9999952519822412 -0.16375555383629603 -0.0045926946819037084 -0.33360251643844663
FixedParameters: 0 0 0
#Transform 129
Transform: MatrixOffsetTransformBase_double_3_3
Parameters: 0.9999929433833454 0.0025090826520447014 -0.002785705804655565 -0.002502762240500066 0.9999938885133821 0.0022970344404507764 0.0027917123350495706 -0.0022899637974572312 0.9999935345388218 -0.15907613237276053 0.00317635818043982 -0.3237213232484777
FixedParameters: 0 0 0
#Transform 130
Transform: MatrixOffsetTransformBase_double_3_3
Parameters: 0.9999939011012929 0.0017976448486855207 -0.0028046072429969223 -0.0017924989607873522 0.9999962191561697 0.0020432360773668945 0.0028084380476918478 -0.0020377664221322978 0.9999943546276883 -0.16763100556306654 0.01589061287147331 -0.34952892453699747
FixedParameters: 0 0 0
#Transform 131
Transform: MatrixOffsetTransformBase_double_3_3
Parameters: 0.999992290107029 0.002169937006579685 -0.003162323743371276 -0.0021608571322888157 0.999993100338688 0.002945065294481561 0.0031688238405051562 -0.0029379351127031966 0.9999908848215853 -0.18007195861876824 -0.04966583297415639 -0.3375538991430176
FixedParameters: 0 0 0
#Transform 132
Transform: MatrixOffsetTransformBase_double_3_3
Parameters: 0.9999920518867584 0.002287583539569576 -0.0032733976036362746 -0.002280968521152808 0.9999952019365002 0.0019886995817073178 0.003277974670215464 -0.001981300291518287 0.9999929694614709 -0.19495825739713268 0.01523478974418424 -0.4134646631067085
FixedParameters: 0 0 0
#Transform 133
Transform: MatrixOffsetTransformBase_double_3_3
Parameters: 0.9999957808351102 0.0022751180361926743 -0.002010260723348662 -0.002270202539486783 0.9999933904855056 0.0028505228242795833 0.002016721024771701 -0.0028454804433100805 0.9999941680620341 -0.1500727623771354 -0.02141052923231257 -0.36745283910684634
FixedParameters: 0 0 0
#Transform 134
Transform: MatrixOffsetTransformBase_double_3_3
Parameters: 0.9999902694147361 0.0027929538459759073 -0.0033056048846347567 -0.0027833435307032762 0.999991075445633 0.0030732874514830116 0.00331456552677901 -0.0030637084353754007 0.9999893624649548 -0.19468232444393152 -0.04780752474468386 -0.36460162444964794
FixedParameters: 0 0 0
#Transform 135
Transform: MatrixOffsetTransformBase_double_3_3
Parameters: 0.9999937452158676 0.002131584122701097 -0.0029515394103661646 -0.0021225087370412604 0.9999931000172859 0.0029854048491899238 0.002957904229960931 -0.0029785912231723582 0.9999908604639689 -0.18381185191633165 -0.029137720456461125 -0.3481546290944948
FixedParameters: 0 0 0
#Transform 136
Transform: MatrixOffsetTransformBase_double_3_3
Parameters: 0.9999938457319048 0.002259386449846944 -0.0028368853642567696 -0.0022513149049729585 0.999993858734463 0.0027384515637702 0.0028438181918932623 -0.0027325455287639105 0.9999920210076894 -0.16964137785156197 -0.022003150454622755 -0.3640985646606225
FixedParameters: 0 0 0
#Transform 137
Transform: MatrixOffsetTransformBase_double_3_3
Parameters: 0.9999905006589448 0.0025116468006410883 -0.0034917824416662783 -0.002500359703894186 0.9999920974132381 0.0031499014858819008 0.0034993974677424875 -0.003141097260077344 0.9999886147687652 -0.20953536870509026 -0.019775723913653565 -0.3696177953709139
FixedParameters: 0 0 0
#Transform 138
Transform: MatrixOffsetTransformBase_double_3_3
Parameters: 0.9999918842664784 0.002196550919311124 -0.0033604530258728982 -0.002188085299524754 0.9999949416498647 0.002372589893886154 0.0033654340301561337 -0.0023654104582092467 0.9999917182328788 -0.18357414811191575 0.029392676227956827 -0.37189039417131653
FixedParameters: 0 0 0
#Transform 139
Transform: MatrixOffsetTransformBase_double_3_3
Parameters: 0.9999941416955839 0.002304458407681112 -0.0025586403478582405 -0.00229714016100497 0.9999925317154394 0.003114937508238255 0.002565643013191229 -0.003109066936749366 0.9999922407741236 -0.1525219208167954 -0.04594205252340089 -0.3389842657801836
FixedParameters: 0 0 0
#Transform 140
Transform: MatrixOffsetTransformBase_double_3_3
Parameters: 0.999989629852972 0.0027135643061607126 -0.0036064208584224693 -0.0027051166889073665 0.9999933148674285 0.00235901092548349 0.0036128555693327132 -0.0023489903871742462 0.9999912322789833 -0.1936685981571742 0.024557018445250378 -0.40229753154730474
FixedParameters: 0 0 0
#Transform 141
Transform: MatrixOffsetTransformBase_double_3_3
Parameters: 0.9999936610429548 0.002646885411961344 -0.0023092600167751464 -0.0026397792566885832 0.9999916951165359 0.0029730729288087315 0.002317480031279442 -0.0029669256073545786 0.9999933240377419 -0.11670509551485964 -0.05534687264608351 -0.32789038637388046
FixedParameters: 0 0 0
#Transform 142
Transform: MatrixOffsetTransformBase_double_3_3
Parameters: 0.9999935689684597 0.0023844926620788273 -0.0025974623889632544 -0.0023795413607232935 0.9999955964657026 0.0018011497812882582 0.00260137272266639 -0.0017948487725052142 0.9999945068722482 -0.11719403325102462 0.011526419465369031 -0.34366708368382604
FixedParameters: 0 0 0
#Transform 143
Transform: MatrixOffsetTransformBase_double_3_3
Parameters: 0.999994883947916 0.0023423609974764802 -0.0021517372821028497 -0.002336232649597893 0.9999933353997659 0.002963912701496263 0.002158111533173748 -0.0029590901553171733 0.9999930074926775 -0.1392437262449846 -0.03013087381256696 -0.3371304136161939
FixedParameters: 0 0 0
#Transform 144
Transform: MatrixOffsetTransformBase_double_3_3
Parameters: 0.9999916569150552 0.0025579363674639185 -0.003286563806323572 -0.002550194524580339 0.9999940806810764 0.0021645415006881635 0.0032921117858429752 -0.0021564548673555783 0.9999922406700013 -0.1670106095626096 0.010670481840918455 -0.32514200107951297
FixedParameters: 0 0 0
#Transform 145
Transform: MatrixOffsetTransformBase_double_3_3
Parameters: 0.9999904555299154 0.0024240245408995355 -0.003696984899013276 -0.002415947667048841 0.999994431312199 0.00224025954026702 0.003702480412013641 -0.0022307419996324546 0.9999910292327152 -0.20361935590615587 -0.0030944522309113154 -0.37256423020781426
FixedParameters: 0 0 0
#Transform 146
Transform: MatrixOffsetTransformBase_double_3_3
Parameters: 0.9999914981810714 0.0027994577396411703 -0.0029441402820171397 -0.0027913201154772063 0.9999922949738226 0.002693211016435937 0.002950777807333674 -0.0026847882267159867 0.9999917416815581 -0.17155099794636897 -0.05712963938572102 -0.3182142018007994
FixedParameters: 0 0 0
#Transform 147
Transform: MatrixOffsetTransformBase_double_3_3
Parameters: 0.9999892250027833 0.0022417438676084096 -0.004092482989953325 -0.0022342884622100633 0.9999954610988777 0.001938557472137406 0.004096812013298986 -0.0019294419963793719 0.9999892831454452 -0.21892146946794355 0.012110450712100373 -0.38037301925133704
FixedParameters: 0 0 0
#Transform 148
Transform: MatrixOffsetTransformBase_double_3_3
Parameters: 0.9999886579879956 0.0025331953993076514 -0.003990688547202007 -0.0025222690784570735 0.9999931659262592 0.0025674112286203365 0.00399740424811415 -0.002557581627487149 0.999988359172908 -0.22350442868491882 -0.03572630546668165 -0.34233394755385405
FixedParameters: 0 0 0
#Transform 149
Transform: MatrixOffsetTransformBase_double_3_3
Parameters: 0.9999880642370588 0.002876146603240261 -0.003829240545147867 -0.002867074311002314 0.9999935790747853 0.002304161233100066 0.0038361204810077026 -0.0022928381015734633 0.9999899188847191 -0.22094673858448743 0.007749456507681884 -0.35498141171927955
FixedParameters: 0 0 0
#Transform 150
Transform: MatrixOffsetTransformBase_double_3_3
Parameters: 0.9999883886361387 0.0026330586128411188 -0.004083951929922833 -0.00262175944511253 0.9999937185231169 0.0025550579101630555 0.004091110173509345 -0.0025439408340044295 0.9999886701181465 -0.23843922633909642 -0.03594003279673075 -0.3716822172440146
FixedParameters: 0 0 0
#Transform 151
Transform: MatrixOffsetTransformBase_double_3_3
Parameters: 0.9999902731910503 0.0028506830930039562 -0.0034059812527281598 -0.0028416903781252403 0.9999924054432339 0.002588770021973677 0.003413372847921099 -0.002579226458631942 0.9999905135569087 -0.21146314953716683 0.004393696077741538 -0.3425616964437097
FixedParameters: 0 0 0
#Transform 152
Transform: MatrixOffsetTransformBase_double_3_3
Parameters: 0.999989792148122 0.0023494205813819617 -0.003960823287172784 -0.002341905663528484 0.9999951736360086 0.0018846893874962661 0.003965233417751646 -0.001875309836572192 0.9999905496698174 -0.22941387132010505 0.015232143012852362 -0.36577745412749607
FixedParameters: 0 0 0
#Transform 153
Transform: MatrixOffsetTransformBase_double_3_3
Parameters: 0.9999900850720804 0.002921832658512556 -0.003221607426747792 -0.0029110612798842832 0.9999905065404637 0.0033583898178144445 0.0032310245646354372 -0.0033486133854819244 0.9999890864267897 -0.19701802570445182 -0.025765505156115864 -0.3030818066239078
FixedParameters: 0 0 0
#Transform 154
Transform: MatrixOffsetTransformBase_double_3_3
Parameters: 0.9999840457838621 0.0027476293489895384 -0.004838082894364732 -0.0027396424906621425 0.9999943994102322 0.0017058710938322869 0.0048420842803506775 -0.001693130635355658 0.9999868697213894 -0.22380521868286962 0.040918380839499946 -0.4241431758068046
FixedParameters: 0 0 0
#Transform 155
Transform: MatrixOffsetTransformBase_double_3_3
Parameters: 0.9999843420743776 0.0036971704820562223 -0.0042416365802925935 -0.003684714911682248 0.9999888159901046 0.0028807820029313896 0.0042517866234156225 -0.0028652181139507127 0.9999870176612787 -0.2360409378263597 -0.10303826463689347 -0.33542917718865795
FixedParameters: 0 0 0
#Transform 156
Transform: MatrixOffsetTransformBase_double_3_3
Parameters: 0.9999895079130658 0.002678077579062239 -0.0036496734807316433 -0.002669280354039409 0.9999934122757348 0.002378997124132795 0.0036560472428088697 -0.002369002908112719 0.9999908238117283 -0.22077312755730816 0.017886427243809067 -0.35700395330408696
FixedParameters: 0 0 0
#Transform 157
Transform: MatrixOffsetTransformBase_double_3_3
Parameters: 0.9999902746817699 0.0027034376506989426 -0.0033790130708319277 -0.00269654831756771 0.9999940791170336 0.001980271781165971 0.003384192614347579 -0.0019707268808189238 0.9999923903227885 -0.19016566008235714 -0.0634764018817151 -0.32222910372215097
FixedParameters: 0 0 0
#Transform 158
Transform: MatrixOffsetTransformBase_double_3_3
Parameters: 0.9999895429830049 0.0027819567939777663 -0.0037041025665516627 -0.0027743022547400075 0.9999942654044596 0.0020564472947058876 0.0037090956366960543 -0.0020455547360216236 0.9999908643185832 -0.21238674834383175 0.022900670789937294 -0.3205512503818966
FixedParameters: 0 0 0
#Transform 159
Transform: MatrixOffsetTransformBase_double_3_3
Parameters: 0.9999885370104524 0.0026617556991864197 -0.003921735294684143 -0.0026529915600458785 0.999994189190329 0.0022106661304024805 0.00392713609699263 -0.0022003342430708395 0.9999896192923716 -0.22600388322693732 0.03166578981698365 -0.3776649063626394
FixedParameters: 0 0 0
#Transform 160
Transform: MatrixOffsetTransformBase_double_3_3
Parameters: 0.9999883527005438 0.0029394842822483003 -0.0037428542676213473 -0.0029292784695318743 0.9999924354001626 0.0026631511669150676 0.003750218337511614 -0.0026518524362323104 0.9999897925735282 -0.21551911053693118 -0.029230074788998195 -0.30383828140860203
FixedParameters: 0 0 0
#Transform 161
Transform: MatrixOffsetTransformBase_double_3_3
Parameters: 0.9999879492256419 0.0028319892115746957 -0.004003714757728085 -0.0028212710481005368 0.9999922202980712 0.0028025735821344683 0.004011458643212161 -0.0027914296914598874 0.9999880823757674 -0.2185365643432391 0.053188773910477494 -0.3434295309624247
FixedParameters: 0 0 0
#Transform 162
Transform: MatrixOffsetTransformBase_double_3_3
Parameters: 0.9999926779811561 0.0026435561328235686 -0.0027079094129704665 -0.002634697608378349 0.9999906401231258 0.0034411245770775006 0.002716824605649061 -0.00343387725370789 0.9999904048847831 -0.19296144978963525 -0.023614049877281218 -0.2733695808108081
FixedParameters: 0 0 0
#Transform 163
Transform: MatrixOffsetTransformBase_double_3_3
Parameters: 0.9999877042303996 0.003287100090697417 -0.003673201239849876 -0.003277351532055342 0.9999911015355832 0.002662075786847143 0.0036814109124683313 -0.0026509248716520967 0.9999894885983877 -0.20563714190603832 0.018600489469321246 -0.31470207058866606
FixedParameters: 0 0 0
#Transform 164
Transform: MatrixOffsetTransformBase_double_3_3
Parameters: 0.9999927595618436 0.0025858955951828288 -0.002747977681354087 -0.002578505684920246 0.9999922827905483 0.0029140700412120385 0.0027556911666287184 -0.0029069277101635843 0.9999915346613495 -0.17598378207959797 -0.018161879468109987 -0.30710388806025435
FixedParameters: 0 0 0
#Transform 165
Transform: MatrixOffsetTransformBase_double_3_3
Parameters: 0.9999928996269914 0.0032164667907690217 -0.0019381094402215666 -0.0032085175390400567 0.9999872941433132 0.0038589596081481242 0.0019504197055738492 -0.0038530403852504724 0.9999908677964346 -0.14488692751707788 0.0011671704479994105 -0.14624244834440958
FixedParameters: 0 0 0
#Transform 166
Transform: MatrixOffsetTransformBase_double_3_3
Parameters: 0.9999938873544575 0.002907729778450297 -0.0019118256086764545 -0.002899335054123637 0.9999855064918495 0.004545360535577747 0.001925903651236431 -0.004539640310799772 0.9999881119084857 -0.13603687444907564 0.015021712288415756 -0.14458541634074606
FixedParameters: 0 0 0
#Transform 167
Transform: MatrixOffsetTransformBase_double_3_3
Parameters: 0.999991087300336 0.0032548064626177825 -0.0025140303119805998 -0.003243961758392615 0.9999855065257123 0.004391920887309664 0.00252742035338058 -0.004384085015400316 0.9999870713125666 -0.19659942314619627 -0.04815765995306265 -0.14542656236221774
FixedParameters: 0 0 0
#Transform 168
Transform: MatrixOffsetTransformBase_double_3_3
Parameters: 0.9999886964484083 0.0034498003220772245 -0.003225331482265419 -0.0034388629036756486 0.9999875047139541 0.003572042292509292 0.0032368485248100865 -0.003560963159244479 0.9999887516478889 -0.21343035438361824 0.025244298104794893 -0.18064927880890025
FixedParameters: 0 0 0
#Transform 169
Transform: MatrixOffsetTransformBase_double_3_3
Parameters: 0.9999899577484103 0.0033859266653402395 -0.0029289321185750968 -0.0033736885691108666 0.9999859233705679 0.003981740028997774 0.002942681802654304 -0.00397225061517377 0.9999874010739135 -0.18361676591081277 -0.0180423066076969 -0.1746532675514203
FixedParameters: 0 0 0
#Transform 170
Transform: MatrixOffsetTransformBase_double_3_3
Parameters: 0.9999896170107038 0.0032651481135123556 -0.003274760792349334 -0.0032564749111160807 0.9999912986465366 0.002504676586143617 0.0032826622760822348 -0.002493322964944339 0.9999918282773187 -0.19777670799952318 0.0525817923846148 -0.2257030966307667
FixedParameters: 0 0 0
#Transform 171
Transform: MatrixOffsetTransformBase_double_3_3
Parameters: 0.9999861056784289 0.0037110821381248576 -0.003623049969975996 -0.003695921442983925 0.9999846885325999 0.004071369349053042 0.003637278437979733 -0.004057632496098168 0.9999853764591475 -0.2755622763846901 -0.1296453205277146 -0.16757228344617658
FixedParameters: 0 0 0
#Transform 172
Transform: MatrixOffsetTransformBase_double_3_3
Parameters: 0.9999796325048042 0.0038883710941898277 -0.005024903588311702 -0.0038712071362606956 0.9999866002424441 0.0034218264112195057 0.005037744948950075 -0.0034031763304452622 0.9999817416380481 -0.4123502538326562 -0.1626533010135205 -0.3087722538737978
FixedParameters: 0 0 0
#Transform 173
Transform: MatrixOffsetTransformBase_double_3_3
Parameters: 0.9999828202340464 0.004429989885553438 -0.003943961864064742 -0.004422803250744998 0.9999889207206821 0.0017591807279519756 0.003951977352996638 -0.0017418182126792137 0.9999907709560327 -0.3201709855889163 -0.29958976250483715 -0.2092440463890881
FixedParameters: 0 0 0
#Transform 174
Transform: MatrixOffsetTransformBase_double_3_3
Parameters: 0.9999841497730466 0.0036402349523755114 -0.004195490254964418 -0.0036332454984510116 0.9999923453018472 0.0014923675294077204 0.004200717696419756 -0.0014766310162874774 0.9999903969564664 -0.3343662713787836 -0.13307867285713826 -0.3723067467185359
FixedParameters: 0 0 0
#Transform 175
Transform: MatrixOffsetTransformBase_double_3_3
Parameters: 0.9999842530780808 0.004699637591459771 -0.0029425922383386548 -0.004691638563027546 0.9999854329754293 0.0027262004354479674 0.0029557493438300553 -0.00271279906454433 0.9999920286024544 -0.2955294631451295 -0.18398734850738663 -0.2981839713168597
FixedParameters: 0 0 0
#Transform 176
Transform: MatrixOffsetTransformBase_double_3_3
Parameters: 0.9999852540507759 0.002944019600841493 -0.004480737497705014 -0.002930701928697542 0.99999183861561 0.002906513097534688 0.004489787873930277 -0.0028934852064783356 0.999985595283861 -0.3080856629647428 -0.09816560085798187 -0.3641315804044609
FixedParameters: 0 0 0
#Transform 177
Transform: MatrixOffsetTransformBase_double_3_3
Parameters: 0.9999828691594358 0.0038893669843510625 -0.004243074522787802 -0.003876443244689935 0.9999881972303982 0.0030614499084151564 0.004254814653951313 -0.003045551434081667 0.9999860240026155 -0.2918183509119814 -0.17024045793608877 -0.30632842009480044
FixedParameters: 0 0 0
#Transform 178
Transform: MatrixOffsetTransformBase_double_3_3
Parameters: 0.9999798048388682 0.004114586921207588 -0.004823357016900672 -0.004101704809226668 0.999988339316171 0.0026839742118347637 0.004834351262608288 -0.002664029920327396 0.9999851647906587 -0.31715902245124994 -0.15122112973236312 -0.32283339721163884
FixedParameters: 0 0 0
#Transform 179
Transform: MatrixOffsetTransformBase_double_3_3
Parameters: 0.9999843550490716 0.004035491246161527 -0.003919430821270938 -0.004023330630089417 0.9999869611243359 0.003099672755727742 0.003931293327394857 -0.003083327191683069 0.9999872789836872 -0.29509132921259607 -0.1547261511191209 -0.2931593341218388
FixedParameters: 0 0 0
#Transform 180
Transform: MatrixOffsetTransformBase_double_3_3
Parameters: 0.9999861039289359 0.0035917626112644723 -0.0038723585028144544 -0.0035798598542002183 0.9999885361307617 0.003081916579720567 0.003883353122399268 -0.003068081135808448 0.9999876563787083 -0.29614679362997265 -0.09913974102569512 -0.2603045606217762
FixedParameters: 0 0 0
#Transform 181
Transform: MatrixOffsetTransformBase_double_3_3
Parameters: 0.9999801124423715 0.0041685860285646335 -0.004744743663415383 -0.004153831906104984 0.9999868206801988 0.0030468217405794223 0.0047571314288864346 -0.0030271767379707326 0.9999838448023847 -0.3168559357644227 -0.14737177741994856 -0.3141587241503885
FixedParameters: 0 0 0
#Transform 182
Transform: MatrixOffsetTransformBase_double_3_3
Parameters: 0.9999797124427012 0.0041499866153664276 -0.004905611949933514 -0.004137077552091153 0.9999882701710265 0.002642484843104753 0.0049164473827247555 -0.002621517788814337 0.9999845872499195 -0.3165787670936311 -0.09949881402170035 -0.33270310793011504
FixedParameters: 0 0 0
#Transform 183
Transform: MatrixOffsetTransformBase_double_3_3
Parameters: 0.9999807010161968 0.004902931091641038 -0.0039062171853400775 -0.004893929890131297 0.9999855619225483 0.002442633333795116 0.003917834382829996 -0.0024233722588412887 0.9999892999683639 -0.2989572206530653 -0.18213748802170926 -0.26436729753862664
FixedParameters: 0 0 0
#Transform 184
Transform: MatrixOffsetTransformBase_double_3_3
Parameters: 0.9999898974083139 0.0035666622903781807 -0.00271631975312237 -0.0035637694655329096 0.9999927303908512 0.001345427837152191 0.0027212227219546832 -0.0013355741721725878 0.999995573114631 -0.24001343949593945 -0.07985248804803291 -0.09138446746958095
FixedParameters: 0 0 0
#Transform 185
Transform: MatrixOffsetTransformBase_double_3_3
Parameters: 0.9999888226432063 0.004514096246399323 -0.0013414293832612833 -0.0045131127408751 0.9999894955792948 0.0008622739583392103 0.0013452791926121975 -0.0008557266922683826 0.9999988512930249 -0.23521892403836375 -0.1976151639131274 0.01146269946865175
FixedParameters: 0 0 0
#Transform 186
Transform: MatrixOffsetTransformBase_double_3_3
Parameters: 0.9999891866256646 0.00263414581067414 -0.003856931647724147 -0.002631376656656337 0.9999967759864525 0.0006433936694704157 0.003858464304468943 -0.0006336064162459493 0.999992595270443 -0.263516283472228 -0.02109873587451716 -0.16203844442819104
FixedParameters: 0 0 0
#Transform 187
Transform: MatrixOffsetTransformBase_double_3_3
Parameters: 0.9999876638508386 0.0035837766913827955 -0.003390652081566823 -0.0035749791011236336 0.9999902213888258 0.002450068221541646 0.003398755413076552 -0.00243793169543767 0.999991496099875 -0.2571961431886933 -0.10738978874361749 -0.17652976927826103
FixedParameters: 0 0 0
#Transform 188
Transform: MatrixOffsetTransformBase_double_3_3
Parameters: 0.9999878654676458 0.003895569890345266 -0.0031558085231380957 -0.003893230986006422 0.9999922944054559 0.0007309676577916951 0.0031586294037652222 -0.000719032059984609 0.9999945198056021 -0.2572729108231897 -0.07383956329904606 -0.15620593905478586
FixedParameters: 0 0 0
#Transform 189
Transform: MatrixOffsetTransformBase_double_3_3
Parameters: 0.9999843822588899 0.004988479829178815 -0.0023944373222822414 -0.0049875305944700205 0.9999869381426658 0.00046312474947901583 0.0023960934195569016 -0.00045187824975823077 0.9999970254995433 -0.2384163734637923 -0.18041432968604454 -0.07689329759529073
FixedParameters: 0 0 0
#Transform 190
Transform: MatrixOffsetTransformBase_double_3_3
Parameters: 0.999988375186948 0.004301921960940072 -0.002262185135133101 -0.004301143010957341 0.9999905244199255 0.000433142219473881 0.0022639602369939576 -0.0004238585087050495 0.9999974835401267 -0.22549399981386387 -0.11152863657004275 -0.05453697436904292
FixedParameters: 0 0 0
#Transform 191
Transform: MatrixOffsetTransformBase_double_3_3
Parameters: 0.9999886059793083 0.003915102135373335 -0.0028401475222610177 -0.003905725490703523 0.9999859532862028 0.003443796867005272 0.002852827558507193 -0.003433203719924796 0.9999900059186861 -0.24989047774397477 -0.10154765372382712 -0.15007702976753023
FixedParameters: 0 0 0
#Transform 192
Transform: MatrixOffsetTransformBase_double_3_3
Parameters: 0.999991002354888 0.00330731577774895 -0.0026567773040137676 -0.0032997166296836727 0.9999900495425894 0.002896600353519921 0.0026664921659304286 -0.002887397279336637 0.9999922253810886 -0.2159696573706924 -0.03055926991426361 -0.1366036209444843
FixedParameters: 0 0 0
#Transform 193
Transform: MatrixOffsetTransformBase_double_3_3
Parameters: 0.9999877812320422 0.004035868144713321 -0.0029882760545471773 -0.004033248229729515 0.9999911302103127 0.0008187280987694417 0.0029920062156375167 -0.0008062690699693204 0.9999953307030912 -0.2235337593736233 -0.11748692499506319 -0.08610118578762638
FixedParameters: 0 0 0
#Transform 194
Transform: MatrixOffsetTransformBase_double_3_3
Parameters: 0.9999857820101054 0.004822360718373429 -0.0022270323917649836 -0.004817046017349595 0.9999855832359615 0.0025309268521693656 0.002239826969320915 -0.002520073466450473 0.9999944423626661 -0.21776038784807383 -0.13009262252403175 -0.1052755066245652
FixedParameters: 0 0 0
#Transform 195
Transform: MatrixOffsetTransformBase_double_3_3
Parameters: 0.9999852394812514 0.004894206599756901 -0.0024099191942787116 -0.004885290855812268 0.9999813113892584 0.003595992755841826 0.002427662050642285 -0.003584000243095839 0.999990151642606 -0.23364103512192003 -0.1284409752811797 -0.1251901210773383
FixedParameters: 0 0 0
#Transform 196
Transform: MatrixOffsetTransformBase_double_3_3
Parameters: 0.9999846352634826 0.0052422066705620895 -0.0019705405279776497 -0.005238218528584169 0.9999848998909674 0.0019782644080769823 0.001981498020564103 -0.0019677338508653636 0.9999959498495951 -0.21251674115724484 -0.16394509657598633 -0.07369201061628416
FixedParameters: 0 0 0
#Transform 197
Transform: MatrixOffsetTransformBase_double_3_3
Parameters: 0.9999878571894264 0.004364250581267127 -0.0024688680218724755 -0.004362188336593327 0.9999903050913882 0.000892195279808744 0.00247278575234355 -0.0008818059711244719 0.9999969785488487 -0.22441926728083672 -0.08677183996225324 -0.08167833824244042
FixedParameters: 0 0 0
#Transform 198
Transform: MatrixOffsetTransformBase_double_3_3
Parameters: 0.9999861840786798 0.004651576734257406 -0.0022763709810721027 -0.004643379422160357 0.9999829873482865 0.0034139412023861254 0.0022916019551646304 -0.0034030605146087717 0.9999919607569535 -0.2223680873663767 -0.10887814053310763 -0.1116307732343671
FixedParameters: 0 0 0
#Transform 199
Transform: MatrixOffsetTransformBase_double_3_3
Parameters: 0.9999857639929193 0.004667074868149975 -0.0027301013712026896 -0.0046621874465979435 0.9999872459925974 0.0017490915577074717 0.0027387123888979285 -0.0017359035741894152 0.9999944453474733 -0.23287021971444233 -0.0982544809192234 -0.11413394671640731
FixedParameters: 0 0 0
#Transform 200
Transform: MatrixOffsetTransformBase_double_3_3
Parameters: 0.999984344547673 0.005029081508213124 -0.0023158484779895604 -0.005025577454333823 0.9999864538515675 0.0015467498279755354 0.0023236155562479867 -0.001535251153086517 0.9999961412933589 -0.23970595036672648 -0.11793234532096619 -0.12316282731251249
FixedParameters: 0 0 0
#Transform 201
Transform: MatrixOffsetTransformBase_double_3_3
Parameters: 0.9999828900690773 0.005267346822440764 -0.0025233931137565065 -0.005259225490264583 0.9999809518834523 0.0030674160179020304 0.0025391588409865162 -0.0030535822572007876 0.9999922046671855 -0.23843960603893777 -0.14803585904786587 -0.12951334904302314
FixedParameters: 0 0 0
#Transform 202
Transform: MatrixOffsetTransformBase_double_3_3
Parameters: 0.9999843474781647 0.004972422434996787 -0.0026313018433247373 -0.004964444265283074 0.9999825476399435 0.0032922918570297 0.002647662444491029 -0.0032787122837779348 0.9999912105751849 -0.23726580623042537 -0.048749008247128245 -0.18667999002944669
FixedParameters: 0 0 0
#Transform 203
Transform: MatrixOffsetTransformBase_double_3_3
Parameters: 0.9999821943419978 0.00544148772874166 -0.0024892834949631192 -0.00543380321165509 0.9999803587850702 0.0030215926341742583 0.0025056162304769375 -0.00300740735806794 0.999992660932849 -0.22605050994660303 -0.15839479188809946 -0.1465031946486448
FixedParameters: 0 0 0
#Transform 204
Transform: MatrixOffsetTransformBase_double_3_3
Parameters: 0.9999841972617026 0.0047323435374387775 -0.002899621899531112 -0.004725352609443088 0.9999857484850123 0.002408090739525748 0.002910866752365903 -0.0023949089377742067 0.9999929142675402 -0.2299143199359719 -0.07804273646924287 -0.19996110576765602
FixedParameters: 0 0 0
#Transform 205
Transform: MatrixOffsetTransformBase_double_3_3
Parameters: 0.9999796301727679 0.005095542896615302 -0.003796015935427814 -0.005082246653707968 0.9999810598563614 0.003402744500499183 0.003812514836865088 -0.0033832531973081864 0.9999865451278105 -0.26229792988648626 -0.1390423016089386 -0.2641069901889779
FixedParameters: 0 0 0
#Transform 206
Transform: MatrixOffsetTransformBase_double_3_3
Parameters: 0.9999841943250203 0.00356179430186919 -0.00425673544069732 -0.003549725142387041 0.9999895201208909 0.002942256233021995 0.004266628024469063 -0.002926747472254007 0.999986451442987 -0.26372499659555615 -0.03992556884428211 -0.27140022664727326
FixedParameters: 0 0 0
#Transform 207
Transform: MatrixOffsetTransformBase_double_3_3
Parameters: 0.9999835388025292 0.004437753514418181 -0.0035730585293041366 -0.004426344282216129 0.9999851518193875 0.0033154828715959567 0.0035873319926271637 -0.003299525874621692 0.9999885076046143 -0.2424936604315775 -0.0902017660578025 -0.2657641065669054
FixedParameters: 0 0 0
#Transform 208
Transform: MatrixOffsetTransformBase_double_3_3
Parameters: 0.9999802175235546 0.004135434699198207 -0.0046559819876813196 -0.0041234084109208 0.9999878295904698 0.002572376076630592 0.0046670838350681716 -0.0025526216149068665 0.9999862549778756 -0.2765693478855269 -0.09937474831298232 -0.3098703324167502
FixedParameters: 0 0 0
#Transform 209
Transform: MatrixOffsetTransformBase_double_3_3
Parameters: 0.9999813324811927 0.00481053929542588 -0.0038110858118765305 -0.004799008267022723 0.9999836811455826 0.0031258989109699403 0.0038259942573962355 -0.0031081056434552473 0.9999882197134982 -0.22967147316236947 -0.14213405483337738 -0.29075042098844506
FixedParameters: 0 0 0
#Transform 210
Transform: MatrixOffsetTransformBase_double_3_3
Parameters: 0.9999806016280117 0.0038562291654660468 -0.0049524805579217 -0.003844301218686001 0.9999899177840632 0.0024013784020726903 0.004961831538980823 -0.002381623467947014 0.9999852451662768 -0.27388723548543226 -0.03328915240771835 -0.34736437822390087
FixedParameters: 0 0 0
#Transform 211
Transform: MatrixOffsetTransformBase_double_3_3
Parameters: 0.9999759770381339 0.004824343063111569 -0.004873216604104656 -0.004810301315027704 0.9999841578325794 0.0027934160727595136 0.004887046076761918 -0.002769578193319633 0.9999843455251136 -0.28017004885543884 -0.18051804228379353 -0.3270579749312077
FixedParameters: 0 0 0
#Transform 212
Transform: MatrixOffsetTransformBase_double_3_3
Parameters: 0.9999866890413361 0.0033033967415770273 -0.003924098021775896 -0.003297314667457262 0.9999934907331522 0.001605047844608909 0.003929161146982239 -0.0015919545462112356 0.9999910878630188 -0.22166850144370187 -0.012881210923609387 -0.514543154427443
FixedParameters: 0 0 0
#Transform 213
Transform: MatrixOffsetTransformBase_double_3_3
Parameters: 0.9999840094454133 0.003036261229137424 -0.004875664843147091 -0.0030203003279219345 0.999990277669433 0.0033772095411720437 0.004885424021397829 -0.0033617951872011026 0.9999820244482021 -0.3204444358674863 -0.06564035566759685 -0.33052449464877043
FixedParameters: 0 0 0
#Transform 214
Transform: MatrixOffsetTransformBase_double_3_3
Parameters: 0.9999811375648046 0.005225298416068276 -0.0030918470028752456 -0.005211197616596056 0.9999759630804125 0.004536398536277492 0.003115176695920962 -0.0045206034471914625 0.999985159262623 -0.27115132058240476 -0.20120261456834498 -0.21689357550715727
FixedParameters: 0 0 0
#Transform 215
Transform: MatrixOffsetTransformBase_double_3_3
Parameters: 0.9999749605325025 0.005931944385819084 -0.003853883705667068 -0.005914122797545356 0.9999711792569199 0.004694989391392276 0.003880777676100189 -0.004672017171413856 0.9999819101111637 -0.31181482136432237 -0.13000069534679426 -0.16919938369612453
FixedParameters: 0 0 0
#Transform 216
Transform: MatrixOffsetTransformBase_double_3_3
Parameters: 0.9999822358579092 0.005316128934256701 -0.002738695482761376 -0.00530494378765742 0.9999771118695014 0.004195713377458707 0.0027610791771649234 -0.004181291603196621 0.9999880364357853 -0.2789480092972667 -0.09259508905974201 -0.1573601403126048
FixedParameters: 0 0 0
#Transform 217
Transform: MatrixOffsetTransformBase_double_3_3
Parameters: 0.999984829179318 0.005370168418176503 -0.0011532509156649 -0.0053696013322677835 0.9999850141370148 0.0008570891592111496 0.0011575215111451526 -0.0008509133353342552 0.9999993563970898 -0.21567592450695372 -0.10691211568205006 -0.049933637206706294
FixedParameters: 0 0 0
