#Insight Transform File V1.0
#Transform 0
Transform: MatrixOffsetTransformBase_double_3_3
Parameters: 0.9999999017791203 0.00023330322660033393 -0.00020926220548748425 -0.0002340421353235179 0.9999988160306283 -0.0017689525638775183 0.00020843546997935882 0.0017690501689260063 0.9999988270169433 -0.0452920739649727 -0.1345731087616997 -0.604308729636287
FixedParameters: 0 0 0
#Transform 1
Transform: MatrixOffsetTransformBase_double_3_3
Parameters: 0.9999994980153767 0.00016806545234082193 -0.000688449991239519 -0.00016929906427307377 0.9999982705744136 -0.0016207956751927849 0.00068782135286806 0.0016202045819377342 0.999998975396564 -0.05852686843098809 -0.14799742885632838 -0.6172123085707284
FixedParameters: 0 0 0
#Transform 2
Transform: MatrixOffsetTransformBase_double_3_3
Parameters: 0.999999997399004 -0.000004275075908338985 -0.000050820515502010814 0.0000040826390848679805 0.9999984165282473 -0.0018930009958997712 0.00005083633668956577 0.0018930005713004433 0.9999984139634507 -0.031318230399449476 -0.08739797026817087 -0.6040049478193623
FixedParameters: 0 0 0
#Transform 3
Transform: MatrixOffsetTransformBase_double_3_3
Parameters: 0.9999999836160246 0.00001068967356464812 0.00012755282125142983 -0.000010286553837594322 0.9999985034892491 -0.0015800005276774554 -0.000127585963727458 0.0015799978519228097 0.9999984873263265 -0.03446043264780485 -0.14751933576269494 -0.5883883384075972
FixedParameters: 0 0 0
#Transform 4
Transform: MatrixOffsetTransformBase_double_3_3
Parameters: 0.9999999939160088 0.000006513553592751652 0.00007772754106880172 -0.000006268835354042035 0.9999985224823412 -0.0015739997356247204 -0.00007774766057131122 0.0015739987421260204 0.9999985164811024 -0.03994042896900396 -0.1491932256839732 -0.5945983366325294
FixedParameters: 0 0 0
#Transform 5
Transform: MatrixOffsetTransformBase_double_3_3
Parameters: 0.9999998857070341 0.00031242199193463215 -0.00012917217840667609 -0.00031253296448004636 0.9999997174577062 -0.0004299595499004938 0.0001289034478881581 0.0004300401927936487 0.9999997984494384 -0.04522618897985353 -0.10938014705871524 -0.5962846518346083
FixedParameters: 0 0 0
#Transform 6
Transform: MatrixOffsetTransformBase_double_3_3
Parameters: 0.9999997748601651 0.00039698787565029697 0.00025988581349833473 -0.0003963483990033035 0.9999993346687909 -0.0012281036094753534 -0.0002608600312984262 0.0012278970459703858 0.999999424221328 -0.028527149536600405 -0.11516468613693576 -0.5891373884274884
FixedParameters: 0 0 0
#Transform 7
Transform: MatrixOffsetTransformBase_double_3_3
Parameters: 0.9999998775000729 -0.00002891810361422418 -0.00034880317580947165 0.000028438820860561335 0.9999995272085935 -0.000687009595271279 0.00034884258002640265 0.0006869895879287741 0.9999994063540399 -0.04664865971730592 -0.11080969930682727 -0.6311411362998314
FixedParameters: 0 0 0
#Transform 8
Transform: MatrixOffsetTransformBase_double_3_3
Parameters: 0.9999997801279088 0.00033520106814608836 0.0003274218100331837 -0.00033574297742633175 0.9999994058225683 -0.000694109595303527 -0.00032780550661160615 0.0006938897850034681 0.9999994110337708 -0.03670864210877767 -0.12844155982062944 -0.5892012877325641
FixedParameters: 0 0 0
#Transform 9
Transform: MatrixOffsetTransformBase_double_3_3
Parameters: 0.9999999922560024 0.000007261191878841601 0.00008769989962572017 -0.000007159981363423823 0.9999996670189258 -0.0005770004357974201 -0.00008770822064514919 0.0005769991710660727 0.9999996593793032 -0.03170206274265297 -0.07918246381676397 -0.6262491313158023
FixedParameters: 0 0 0
#Transform 10
Transform: MatrixOffsetTransformBase_double_3_3
Parameters: 0.999999890559012 0.00010603825562451787 0.0003133637891955822 -0.00010602822781722079 0.9999999885009447 -0.000016033225405845397 -0.0003133671822410283 0.00001596677108380018 0.9999999015460668 -0.0263931329618714 -0.12187884678318994 -0.5729989738879198
FixedParameters: 0 0 0
#Transform 11
Transform: MatrixOffsetTransformBase_double_3_3
Parameters: 0.999999998844 0.0000027985483848806243 0.00003388462724351566 -0.000002773269666155917 0.9999998608631321 -0.0003730000420552465 -0.000033886705532602326 0.0003729998532921719 0.9999998597229067 -0.04027875505362033 -0.0960515811805891 -0.6202717579555355
FixedParameters: 0 0 0
#Transform 12
Transform: MatrixOffsetTransformBase_double_3_3
Parameters: 0.999999893598832 0.0002993358188440325 -0.00012920904269622012 -0.00029946128737161484 0.9999992687596416 -0.0008009607929227447 0.0001297260436029664 0.0008010383177783492 0.9999993416379022 -0.036709493282046424 -0.1161580033019618 -0.6227187877772025
FixedParameters: 0 0 0
#Transform 13
Transform: MatrixOffsetTransformBase_double_3_3
Parameters: 0.9999999905910001 0.000007951902569854854 0.00009667350750545277 -0.000007944168630728708 0.9999999983368152 -0.00004000076792440299 -0.00009667414335102145 0.00003999923119488158 0.999999989054185 -0.03936847108434449 -0.07491160210261683 -0.5598774655127698
FixedParameters: 0 0 0
#Transform 14
Transform: MatrixOffsetTransformBase_double_3_3
Parameters: 0.9999999989110008 -0.0000027343580394063344 -0.00003288650717208981 0.000002673579145726433 0.9999991462171064 -0.0009239992989846652 0.00003289150410697446 0.0009239991212261489 0.9999991451433542 -0.045648450107023564 -0.10039579385831132 -0.606303401841032
FixedParameters: 0 0 0
#Transform 15
Transform: MatrixOffsetTransformBase_double_3_3
Parameters: 0.9999999663350384 0.00016780038162372588 0.00007421630341999246 -0.00016753765208859793 0.9999988637125333 -0.0017630140062194766 -0.00007480750550337431 0.0017629890196625836 0.9999988862746703 -0.04439280571016013 -0.1559970364184693 -0.5950248732749799
FixedParameters: 0 0 0
#Transform 16
Transform: MatrixOffsetTransformBase_double_3_3
Parameters: 0.999999928920072 0.00026357499343708366 -0.000040102577988050165 -0.00026368577494097206 0.9999989872614942 -0.0013939895045695927 0.00003936757583318034 0.0013940104555148353 0.9999990551846757 -0.053792689190245824 -0.10954707922557816 -0.5737154890667426
FixedParameters: 0 0 0
#Transform 17
Transform: MatrixOffsetTransformBase_double_3_3
Parameters: 0.9999999583840145 0.0002032948674870922 -0.000016947635453907463 -0.0002033330456089888 0.9999996544978363 -0.001141997348565793 0.000016483265982377397 0.0011420041456714908 0.9999996955558217 -0.04387547651805335 -0.10732444417885745 -0.5869543331434386
FixedParameters: 0 0 0
#Transform 18
Transform: MatrixOffsetTransformBase_double_3_3
Parameters: 0.9999999075576234 0.0002691259082775511 -0.00014105060604969568 -0.0002695726042263689 0.9999984155696501 -0.0018739628912498307 0.00014103772240473198 0.0018740388717507495 0.9999984682264366 -0.05913342900858254 -0.14931508258450776 -0.5755154473795443
FixedParameters: 0 0 0
#Transform 19
Transform: MatrixOffsetTransformBase_double_3_3
Parameters: 0.9999997622734517 0.00047419400772917304 -0.00011310691457723823 -0.00047451987671238066 0.9999984226448824 -0.0018089409338303414 0.00011238780149711186 0.0018080613262792394 0.9999987982748878 -0.06063725276564469 -0.07815160336217275 -0.6025394188299629
FixedParameters: 0 0 0
#Transform 20
Transform: MatrixOffsetTransformBase_double_3_3
Parameters: 0.9999989448402858 0.00035697822981380415 -0.0013887651921177238 -0.0003599638634227861 0.9999985799006277 -0.0017934149163655738 0.001387315476591743 0.0017935868166639585 0.9999979316439405 -0.08402356245116493 -0.16038258252936544 -0.582018081954061
FixedParameters: 0 0 0
#Transform 21
Transform: MatrixOffsetTransformBase_double_3_3
Parameters: 0.9999998445765118 0.0002639507661032831 -0.0010416751921762243 -0.0002661181912132248 0.9999985091044686 -0.0015576420202848273 0.0010417640436206864 0.0015583575297431762 0.9999984807404286 -0.09479892021433045 -0.15196080780320642 -0.6120936950170233
FixedParameters: 0 0 0
#Transform 22
Transform: MatrixOffsetTransformBase_double_3_3
Parameters: 0.9999990431909552 0.00003360562347867116 -0.0009772086572446912 -0.0000344230571427726 0.9999987349706009 -0.0014798791847960568 0.0009779407702986615 0.0014791224409851644 0.9999989303743706 -0.09229003241678413 -0.12611415715170438 -0.5713382567679162
FixedParameters: 0 0 0
#Transform 23
Transform: MatrixOffsetTransformBase_double_3_3
Parameters: 0.9999995605706619 0.0002664727309479214 -0.0006072373514870343 -0.00026686466190541585 0.9999996201502137 -0.0011438387404797412 0.0006065452744652796 0.0011441624187161353 0.9999993229460651 -0.06935301412939054 -0.12069964328539129 -0.5834395872660565
FixedParameters: 0 0 0
#Transform 24
Transform: MatrixOffsetTransformBase_double_3_3
Parameters: 0.9999990911767199 0.0003970895214416497 -0.0013236892354107593 -0.0003987677280322746 0.9999988415447613 -0.001387385269776678 0.001322421104869392 0.0013876149879255978 0.9999983993155223 -0.09009042994965455 -0.11137605102983628 -0.581959435544789
FixedParameters: 0 0 0
#Transform 25
Transform: MatrixOffsetTransformBase_double_3_3
Parameters: 0.9999983817136614 0.00042572249102706614 -0.0015611485658976292 -0.0004283801276007521 0.99999837361061 -0.0018352458511445152 0.0015603316799894145 0.0018357556392848001 0.9999972699696985 -0.1071429929290133 -0.11691476487632713 -0.6120943785720385
FixedParameters: 0 0 0
#Transform 26
Transform: MatrixOffsetTransformBase_double_3_3
Parameters: 0.9999994383967342 0.0005164988889117824 -0.0005429849799295936 -0.000518122809661265 0.9999984082198249 -0.0014977115896613324 0.0005414356332661799 0.0014972860020290302 0.9999985451651904 -0.07885901929896022 -0.13113750064619012 -0.5819946585907871
FixedParameters: 0 0 0
#Transform 27
Transform: MatrixOffsetTransformBase_double_3_3
Parameters: 0.9999995630620843 0.0006969573894668171 -0.0009756150436494292 -0.0006979658771239064 0.9999989307369195 -0.001581314710865117 0.0009742417304302222 0.0015816880889798213 0.9999986300315863 -0.0895385693256543 -0.10003573333446525 -0.6100582266603283
FixedParameters: 0 0 0
#Transform 28
Transform: MatrixOffsetTransformBase_double_3_3
Parameters: 0.999999153889079 0.0003110974273429847 -0.0008658582102031962 -0.0003121709354546665 0.9999994724666939 -0.001195730385158647 0.0008650308421246315 0.0011962697903857705 0.9999988205884683 -0.0879610652570193 -0.13256591505310666 -0.5795920928385385
FixedParameters: 0 0 0
#Transform 29
Transform: MatrixOffsetTransformBase_double_3_3
Parameters: 0.99999965956742 0.00024368084823504093 -0.000530143799938131 -0.000245138880075445 0.9999990468867693 -0.0013758701877346763 0.0005294711834315181 0.0013761291688212246 0.9999988259274087 -0.07554787071231317 -0.09868156746006207 -0.6188861565607908
FixedParameters: 0 0 0
#Transform 30
Transform: MatrixOffsetTransformBase_double_3_3
Parameters: 0.999999661010349 0.0005020046893480636 -0.0010423867099189324 -0.0005035847746103784 0.9999990386333161 -0.0012754688318265817 0.0010420187797313774 0.0012755302881861663 0.9999983685753164 -0.10733768091472484 -0.13446520969505116 -0.6088860940195389
FixedParameters: 0 0 0
#Transform 31
Transform: MatrixOffsetTransformBase_double_3_3
Parameters: 0.9999989398895579 0.00007661250672144983 -0.0014333978565601864 -0.00007904207935194372 0.9999986198059293 -0.0015428059933589172 0.0014329938037857223 0.0015431924038330075 0.9999975583829366 -0.12204272261610072 -0.11658842063980046 -0.5889366761912953
FixedParameters: 0 0 0
#Transform 32
Transform: MatrixOffsetTransformBase_double_3_3
Parameters: 0.9999997278453973 0.00023788211854256836 -0.001102676882321074 -0.000240085428552896 0.9999987610833436 -0.0014516481830608718 0.0011019011733762283 0.0014513517956776245 0.9999987530542455 -0.09594121907791475 -0.13868983670434432 -0.5889191676770338
FixedParameters: 0 0 0
#Transform 33
Transform: MatrixOffsetTransformBase_double_3_3
Parameters: 0.9999974700740375 0.00027514798670461694 -0.0021103946247914723 -0.0002738208665300518 0.9999995533729601 0.0005507488450175596 0.002110778771017424 -0.0005502501168751783 0.9999973106005126 -0.14655044970061226 -0.06692507215842625 -0.503837671555317
FixedParameters: 0 0 0
#Transform 34
Transform: MatrixOffsetTransformBase_double_3_3
Parameters: 0.999998439746535 0.0004067775127579733 -0.0018422744670815161 -0.0004131545288989087 0.999994969439749 -0.0031281542713721827 0.001841292886333507 0.003128841167469129 0.9999928952314565 -0.12408130455708033 -0.17233394816999237 -0.5330815176470907
FixedParameters: 0 0 0
#Transform 35
Transform: MatrixOffsetTransformBase_double_3_3
Parameters: 0.999998530080207 0.00043010767722171403 -0.0018125868770943279 -0.00043385431798954465 0.9999980879378055 -0.0021561302908429253 0.0018113926223288512 0.0021568725377766884 0.9999961411331183 -0.1243669671262353 -0.07888340186106291 -0.5772282787827265
FixedParameters: 0 0 0
#Transform 36
Transform: MatrixOffsetTransformBase_double_3_3
Parameters: 0.9999990068220554 0.00033337556019365016 -0.0013717105409696067 -0.0003361130869960831 0.9999987280093536 -0.0017545338532842653 0.0013713686835015396 0.0017544655119900998 0.9999971222659114 -0.12320439173038267 -0.13197390000628673 -0.5418821346980849
FixedParameters: 0 0 0
#Transform 37
Transform: MatrixOffsetTransformBase_double_3_3
Parameters: 0.9999969537414721 0.00025752309953637747 -0.002445460212407926 -0.00026353757089990135 0.999996772153553 -0.002469110990505105 0.002444678454836367 0.0024698884307863544 0.9999939846918471 -0.1574464126788655 -0.11864119627911407 -0.5629689932211761
FixedParameters: 0 0 0
#Transform 38
Transform: MatrixOffsetTransformBase_double_3_3
Parameters: 0.9999982966648959 0.0003076363866024628 -0.0018997777113109765 -0.00030813094987696635 0.9999996829158584 -0.0003922453039248014 0.0018994540839627572 0.0003927551060229767 0.9999983056361322 -0.1424741050612255 -0.10861581438112466 -0.4990315011384183
FixedParameters: 0 0 0
#Transform 39
Transform: MatrixOffsetTransformBase_double_3_3
Parameters: 1.0000000478135675 0.0003891865561627934 -0.0008948663735836401 -0.0003908546888074955 0.9999973943713205 -0.0020925631608930545 0.0008940668960903959 0.002092437635925301 0.9999978963165986 -0.11181401984772776 -0.10714932903476893 -0.5741525795024387
FixedParameters: 0 0 0
#Transform 40
Transform: MatrixOffsetTransformBase_double_3_3
Parameters: 0.9999982274743531 0.0003263933302845074 -0.0016323706346404077 -0.00033030530979904376 0.9999967187955989 -0.0024693746680843065 0.0016324144371115054 0.0024696234132000894 0.9999953117959607 -0.12643458858988765 -0.17322012832624978 -0.5496769820063179
FixedParameters: 0 0 0
#Transform 41
Transform: MatrixOffsetTransformBase_double_3_3
Parameters: 0.9999982407152973 0.0003258354233056876 -0.0016285651868368045 -0.0003305220943728949 0.9999956999360269 -0.0030193790304696294 0.001628166894449417 0.0030196245761723445 0.9999943059537694 -0.1263877070787771 -0.15982217465840165 -0.525852534169104
FixedParameters: 0 0 0
#Transform 42
Transform: MatrixOffsetTransformBase_double_3_3
Parameters: 0.9999990789803692 0.0007915940795524404 -0.0011378625973308167 -0.0007955218334883296 0.999993396859229 -0.0035900920702682942 0.0011348261940699628 0.0035909090153132678 0.999992898641288 -0.1106186253106074 -0.1460961633005411 -0.5288426368258854
FixedParameters: 0 0 0
#Transform 43
Transform: MatrixOffsetTransformBase_double_3_3
Parameters: 0.9999978273488224 0.0019198911132593934 0.0006978301263244722 -0.0019161637340267721 0.9999858362749267 -0.0049644439558338554 -0.00070757495343416 0.0049635581495065945 0.9999877081166086 -0.03565141673469441 -0.14660714233299643 -0.45148187509600746
FixedParameters: 0 0 0
#Transform 44
Transform: MatrixOffsetTransformBase_double_3_3
Parameters: 0.9999995621411603 0.0008609056583021553 -0.000834331254509262 -0.0008633114509730249 0.9999975976348938 -0.002139276042130392 0.0008325536234742875 0.0021397265072862215 0.999997809566766 -0.10480648296143613 -0.049306769845841814 -0.07797744185933198
FixedParameters: 0 0 0
#Transform 45
Transform: MatrixOffsetTransformBase_double_3_3
Parameters: 0.9999991356060095 0.0011919293265412756 -0.0006653467936595903 -0.001194284134903811 0.9999958124249843 -0.002770284004870213 0.0006626403876525001 0.0027707185405278084 0.9999959717970509 -0.13593149794880333 -0.08585041798176007 -0.1167344249968778
FixedParameters: 0 0 0
#Transform 46
Transform: MatrixOffsetTransformBase_double_3_3
Parameters: 0.9999987994745568 0.001189696688691466 -0.0008861774367238137 -0.001191274709688839 0.9999968505756703 -0.0021559405147878047 0.0008838688977613417 0.0021570611607364953 0.9999976478949812 -0.15056156427590395 -0.06352565863306836 -0.06754745706358278
FixedParameters: 0 0 0
#Transform 47
Transform: MatrixOffsetTransformBase_double_3_3
Parameters: 0.9999991320348364 0.0012697055182700533 -0.000505497345409325 -0.0012712789685686953 0.9999951077353977 -0.0028754411296482013 0.0005020940686197023 0.0028765579447460193 0.9999954815083446 -0.13460163191528807 -0.042190357633103304 -0.11812206742929732
FixedParameters: 0 0 0
#Transform 48
Transform: MatrixOffsetTransformBase_double_3_3
Parameters: 0.9999990420156704 0.0010701014472210956 -0.0009019583477056162 -0.0010714852209736492 0.9999979018263656 -0.0019651107480339047 0.0008995784513427482 0.0019658899259068913 0.9999974137964798 -0.1175638116183535 -0.00434901348982919 -0.09215569447763983
FixedParameters: 0 0 0
#Transform 49
Transform: MatrixOffsetTransformBase_double_3_3
Parameters: 0.9999980447111335 0.002026732616805923 -0.0009210820043850782 -0.002025861588285211 0.9999974500732753 0.0005177169839637313 0.0009221805600797058 -0.0005162817788909868 0.9999990600598979 -0.14099194699932127 0.04793748656194907 -0.3194441836266435
FixedParameters: 0 0 0
#Transform 50
Transform: MatrixOffsetTransformBase_double_3_3
Parameters: 0.9999981749149173 0.0015930893797830319 -0.0011342258223364773 -0.0015926506817343718 0.9999989274935431 0.0006697331850117616 0.0011354407940342172 -0.0006672677953543926 0.9999993536356976 -0.13105278748020055 0.02785592913035373 -0.3156750439588194
FixedParameters: 0 0 0
#Transform 51
Transform: MatrixOffsetTransformBase_double_3_3
Parameters: 0.9999966155143686 0.0012717982569281777 -0.0024018028123016983 -0.0012690861882671428 0.999999120515161 0.00101515393068774 0.002402548606316342 -0.001011846659858956 0.9999964406299467 -0.1694428038677387 0.0005674534474877646 -0.3462146420915957
FixedParameters: 0 0 0
#Transform 52
Transform: MatrixOffsetTransformBase_double_3_3
Parameters: 0.9999980776279862 0.0016039526011964443 -0.0005913571160574404 -0.0016039123852832548 0.9999984195266947 0.00003486685771864062 0.000591466184039154 -0.00003313301148093195 0.9999996557895044 -0.11674197168179035 -0.010327166552926315 -0.2609342495847784
FixedParameters: 0 0 0
#Transform 53
Transform: MatrixOffsetTransformBase_double_3_3
Parameters: 0.9999985608131472 0.0014509142771550745 -0.0011547773922987656 -0.0014527618295901061 0.999998104673018 -0.0013023990265152857 0.0011529037835815098 0.0013045995129341709 0.9999980579134091 -0.14602587658730215 -0.048083291471087364 -0.22557762249014957
FixedParameters: 0 0 0
#Transform 54
Transform: MatrixOffsetTransformBase_double_3_3
Parameters: 0.9999968572002509 0.0012788309584197098 -0.002346768155038249 -0.001282358072763907 0.9999980123581091 -0.0014228863127888347 0.0023448684765305025 0.0014251114454039704 0.9999957892843774 -0.1612175119673509 -0.03312194127316559 -0.19609565354389247
FixedParameters: 0 0 0
#Transform 55
Transform: MatrixOffsetTransformBase_double_3_3
Parameters: 0.9999966845606637 0.001730314428495687 -0.0018229419917887885 -0.0017285128582273821 0.9999984973621214 0.0005181730535437773 0.0018237318417932598 -0.0005148261520307035 0.9999986536537858 -0.17474143443632784 0.006317233118551258 -0.3534569861323291
FixedParameters: 0 0 0
#Transform 56
Transform: MatrixOffsetTransformBase_double_3_3
Parameters: 0.999997572592918 0.0015330543050990422 -0.0014410108100722072 -0.0015352736163619586 0.9999980799881768 -0.0015468599171160613 0.0014390870655196703 0.001549141996660619 0.9999976999857709 -0.1583914302397602 -0.04890120630069816 -0.2379274767640709
FixedParameters: 0 0 0
#Transform 57
Transform: MatrixOffsetTransformBase_double_3_3
Parameters: 0.999996778874261 0.001176070544069294 -0.00219953867704648 -0.0011753490325569118 0.9999994341956046 0.00016568080969837917 0.002199924310555832 -0.00016231812495068332 0.9999972908871319 -0.17167156740536882 0.02117621661277269 -0.3498242949214614
FixedParameters: 0 0 0
#Transform 58
Transform: MatrixOffsetTransformBase_double_3_3
Parameters: 0.999998006186482 0.0015620192673689768 -0.0012467711178235621 -0.0015655802162225635 0.9999947447690173 -0.002763120072188402 0.0012418671433537666 0.002764875347662052 0.9999949819939292 -0.1454128277305955 -0.06876697221191819 -0.15380801494454488
FixedParameters: 0 0 0
#Transform 59
Transform: MatrixOffsetTransformBase_double_3_3
Parameters: 0.9999959767192471 0.0014314252610478002 -0.0024445684448125777 -0.0014306046297871962 0.9999986376717847 -0.000034312744535372475 0.0024443834720758004 0.00003768928469485844 0.9999973364556107 -0.18280620883855647 0.021432319388836163 -0.3395607720918008
FixedParameters: 0 0 0
#Transform 60
Transform: MatrixOffsetTransformBase_double_3_3
Parameters: 0.9999972212842355 0.0013801991036303078 -0.0019683417215066376 -0.0013826969216469876 0.9999979207905885 -0.0017092634934988554 0.0019662779361445675 0.0017117392582978314 0.9999964488558608 -0.17243949803636838 -0.04118901041938727 -0.17065974151380203
FixedParameters: 0 0 0
#Transform 61
Transform: MatrixOffsetTransformBase_double_3_3
Parameters: 0.9999955292353592 0.0016920139355344024 -0.0025708044817102913 -0.0016995407171963841 0.9999942923776409 -0.002901528839770698 0.0025653666788260318 0.00290546914547013 0.9999923761636431 -0.17920285715899809 -0.04520238847393898 -0.49760321604733804
FixedParameters: 0 0 0
#Transform 62
Transform: MatrixOffsetTransformBase_double_3_3
Parameters: 0.9999949723184153 0.0015751996938297393 -0.0027468441943507126 -0.0015836365605163027 0.9999937119163482 -0.0030764737178621826 0.0027424424063387416 0.0030815240060644983 0.999991299834988 -0.19770456954356064 -0.10408760278346563 -0.4799332476300435
FixedParameters: 0 0 0
#Transform 63
Transform: MatrixOffsetTransformBase_double_3_3
Parameters: 0.999997363455153 0.0015654274160568638 -0.0017850137603377502 -0.0015699317187217506 0.9999945939597039 -0.0027741838785389217 0.00178088503901205 0.0027768143662952466 0.999994362648564 -0.16393540024704123 -0.04210120824792796 -0.18310892256651812
FixedParameters: 0 0 0
#Transform 64
Transform: MatrixOffsetTransformBase_double_3_3
Parameters: 0.9999982826563477 0.001261439428138128 -0.0014576770822937973 -0.001264308156739243 0.9999981620941534 -0.0017522286589283786 0.001456075477156166 0.0017537718950787484 0.9999969745332428 -0.14769554136874774 -0.047484582930650276 -0.20784517632338861
FixedParameters: 0 0 0
#Transform 65
Transform: MatrixOffsetTransformBase_double_3_3
Parameters: 0.9999972649889098 0.0015886533328128738 -0.0014870315634863847 -0.0015927117438152083 0.9999942009601358 -0.0028456235486006287 0.0014826296191596216 0.0028483742108999094 0.9999948531652859 -0.16050838550948754 -0.03206975555701774 -0.20566149639816445
FixedParameters: 0 0 0
#Transform 66
Transform: MatrixOffsetTransformBase_double_3_3
Parameters: 0.9999964405361359 0.001374940343386376 -0.0021601993910035817 -0.0013773395518734402 0.9999991006086278 -0.0008230005487087216 0.0021598428463172727 0.0008249992513404136 0.9999969819738802 -0.20083808978586148 -0.03804718717833566 -0.3212068778482404
FixedParameters: 0 0 0
#Transform 67
Transform: MatrixOffsetTransformBase_double_3_3
Parameters: 0.9999966060669487 0.0016293486056654643 -0.0019336776012059827 -0.0016340643213904982 0.9999952464391073 -0.002614828350678916 0.001929712346971491 0.0026181725742498163 0.9999946674355817 -0.18695922189031933 -0.04524976636511724 -0.15418317315395313
FixedParameters: 0 0 0
#Transform 68
Transform: MatrixOffsetTransformBase_double_3_3
Parameters: 0.9999962873031787 0.001459092882285602 -0.0023633204598082764 -0.0014647869587698474 0.9999961928019439 -0.0023114381567850006 0.002359137724898739 0.0023145591682475347 0.9999943945345379 -0.19614951014078486 -0.03399608830522993 -0.22386939380128013
FixedParameters: 0 0 0
#Transform 69
Transform: MatrixOffsetTransformBase_double_3_3
Parameters: 0.999996915175243 0.0013006403252483754 -0.002096334481018245 -0.0013016785780873795 0.9999988329953836 -0.0004841707790562977 0.002094989115928152 0.00048682797870364114 0.9999976107592645 -0.1836348564755923 0.0005414155366452178 -0.2746755320060572
FixedParameters: 0 0 0
#Transform 70
Transform: MatrixOffsetTransformBase_double_3_3
Parameters: 0.9999933530561966 0.002030833401694896 -0.002918866105766048 -0.0020388980531242155 0.99999516594367 -0.002488943683473993 0.0029142124809830115 0.0024950571670390304 0.9999927669238985 -0.22926822034550298 -0.02353689162245587 -0.20721571500331493
FixedParameters: 0 0 0
#Transform 71
Transform: MatrixOffsetTransformBase_double_3_3
Parameters: 0.9999953110513682 0.0013737899867415078 -0.0027933325232729986 -0.0013726701401020446 0.9999985712198469 0.00039511479647204306 0.0027934985596084535 -0.0003918856604675086 0.9999964301465732 -0.21912101324467415 0.028804362231483083 -0.34434503530789584
FixedParameters: 0 0 0
#Transform 72
Transform: MatrixOffsetTransformBase_double_3_3
Parameters: 0.9999936344737905 0.001476021131964982 -0.003191465005707607 -0.001485241516598127 0.9999948046739123 -0.0027569961870925613 0.0031876210416326234 0.0027619984330483766 0.9999906000584964 -0.21701842010996586 -0.05193011993274865 -0.5090059718399687
FixedParameters: 0 0 0
#Transform 73
Transform: MatrixOffsetTransformBase_double_3_3
Parameters: 0.9999937627781814 0.0013906976743501991 -0.003362027155539487 -0.0013917388631275733 0.9999994615000858 -0.00046104550840353475 0.003361570251881118 0.0004659566455415959 0.9999938716114594 -0.2365144484219428 -0.027256988220727862 -0.4148858454582012
FixedParameters: 0 0 0
#Transform 74
Transform: MatrixOffsetTransformBase_double_3_3
Parameters: 0.9999921498758791 0.0016303968953713679 -0.003492034906994305 -0.0016407889659025687 0.9999940050678151 -0.0029729246046926866 0.0034864635968120503 0.002979072539692429 0.9999894315595529 -0.22902388784966377 -0.064623139156609 -0.5077775651977134
FixedParameters: 0 0 0
#Transform 75
Transform: MatrixOffsetTransformBase_double_3_3
Parameters: 0.9999944262685745 0.0013084914235056337 -0.00314052846789648 -0.0013066169308414623 0.9999992613227039 0.0008023871254895787 0.0031408744109547772 -0.0007986167160504987 0.9999948833386021 -0.23237274606604785 0.01224087499483062 -0.3975564630996473
FixedParameters: 0 0 0
#Transform 76
Transform: MatrixOffsetTransformBase_double_3_3
Parameters: 0.9999964634422485 0.0013956164905472258 -0.0023635891128226073 -0.0013963926260836014 0.9999987799495982 -0.0001795982278364472 0.00236407899981508 0.0001834016984339215 0.9999966176084916 -0.1981970848593022 0.0007434372377730369 -0.3377650087645776
FixedParameters: 0 0 0
#Transform 77
Transform: MatrixOffsetTransformBase_double_3_3
Parameters: 0.9999944273963716 0.0016020430228837876 -0.0030010056593059893 -0.001600884516281138 0.9999989215106966 0.0001950090338863758 0.0030016238245572763 -0.0001909888007118471 0.9999954313881915 -0.23487935828984519 0.013412132586438474 -0.39566478920686166
FixedParameters: 0 0 0
#Transform 78
Transform: MatrixOffsetTransformBase_double_3_3
Parameters: 0.9999909119113438 0.001468050551810193 -0.004114907319863475 -0.001469530450688094 0.9999990430026793 -0.0004294135474844779 0.004114471039747581 0.0004345882011684704 0.9999914956583292 -0.2609018081807619 -0.005596837350196893 -0.40954524005988446
FixedParameters: 0 0 0
#Transform 79
Transform: MatrixOffsetTransformBase_double_3_3
Parameters: 0.9999917653382797 0.001676111063605121 -0.0037983631314104484 -0.001689270329788893 0.9999923193823826 -0.003644241580246843 0.0037919171319209725 0.003650761066609484 0.9999858372306997 -0.23322543201872747 -0.0766940496343409 -0.5251545117378242
FixedParameters: 0 0 0
#Transform 80
Transform: MatrixOffsetTransformBase_double_3_3
Parameters: 0.999994382401342 0.0021102284615911264 -0.0026768184412079474 -0.002119987704353996 0.9999903826347758 -0.003825305343871252 0.0026687754246727674 0.0038306924912462764 0.9999886924145368 -0.18702251392770108 -0.10118573807078235 -0.51347612937289
FixedParameters: 0 0 0
#Transform 81
Transform: MatrixOffsetTransformBase_double_3_3
Parameters: 0.9999941956586977 0.001888399331219445 -0.002870267580342967 -0.0018974588267130872 0.9999934099356648 -0.0032414528353686134 0.002864225204932514 0.0032465517699824947 0.9999907385188793 -0.23001587826269088 -0.11417311755552362 -0.5248365450498369
FixedParameters: 0 0 0
#Transform 82
Transform: MatrixOffsetTransformBase_double_3_3
Parameters: 0.9999915235299334 0.0019049507595298206 -0.0035846962893860182 -0.001917030793442439 0.9999919936817399 -0.0034327824911001142 0.003577555147564634 0.003440216894612866 0.999987910619026 -0.23575523167201595 -0.09863823587998866 -0.5023570091026812
FixedParameters: 0 0 0
#Transform 83
Transform: MatrixOffsetTransformBase_double_3_3
Parameters: 0.9999917116832527 0.001921345039159653 -0.0035494379329477207 -0.0019303764176671384 0.9999941907363936 -0.0027438767016163407 0.0035440157027014168 0.002751121768400075 0.9999894233489521 -0.2686385342118882 -0.07426072246580873 -0.48036545756355054
FixedParameters: 0 0 0
#Transform 84
Transform: MatrixOffsetTransformBase_double_3_3
Parameters: 0.9999946121834126 0.0014910902540934512 -0.0030272821793601986 -0.0014908268757162805 0.9999993802591454 0.00004571032061993774 0.003027411893391591 -0.00004128921047638623 0.9999952281399658 -0.23675312339972265 0.009046793534835729 -0.3651489428691974
FixedParameters: 0 0 0
#Transform 85
Transform: MatrixOffsetTransformBase_double_3_3
Parameters: 0.9999937105027937 0.0021949391213653188 -0.002910641099643921 -0.0022044595914650004 0.9999918341173851 -0.003289481912107317 0.0029033894461923553 0.0032965150042543606 0.9999901885669227 -0.23908575726554204 -0.06185931210019646 -0.5117393807488355
FixedParameters: 0 0 0
#Transform 86
Transform: MatrixOffsetTransformBase_double_3_3
Parameters: 0.9999930266347573 0.0018728507900291785 -0.003235252879627658 -0.0018841672196302569 0.999991211070589 -0.0036996392334586597 0.003228332258903575 0.003705365186591106 0.9999883983458763 -0.2435388734362931 -0.07593061379979815 -0.21028656608491758
FixedParameters: 0 0 0
#Transform 87
Transform: MatrixOffsetTransformBase_double_3_3
Parameters: 0.9999947889047017 0.0016339736886514591 -0.0027464615151155305 -0.0016339903736268297 0.9999988944555113 -0.00018239798040996236 0.0027457766360762218 0.00018660268713367734 0.9999958263686312 -0.23777883455517212 0.017201762002088117 -0.36425983774294934
FixedParameters: 0 0 0
#Transform 88
Transform: MatrixOffsetTransformBase_double_3_3
Parameters: 0.9999937320437804 0.001957872827766741 -0.0030714082754316474 -0.001968525826355326 0.9999916491144869 -0.0034637709548590023 0.0030649490833827547 0.0034702251433311876 0.999989042613025 -0.222463953891193 -0.082899803755069 -0.21020970339698408
FixedParameters: 0 0 0
#Transform 89
Transform: MatrixOffsetTransformBase_double_3_3
Parameters: 0.9999934641807662 0.002226583782441643 -0.002752660316934251 -0.0022369910687621234 0.9999911407426244 -0.0036558262111621304 0.0027445602793581612 0.003662175489609995 0.9999895466964347 -0.22805580391808178 -0.04304603289163822 -0.21631359390767102
FixedParameters: 0 0 0
#Transform 90
Transform: MatrixOffsetTransformBase_double_3_3
Parameters: 0.9999953004451869 0.0018843369482303266 -0.002478936325121442 -0.001892516692972171 0.999994177823559 -0.0029722903181349236 0.002474186859887464 0.0029767111063007945 0.9999924272350055 -0.23474585028203876 -0.07387663461405225 -0.18560315728159082
FixedParameters: 0 0 0
#Transform 91
Transform: MatrixOffsetTransformBase_double_3_3
Parameters: 0.9999896396100116 0.002013531672215151 -0.004160465469967838 -0.0020278955942201046 0.9999911374904126 -0.0036011235782600626 0.004152640026431122 0.0036088730322324514 0.9999845098589055 -0.2860855790976444 -0.05846264370457277 -0.4675577971549103
FixedParameters: 0 0 0
#Transform 92
Transform: MatrixOffsetTransformBase_double_3_3
Parameters: 0.9999945395883575 0.002239059051177249 -0.0025397329092266448 -0.0022475413033640392 0.9999907254804463 -0.003568270286334718 0.002530946814957425 0.003573725978806938 0.9999903098849778 -0.22788703974418922 -0.051230595064311046 -0.2134288273064584
FixedParameters: 0 0 0
#Transform 93
Transform: MatrixOffsetTransformBase_double_3_3
Parameters: 0.9999903389181896 0.001995194929368495 -0.003959811812416799 -0.0020089177727098057 0.999992349962713 -0.0034506927253099284 0.003952887399200322 0.0034583086675964714 0.9999861216217721 -0.26621143643188816 -0.11106139712573793 -0.4792763944725351
FixedParameters: 0 0 0
#Transform 94
Transform: MatrixOffsetTransformBase_double_3_3
Parameters: 0.9999902258632766 0.0025065720579502313 -0.0035340856152546295 -0.0025167222325641354 0.999993120481597 -0.0027959891975402468 0.0035272534401677587 0.0028050090946724338 0.9999894196816672 -0.26445179892265 -0.03400041716183466 -0.19626781302180518
FixedParameters: 0 0 0
#Transform 95
Transform: MatrixOffsetTransformBase_double_3_3
Parameters: 0.9999922922475468 0.0017773749271387295 -0.0033984929843487504 -0.0017881694510709582 0.9999934763756573 -0.003126653460253065 0.003392494984771393 0.0031323442973306553 0.9999892282183789 -0.2586829491913676 -0.04809921460002897 -0.22642033267923978
FixedParameters: 0 0 0
#Transform 96
Transform: MatrixOffsetTransformBase_double_3_3
Parameters: 0.9999919102722192 0.0019805963910030627 -0.003488032127793019 -0.0019916528616209113 0.9999929030241141 -0.003094783958518338 0.003481881111690298 0.0031022111464966556 0.9999888057357822 -0.2812225573275242 -0.06585236116303861 -0.1963865393481541
FixedParameters: 0 0 0
#Transform 97
Transform: MatrixOffsetTransformBase_double_3_3
Parameters: 0.9999893946713073 0.0020127706503779656 -0.004189660676193453 -0.002027805823789482 0.9999907583647244 -0.003664992387120633 0.004182574306605095 0.003674007671198104 0.9999847056101255 -0.29034198135768463 -0.04211556549199713 -0.22766930775544836
FixedParameters: 0 0 0
#Transform 98
Transform: MatrixOffsetTransformBase_double_3_3
Parameters: 0.9999922892835112 0.0018970743777330572 -0.003480154224710944 -0.0019099815831446737 0.9999913523907455 -0.0036670885851085994 0.0034731701634383542 0.0036739085046696013 0.9999869915664201 -0.26523043476019836 -0.10215933861047688 -0.4813767115939811
FixedParameters: 0 0 0
#Transform 99
Transform: MatrixOffsetTransformBase_double_3_3
Parameters: 0.9999932407792665 0.001947116560375245 -0.00299464128999018 -0.0019567728017580626 0.999993408881808 -0.0032060397080550945 0.0029883526509324266 0.003211962145341904 0.9999902364108866 -0.2337416199335962 -0.025266267416412802 -0.21112747583399027
FixedParameters: 0 0 0
#Transform 100
Transform: MatrixOffsetTransformBase_double_3_3
Parameters: 0.9999888852467679 0.002057495450716854 -0.004228504404405482 -0.0020709514480201532 0.9999926965974496 -0.0031988018725152417 0.004222188785409249 0.0032071970393484917 0.999985670068863 -0.28568363280423625 -0.07439776082514982 -0.45846994295501986
FixedParameters: 0 0 0
#Transform 101
Transform: MatrixOffsetTransformBase_double_3_3
Parameters: 0.9999844324142992 0.002182601892362138 -0.005079785094468191 -0.00220135598850942 0.9999907964550698 -0.003788136129821998 0.005071563906011214 0.003798869086839421 0.9999798543316027 -0.3014297494461715 0.013413396536662958 -0.5126665798074725
FixedParameters: 0 0 0
#Transform 102
Transform: MatrixOffsetTransformBase_double_3_3
Parameters: 0.9999888533584522 0.0021258848313068673 -0.004198473845829239 -0.002140018170177044 0.9999927243706758 -0.0033026579370976222 0.004191274292812157 0.0033113405940477653 0.9999852563142061 -0.2824837216568028 -0.10192923800860854 -0.20305057063750098
FixedParameters: 0 0 0
#Transform 103
Transform: MatrixOffsetTransformBase_double_3_3
Parameters: 0.9999903337476409 0.002357333060916538 -0.0036210179564580315 -0.002367769675027537 0.9999932896134811 -0.0028952302849321737 0.003613474502894689 0.0029037697703445525 0.9999892298196645 -0.25806420189333323 -0.13408712781634335 -0.1919046887639979
FixedParameters: 0 0 0
#Transform 104
Transform: MatrixOffsetTransformBase_double_3_3
Parameters: 0.9999904279617451 0.002134300523017523 -0.003875132580190799 -0.002147659096029667 0.99999244859303 -0.003350404780510949 0.0038677584798996723 0.0033585931089402943 0.9999864738621213 -0.27704382684481743 -0.07342252986849473 -0.20559790197027894
FixedParameters: 0 0 0
#Transform 105
Transform: MatrixOffsetTransformBase_double_3_3
Parameters: 0.9999886805140005 0.002391378883117409 -0.004074274925649371 -0.002402583089283262 0.9999936010801838 -0.002797930263623072 0.004067909124116179 0.002808071332700973 0.9999873656931814 -0.2664083167885991 -0.006350059922326068 -0.212130749964345
FixedParameters: 0 0 0
#Transform 106
Transform: MatrixOffsetTransformBase_double_3_3
Parameters: 0.999990819795943 0.0017867371526322524 -0.003998275915308781 -0.0017984987117490938 0.9999939250948041 -0.0030363767135955094 0.003993369923349499 0.0030436268254549204 0.9999874113589065 -0.2784929260147919 -0.046361386634600876 -0.20507625042581878
FixedParameters: 0 0 0
#Transform 107
Transform: MatrixOffsetTransformBase_double_3_3
Parameters: 0.9999863888619973 0.00197262663518033 -0.004870580085890732 -0.0019901517593723006 0.9999912147794968 -0.003603548362401343 0.00486286039260687 0.003613451935576717 0.9999821312727071 -0.2866814533930153 -0.05516476083825239 -0.46099998252277885
FixedParameters: 0 0 0
#Transform 108
Transform: MatrixOffsetTransformBase_double_3_3
Parameters: 0.9999866569625523 0.00236856126795304 -0.004662268916172668 -0.0023841011435433786 0.9999914485157935 -0.0034533626105187204 0.004653488011673768 0.003464641235891644 0.9999832788362893 -0.2789989119136749 -0.07196626513217552 -0.45967116568627375
FixedParameters: 0 0 0
#Transform 109
Transform: MatrixOffsetTransformBase_double_3_3
Parameters: 0.9999882621115486 0.0021449273371431147 -0.004258855349663581 -0.002159222342640273 0.9999911738347538 -0.003518365973247256 0.004251432354186183 0.0035276318301513537 0.9999842650085908 -0.2714003883230589 -0.00865725434763931 -0.4949153199431322
FixedParameters: 0 0 0
#Transform 110
Transform: MatrixOffsetTransformBase_double_3_3
Parameters: 0.9999902431672684 0.001608366162128797 -0.004143822011829428 -0.001620842511383583 0.9999939830351062 -0.0031267717332101597 0.004138629137598319 0.003133232085980278 0.9999866661755032 -0.265796856570617 -0.1347613655146347 -0.21836682068443736
FixedParameters: 0 0 0
#Transform 111
Transform: MatrixOffsetTransformBase_double_3_3
Parameters: 0.9999916175606766 0.0016258254458316052 -0.003706607499232785 -0.0016371254634144627 0.9999943593086833 -0.0030685844549958874 0.0037016637826409442 0.0030744182425382766 0.9999883898975805 -0.2564310360271804 -0.07946138230573752 -0.5060473960813283
FixedParameters: 0 0 0
#Transform 112
Transform: MatrixOffsetTransformBase_double_3_3
Parameters: 0.9999841220195226 0.002215444547569338 -0.0051937013890632835 -0.002232046453264309 0.9999921149032562 -0.0032896315624522388 0.005185626895527804 0.003300370705142233 0.9999812928271565 -0.2899121503771198 -0.10916010586088021 -0.48936914469065584
FixedParameters: 0 0 0
#Transform 113
Transform: MatrixOffsetTransformBase_double_3_3
Parameters: 0.999984931708 0.0019606088389217432 -0.005121305256822046 -0.001973834646873643 0.9999949041883417 -0.002698118206017938 0.00511550303975576 0.0027078875250700074 0.9999834149499465 -0.30602040600554403 -0.12860095946439287 -0.5100293965433593
FixedParameters: 0 0 0
#Transform 114
Transform: MatrixOffsetTransformBase_double_3_3
Parameters: 0.9999857904990579 0.002433581890659285 -0.004721047592160702 -0.0024540743600316756 0.9999886130334343 -0.004164897779172727 0.004710151509283447 0.0041761007931174765 0.9999803909346581 -0.30168548573405474 -0.10715975882578732 -0.5141925371024882
FixedParameters: 0 0 0
#Transform 115
Transform: MatrixOffsetTransformBase_double_3_3
Parameters: 0.9999810052586964 0.0025441399904765766 -0.005614830288808498 -0.0025668195762229445 0.9999879048073039 -0.004145734733094236 0.005603681802391004 0.004159265334411938 0.9999756134627293 -0.3127247436648446 -0.13496643374611494 -0.45608320368604893
FixedParameters: 0 0 0
#Transform 116
Transform: MatrixOffsetTransformBase_double_3_3
Parameters: 0.9999781410404551 0.0021188522032773984 -0.0062745835222079265 -0.0021367141222871206 0.9999933502567737 -0.002979326438641669 0.006268292496152286 0.0029926800394384223 0.9999759581370637 -0.3486195379406638 -0.04986166456143337 -0.37307593066584843
FixedParameters: 0 0 0
#Transform 117
Transform: MatrixOffsetTransformBase_double_3_3
Parameters: 0.9999825391212694 0.0022183877242312198 -0.00543510430113276 -0.0022386065281612575 0.9999907294296858 -0.0037659892474162654 0.005426619913899268 0.0037780161104694204 0.999978353357098 -0.32686267882566256 -0.10418638060218655 -0.46451688554810744
FixedParameters: 0 0 0
#Transform 118
Transform: MatrixOffsetTransformBase_double_3_3
Parameters: 0.999984143122612 0.002737943023545968 -0.004833417289961759 -0.002758440023633229 0.9999868120302956 -0.004403226777206101 0.004821412899707065 0.004415778473892504 0.99997844319984 -0.3149816157854275 -0.09250253605318903 -0.42753878987575433
FixedParameters: 0 0 0
#Transform 119
Transform: MatrixOffsetTransformBase_double_3_3
Parameters: 0.9999858944774017 0.002188721714405745 -0.0048285121408818635 -0.002205387062328693 0.9999913026003331 -0.003450665892536245 0.004820984667036186 0.0034613343177900685 0.9999827037653604 -0.30494592558083866 -0.09162946029525187 -0.4427130419571199
FixedParameters: 0 0 0
#Transform 120
Transform: MatrixOffsetTransformBase_double_3_3
Parameters: 0.9999918286355522 0.0020091826487473484 -0.0034834738795707612 -0.002023185180658782 0.9999904545691235 -0.003976767697964609 0.0034753294695960757 0.00398323211037746 0.9999856930140703 -0.26833981182191735 -0.07366331454585406 -0.24522205375248518
FixedParameters: 0 0 0
#Transform 121
Transform: MatrixOffsetTransformBase_double_3_3
Parameters: 0.9999802172577796 0.002110966816205605 -0.0058590050265563435 -0.0021410909588038983 0.9999850690845418 -0.005126482129634888 0.005847758915337784 0.005139519378768775 0.9999694519297917 -0.32292968516529186 -0.15968727145619255 -0.4236648843196491
FixedParameters: 0 0 0
#Transform 122
Transform: MatrixOffsetTransformBase_double_3_3
Parameters: 0.9999879548442848 0.002324906005578499 -0.0041998321577046555 -0.002340188239470506 0.9999908528043036 -0.00344773432782898 0.004191627976769168 0.003458258910871481 0.9999852554370737 -0.2945172562620968 -0.07416929513969706 -0.2129149234046963
FixedParameters: 0 0 0
#Transform 123
Transform: MatrixOffsetTransformBase_double_3_3
Parameters: 0.9999926906843444 0.002183319670447073 -0.003247001171712576 -0.0021928266974760406 0.9999930310102063 -0.002932691200273063 0.003240389556395753 0.0029403068197519228 0.9999904135123511 -0.2606815204904933 -0.05005617721751321 -0.227563373611801
FixedParameters: 0 0 0
#Transform 124
Transform: MatrixOffsetTransformBase_double_3_3
Parameters: 0.9999900981549924 0.001812602868495762 -0.003951832830104494 -0.001823430012133014 0.9999941169632617 -0.0028173575510698906 0.003946654010710518 0.002824641289122451 0.9999880650060151 -0.28844728046054513 -0.07941045297377514 -0.19506287131824251
FixedParameters: 0 0 0
#Transform 125
Transform: MatrixOffsetTransformBase_double_3_3
Parameters: 0.9999894681787221 0.0021212117657270295 -0.004003878086987782 -0.0021334615441986424 0.9999931096599156 -0.003103102897609178 0.003997646425138508 0.0031118991211394054 0.9999870452542992 -0.2945637952210518 -0.041152200574614994 -0.21014711711026735
FixedParameters: 0 0 0
#Transform 126
Transform: MatrixOffsetTransformBase_double_3_3
Parameters: 0.9999911061468771 0.0017311923084560826 -0.003728169492271018 -0.0017419873521385633 0.9999943652811418 -0.002838154414804936 0.003722464191425984 0.0028448405048740744 0.9999885925348906 -0.29032332708676734 -0.06125484052128627 -0.21328457702597348
FixedParameters: 0 0 0
#Transform 127
Transform: MatrixOffsetTransformBase_double_3_3
Parameters: 0.9999912065321278 0.002038721477650077 -0.0036928307064092603 -0.002049333243235349 0.999993797033028 -0.0027160751568433977 0.00368695350603222 0.0027239204661466954 0.999989612618036 -0.2975222542540763 -0.05352297752368429 -0.18681614161178572
FixedParameters: 0 0 0
#Transform 128
Transform: MatrixOffsetTransformBase_double_3_3
Parameters: 0.9999905643988525 0.0020455321945475648 -0.0037748777026682984 -0.0020560828955136384 0.9999942644664601 -0.0027919587666950796 0.0037695686444451475 0.002799041899905874 0.9999886701877925 -0.2922313273696062 -0.026050572366287383 -0.19383974902548573
FixedParameters: 0 0 0
#Transform 129
Transform: MatrixOffsetTransformBase_double_3_3
Parameters: 0.9999900157272342 0.002231373053215636 -0.00374194743395094 -0.002242956551263824 0.9999934622375083 -0.0029653317547642666 0.003735814532442147 0.0029736716865609997 0.9999889174964243 -0.27867970357795 -0.04549194198278883 -0.1989201619624339
FixedParameters: 0 0 0
#Transform 130
Transform: MatrixOffsetTransformBase_double_3_3
Parameters: 0.9999911801196611 0.0023694783044929243 -0.0033481045864786623 -0.002378435544427908 0.9999932204172038 -0.0029109261228004307 0.003340421401376069 0.0029190752531315783 0.9999899651408566 -0.2534060476729394 -0.012514004584730287 -0.18850978466018375
FixedParameters: 0 0 0
#Transform 131
Transform: MatrixOffsetTransformBase_double_3_3
Parameters: 0.9999895794406906 0.002064677163922073 -0.004141728324877127 -0.0020769521014399827 0.9999943330478375 -0.002751953767236026 0.0041364709963092865 0.002760047399777407 0.9999880552077206 -0.29649557400175297 -0.049821609119760524 -0.20376738483450652
FixedParameters: 0 0 0
#Transform 132
Transform: MatrixOffsetTransformBase_double_3_3
Parameters: 0.9999885794066197 0.0021501515001825138 -0.004335519838610469 -0.002163391461977965 0.9999929613589807 -0.003094180380525474 0.004329059960349879 0.0031038189607847794 0.9999854102892286 -0.2775907033070837 -0.036920808491615276 -0.22893790318123308
FixedParameters: 0 0 0
#Transform 133
Transform: MatrixOffsetTransformBase_double_3_3
Parameters: 0.9999882234362983 0.0017573364037944388 -0.004437356000125363 -0.0017708191643434111 0.9999939796236605 -0.0030325459007875533 0.00443155728934805 0.0030404556185890663 0.999985802995946 -0.3017675284109629 -0.10207950974712787 -0.20748055665133336
FixedParameters: 0 0 0
#Transform 134
Transform: MatrixOffsetTransformBase_double_3_3
Parameters: 0.999992850566983 0.0022467826504146008 -0.003016821011309987 -0.002255501224780594 0.9999930977444688 -0.00304016903788841 0.003010353886687062 0.0030468311379540647 0.9999902269294769 -0.2543659763244932 -0.043344758870148326 -0.1755899808320578
FixedParameters: 0 0 0
#Transform 135
Transform: MatrixOffsetTransformBase_double_3_3
Parameters: 0.999987453437209 0.002731327395736964 -0.004133296300656259 -0.0027443974887603217 0.9999907472511101 -0.003124366022965716 0.004125140250398914 0.0031356278084083006 0.9999861122376841 -0.27627966793356507 -0.06165984734387564 -0.19546535762572148
FixedParameters: 0 0 0
#Transform 136
Transform: MatrixOffsetTransformBase_double_3_3
Parameters: 0.9999930289579577 0.002211324711113383 -0.003013460562609785 -0.0022202763192749582 0.9999930774867407 -0.002903199643871271 0.0030069009986723057 0.0029097969634654247 0.9999910559019807 -0.2510654014322995 -0.04231618225345812 -0.17802597652895713
FixedParameters: 0 0 0
#Transform 137
Transform: MatrixOffsetTransformBase_double_3_3
Parameters: 0.9999875414115615 0.0019804955799771424 -0.0045319062547962505 -0.001992664177769154 0.9999948895363091 -0.002713446539981415 0.0045261036815462275 0.0027225553822007587 0.9999858767046883 -0.2873939311424749 -0.030223329179960956 -0.4965431439056829
FixedParameters: 0 0 0
#Transform 138
Transform: MatrixOffsetTransformBase_double_3_3
Parameters: 0.9999840014192992 0.0012104321557222378 -0.005525645524847019 -0.001213233830810759 0.999998607981302 -0.0005281006913661762 0.005525108157761214 0.0005348998848496433 0.9999848284489582 -0.305878559455536 0.10059184718424774 -0.4202796939604667
FixedParameters: 0 0 0
#Transform 139
Transform: MatrixOffsetTransformBase_double_3_3
Parameters: 0.9999973469264255 0.0015938440932800773 -0.001454243970994997 -0.0015947591997365204 0.9999982293149855 -0.0010277510595121525 0.0014517956550917019 0.00103024770236268 0.9999979999277724 -0.20480191780271184 -0.06619430776335378 -0.024722932268048226
FixedParameters: 0 0 0
#Transform 140
Transform: MatrixOffsetTransformBase_double_3_3
Parameters: 0.9999857263447162 0.0009051900736281862 -0.005239663832118423 -0.0009042207219769418 0.9999996818728717 0.00009476609311238893 0.005239831203076232 -0.00009023126468271636 0.9999860273595373 -0.2309751432043896 -0.058867009388322344 -0.5523088970026038
FixedParameters: 0 0 0
#Transform 141
Transform: MatrixOffsetTransformBase_double_3_3
Parameters: 0.9999944067460591 0.0007685225088407662 -0.0033168239456634542 -0.0007741934416200019 0.999998451751652 -0.0016300073018459538 0.003315891351821147 0.0016319938524948646 0.9999936346519096 -0.177887742792052 -0.08550378431222327 -0.6513564124161348
FixedParameters: 0 0 0
#Transform 142
Transform: MatrixOffsetTransformBase_double_3_3
Parameters: 0.9999930117402926 0.0008239387457604076 -0.003783028668760954 -0.0008308399555410163 0.9999985263231146 -0.0015803519248697023 0.0037809977434765667 0.00158364401562687 0.9999914799534978 -0.18639707970902464 -0.07658072118030645 -0.6734859318492283
FixedParameters: 0 0 0
#Transform 143
Transform: MatrixOffsetTransformBase_double_3_3
Parameters: 0.9999915135957897 0.0013479156071468947 -0.0038299214552508162 -0.0013536749787077715 0.9999982696968537 -0.0015623802924993047 0.0038281917266060356 0.0015676220819341447 0.9999913454221498 -0.1737668276841049 -0.05623245065004312 -0.6719845304038472
FixedParameters: 0 0 0
#Transform 144
Transform: MatrixOffsetTransformBase_double_3_3
Parameters: 0.999992455353184 0.0011290607240398637 -0.0036426899342721234 -0.0011367871743552878 0.9999971289577736 -0.0020504310657687985 0.003640455603580217 0.00205456612799558 0.9999909008492321 -0.16248597061414216 -0.05206844761299578 -0.6594799148145967
FixedParameters: 0 0 0
#Transform 145
Transform: MatrixOffsetTransformBase_double_3_3
Parameters: 0.9999935125657766 0.001842788386446928 -0.0030150538454846356 -0.0018488017521617166 0.9999965858207496 -0.0018762342914789704 0.003011694177242881 0.0018817656985369163 0.9999938654347416 -0.13629573624433533 -0.07204770611318168 -0.6527135219844382
FixedParameters: 0 0 0
#Transform 146
Transform: MatrixOffsetTransformBase_double_3_3
Parameters: 0.9999922343239048 0.0016315069655738563 -0.003478785973035967 -0.0016375797877529656 0.999996696717277 -0.0017769484089063675 0.0034764618893388783 0.001783050993713578 0.9999922007793957 -0.1363432036843335 -0.05991221053818663 -0.6346453874601394
FixedParameters: 0 0 0
#Transform 147
Transform: MatrixOffsetTransformBase_double_3_3
Parameters: 0.9999945572881143 0.0016337806405339005 -0.0029621536723189973 -0.0016390586300184281 0.9999967783738456 -0.0017719565539316418 0.002958926220050509 0.0017770397555732093 0.9999934811977056 -0.1384657927340669 -0.09506043082615179 -0.6264920479480338
FixedParameters: 0 0 0
#Transform 148
Transform: MatrixOffsetTransformBase_double_3_3
Parameters: 0.9999920388216877 0.0012943608150534547 -0.003779409814650699 -0.0013032278516126121 0.9999966947067446 -0.0022696437581345152 0.003776839107092678 0.0022743550180869404 0.999990020095306 -0.1616931270357327 -0.1012183884811293 -0.60958378471814
FixedParameters: 0 0 0
#Transform 149
Transform: MatrixOffsetTransformBase_double_3_3
Parameters: 0.9999924958064919 0.0017332869085942646 -0.003535218654136839 -0.0017423788797626342 0.9999945418484076 -0.0026224852949707222 0.003531335624125014 0.002628513149863926 0.9999901673846885 -0.17017530836356798 -0.09866373339143308 -0.6016387150617248
FixedParameters: 0 0 0
#Transform 150
Transform: MatrixOffsetTransformBase_double_3_3
Parameters: 0.9999934865911835 0.0014852819905413596 -0.003210692144914082 -0.0014908053450498186 0.9999970467992902 -0.0018279452467321738 0.0032077426759700724 0.0018330533205911381 0.9999927383076462 -0.16699713253892412 -0.11161674141463607 -0.568500249210814
FixedParameters: 0 0 0
#Transform 151
Transform: MatrixOffsetTransformBase_double_3_3
Parameters: 0.9999929411584064 0.0015077396557660644 -0.0034329062794715287 -0.001515101240956356 0.9999966856830447 -0.0021344477316006666 0.0034298594186437346 0.002139554172452096 0.9999921218908632 -0.14901940783211387 -0.04696597893634191 -0.6324023371951455
FixedParameters: 0 0 0
#Transform 152
Transform: MatrixOffsetTransformBase_double_3_3
Parameters: 0.9999941468560495 0.0014079757817896468 -0.0031414399920858165 -0.001414910532435976 0.9999971738552338 -0.0021062903929750104 0.0031389828322120504 0.0021107120014214886 0.9999930814152399 -0.15447308060353748 -0.09620303140196995 -0.6112930749382457
FixedParameters: 0 0 0
#Transform 153
Transform: MatrixOffsetTransformBase_double_3_3
Parameters: 0.9999952418093594 0.0014790354599369965 -0.002562925302221355 -0.0014851514949193719 0.999995531662719 -0.002439013340413354 0.002560181250740822 0.002442986656681037 0.9999937931408299 -0.13864179601993953 -0.10098684451645568 -0.6294082094084672
FixedParameters: 0 0 0
#Transform 154
Transform: MatrixOffsetTransformBase_double_3_3
Parameters: 0.9999952297897294 0.001454032989112608 -0.0027673347650556445 -0.0014606130787597623 0.9999961197562548 -0.002313771830715211 0.0027630841598734815 0.002317225260062658 0.9999933869193293 -0.14139412405505425 -0.11819331314417525 -0.5908855823961829
FixedParameters: 0 0 0
#Transform 155
Transform: MatrixOffsetTransformBase_double_3_3
Parameters: 0.9999931046574476 0.0018534676789610204 -0.003233808752444343 -0.0018624415750912145 0.9999938698756283 -0.002861711382848048 0.003229401627941815 0.002868290345447097 0.9999908182364247 -0.1391139096706553 -0.05585207282022964 -0.616537716654193
FixedParameters: 0 0 0
#Transform 156
Transform: MatrixOffsetTransformBase_double_3_3
Parameters: 0.9999948326172607 0.0017233005558207504 -0.002863510282344667 -0.0017315182629864632 0.9999942024104282 -0.002898861065257455 0.0028578137538615707 0.002904137974460569 0.9999917927225743 -0.15271527681117902 -0.07915671594972196 -0.5953428910269594
FixedParameters: 0 0 0
#Transform 157
Transform: MatrixOffsetTransformBase_double_3_3
Parameters: 0.9999940283025752 0.0016787665533132782 -0.0028557250083171785 -0.0016870081940110757 0.9999942844621964 -0.002911001514478026 0.0028502464502992014 0.0029159978677954362 0.9999917667948766 -0.15758741914467578 -0.06719917301252565 -0.6069638276619429
FixedParameters: 0 0 0
#Transform 158
Transform: MatrixOffsetTransformBase_double_3_3
Parameters: 0.9999926140467134 0.0016668649418764277 -0.003407151836232376 -0.0016753918732456395 0.9999947482208698 -0.0026269366479421685 0.0034026090649536683 0.002632063990997191 0.9999910372103895 -0.16877465638361855 -0.09073150549227194 -0.6022262031605408
FixedParameters: 0 0 0
#Transform 159
Transform: MatrixOffsetTransformBase_double_3_3
Parameters: 0.9999950140994088 0.0014017188682555056 -0.002831965873197884 -0.0014078575958336903 0.999996798255432 -0.0021968274504484964 0.0028292839180088635 0.002200174123002205 0.9999935490004429 -0.16966909744171232 -0.09885871515201927 -0.586385321633415
FixedParameters: 0 0 0
#Transform 160
Transform: MatrixOffsetTransformBase_double_3_3
Parameters: 0.9999949351266726 0.0012412499225517679 -0.003086131641339146 -0.001249660550940794 0.9999958036080115 -0.00270688686500134 0.0030827147761889532 0.002711113610361679 0.9999914540877753 -0.1652719422920086 -0.07003742553774828 -0.6436717431101187
FixedParameters: 0 0 0
#Transform 161
Transform: MatrixOffsetTransformBase_double_3_3
Parameters: 0.9999932116777672 0.001297446365108327 -0.0033323587702784488 -0.0013054567039227879 0.999995929576104 -0.0024463042144424046 0.0033293165732178834 0.002450694550730534 0.9999912917438053 -0.18731159610543102 -0.1632907292995185 -0.6058236139275976
FixedParameters: 0 0 0
#Transform 162
Transform: MatrixOffsetTransformBase_double_3_3
Parameters: 0.9999949093634568 0.0014212513923736788 -0.0030120529163459105 -0.001429080661390233 0.9999954009637656 -0.0026774325611805955 0.0030077464580173497 0.0026815689268166187 0.999992148889493 -0.18440783434991204 -0.10433204205352808 -0.6420795741974814
FixedParameters: 0 0 0
#Transform 163
Transform: MatrixOffsetTransformBase_double_3_3
Parameters: 0.9999901928993393 0.002131195992751192 -0.003777135463309991 -0.002143812684399965 0.9999924796531298 -0.0031965466391032926 0.0037695283326822297 0.0032044519464316107 0.9999882267015325 -0.21388820869253777 -0.17052014524148262 -0.5707762953764757
FixedParameters: 0 0 0
#Transform 164
Transform: MatrixOffsetTransformBase_double_3_3
Parameters: 0.9999935403238793 0.0014137647544960016 -0.003385261938034589 -0.0014264359502842504 0.9999928037379425 -0.0035638301663528382 0.0033802122212978234 0.0035681717456038514 0.9999883037008949 -0.18063493194767943 -0.11518753269822923 -0.5913786952468456
FixedParameters: 0 0 0
#Transform 165
Transform: MatrixOffsetTransformBase_double_3_3
Parameters: 0.999993953407492 0.001457771861696732 -0.003149617886797712 -0.0014661988200796974 0.9999952638203843 -0.0026681124252106447 0.0031461385318213336 0.0026718873124871034 0.9999914317198122 -0.1499480482446245 -0.12262763414167921 -0.5525087276541285
FixedParameters: 0 0 0
#Transform 166
Transform: MatrixOffsetTransformBase_double_3_3
Parameters: 0.9999927732070375 0.0019906765017576895 -0.00320394695235576 -0.002000208697293465 0.9999926352603288 -0.0031323219048061818 0.0031975905282638274 0.003138679855149734 0.9999904751028881 -0.11951399214667902 -0.07169153454286459 -0.5698893531921954
FixedParameters: 0 0 0
#Transform 167
Transform: MatrixOffsetTransformBase_double_3_3
Parameters: 0.9999947899786484 0.0017891394422245 -0.002829922131862207 -0.001798650195662814 0.9999929416974287 -0.0033678070201758475 0.0028240702360137968 0.003372193629364431 0.999990134351052 -0.1347833730733612 -0.148452486399421 -0.552770189408264
FixedParameters: 0 0 0
#Transform 168
Transform: MatrixOffsetTransformBase_double_3_3
Parameters: 0.9999940561269731 0.0017306379466652448 -0.002819294049698736 -0.0017394477396926013 0.9999941845381041 -0.0030639978986294475 0.002813977293599064 0.0030690023860899945 0.9999910646478369 -0.13364807708920523 -0.10936531550669315 -0.59044905475929
FixedParameters: 0 0 0
#Transform 169
Transform: MatrixOffsetTransformBase_double_3_3
Parameters: 0.9999935876592896 0.002043668242633169 -0.003039226067855163 -0.002052572728450825 0.999994057751548 -0.0028576525914371237 0.003032833028762731 0.002863346283470042 0.9999911649022399 -0.13881241844444503 -0.09013774945138664 -0.5941410038795851
FixedParameters: 0 0 0
#Transform 170
Transform: MatrixOffsetTransformBase_double_3_3
Parameters: 0.9999940868181598 0.0016507017288129562 -0.0030307169648165822 -0.0016611578816343043 0.9999928847786727 -0.003299700346292664 0.003026020162525263 0.0033043004738991383 0.9999903955047486 -0.13912438764525348 -0.13658024076828212 -0.5726421786912681
FixedParameters: 0 0 0
#Transform 171
Transform: MatrixOffsetTransformBase_double_3_3
Parameters: 0.999994683716328 0.001804083887705328 -0.002838961107338793 -0.0018122091799559507 0.9999947747046529 -0.0027457549291390465 0.0028344279384279825 0.0027512437603313816 0.9999918004396421 -0.12966699104816826 -0.09212019247749481 -0.6015002619002416
FixedParameters: 0 0 0
#Transform 172
Transform: MatrixOffsetTransformBase_double_3_3
Parameters: 0.9999937561770584 0.002091071703068228 -0.002978621271525816 -0.0021015291817322265 0.9999915693031498 -0.0035396412153621687 0.002970920506136417 0.003546357216854701 0.9999890810195723 -0.1390768386779513 -0.14455833367530602 -0.5667308972907108
FixedParameters: 0 0 0
#Transform 173
Transform: MatrixOffsetTransformBase_double_3_3
Parameters: 0.9999929585300745 0.0020690194863637575 -0.003280714303769751 -0.0020809845358210474 0.9999898048704753 -0.0039119886461784215 0.0032723693786285354 0.003919007057047799 0.9999864911632592 -0.14804652356554016 -0.11859394719600402 -0.5914444912743164
FixedParameters: 0 0 0
#Transform 174
Transform: MatrixOffsetTransformBase_double_3_3
Parameters: 0.9999934975028252 0.0021266475668220365 -0.002824925569271705 -0.002135287329854464 0.9999926189086065 -0.0030428567269480955 0.002818266732022076 0.003048139575594175 0.999991328364414 -0.1348611949171783 -0.1554308221835896 -0.5920405691537525
FixedParameters: 0 0 0
#Transform 175
Transform: MatrixOffsetTransformBase_double_3_3
Parameters: 0.9999922627888299 0.002104428715833484 -0.0033628125632147784 -0.0021173456904109394 0.9999903651734862 -0.0038096911476313833 0.0033547012971821303 0.00381630524240939 0.9999868194712018 -0.15908574388512875 -0.11571020651354047 -0.5839514680585864
FixedParameters: 0 0 0
#Transform 176
Transform: MatrixOffsetTransformBase_double_3_3
Parameters: 0.9999920024129494 0.0022893847204323785 -0.0032792685519034367 -0.002302336304884134 0.9999898308290536 -0.0037722621852867982 0.0032709951364226497 0.003779734867390208 0.999987655027513 -0.15417913125708083 -0.13102827701384 -0.6103627348739593
FixedParameters: 0 0 0
#Transform 177
Transform: MatrixOffsetTransformBase_double_3_3
Parameters: 0.9999930936351147 0.0027797130547277953 -0.002485689562461105 -0.0027884412097086606 0.9999900789510142 -0.003544211413532339 0.0024762439092799364 0.003550793245375647 0.9999908449885369 -0.1278411387693552 -0.04690309403603976 -0.6663481062266925
FixedParameters: 0 0 0
#Transform 178
Transform: MatrixOffsetTransformBase_double_3_3
Parameters: 0.999992596530121 0.00231940977028618 -0.0030035636906526283 -0.0023306622040325403 0.9999905345406083 -0.003669898591403084 0.00299562851939723 0.0036771043477485527 0.9999890725860648 -0.13573837834381663 -0.0884899931220815 -0.5886856965170608
FixedParameters: 0 0 0
#Transform 179
Transform: MatrixOffsetTransformBase_double_3_3
Parameters: 0.9999937778524219 0.002655045813188929 -0.002273909104108686 -0.0026617584845965185 0.9999930310202884 -0.0027170883847683486 0.002267010733014757 0.0027229139482550374 0.9999939499533373 -0.09697805881066301 -0.19587775716280476 -0.5985812785502418
FixedParameters: 0 0 0
#Transform 180
Transform: MatrixOffsetTransformBase_double_3_3
Parameters: 0.9999941288186313 0.0026440072840344746 -0.0022093974037670026 -0.0026503922439255223 0.9999917745462765 -0.002949282858011451 0.002201249728424228 0.002954712699035661 0.999992925588069 -0.09800560827486038 -0.14931852553131364 -0.6008707145449677
FixedParameters: 0 0 0
#Transform 181
Transform: MatrixOffsetTransformBase_double_3_3
Parameters: 0.9999927368936423 0.0026187706165341808 -0.002899500523481992 -0.002629577144318212 0.9999891962124775 -0.003912440180897855 0.002889006901761114 0.003920561013105492 0.9999878624974592 -0.11609712457948262 -0.11021119613013752 -0.606259533611663
FixedParameters: 0 0 0
#Transform 182
Transform: MatrixOffsetTransformBase_double_3_3
Parameters: 0.9999934084484953 0.002576854299294677 -0.002636339912256763 -0.002587285110588365 0.9999882504840929 -0.0040592400703834824 0.0026265007099550227 0.004065759856044543 0.9999881499038936 -0.09628332311015697 -0.14093200681618612 -0.5945617440447108
FixedParameters: 0 0 0
#Transform 183
Transform: MatrixOffsetTransformBase_double_3_3
Parameters: 0.9999925392187892 0.002637353042640978 -0.0029162113065783215 -0.002649397063721714 0.9999889458857717 -0.003931337995156964 0.0029055487721570163 0.003939657885785056 0.999987616789373 -0.10424873108853205 -0.09041557468599137 -0.5871637089576751
FixedParameters: 0 0 0
#Transform 184
Transform: MatrixOffsetTransformBase_double_3_3
Parameters: 0.9999929855342711 0.0025338858786813838 -0.0029311584551845733 -0.0025445442396729366 0.9999906979097377 -0.0034895150461978913 0.0029226483137211427 0.0034964866316692655 0.9999898853545778 -0.12523676293176322 -0.10659513113371588 -0.5742653113630638
FixedParameters: 0 0 0
#Transform 185
Transform: MatrixOffsetTransformBase_double_3_3
Parameters: 0.9999929491979893 0.0026498911399579347 -0.002833547279751384 -0.0026604274089951255 0.9999890634542333 -0.003779443605379157 0.002823599166450551 0.003787558330776361 0.9999892557819381 -0.11417365470823881 -0.10509660964926582 -0.5937779207606013
FixedParameters: 0 0 0
#Transform 186
Transform: MatrixOffsetTransformBase_double_3_3
Parameters: 0.9999931212390437 0.002753970821233718 -0.002300486842834476 -0.0027634361352532975 0.9999886127225145 -0.003774787403240165 0.002290031380810412 0.0037812052981774508 0.9999899617824075 -0.1079595349825837 -0.1275203456113445 -0.5807658859584848
FixedParameters: 0 0 0
#Transform 187
Transform: MatrixOffsetTransformBase_double_3_3
Parameters: 0.9999927557179435 0.002688804305392053 -0.002648513588622532 -0.002700240916046253 0.9999872215288 -0.0042319129182164655 0.0026368283649011014 0.004239085181074381 0.9999876549880429 -0.11219225241534048 -0.1493823118981794 -0.5899221672684831
FixedParameters: 0 0 0
#Transform 188
Transform: MatrixOffsetTransformBase_double_3_3
Parameters: 0.9999927510894352 0.0028682393225852943 -0.002649584220253815 -0.0028776643922634585 0.9999901928006244 -0.003455519474089258 0.0026400136382554195 0.00346348367457823 0.9999906218345763 -0.10403057514152181 -0.11646559034640802 -0.595694801568385
FixedParameters: 0 0 0
#Transform 189
Transform: MatrixOffsetTransformBase_double_3_3
Parameters: 0.9999935484960882 0.0019369642060732355 -0.003114396624873091 -0.0019504118251830113 0.9999890801580045 -0.004199748637529088 0.0031060443320956588 0.004206246552249368 0.9999861376655599 -0.14332705691774095 -0.13176363170009608 -0.6098051614320639
FixedParameters: 0 0 0
#Transform 190
Transform: MatrixOffsetTransformBase_double_3_3
Parameters: 0.9999945175479711 0.001978262999043446 -0.002751018880053843 -0.001987789518619401 0.9999924323106175 -0.0034825116608982604 0.0027444327663596396 0.003487489909705224 0.9999897946387907 -0.1013510622800311 -0.20973126108026463 -0.577833806329096
FixedParameters: 0 0 0
#Transform 191
Transform: MatrixOffsetTransformBase_double_3_3
Parameters: 0.9999896225578483 0.002482050347727801 -0.003770689370811035 -0.002500819937152412 0.999985125995082 -0.004880389187256223 0.0037579111110899966 0.004889607355831646 0.9999807696018307 -0.16972775057556078 -0.16808487552836482 -0.5890481670617618
FixedParameters: 0 0 0
#Transform 192
Transform: MatrixOffsetTransformBase_double_3_3
Parameters: 0.9999898162276531 0.0027335989670175293 -0.003565143468075797 -0.0027495809824866157 0.9999867074863668 -0.00435009219333575 0.0035530731338131324 0.0043599052273047695 0.9999841763312518 -0.17525208198003384 -0.18417733843951112 -0.5699589555287616
FixedParameters: 0 0 0
#Transform 193
Transform: MatrixOffsetTransformBase_double_3_3
Parameters: 0.9999927818110148 0.0024273353407477196 -0.0030540253280971937 -0.002441500140433604 0.9999867753175616 -0.004429440772171334 0.00304242134325354 0.004436552951799441 0.9999857032007651 -0.1275598633431798 -0.11539424870511539 -0.5853456940637898
FixedParameters: 0 0 0
#Transform 194
Transform: MatrixOffsetTransformBase_double_3_3
Parameters: 0.9999923890216594 0.0024166451523115764 -0.0031257874694579284 -0.0024313422412345575 0.9999864184961407 -0.004585301180145607 0.0031144343005239765 0.004592698324760475 0.9999848522997218 -0.15809033700610087 -0.17425190131869783 -0.5735024611148418
FixedParameters: 0 0 0
#Transform 195
Transform: MatrixOffsetTransformBase_double_3_3
Parameters: 0.9999909817787901 0.002742047345199636 -0.0032402820305257943 -0.002757517116758809 0.9999837570728892 -0.0048890438061982705 0.0032270901202333816 0.004897948713233943 0.9999823315560072 -0.1306142426047785 -0.12926293886297913 -0.5646092195575818
FixedParameters: 0 0 0
#Transform 196
Transform: MatrixOffsetTransformBase_double_3_3
Parameters: 0.9999914562990683 0.0029345738348193796 -0.0028161764721343703 -0.002947799455845123 0.9999853513517007 -0.0045048426300898226 0.0028027042106151144 0.004513149745452236 0.9999854424450392 -0.12131458425545816 -0.15628935359572438 -0.5634739104117159
FixedParameters: 0 0 0
#Transform 197
Transform: MatrixOffsetTransformBase_double_3_3
Parameters: 0.9999917776537232 0.002922377221826948 -0.0029466474169071396 -0.0029366222422805926 0.999984364082381 -0.004831498040415369 0.00293219737478555 0.004840501059712676 0.9999836393089915 -0.12329906429631876 -0.11757406011554394 -0.5617090637798441
FixedParameters: 0 0 0
#Transform 198
Transform: MatrixOffsetTransformBase_double_3_3
Parameters: 0.9999900711620261 0.0028605286176111894 -0.0032783568349537373 -0.0028756291799899303 0.9999841856448779 -0.004775555908526213 0.0032646553183850726 0.0047854428432704404 0.9999831786851697 -0.14113823440260376 -0.14332361705953645 -0.55245432543677
FixedParameters: 0 0 0
#Transform 199
Transform: MatrixOffsetTransformBase_double_3_3
Parameters: 0.999991962500494 0.0029494267760418014 -0.002887951586977049 -0.002963420954340666 0.9999835840713193 -0.004887584141905821 0.0028729129695861076 0.004895410066330028 0.9999835244230714 -0.13059011256841302 -0.1519244044684882 -0.5378395521341446
FixedParameters: 0 0 0
#Transform 200
Transform: MatrixOffsetTransformBase_double_3_3
Parameters: 0.999990103263434 0.003237104455524538 -0.0029015992293418527 -0.003252677083263133 0.9999800082939349 -0.0053537146446434175 0.00288361563833619 0.005363281474510442 0.9999816672622481 -0.13365169893103257 -0.1753487365734685 -0.5449719117374201
FixedParameters: 0 0 0
#Transform 201
Transform: MatrixOffsetTransformBase_double_3_3
Parameters: 0.999990593353322 0.0027667720007314303 -0.0034281969095278876 -0.002783208775262545 0.9999843547055158 -0.004907439923453313 0.003414573659753423 0.004916563018143194 0.9999819826202179 -0.14603945663394313 -0.19294523792778762 -0.5335704846986715
FixedParameters: 0 0 0
#Transform 202
Transform: MatrixOffsetTransformBase_double_3_3
Parameters: 0.9999919674113413 0.0030696322436416655 -0.002758833403550331 -0.0030843378601959647 0.9999798564941245 -0.005473644180467627 0.002741913900016968 0.005482350863768928 0.9999810932705098 -0.10873829954137193 -0.16330432553617413 -0.5118643211992122
FixedParameters: 0 0 0
#Transform 203
Transform: MatrixOffsetTransformBase_double_3_3
Parameters: 0.9999911802805964 0.0032328649980329204 -0.0027140816746024973 -0.00325309570774038 0.9999681445010491 -0.007252422554688914 0.0026905352175836624 0.007261567389603568 0.9999697058987168 -0.11561956641436666 -0.22946459205364533 -0.4191892499926979
FixedParameters: 0 0 0
#Transform 204
Transform: MatrixOffsetTransformBase_double_3_3
Parameters: 0.9999915537202126 0.003178546685397905 -0.0027098982693270985 -0.003198784389167364 0.9999675807077952 -0.007450593104374598 0.00268579543224875 0.007459415922807008 0.9999688168660564 -0.11309512539300215 -0.1893525346393119 -0.4444151433840773
FixedParameters: 0 0 0
#Transform 205
Transform: MatrixOffsetTransformBase_double_3_3
Parameters: 0.99999192655699 0.0032100569441836494 -0.002401731541251711 -0.00322796180434831 0.9999662925105326 -0.007524501246855594 0.002377866813733827 0.007531504532468258 0.9999692903741512 -0.09998583775201553 -0.18332250426880137 -0.43380956205525933
FixedParameters: 0 0 0
#Transform 206
Transform: MatrixOffsetTransformBase_double_3_3
Parameters: 0.9999889616715794 0.0033157970553380493 -0.003470445476973515 -0.0033408494816275854 0.9999684521538572 -0.007238571941696081 0.0034462518301673437 0.007249427846214296 0.9999675564659658 -0.12959567234729263 -0.10624454726034571 -0.4797187140045338
FixedParameters: 0 0 0
#Transform 207
Transform: MatrixOffsetTransformBase_double_3_3
Parameters: 0.9999914386670766 0.003162402986228364 -0.0025618313150022358 -0.0031799652337962054 0.9999691466184902 -0.007146101024423465 0.002539008952367805 0.007153894446502482 0.9999710453508892 -0.091582179527677 -0.2670658013288403 -0.41537646603126177
FixedParameters: 0 0 0
#Transform 208
Transform: MatrixOffsetTransformBase_double_3_3
Parameters: 0.9999906112497369 0.0033372237527027203 -0.0026931826356044004 -0.003355887584356981 0.9999679542739994 -0.007218216971740882 0.0026692751118933605 0.007227780498327549 0.9999703116955897 -0.09893599444416168 -0.23746524779841138 -0.4382503923741581
FixedParameters: 0 0 0
#Transform 209
Transform: MatrixOffsetTransformBase_double_3_3
Parameters: 0.9999896886186078 0.0032372582066175853 -0.003135574427786093 -0.003251977829748955 0.9999835443765911 -0.004800951714463791 0.003120182510156937 0.004811057094597518 0.9999839484266041 -0.10878527771775737 -0.12630252945966447 -0.5362411030980496
FixedParameters: 0 0 0
#Transform 210
Transform: MatrixOffsetTransformBase_double_3_3
Parameters: 0.9999911041603611 0.0032911268675345265 -0.0024634195591783804 -0.0033095365007680543 0.9999635050635843 -0.007865183688596539 0.0024369122162324315 0.007872810847374234 0.9999657543774613 -0.08707934146310947 -0.22747359177921567 -0.40712166221874213
FixedParameters: 0 0 0
#Transform 211
Transform: MatrixOffsetTransformBase_double_3_3
Parameters: 0.9999898703358883 0.003381505882928121 -0.0031141006283483853 -0.0033996596330955592 0.9999764964608561 -0.0059255734424945306 0.0030934173898180023 0.0059364284638099285 0.9999780193514378 -0.11813164175484303 -0.10838719541591502 -0.5370762614218165
FixedParameters: 0 0 0
#Transform 212
Transform: MatrixOffsetTransformBase_double_3_3
Parameters: 0.999991738925183 0.0033235615766949614 -0.002493253907220298 -0.0033401297868534932 0.9999697410071381 -0.006958922748737745 0.0024704587876073513 0.006967078773111701 0.9999730295758569 -0.09791247578246498 -0.2177255054461824 -0.41287747621875326
FixedParameters: 0 0 0
#Transform 213
Transform: MatrixOffsetTransformBase_double_3_3
Parameters: 0.9999900269979374 0.0031254333684115005 -0.0030341223082533415 -0.003146239336314061 0.9999704494380502 -0.007058621497704212 0.0030121052392563176 0.0070673894201463 0.9999708038273861 -0.09480187700197007 -0.1642508236823943 -0.4422396819843044
FixedParameters: 0 0 0
#Transform 214
Transform: MatrixOffsetTransformBase_double_3_3
Parameters: 0.9999914802432757 0.0034018185545781213 -0.0024388084533264135 -0.003418373028239247 0.9999699143944611 -0.00690799298851065 0.0024153533905177677 0.006916000529894328 0.9999730128459505 -0.09612585004111907 -0.20947540488022298 -0.4040281141029425
FixedParameters: 0 0 0
#Transform 215
Transform: MatrixOffsetTransformBase_double_3_3
Parameters: 0.9999906948140713 0.0034060665878666995 -0.002775759943518087 -0.0034260831668028687 0.9999679542087726 -0.007248824278625748 0.002750639745793299 0.007258170758868615 0.9999695122248288 -0.11125853941381081 -0.16330181009232092 -0.45058356584672765
FixedParameters: 0 0 0
#Transform 216
Transform: MatrixOffsetTransformBase_double_3_3
Parameters: 0.9999904730875481 0.003404144619031255 -0.002633791197023788 -0.0034220451482011903 0.9999726066812058 -0.006633325901875486 0.002611168449605299 0.006642681854506172 0.9999747388881364 -0.10303990141900954 -0.23008190681052554 -0.4527191809567057
FixedParameters: 0 0 0
#Transform 217
Transform: MatrixOffsetTransformBase_double_3_3
Parameters: 0.9999898173297186 0.0032695577956188076 -0.0030807789529363533 -0.0032926310814033193 0.9999666954415013 -0.007525111475604862 0.0030565532401404306 0.007534893321354777 0.999966717872605 -0.11700002538854903 -0.17558332941347032 -0.4399901584708772
FixedParameters: 0 0 0
#Transform 218
Transform: MatrixOffsetTransformBase_double_3_3
Parameters: 0.9999909300629809 0.0034902230458283418 -0.0026250499265121447 -0.0035081827350093085 0.9999687600062585 -0.007083126254973482 0.0025999674860013827 0.007091877496446811 0.9999717029768685 -0.10599516034719159 -0.2097762601763833 -0.44696594802189793
FixedParameters: 0 0 0
#Transform 219
Transform: MatrixOffsetTransformBase_double_3_3
Parameters: 0.9999916035096535 0.0031110781598693614 -0.002592004275544496 -0.003130036399801088 0.9999678370221502 -0.007333063097337417 0.002568735608972511 0.007341935122281859 0.9999700867978595 -0.10277957227010859 -0.20388032071940643 -0.41756392134200837
FixedParameters: 0 0 0
#Transform 220
Transform: MatrixOffsetTransformBase_double_3_3
Parameters: 0.9999886625444188 0.0033660294189328155 -0.003318082434644405 -0.0033801400128073734 0.9999850210034366 -0.004431005699001789 0.0033029518008116003 0.0044419969688010985 0.9999842760515631 -0.1239396617645383 -0.1048809683885139 -0.5175569955215735
FixedParameters: 0 0 0
#Transform 221
Transform: MatrixOffsetTransformBase_double_3_3
Parameters: 0.99998908074249 0.0031630679658211005 -0.0034518531125592284 -0.003179875930745964 0.9999824595580673 -0.0049520829546670225 0.0034360394275735335 0.004962912350075593 0.9999814670239779 -0.13070091842875797 -0.16653486911154403 -0.49061281454338257
FixedParameters: 0 0 0
#Transform 222
Transform: MatrixOffsetTransformBase_double_3_3
Parameters: 0.9999899422180325 0.0032708501097514615 -0.003058728644870835 -0.0032873093594564303 0.9999809595138457 -0.005235096392771865 0.0030421524545337112 0.005244909525569164 0.9999820668210548 -0.11850995935547814 -0.1367144200554833 -0.507955173050405
FixedParameters: 0 0 0
#Transform 223
Transform: MatrixOffsetTransformBase_double_3_3
Parameters: 0.9999914079015624 0.002849156730305459 -0.0029108824364613545 -0.0028620204177897167 0.9999873835884393 -0.004094730511989636 0.002898612386730856 0.004103264291649825 0.9999874204518425 -0.09829806561747034 -0.11512199082952179 -0.5005274452290678
FixedParameters: 0 0 0
#Transform 224
Transform: MatrixOffsetTransformBase_double_3_3
Parameters: 0.9999911619631463 0.0033078329690080367 -0.0026260799156188927 -0.0033192904692092586 0.9999856342510254 -0.004320596378761518 0.0026115475234905127 0.004329405857077931 0.9999871161109003 -0.09326065416321683 -0.09609212356160413 -0.5249593433552633
FixedParameters: 0 0 0
#Transform 225
Transform: MatrixOffsetTransformBase_double_3_3
Parameters: 0.999991638061232 0.0031415148969158673 -0.002736964725459562 -0.0031531772525952065 0.9999876358272237 -0.003968597720978739 0.0027241745515812175 0.003977403402561058 0.9999884325100905 -0.1144508322386315 -0.14969542372564604 -0.520484061369828
FixedParameters: 0 0 0
#Transform 226
Transform: MatrixOffsetTransformBase_double_3_3
Parameters: 0.999990447923972 0.0035140766501100557 -0.0026840591181810374 -0.0035283105303247782 0.9999787921776884 -0.005384844236891492 0.0026649712694645977 0.005394146986106407 0.999981561667563 -0.09655122778798386 -0.1588688196165151 -0.3970097630158307
FixedParameters: 0 0 0
#Transform 227
Transform: MatrixOffsetTransformBase_double_3_3
Parameters: 0.9999904211481856 0.0033710220487658416 -0.002685617436183581 -0.0033827147526738245 0.999985452002521 -0.004283222741536821 0.0026717873383347336 0.004291781702063138 0.9999872034745365 -0.12571353419596676 -0.12802794160521103 -0.497531261818807
FixedParameters: 0 0 0
#Transform 228
Transform: MatrixOffsetTransformBase_double_3_3
Parameters: 0.9999900379216982 0.0033537074598178392 -0.002777890408449778 -0.003365923069559876 0.9999845477981903 -0.004400876605041196 0.0027623350179142667 0.004410121802722974 0.9999866728974884 -0.10702055863232829 -0.13870350962501732 -0.5077254963464526
FixedParameters: 0 0 0
#Transform 229
Transform: MatrixOffsetTransformBase_double_3_3
Parameters: 0.9999909440302549 0.003489795745981732 -0.0026220700806941473 -0.0035034726279478895 0.9999807718207954 -0.005214212472038612 0.002604524797084488 0.005222792374450613 0.9999827060696252 -0.10465028594943249 -0.15225177586466998 -0.482274002067669
FixedParameters: 0 0 0
#Transform 230
Transform: MatrixOffsetTransformBase_double_3_3
Parameters: 0.9999889877202897 0.0035699846374498273 -0.0030439418902536456 -0.0035834888964943095 0.9999843498463998 -0.004239316464011669 0.0030286199632679487 0.0042506809491661 0.9999865974744077 -0.1236260683744348 -0.13041166133004367 -0.4693788882942158
FixedParameters: 0 0 0
#Transform 231
Transform: MatrixOffsetTransformBase_double_3_3
Parameters: 0.9999904444836304 0.0034318347884630604 -0.002603352844170676 -0.003443952766314769 0.9999841873563862 -0.004502350730402976 0.0025874901742602803 0.004511650600513742 0.9999866306285529 -0.11335753981612129 -0.13869169987823682 -0.5018892456907338
FixedParameters: 0 0 0
#Transform 232
Transform: MatrixOffsetTransformBase_double_3_3
Parameters: 0.9999892039998033 0.0037549716238045516 -0.0027738424869255315 -0.0037670458478914017 0.9999840606013106 -0.004230938764170827 0.0027581023609465753 0.004241062307632243 0.9999872556454512 -0.1231341827505048 -0.1562924958541032 -0.49935644508184396
FixedParameters: 0 0 0
#Transform 233
Transform: MatrixOffsetTransformBase_double_3_3
Parameters: 0.9999870212200948 0.003805968372562332 -0.003390029078717374 -0.003824873538669817 0.9999771891370446 -0.005576344510098558 0.0033689590140512085 0.005588654514437505 0.9999785025857786 -0.1429957498476 -0.13611981016104835 -0.4499033193901312
FixedParameters: 0 0 0
#Transform 234
Transform: MatrixOffsetTransformBase_double_3_3
Parameters: 0.9999874585640178 0.003553424058300036 -0.003593984959059235 -0.0035644875085446754 0.9999890011219009 -0.0030493106524484975 0.0035823760613022957 0.0030626857169915034 0.999988779018476 -0.13542025734412277 -0.1265263067580662 -0.5008012778769313
FixedParameters: 0 0 0
#Transform 235
Transform: MatrixOffsetTransformBase_double_3_3
Parameters: 0.9999858583426812 0.0036733391022440226 -0.003827232004205742 -0.003689487024870517 0.9999843883102785 -0.004104924987931122 0.0038117547772366376 0.004119072243637584 0.9999846525752185 -0.16787283343788317 -0.011143513294030072 -0.5441397667077439
FixedParameters: 0 0 0
#Transform 236
Transform: MatrixOffsetTransformBase_double_3_3
Parameters: 0.9999905929443784 0.0033004078868660203 -0.0029181163556348667 -0.003310594351181853 0.9999879652478887 -0.003638552550595864 0.002906169185765782 0.0036474491750778937 0.9999890845755387 -0.10898096139032987 -0.06175314588473668 -0.21637012548009693
FixedParameters: 0 0 0
#Transform 237
Transform: MatrixOffsetTransformBase_double_3_3
Parameters: 0.9999872485518383 0.0036623602729050787 -0.0033670603852694807 -0.0036646653158423797 0.9999931228594809 -0.0006688336600104983 0.0033649406450120844 0.000681167750432532 0.9999942144355364 -0.12822212164846292 -0.26112519203476836 -0.4174329005212627
FixedParameters: 0 0 0
#Transform 238
Transform: MatrixOffsetTransformBase_double_3_3
Parameters: 0.999990927142337 0.0031347808910786638 -0.0026915085230865645 -0.0031418730352093535 0.9999918775960875 -0.0025647564381802435 0.002683861807539792 0.00257324366267922 0.9999928499456537 -0.12229268353767964 -0.15835665121804254 -0.5730542768322522
FixedParameters: 0 0 0
#Transform 239
Transform: MatrixOffsetTransformBase_double_3_3
Parameters: 0.9999896874302209 0.00368179078677278 -0.0025999818108847174 -0.0036910965995327677 0.9999856192927083 -0.003740706738151023 0.002585581892468983 0.003750290742950274 0.9999900103660122 -0.09491551226412298 -0.1180112503590891 -0.578275240491223
FixedParameters: 0 0 0
#Transform 240
Transform: MatrixOffsetTransformBase_double_3_3
Parameters: 0.9999897535001474 0.003962104584190436 -0.0021334931072834896 -0.0039727042091914 0.9999780833027333 -0.005245098425782163 0.0021119488300858965 0.005253892735232357 0.9999835550849291 -0.022915953859055094 -0.09651677406019132 -0.5264930962992622
FixedParameters: 0 0 0
#Transform 241
Transform: MatrixOffsetTransformBase_double_3_3
Parameters: 0.9999870575513476 0.004047143655753177 -0.0030926235456420863 -0.004056322969324303 0.999987931163552 -0.0029319039300475525 0.003080119502519996 0.0029440956269961016 0.9999908625521347 -0.09701073785079473 -0.14745276120588358 -0.5371024901177606
FixedParameters: 0 0 0
#Transform 242
Transform: MatrixOffsetTransformBase_double_3_3
Parameters: 0.9999907219468487 0.0033606397901045264 -0.0026430134467932036 -0.0033687485717588325 0.9999899083088478 -0.0030103961111260097 0.0026321170102604347 0.003019599563771 0.9999916330768138 -0.11173584418025939 -0.09430815783464652 -0.5355034833557966
FixedParameters: 0 0 0
#Transform 243
Transform: MatrixOffsetTransformBase_double_3_3
Parameters: 0.9999876613100712 0.003959432358261955 -0.0031083797589758918 -0.003971084089604202 0.999985691063486 -0.0036780335123688668 0.003093293631713526 0.0036899694748012274 0.999988826259779 -0.12383484694707647 -0.10342322946138438 -0.5272116825828448
FixedParameters: 0 0 0
#Transform 244
Transform: MatrixOffsetTransformBase_double_3_3
Parameters: 0.9999877704085153 0.003903353108054938 -0.0031613189645705473 -0.003912843556603986 0.9999871469036912 -0.003087914714402132 0.0031493542831192516 0.003100085479692108 0.9999904776657506 -0.112906134296054 -0.07483058918840868 -0.5524753872532528
FixedParameters: 0 0 0
#Transform 245
Transform: MatrixOffsetTransformBase_double_3_3
Parameters: 0.9999886665427246 0.003960113631226704 -0.0027653649162711967 -0.003971636513582284 0.9999846695940183 -0.003962488383890114 0.002750096819941847 0.003973516542086192 0.9999885065736006 -0.10185728033576424 -0.08625652635220149 -0.540913868032149
FixedParameters: 0 0 0
#Transform 246
Transform: MatrixOffsetTransformBase_double_3_3
Parameters: 0.9999894869939416 0.0036983167920300606 -0.0026142773503248437 -0.0037071695949374168 0.9999876494698068 -0.0034406946154190016 0.0026020589474538033 0.003450313739477462 0.9999910943629351 -0.08578890588070465 -0.1830271090580453 -0.5562959543999284
FixedParameters: 0 0 0
#Transform 247
Transform: MatrixOffsetTransformBase_double_3_3
Parameters: 0.999988589791917 0.0039584414209796375 -0.002781969513890807 -0.003968441221867329 0.9999850889462621 -0.003648343592136838 0.002768213168398156 0.0036596592598312078 0.9999897971580255 -0.09021307530836964 -0.16500065135102204 -0.5739758059951328
FixedParameters: 0 0 0
#Transform 248
Transform: MatrixOffsetTransformBase_double_3_3
Parameters: 0.9999883173535077 0.004070515947590415 -0.0024729929468027354 -0.004079977085885003 0.9999834376170157 -0.0040164649400270674 0.002456420808953042 0.004026531290053995 0.999988534512987 -0.08228866307662486 -0.13991706277475657 -0.5770429525550753
FixedParameters: 0 0 0
#Transform 249
Transform: MatrixOffsetTransformBase_double_3_3
Parameters: 0.9999883126828115 0.004062202417007902 -0.002680694026738383 -0.004074390880509142 0.999981055314772 -0.004634635463800094 0.002661971244556279 0.004645362250006557 0.9999851976921033 -0.08563762225334415 -0.16051330824625154 -0.5558763344156432
FixedParameters: 0 0 0
#Transform 250
Transform: MatrixOffsetTransformBase_double_3_3
Parameters: 0.9999863503207019 0.004490279696866601 -0.0025470838826935046 -0.004499966747456105 0.9999828314517072 -0.0037472544214991466 0.0025296304771202614 0.0037587394728341994 0.9999893485870789 -0.0877263416937808 -0.16032329141813761 -0.5544799917445005
FixedParameters: 0 0 0
#Transform 251
Transform: MatrixOffsetTransformBase_double_3_3
Parameters: 0.9999868442835906 0.004405048754598145 -0.0025981890789243535 -0.0044164057677620605 0.9999808565808095 -0.0044452517961891674 0.0025790343396255356 0.004456751721517355 0.9999863644301606 -0.08531661737249863 -0.06621452542168527 -0.5665210874300612
FixedParameters: 0 0 0
#Transform 252
Transform: MatrixOffsetTransformBase_double_3_3
Parameters: 0.999986028977883 0.004400891179260848 -0.002933422075433506 -0.004413662571054668 0.9999800751914696 -0.004517686734396967 0.0029134906844536074 0.004530310534019116 0.9999850201513452 -0.09487377376972006 -0.17536480968396972 -0.5247978223153495
FixedParameters: 0 0 0
#Transform 253
Transform: MatrixOffsetTransformBase_double_3_3
Parameters: 0.9999831683024442 0.004680565951369987 -0.0033049906392716385 -0.004693871089617255 0.9999814818050075 -0.003910111205707875 0.0032862959337290414 0.003925887781318971 0.9999869846834918 -0.11463399337033309 -0.17282316167595013 -0.5526589990585791
FixedParameters: 0 0 0
#Transform 254
Transform: MatrixOffsetTransformBase_double_3_3
Parameters: 0.9999873064395707 0.004234445226985916 -0.0026009182942333293 -0.004245355379951279 0.9999814276239313 -0.004322515703825275 0.002582334035032874 0.0043334834193236305 0.9999874152446643 -0.07807332230765951 -0.1499377562634976 -0.5765082450645167
FixedParameters: 0 0 0
