#Insight Transform File V1.0
#Transform 0
Transform: MatrixOffsetTransformBase_double_3_3
Parameters: 0.9999988265400578 0.0014329334434823792 0.001058602854347615 -0.001434780587059282 0.9999968660146369 0.001984589343168655 -0.0010556429060349611 -0.00198640866048444 0.9999970760949075 -0.012123170379155113 -0.07508570518325541 -0.43132047452991884
FixedParameters: 0 0 0
#Transform 1
Transform: MatrixOffsetTransformBase_double_3_3
Parameters: 0.9999906464264869 0.0036866666642602136 0.0021821442896888033 -0.0036901495388408224 0.9999917649838233 0.0016735995819643634 -0.002176348152411969 -0.0016824022719671428 0.9999962500420124 0.05081027514290781 -0.05179425661867754 -0.3507073288493494
FixedParameters: 0 0 0
#Transform 2
Transform: MatrixOffsetTransformBase_double_3_3
Parameters: 0.999993112195107 0.0034957414050696906 -0.0008174658127723194 -0.0034942673487615584 0.9999924288874669 0.0016645310350204695 0.0008228912184300304 -0.0016614695298284993 0.9999981521469 0.019415812362112206 -0.14441592042776108 -0.44313704627036543
FixedParameters: 0 0 0
#Transform 3
Transform: MatrixOffsetTransformBase_double_3_3
Parameters: 0.9999930990568503 0.0031417518598445327 -0.002007904485367932 -0.0031389236996274108 0.9999947309167809 0.0011096560641923048 0.0020116326870281602 -0.001103341538545785 0.9999969194492365 -0.04326606014002721 -0.13046844593831963 -0.5097661200429577
FixedParameters: 0 0 0
#Transform 4
Transform: MatrixOffsetTransformBase_double_3_3
Parameters: 0.9999959819227461 0.0021316267616891317 -0.002115475585690831 -0.00212991673965238 0.9999974144164345 0.0008174626280577774 0.0021167220448278794 -0.0008135381677758929 0.9999972374219093 -0.11503852942055914 -0.06566965894768373 -0.5047556443033336
FixedParameters: 0 0 0
#Transform 5
Transform: MatrixOffsetTransformBase_double_3_3
Parameters: 0.9999903915757709 0.0031594665616055725 -0.002937203219269586 -0.0031577175803197697 0.9999949097246179 0.0005981872276000499 0.0029387268060877105 -0.0005898142824198038 0.9999957761753069 -0.05302606668341525 -0.0836223510987395 -0.4096547977902638
FixedParameters: 0 0 0
#Transform 6
Transform: MatrixOffsetTransformBase_double_3_3
Parameters: 0.9999889670800605 0.003040040840726892 -0.0034333845553861544 -0.003036573652140761 0.9999949414337057 0.0010521018749003602 0.0034372742276573584 -0.001041897228672109 0.9999938332170153 -0.11974461459274721 -0.05765911032442261 -0.4228940708213855
FixedParameters: 0 0 0
#Transform 7
Transform: MatrixOffsetTransformBase_double_3_3
Parameters: 0.9999901406668815 0.0029228932436497763 -0.0033640835711952295 -0.002918982351162246 0.9999953547006204 0.0011216014263865925 0.0033671409350696803 -0.0011113982600894357 0.9999932928092565 -0.1090105462231179 0.010264541073425448 -0.3864527972117884
FixedParameters: 0 0 0
#Transform 8
Transform: MatrixOffsetTransformBase_double_3_3
Parameters: 0.9999911636296953 0.0025048139209066476 -0.0034004271825225163 -0.0025006614196088615 0.999996124414735 0.0012900293807357743 0.0034032772651797927 -0.0012819733985320325 0.9999937316034937 -0.09136532129380726 0.018038233910459667 -0.38176671964275855
FixedParameters: 0 0 0
#Transform 9
Transform: MatrixOffsetTransformBase_double_3_3
Parameters: 0.9999901734160712 0.0028517284914554605 -0.0032705294903021985 -0.0028472936968257944 0.9999951597513282 0.0013660954441598178 0.0032737092125539762 -0.0013569058894192382 0.9999933062792901 -0.1210898888732288 -0.07255032074783685 -0.37089007365212723
FixedParameters: 0 0 0
#Transform 10
Transform: MatrixOffsetTransformBase_double_3_3
Parameters: 0.9999903239052802 0.0029569652165611637 -0.0033065336477283245 -0.002953381428430856 0.9999952196188959 0.001091546957476791 0.003309490149264197 -0.0010814537881524006 0.999993743308857 -0.10705474828979789 -0.011526203229919929 -0.3890773685430453
FixedParameters: 0 0 0
#Transform 11
Transform: MatrixOffsetTransformBase_double_3_3
Parameters: 0.9999900804182331 0.0032557105634949076 -0.002883978907755198 -0.003254073846680891 0.999994156122519 0.0006112823177586851 0.0028866908153675763 -0.0006017158165871755 0.9999961886090198 -0.07993926793982098 -0.00509874019610379 -0.3465688649569181
FixedParameters: 0 0 0
#Transform 12
Transform: MatrixOffsetTransformBase_double_3_3
Parameters: 0.9999913230678961 0.0035130043964689875 -0.002082117103362044 -0.0035095593521691183 0.9999919453719595 0.0016356800610373423 0.002088127760921499 -0.0016283155969908647 0.9999960508296614 -0.06719321577585902 -0.12693615196094754 -0.18692811430904754
FixedParameters: 0 0 0
#Transform 13
Transform: MatrixOffsetTransformBase_double_3_3
Parameters: 0.9999865184995351 0.003567289592816846 -0.003708600630011781 -0.003562421567680185 0.9999929696887939 0.001399060071060304 0.0037138274114917606 -0.0013859396046232847 0.9999916706713957 -0.05229720854539721 -0.0910701435335568 -0.21148338101284736
FixedParameters: 0 0 0
#Transform 14
Transform: MatrixOffsetTransformBase_double_3_3
Parameters: 0.9999891222422255 0.003631372981763807 -0.002772564695008853 -0.003626447645746094 0.9999911354173637 0.0020112380013382336 0.002780319230234963 -0.002001760208600878 0.9999939346939178 -0.06818746653145524 -0.05599458247355926 -0.23429041256132876
FixedParameters: 0 0 0
#Transform 15
Transform: MatrixOffsetTransformBase_double_3_3
Parameters: 0.9999903789783924 0.0034178647884973855 -0.0026336146177720174 -0.0034146366729503664 0.999993404243168 0.0014651558092673989 0.0026390174147558356 -0.0014568460500131997 0.9999957056686586 -0.08691532463130613 -0.08718477392623925 -0.25328324085209886
FixedParameters: 0 0 0
#Transform 16
Transform: MatrixOffsetTransformBase_double_3_3
Parameters: 0.9999900133762655 0.0032954381364227823 -0.003182424615812441 -0.003289078220884997 0.9999925035788567 0.0019793938382658277 0.0031886141566325305 -0.0019686054123710106 0.9999927163982797 -0.06867626061563215 -0.10198918061254858 -0.24339597654774536
FixedParameters: 0 0 0
#Transform 17
Transform: MatrixOffsetTransformBase_double_3_3
Parameters: 0.9999887430664938 0.003552716708437201 -0.0031038240215628884 -0.003547501831606007 0.9999918685889211 0.0017049512178582416 0.0031101969628030456 -0.0016940477234246437 0.9999940978428348 -0.04536430910452793 -0.004146867681171784 -0.2889514610303756
FixedParameters: 0 0 0
#Transform 18
Transform: MatrixOffsetTransformBase_double_3_3
Parameters: 0.999990340525121 0.0033301196141725473 -0.002750892748884136 -0.0033257380915905723 0.9999935487591696 0.0016123124496976865 0.0027570158789074675 -0.001603685382889103 0.9999946204142365 -0.07339186404374232 -0.048672215321957424 -0.2590699566917749
FixedParameters: 0 0 0
#Transform 19
Transform: MatrixOffsetTransformBase_double_3_3
Parameters: 0.9999908616006635 0.003266762221495261 -0.002732160163087888 -0.0032625382327626496 0.9999933698777429 0.0017540631262946693 0.0027378892792139656 -0.0017449378958143552 0.9999943701883853 -0.052093436031142915 -0.04151600534591182 -0.30908511971369634
FixedParameters: 0 0 0
#Transform 20
Transform: MatrixOffsetTransformBase_double_3_3
Parameters: 0.9999923276736085 0.0032719384341664726 -0.0019923787126946866 -0.003268032861891124 0.9999936513966322 0.0015758689073151755 0.0019973345124406324 -0.0015691307693648932 0.9999967307437536 -0.07121466514327324 -0.019486655049888668 -0.23190508932680132
FixedParameters: 0 0 0
#Transform 21
Transform: MatrixOffsetTransformBase_double_3_3
Parameters: 0.9999925714223495 0.0032255427928869038 -0.0022418301286251763 -0.003221559978222786 0.999993884997965 0.0016394756063806831 0.0022469274165226915 -0.001632526257798736 0.999996333405276 -0.06759690330598289 -0.055513548374733546 -0.2464005732288257
FixedParameters: 0 0 0
#Transform 22
Transform: MatrixOffsetTransformBase_double_3_3
Parameters: 0.9999934078954008 0.003023310606993752 -0.002110282514806732 -0.003019638508821325 0.9999945752990176 0.0014616072583470002 0.002114760384601931 -0.0014553915023607922 0.9999965781370012 -0.058619989205226375 -0.026204122093176352 -0.23535024744325028
FixedParameters: 0 0 0
#Transform 23
Transform: MatrixOffsetTransformBase_double_3_3
Parameters: 0.999994058807712 0.0026953822326386623 -0.00216191107544857 -0.002692307638264615 0.9999950880756255 0.00154591832965148 0.002166759184319218 -0.001540079296501115 0.9999962090207746 -0.10117699602940888 -0.03230968893403485 -0.2390528401486307
FixedParameters: 0 0 0
#Transform 24
Transform: MatrixOffsetTransformBase_double_3_3
Parameters: 0.9999940191280894 0.002957831056256195 -0.0017971628136521697 -0.002954997106017161 0.9999937712422272 0.0017575162386816445 0.0018030792393442909 -0.0017514819477461446 0.9999970913257845 -0.09593769720360967 -0.07316810956088204 -0.23038889529823692
FixedParameters: 0 0 0
#Transform 25
Transform: MatrixOffsetTransformBase_double_3_3
Parameters: 0.9999957907042429 0.0024749114976351494 -0.0014438650492392853 -0.002472367011640034 0.9999962764746058 0.0014417572325259032 0.0014477677638296208 -0.0014382436227252937 0.9999983670180758 -0.08002526205348204 -0.03600676402862746 -0.2683032708126696
FixedParameters: 0 0 0
#Transform 26
Transform: MatrixOffsetTransformBase_double_3_3
Parameters: 0.9999956467984449 0.0025755323680507996 -0.001649414059506814 -0.002572405334788011 0.9999950729049801 0.001702445176704273 0.0016538323489338807 -0.0016985522583650436 0.9999967904797697 -0.06424237867484806 -0.008863960093378864 -0.24328543585900775
FixedParameters: 0 0 0
#Transform 27
Transform: MatrixOffsetTransformBase_double_3_3
Parameters: 0.9999944320253594 0.0028278327978467715 -0.0016026902459525404 -0.002825620858133967 0.9999944393665996 0.0017758534003018828 0.0016082590081941382 -0.0017711445266655468 0.9999967020364945 -0.06353676318943258 -0.07843259780599965 -0.22944412278376802
FixedParameters: 0 0 0
#Transform 28
Transform: MatrixOffsetTransformBase_double_3_3
Parameters: 0.9999955199568848 0.0027476435434466966 -0.000963919934590065 -0.0027467362156760825 0.9999951961924031 0.0013089545777556777 0.0009678852155516739 -0.001307044872831148 0.9999989020287823 -0.057097934494009905 -0.03846672202712398 -0.27617833102100064
FixedParameters: 0 0 0
#Transform 29
Transform: MatrixOffsetTransformBase_double_3_3
Parameters: 0.9999963969771263 0.0024903041945711496 -0.0011833571709184768 -0.0024887460604219413 0.9999952347068966 0.0017091175705717804 0.0011875231227448087 -0.0017058841594628088 0.9999983311397276 -0.06950619802923086 -0.029658045944216838 -0.25373466508188613
FixedParameters: 0 0 0
#Transform 30
Transform: MatrixOffsetTransformBase_double_3_3
Parameters: 0.999998144119533 0.002148598784189687 -0.0004910078093242462 -0.0021466933704657586 0.9999952220419343 0.002319331748146178 0.0004958840055809391 -0.0023186690011737926 0.9999971665261429 -0.08470706331789302 -0.05406299144705429 -0.25711781641828324
FixedParameters: 0 0 0
#Transform 31
Transform: MatrixOffsetTransformBase_double_3_3
Parameters: 0.9999976103462723 0.002171326699421154 -0.0008217107403961817 -0.0021697802208755844 0.9999960857885833 0.0018490593353639034 0.000825519190883915 -0.0018469406782315734 0.9999976943346799 -0.047644764629737324 0.011226713031476265 -0.2667217133953983
FixedParameters: 0 0 0
#Transform 32
Transform: MatrixOffsetTransformBase_double_3_3
Parameters: 0.9999972817062619 0.0021381724022895548 -0.0003834154384541045 -0.0021368657212198806 0.9999950255519031 0.0023450819497132375 0.0003893462315872761 -0.0023439166062096672 0.9999972627691093 -0.07510719672038135 -0.045444535966240096 -0.26537276916017305
FixedParameters: 0 0 0
#Transform 33
Transform: MatrixOffsetTransformBase_double_3_3
Parameters: 0.9999975932555872 0.002070287383574523 -0.0003487717142989231 -0.0020690926523127123 0.9999957518544015 0.0022489850340058765 0.00035299452681036354 -0.0022480190470950123 0.9999977298638564 -0.06541443719052609 -0.08228919655100242 -0.26581138689082806
FixedParameters: 0 0 0
#Transform 34
Transform: MatrixOffsetTransformBase_double_3_3
Parameters: 0.9999977597159652 0.0022505253060628783 0.0004178335600347437 -0.002251775755421317 0.999994214355215 0.002384306564130606 -0.00041305083044713536 -0.002385693176823231 0.9999971688804198 -0.06532819923347688 -0.03799501327324606 -0.2609026987792724
FixedParameters: 0 0 0
#Transform 35
Transform: MatrixOffsetTransformBase_double_3_3
Parameters: 0.9999970322549188 0.002185231254296373 0.0004401343016277328 -0.0021856889497920908 0.9999948456480193 0.002492392978811403 -0.000435073166474448 -0.002492609655302472 0.9999967614532612 -0.07644627760259937 -0.052925332716426965 -0.24724567565928623
FixedParameters: 0 0 0
#Transform 36
Transform: MatrixOffsetTransformBase_double_3_3
Parameters: 0.9999974118564547 0.002161113592674399 0.0009577299792731539 -0.002163196143060226 0.9999955789396157 0.0018631451632667995 -0.0009535177734257167 -0.001864853154196891 0.9999978839123785 -0.058844030209144194 -0.0008428294755162824 -0.3181066804625132
FixedParameters: 0 0 0
#Transform 37
Transform: MatrixOffsetTransformBase_double_3_3
Parameters: 0.9999974419351605 0.001792673220139076 0.0011591278365082893 -0.0017961173183832367 0.999994711232748 0.002609015032029094 -0.0011544800651974783 -0.002610984064613936 0.9999961064660781 -0.07395145344511889 -0.0778263991970789 -0.27601848520687255
FixedParameters: 0 0 0
#Transform 38
Transform: MatrixOffsetTransformBase_double_3_3
Parameters: 0.9999972867379354 0.001356479434732064 0.0016951043707289213 -0.0013610737287273638 0.9999957668344757 0.002671670759208808 -0.0016913230404059679 -0.0026743315867763795 0.9999952299968882 -0.1166907279469882 -0.10286474696360415 -0.27442463139603035
FixedParameters: 0 0 0
#Transform 39
Transform: MatrixOffsetTransformBase_double_3_3
Parameters: 0.9999971694331665 0.001824893842892775 0.0012252547665117727 -0.0018271975969123822 0.9999955954331302 0.0024069787303476753 -0.0012210576373099863 -0.0024090213901671875 0.999995977040943 -0.057215537764037094 -0.02637876655919058 -0.2959598035601516
FixedParameters: 0 0 0
#Transform 40
Transform: MatrixOffsetTransformBase_double_3_3
Parameters: 0.9999976682338305 0.001975879982561182 0.0011955188769503715 -0.0019777368844861925 0.9999956176088973 0.0022798541715563364 -0.0011910977854321003 -0.0022821476329664137 0.9999966446713333 -0.04842814657391159 -0.03780490076704268 -0.28037429085376075
FixedParameters: 0 0 0
#Transform 41
Transform: MatrixOffsetTransformBase_double_3_3
Parameters: 0.9999970056023442 0.0021510770528773053 0.0011699210356420707 -0.0021535649967419916 0.9999940468136029 0.0026537005449094597 -0.0011640818506258995 -0.002656299653402888 0.9999958606922633 -0.04276382066905171 -0.05394152530411134 -0.2592485162444156
FixedParameters: 0 0 0
#Transform 42
Transform: MatrixOffsetTransformBase_double_3_3
Parameters: 0.9999973063933764 0.0020300226120440698 0.00125378321961756 -0.002033244798095 0.9999951998291102 0.002322669003574515 -0.0012490591629920503 -0.002325329446746141 0.9999963045859365 -0.044603118306483225 -0.020173181457920464 -0.2615755844983312
FixedParameters: 0 0 0
#Transform 43
Transform: MatrixOffsetTransformBase_double_3_3
Parameters: 0.9999977251837474 0.0017922639988923305 0.0014361210262111364 -0.00179600107968484 0.9999950013613355 0.0025525183025822684 -0.001431553702394727 -0.002555480797511986 0.9999956779541943 -0.06118146902532828 -0.06980246311708527 -0.2652348723605762
FixedParameters: 0 0 0
#Transform 44
Transform: MatrixOffsetTransformBase_double_3_3
Parameters: 0.9999975575003818 0.0016580116061090829 0.0013013343946977514 -0.0016610075525604416 0.9999955731273752 0.00253193627053816 -0.0012975244253603353 -0.0025340666037621112 0.9999961521529094 -0.05693826947673131 -0.04934694537034545 -0.2630516684620936
FixedParameters: 0 0 0
#Transform 45
Transform: MatrixOffsetTransformBase_double_3_3
Parameters: 0.9999966153934442 0.0019908961835946102 0.0015566299838644469 -0.0019940566803434653 0.9999944496697496 0.0024889793545551236 -0.0015511806872895181 -0.0024920188105283375 0.9999957605089124 -0.06504976768636084 -0.0901592332886878 -0.25639881785276586
FixedParameters: 0 0 0
#Transform 46
Transform: MatrixOffsetTransformBase_double_3_3
Parameters: 0.9999973411539227 0.0020281343710281587 0.0012429507964005322 -0.002031859698736778 0.9999951151389013 0.0025466956486585174 -0.001237324900526858 -0.0025493061859833965 0.9999962413631209 -0.031213154080418803 -0.06131563963853637 -0.2624791467181069
FixedParameters: 0 0 0
#Transform 47
Transform: MatrixOffsetTransformBase_double_3_3
Parameters: 0.9999973948727091 0.0018348047820756898 0.0014963548192814763 -0.0018384397353891995 0.9999945858928658 0.0027883492644876773 -0.0014915742397173053 -0.002791654469479099 0.9999952407175208 -0.04386109832417162 -0.06823822423014292 -0.2734467441529951
FixedParameters: 0 0 0
#Transform 48
Transform: MatrixOffsetTransformBase_double_3_3
Parameters: 0.9999970176574431 0.0020262379562381713 0.0013698810249752522 -0.002029722709321336 0.999994575133265 0.002629424984408754 -0.0013648014653805441 -0.002631576155731702 0.9999956034162426 -0.048887698925710765 -0.07370666627664946 -0.2549624763416567
FixedParameters: 0 0 0
#Transform 49
Transform: MatrixOffsetTransformBase_double_3_3
Parameters: 0.999996214175289 0.001895380121703584 0.0017867599657342495 -0.001899942457571043 0.9999952844754872 0.002593692720370022 -0.0017823769774625144 -0.0025973129514904048 0.9999954563992851 -0.05495908846569364 -0.026331610901422664 -0.2804991492394109
FixedParameters: 0 0 0
#Transform 50
Transform: MatrixOffsetTransformBase_double_3_3
Parameters: 0.9999966786468153 0.0019400711509290193 0.0015997530524013408 -0.0019436094799629173 0.9999943922573735 0.0025399735579339916 -0.0015943579075729257 -0.0025430232293068705 0.9999953679120649 -0.05801191511778825 -0.10391641318183531 -0.25384166584998624
FixedParameters: 0 0 0
#Transform 51
Transform: MatrixOffsetTransformBase_double_3_3
Parameters: 0.9999973936525378 0.0019260384399770406 0.00137667410399699 -0.0019296383773052936 0.9999959357737722 0.002251562316629138 -0.0013727062440258273 -0.002254438260617664 0.9999963058324947 -0.02727360211079599 -0.020065585018954835 -0.2557449575751818
FixedParameters: 0 0 0
#Transform 52
Transform: MatrixOffsetTransformBase_double_3_3
Parameters: 0.9999976979212779 0.0016799532581570186 0.0015745283903364177 -0.0016837963288536524 0.9999944289988816 0.0027153113724641548 -0.0015708585454360694 -0.002717690649100199 0.9999955101259362 -0.042741470130934545 -0.09373584978895622 -0.26897014995452295
FixedParameters: 0 0 0
#Transform 53
Transform: MatrixOffsetTransformBase_double_3_3
Parameters: 0.9999971264645281 0.0018254766781449815 0.001594067965291978 -0.0018298362876392395 0.999994179323819 0.0028451677620827814 -0.001589130889651982 -0.002847832770840081 0.9999947419581101 -0.03841924059953783 -0.07734405298903368 -0.2642964707894748
FixedParameters: 0 0 0
#Transform 54
Transform: MatrixOffsetTransformBase_double_3_3
Parameters: 0.9999964597372104 0.0018821161334694903 0.0017316989823582102 -0.0018865431503110638 0.9999952732512141 0.002602938809571964 -0.0017263587397716895 -0.002606060228244639 0.9999946196031865 -0.038500417863417624 -0.027445097179409572 -0.2606136107539534
FixedParameters: 0 0 0
#Transform 55
Transform: MatrixOffsetTransformBase_double_3_3
Parameters: 0.9999971808749718 0.0017570575576407238 0.0016524497843162923 -0.0017619478295104202 0.9999949291879188 0.0025671710389200963 -0.0016480083253752403 -0.0025698254193653874 0.9999950572708463 -0.04533388898342139 -0.046641157993207116 -0.2552576965141604
FixedParameters: 0 0 0
#Transform 56
Transform: MatrixOffsetTransformBase_double_3_3
Parameters: 0.9999964152864221 0.0019365996143730594 0.001683934037322015 -0.0019405021797230073 0.9999945012374841 0.00252081536867714 -0.001678629277400822 -0.002524181089978886 0.9999951880043367 -0.02141325964795726 -0.015861999835678375 -0.2476486676618066
FixedParameters: 0 0 0
#Transform 57
Transform: MatrixOffsetTransformBase_double_3_3
Parameters: 0.9999967696702071 0.0014083911515038764 0.002290487967868897 -0.0014148372283412174 0.9999955646059774 0.0028407259115511424 -0.0022866944351140625 -0.0028442762671414684 0.9999930453840361 -0.07753667246923612 -0.08436073340165251 -0.26996195868210293
FixedParameters: 0 0 0
#Transform 58
Transform: MatrixOffsetTransformBase_double_3_3
Parameters: 0.9999971102412413 0.0016617521850498965 0.0017686282382096757 -0.0016664979009640042 0.9999949008024073 0.0026380160273814374 -0.0017643185544634003 -0.0026409844288853707 0.999995275472496 -0.040684020213447525 -0.035308363467407844 -0.2749423337886441
FixedParameters: 0 0 0
#Transform 59
Transform: MatrixOffsetTransformBase_double_3_3
Parameters: 0.9999979535783895 0.0016772615359316974 0.0014941134068460118 -0.0016810523149871682 0.9999958128393498 0.002470586711626241 -0.0014904087645952067 -0.002473415695069009 0.9999959191309105 -0.014244108186829862 -0.031194154811188923 -0.2428418534790353
FixedParameters: 0 0 0
#Transform 60
Transform: MatrixOffsetTransformBase_double_3_3
Parameters: 0.999997991085998 0.0014385269321470055 0.0017146461898490182 -0.0014435815999067584 0.9999948459352587 0.0027764865554999463 -0.001710123823939752 -0.002778510967778036 0.9999947160959619 -0.050901431661714014 -0.08401254315565154 -0.2697822400294285
FixedParameters: 0 0 0
#Transform 61
Transform: MatrixOffsetTransformBase_double_3_3
Parameters: 0.9999976308458273 0.0015400513877639852 0.0017316045144640559 -0.001544433445036937 0.9999950817824903 0.002876424722410592 -0.0017270807294502365 -0.002879576362294689 0.999993983236008 -0.018810460924868266 -0.055959757788713205 -0.27723683632914486
FixedParameters: 0 0 0
#Transform 62
Transform: MatrixOffsetTransformBase_double_3_3
Parameters: 0.9999970802130637 0.0015376833431833368 0.0018856548752021428 -0.0015432546449403045 0.9999945112957693 0.0029570549983393424 -0.001880893277052793 -0.0029599463882312715 0.9999940634045289 -0.03719014696332579 -0.10037823369806631 -0.2665691155816923
FixedParameters: 0 0 0
#Transform 63
Transform: MatrixOffsetTransformBase_double_3_3
Parameters: 0.999996847175469 0.0016259222325265604 0.0018735320132159386 -0.0016313381508843191 0.9999943615924473 0.0029349089882021867 -0.0018683204212120825 -0.0029380922239997526 0.9999942394513492 -0.005140536037600896 -0.08891031137675043 -0.28614185117176305
FixedParameters: 0 0 0
#Transform 64
Transform: MatrixOffsetTransformBase_double_3_3
Parameters: 0.9999982182618682 0.0015684332977071815 0.0015232836149726683 -0.0015731920480541253 0.9999947665365158 0.0027415806650425006 -0.001519263242241596 -0.0027444193632896324 0.9999954035808702 0.00986427540583179 -0.07895793055394051 -0.2570786855857854
FixedParameters: 0 0 0
#Transform 65
Transform: MatrixOffsetTransformBase_double_3_3
Parameters: 0.9999963167669192 0.001635917111730053 0.002001855803202845 -0.0016422440533616417 0.9999939729412198 0.002974662401565839 -0.001996453349069262 -0.002977334804290979 0.9999936306133339 -0.021229796711338622 -0.09045393430655224 -0.2812990974820657
FixedParameters: 0 0 0
#Transform 66
Transform: MatrixOffsetTransformBase_double_3_3
Parameters: 0.9999971019403487 0.0014585586700905657 0.0019417396427433666 -0.0014633676123314238 0.999995344362998 0.002674121560948567 -0.0019382753963159062 -0.0026768792543461484 0.9999944409279488 -0.00383129153570394 -0.015719099731512642 -0.262235949074654
FixedParameters: 0 0 0
#Transform 67
Transform: MatrixOffsetTransformBase_double_3_3
Parameters: 0.9999969821161239 0.0014844245189925076 0.0019529845963493183 -0.0014891491662483165 0.9999954648587399 0.002637055167886815 -0.0019494921888367743 -0.0026399464538224837 0.999994593843428 -0.03442148349856211 -0.09971500871662897 -0.26513856147057524
FixedParameters: 0 0 0
#Transform 68
Transform: MatrixOffsetTransformBase_double_3_3
Parameters: 0.9999964538087319 0.0018909457446196992 0.001992553510722554 -0.00189621726702134 0.9999948048377689 0.0024731718578905187 -0.001987655512359624 -0.002476827554526398 0.999995397680807 -0.00991952887484615 -0.019192741983331985 -0.2627032428882323
FixedParameters: 0 0 0
#Transform 69
Transform: MatrixOffsetTransformBase_double_3_3
Parameters: 0.999996435710337 0.0018707367610051302 0.0020156282438071184 -0.0018775801626018855 0.9999932218520107 0.0031423016752945843 -0.0020101801001903997 -0.003146693910751938 0.9999924380259241 -0.03194477202048063 -0.10637425931557232 -0.256857069953611
FixedParameters: 0 0 0
#Transform 70
Transform: MatrixOffsetTransformBase_double_3_3
Parameters: 0.9999963870722537 0.001388062005387425 0.002164835595793302 -0.001394547661043282 0.9999951013550331 0.002757824848496196 -0.002160517798852206 -0.0027611738002940728 0.9999940559862979 -0.0200268042285785 -0.05375461803801329 -0.2789553784849872
FixedParameters: 0 0 0
#Transform 71
Transform: MatrixOffsetTransformBase_double_3_3
Parameters: 0.9999976758154181 0.0013990504180450634 0.0018348483012145679 -0.0014040784567779302 0.9999943267672655 0.0028902658377027574 -0.0018310964180531409 -0.00289273495003943 0.9999946274445556 -0.008983103811843307 -0.08156545899883838 -0.25769298489625925
FixedParameters: 0 0 0
#Transform 72
Transform: MatrixOffsetTransformBase_double_3_3
Parameters: 0.9999961457168377 0.0013432062739379882 0.0022470874945520487 -0.001349594962312176 0.9999955039307807 0.0028829333904476923 -0.0022435516019240157 -0.0028860687319442885 0.9999930010365558 -0.015301222373977907 -0.09892521821501532 -0.2702597670164728
FixedParameters: 0 0 0
#Transform 73
Transform: MatrixOffsetTransformBase_double_3_3
Parameters: 0.9999967040219853 0.001271936440543426 0.0021627237658008018 -0.0012783530620986145 0.9999950049031321 0.0030020817022320123 -0.002159295462396588 -0.003004923961383646 0.9999936570085968 -0.020449563177280083 -0.10181823818929558 -0.2717692855474745
FixedParameters: 0 0 0
#Transform 74
Transform: MatrixOffsetTransformBase_double_3_3
Parameters: 0.9999965555203687 0.0011320319770623225 0.0024826766507764306 -0.0011392091840063355 0.9999945831537581 0.002943880172491878 -0.0024791049263570074 -0.0029461175612157664 0.9999926262536726 -0.034018632224046996 -0.08822238910362046 -0.275597558408041
FixedParameters: 0 0 0
#Transform 75
Transform: MatrixOffsetTransformBase_double_3_3
Parameters: 0.999995183800092 0.001809274156943401 0.0023542606935685892 -0.0018166071946031474 0.999994342970344 0.002978679054707639 -0.0023486759586312774 -0.002983324064364981 0.9999930680199606 -0.00860317710731806 -0.06505975483214854 -0.2683568412966437
FixedParameters: 0 0 0
#Transform 76
Transform: MatrixOffsetTransformBase_double_3_3
Parameters: 0.9999965254900939 0.000659836420587597 0.002653170737377438 -0.0006676238146040204 0.9999951568870957 0.0030328475996489607 -0.0026511458930215666 -0.003035153429898671 0.9999919582111905 -0.06271828241044375 -0.09267426980289883 -0.28625052545219276
FixedParameters: 0 0 0
#Transform 77
Transform: MatrixOffsetTransformBase_double_3_3
Parameters: 0.9999961021524068 0.0015289353195652566 0.00235802455114928 -0.0015357093104497873 0.9999951535330073 0.0028293306248318856 -0.002353580032904872 -0.002832669171926011 0.9999929194344441 -0.010470338999752471 -0.03645248622754593 -0.27286927906122216
FixedParameters: 0 0 0
#Transform 78
Transform: MatrixOffsetTransformBase_double_3_3
Parameters: 0.9999961038095769 0.001517890718305883 0.0021427032830056967 -0.0015250996205097027 0.9999936646252225 0.003244683988727168 -0.002138049763947783 -0.003247315985837232 0.9999923660606043 -0.02539613973823407 -0.11061475875077065 -0.2602252372863383
FixedParameters: 0 0 0
#Transform 79
Transform: MatrixOffsetTransformBase_double_3_3
Parameters: 0.9999964713769605 0.001252993346360257 0.0024412383415300365 -0.0012612964365928928 0.9999930283396697 0.003453633574499168 -0.0024365392091436006 -0.003456368342476257 0.9999915688647917 -0.025554286857385478 -0.05090762654366188 -0.28958521570546125
FixedParameters: 0 0 0
#Transform 80
Transform: MatrixOffsetTransformBase_double_3_3
Parameters: 0.9999950292762907 0.0015308560847237817 0.002574070269247382 -0.0015380803129853835 0.9999947837457097 0.0028948738371927935 -0.0025702817198858517 -0.0028991284624211716 0.9999924602328942 -0.004901568947047963 -0.0962525532070373 -0.2648994394396027
FixedParameters: 0 0 0
#Transform 81
Transform: MatrixOffsetTransformBase_double_3_3
Parameters: 0.9999967099742486 0.0012327958073403565 0.0024017067537911614 -0.0012406463034045525 0.9999949834673182 0.003001851914318454 -0.002398510505396953 -0.0030041492064044883 0.9999926904122031 -0.014317741891005653 -0.09255296281955339 -0.2813863873466893
FixedParameters: 0 0 0
#Transform 82
Transform: MatrixOffsetTransformBase_double_3_3
Parameters: 0.9999945980829067 0.0012582989547040761 0.002969630772323494 -0.0012661160067415464 0.9999962293578482 0.0025679377787004853 -0.002966261369712817 -0.002571062506311908 0.9999921640079686 -0.026284199802319108 -0.02930347789343557 -0.2713896791825121
FixedParameters: 0 0 0
#Transform 83
Transform: MatrixOffsetTransformBase_double_3_3
Parameters: 0.999995887267734 0.001433737724779426 0.002656382234552436 -0.0014428060104463316 0.9999933081883792 0.003339882159752991 -0.002651749106770841 -0.0033441193990117746 0.9999912410328989 0.005177405892609954 -0.11776266918141687 -0.285355402008161
FixedParameters: 0 0 0
#Transform 84
Transform: MatrixOffsetTransformBase_double_3_3
Parameters: 0.9999946368529765 0.001410253701827224 0.0030617309097143637 -0.0014190679392976785 0.9999953721684522 0.0028353558793407646 -0.003057690457180984 -0.0028396451938388495 0.9999911617908966 0.013091469304299608 -0.0258970040943467 -0.2852226425003508
FixedParameters: 0 0 0
#Transform 85
Transform: MatrixOffsetTransformBase_double_3_3
Parameters: 0.9999955868595957 0.0015001440598287332 0.002482254731781169 -0.0015088518600971886 0.9999933510045858 0.0033020877556178413 -0.0024774151612952187 -0.0033059103533170237 0.9999914029237218 0.015338089677101152 -0.1114825753066242 -0.25875768613560624
FixedParameters: 0 0 0
#Transform 86
Transform: MatrixOffsetTransformBase_double_3_3
Parameters: 0.9999940268891855 0.0014766196084284688 0.003129354477609588 -0.0014852169141695848 0.9999957158979174 0.002739053807372188 -0.003125222347033735 -0.002743948739584584 0.9999912792669127 0.0028284094704389418 -0.021673335458771703 -0.28352583480526405
FixedParameters: 0 0 0
#Transform 87
Transform: MatrixOffsetTransformBase_double_3_3
Parameters: 0.9999933291515675 0.0015215817983274516 0.003217875239548426 -0.001530319380149948 0.9999948048725417 0.0028586431060780015 -0.0032140021644318523 -0.0028633618776597175 0.9999911535374928 0.009096129218960414 -0.06880447468098794 -0.2847276472027822
FixedParameters: 0 0 0
#Transform 88
Transform: MatrixOffsetTransformBase_double_3_3
Parameters: 0.9999943649543135 0.0012474717150154132 0.0030133652984012955 -0.0012572820216441986 0.999994699425676 0.003026791844864915 -0.0030087748487688105 -0.003030208167704246 0.9999913218134278 0.017922359862950543 -0.08774275939690312 -0.29620366063469916
FixedParameters: 0 0 0
#Transform 89
Transform: MatrixOffsetTransformBase_double_3_3
Parameters: 0.9999950298157848 0.0012651242199221697 0.003060828738746439 -0.0012763095699190087 0.9999930616156718 0.0035687959914675743 -0.0030564910957371137 -0.003572201785089213 0.9999884711164992 0.031047120644828397 -0.06802439432054541 -0.2852246834903376
FixedParameters: 0 0 0
#Transform 90
Transform: MatrixOffsetTransformBase_double_3_3
Parameters: 0.9999947630791715 0.00125561443892709 0.0029426812134358753 -0.001264343039458736 0.9999952083873404 0.002935979025897678 -0.0029392665909401317 -0.002939022556115209 0.9999912967935973 0.027285946294767882 -0.11472042763767831 -0.2842624714971187
FixedParameters: 0 0 0
#Transform 91
Transform: MatrixOffsetTransformBase_double_3_3
Parameters: 0.9999947152434038 0.0014115787040852282 0.002879723237220107 -0.001420170347024181 0.999994548673593 0.00297660938191395 -0.0028752766164680905 -0.002980390150228482 0.9999914235617545 0.043083671222433395 -0.03497717768824771 -0.28121559620769077
FixedParameters: 0 0 0
#Transform 92
Transform: MatrixOffsetTransformBase_double_3_3
Parameters: 0.9999938341145455 0.0012851092381711048 0.0033936613510114834 -0.0012965905981845538 0.9999932791601224 0.0033900637087899005 -0.0033885250512042386 -0.0033949347672501268 0.9999885367050663 0.026633864324480783 -0.1127478984458179 -0.3112742014448422
FixedParameters: 0 0 0
#Transform 93
Transform: MatrixOffsetTransformBase_double_3_3
Parameters: 0.9999937990493224 0.0013513139345409137 0.003372650626363014 -0.0013602912738301838 0.9999949493746145 0.002744856969898457 -0.003369067725177778 -0.002749143369104007 0.9999907575775518 0.04283241748589717 -0.026410842346734853 -0.29011863785494185
FixedParameters: 0 0 0
#Transform 94
Transform: MatrixOffsetTransformBase_double_3_3
Parameters: 0.9999943185676643 0.001173712862051723 0.0032100170723801816 -0.0011839312274618296 0.9999945880557305 0.0032327835529501886 -0.003206135276348522 -0.0032362213838573184 0.9999898063999638 0.029260227621833224 -0.11003118610139495 -0.2970021790798185
FixedParameters: 0 0 0
#Transform 95
Transform: MatrixOffsetTransformBase_double_3_3
Parameters: 0.999992234381577 0.0009727979826198152 0.003717417163506847 -0.0009840676835475692 0.9999950151052113 0.002915563611907465 -0.0037144594701823863 -0.002919435310004187 0.9999891955680141 0.023472279303277332 -0.01664192043268997 -0.32183750667179467
FixedParameters: 0 0 0
#Transform 96
Transform: MatrixOffsetTransformBase_double_3_3
Parameters: 0.999993705524428 0.0013492459633447605 0.0032364823937545755 -0.0013596506986316309 0.9999929804419244 0.0034071806780569674 -0.003231861076672155 -0.0034118160656672614 0.9999884755744054 0.03203541475568272 -0.1218039263226558 -0.29537798222331446
FixedParameters: 0 0 0
#Transform 97
Transform: MatrixOffsetTransformBase_double_3_3
Parameters: 0.9999939767074646 0.0014272282510028565 0.003314215391047198 -0.0014378021946043627 0.9999939336019571 0.0030528001135630978 -0.0033103211445439807 -0.0030571939090375533 0.999989376969626 0.030293721839711907 -0.06728855160331193 -0.3110123542043901
FixedParameters: 0 0 0
#Transform 98
Transform: MatrixOffsetTransformBase_double_3_3
Parameters: 0.9999937118148728 0.001233738233052251 0.003430669483565142 -0.0012430700252556868 0.999995614520807 0.0028773175954041053 -0.003426288973504798 -0.002881683619794087 0.9999895141609739 0.052841636619504584 -0.07659607947890379 -0.2939497278106131
FixedParameters: 0 0 0
#Transform 99
Transform: MatrixOffsetTransformBase_double_3_3
Parameters: 0.9999917319743514 0.0012125799258097382 0.003846783126437944 -0.0012254859371447417 0.9999936597576712 0.0031754811831966046 -0.0038426583004351604 -0.003179514394787572 0.9999878790857335 0.02419270680537977 -0.12475557153561567 -0.31719394836667547
FixedParameters: 0 0 0
#Transform 100
Transform: MatrixOffsetTransformBase_double_3_3
Parameters: 0.9999916363352966 0.0009274807822896248 0.004062430473212236 -0.000939601069586101 0.9999952378803556 0.002894286867343304 -0.004059652062382979 -0.002898711197019052 0.9999876189281347 0.039411959162094945 -0.05486325177122353 -0.32300995855390013
FixedParameters: 0 0 0
#Transform 101
Transform: MatrixOffsetTransformBase_double_3_3
Parameters: 0.9999934618143145 0.0008374628550764188 0.003582875353508873 -0.0008491651612383596 0.9999944720857974 0.0032243145883406044 -0.003580063886424396 -0.0032276836664121983 0.9999881754575972 0.03654867400351236 -0.09230329548812222 -0.3011905818058338
FixedParameters: 0 0 0
#Transform 102
Transform: MatrixOffsetTransformBase_double_3_3
Parameters: 0.999993007971019 0.000781078714353311 0.0037920519021492536 -0.0007926015144670708 0.9999956166406778 0.0028912313003950224 -0.0037902507173431157 -0.002894767747800134 0.9999886523372443 0.04879905048129274 -0.05512936052315354 -0.31621549071107324
FixedParameters: 0 0 0
#Transform 103
Transform: MatrixOffsetTransformBase_double_3_3
Parameters: 0.9999922677400183 0.0010464406368000498 0.003825628495865507 -0.0010581304376921271 0.9999951478158637 0.003033296534224475 -0.0038228622074749216 -0.003037703117066512 0.9999876912900818 0.04766627818030145 -0.09034068297776798 -0.309015313829093
FixedParameters: 0 0 0
#Transform 104
Transform: MatrixOffsetTransformBase_double_3_3
Parameters: 0.9999927480205311 0.0008799875170527055 0.0038049521291790393 -0.0008931939864579696 0.9999942297268405 0.0032338257666151976 -0.0038018445938266224 -0.0032371699849834817 0.9999875812521917 0.03231178408910296 -0.08453863525480187 -0.31577408033788146
FixedParameters: 0 0 0
#Transform 105
Transform: MatrixOffsetTransformBase_double_3_3
Parameters: 0.999991933034459 0.0011531281074850979 0.0038388349487544597 -0.0011638495032190396 0.9999956021211823 0.002896863156584245 -0.0038357401662519144 -0.002901141955266029 0.9999885223938723 0.021573221745867954 -0.06783037612503051 -0.2855818566832049
FixedParameters: 0 0 0
#Transform 106
Transform: MatrixOffsetTransformBase_double_3_3
Parameters: 0.999991753706916 0.0010055911728007992 0.003903076796322561 -0.0010164666098437943 0.9999953382350304 0.0029963627380930613 -0.00390051493975423 -0.002999640277680335 0.9999874393419723 0.023051064413664335 -0.0829889633937313 -0.31739223374599845
FixedParameters: 0 0 0
#Transform 107
Transform: MatrixOffsetTransformBase_double_3_3
Parameters: 0.9999928147642024 0.0012584208415521362 0.0036879647288950096 -0.0012699950751732848 0.9999947561965246 0.0029966463773634655 -0.003684126010371517 -0.0030013541262507715 0.9999890704554005 0.040113665045723224 -0.05597454400606239 -0.2983803673823786
FixedParameters: 0 0 0
#Transform 108
Transform: MatrixOffsetTransformBase_double_3_3
Parameters: 0.9999925594456469 0.0010782097177237362 0.0037789407326308862 -0.0010882964855365707 0.9999950958151224 0.002843094990092193 -0.0037754066134783925 -0.0028469080668919455 0.9999892754768234 0.024012342511554152 -0.06904776593057704 -0.31753225457372736
FixedParameters: 0 0 0
#Transform 109
Transform: MatrixOffsetTransformBase_double_3_3
Parameters: 0.9999920204816614 0.0011190523257350931 0.003965574236094623 -0.0011305091263448335 0.9999956790906217 0.002896847865135832 -0.003962674897317775 -0.0029011532957309433 0.9999875328791896 0.018267181658515597 -0.05019047632080742 -0.2966711293330775
FixedParameters: 0 0 0
#Transform 110
Transform: MatrixOffsetTransformBase_double_3_3
Parameters: 0.999992204177746 0.000993040915180885 0.003848203880390031 -0.0010042141090278443 0.9999950036427071 0.0030773617615574983 -0.003845553598277234 -0.00308164506381646 0.9999882337539407 0.03375731677917315 -0.11695518389981885 -0.3156307658124504
FixedParameters: 0 0 0
#Transform 111
Transform: MatrixOffsetTransformBase_double_3_3
Parameters: 0.9999922350330857 0.0009488922683844477 0.003723467834083084 -0.0009601232967356529 0.9999951196012986 0.0029056469090316533 -0.003720668835261417 -0.0029093524989437652 0.9999892082229035 0.053345896617528865 -0.016664338855292726 -0.3041631739409567
FixedParameters: 0 0 0
#Transform 112
Transform: MatrixOffsetTransformBase_double_3_3
Parameters: 0.999992047850672 0.0008826168486026746 0.0037647455193040935 -0.0008943597560835745 0.9999952212707659 0.0030739770749793893 -0.00376191002441683 -0.003077022599472151 0.9999879090649743 0.014701002820729059 -0.09333906663347591 -0.29445453590763293
FixedParameters: 0 0 0
#Transform 113
Transform: MatrixOffsetTransformBase_double_3_3
Parameters: 0.9999913756358989 0.0005575531689636488 0.004039086413028744 -0.000568569630754811 0.9999959855554365 0.002882822390414874 -0.004037353864809986 -0.0028851822278175704 0.9999877550514188 0.03240960626428091 -0.0021458329525358977 -0.3302965687598629
FixedParameters: 0 0 0
#Transform 114
Transform: MatrixOffsetTransformBase_double_3_3
Parameters: 0.9999927432541482 0.0013667070749325211 0.0035194853665010753 -0.0013784077282686102 0.9999943499556218 0.003175600845684856 -0.0035154979313188743 -0.0031804027384315925 0.9999891937964244 0.09310151659886401 -0.028018935189820127 -0.328545519601132
FixedParameters: 0 0 0
#Transform 115
Transform: MatrixOffsetTransformBase_double_3_3
Parameters: 0.9999908201345221 0.00286993501159316 0.0031531491755097864 -0.0028816626108325426 0.9999891461762889 0.0036669358883403697 -0.003142723887629033 -0.003676067118122281 0.9999887139094694 0.20448090138891928 -0.14018382336952584 -0.2693406016449522
FixedParameters: 0 0 0
#Transform 116
Transform: MatrixOffsetTransformBase_double_3_3
Parameters: 0.9999894326019356 0.0035672864900966983 0.002800018422311214 -0.003576917003767561 0.9999871927596471 0.003444369524129978 -0.002788294991384421 -0.0034546313751635666 0.9999904415457986 0.10755903569300074 -0.24674195496055518 -0.2790939774420913
FixedParameters: 0 0 0
#Transform 117
Transform: MatrixOffsetTransformBase_double_3_3
Parameters: 0.9999928715527643 0.003221569010660179 0.002179326450805822 -0.003229806135946947 0.9999876937131413 0.003882507559140491 -0.0021672988003370456 -0.0038894971317791766 0.9999899756011664 0.028136693351783038 -0.2230017694032398 -0.3807437278211019
FixedParameters: 0 0 0
#Transform 118
Transform: MatrixOffsetTransformBase_double_3_3
Parameters: 0.9999925407117375 0.003191456378422319 0.002296818169598357 -0.0031986602532729233 0.9999893986125558 0.003403076553071052 -0.0022861043730139463 -0.0034109298932963328 0.9999919266224149 -0.014521775432868367 -0.20669196687083513 -0.39586195718453254
FixedParameters: 0 0 0
#Transform 119
Transform: MatrixOffsetTransformBase_double_3_3
Parameters: 0.9999921696674464 0.0027673001738443915 0.0026781029085290566 -0.002777563028426691 0.9999885026484702 0.0038607266259984147 -0.0026674883648810347 -0.003868271124821937 0.9999887980848056 -0.02352562950476056 -0.15065784452090725 -0.41962943128874386
FixedParameters: 0 0 0
#Transform 120
Transform: MatrixOffsetTransformBase_double_3_3
Parameters: 0.9999916188698361 0.002040141790885883 0.003495383489465122 -0.002051138449598195 0.9999930490446945 0.0031314953307156612 -0.0034892789298494094 -0.003138505014205928 0.9999889132452445 -0.002250034026786807 -0.05708248737607846 -0.3985419038056719
FixedParameters: 0 0 0
#Transform 121
Transform: MatrixOffsetTransformBase_double_3_3
Parameters: 0.9999918845421402 0.001959284493777745 0.003503496162796281 -0.001970787878159507 0.9999929605502631 0.0031967594143760963 -0.0034976415412056863 -0.003203238476255116 0.9999884438638581 -0.0056465119473330105 -0.07127399100801313 -0.3778563510986288
FixedParameters: 0 0 0
#Transform 122
Transform: MatrixOffsetTransformBase_double_3_3
Parameters: 0.9999898420183105 0.0019784640851827685 0.004030426043492145 -0.001990494899054425 0.9999931795213295 0.002951372435497382 -0.0040243049627191885 -0.0029586217381915025 0.999987198338674 0.02329098489298076 -0.03734876288027067 -0.4338433833762849
FixedParameters: 0 0 0
#Transform 123
Transform: MatrixOffsetTransformBase_double_3_3
Parameters: 0.9999891491484911 0.0014986160600951488 0.004427859662219838 -0.001514279808445048 0.9999921539440793 0.0035453514794998864 -0.004422288104733702 -0.003551644679865157 0.9999838112969361 0.027466712159480267 -0.09284846250463374 -0.438843649057425
FixedParameters: 0 0 0
#Transform 124
Transform: MatrixOffsetTransformBase_double_3_3
Parameters: 0.999989084278907 0.0013031060304981431 0.004496191399699312 -0.0013180192094525516 0.9999943316265224 0.0031731430149304907 -0.004492237629540553 -0.0031788540993845094 0.9999845785482891 0.038176168051577974 -0.12177308374910467 -0.4584017967072036
FixedParameters: 0 0 0
#Transform 125
Transform: MatrixOffsetTransformBase_double_3_3
Parameters: 0.999990394945294 0.002444842376214747 0.003553398558352691 -0.002458735882168502 0.9999893027947061 0.0038199233390854015 -0.0035441002474756967 -0.0038290762534995276 0.9999868383089605 0.10165821531123242 -0.20791336521173776 -0.4077888885952774
FixedParameters: 0 0 0
#Transform 126
Transform: MatrixOffsetTransformBase_double_3_3
Parameters: 0.9999912347109987 0.00250426672443492 0.003239843562131669 -0.0025134279884581234 0.999992935060721 0.0029427506397368686 -0.0032319023824629437 -0.0029502547038738475 0.999990935800051 0.10946940343191613 -0.010067246371292526 -0.3286123735033435
FixedParameters: 0 0 0
#Transform 127
Transform: MatrixOffsetTransformBase_double_3_3
Parameters: 0.9999910778830543 0.002376669906945002 0.003357656660135884 -0.0023873870774053156 0.9999918688945755 0.0032367716884284248 -0.003349930472636503 -0.003245229034449723 0.9999892006799959 0.10078762095116645 -0.13222388296098586 -0.34011050359344
FixedParameters: 0 0 0
#Transform 128
Transform: MatrixOffsetTransformBase_double_3_3
Parameters: 0.9999912328023035 0.002361443338836944 0.003345257972368477 -0.0023724223750112585 0.9999914799597656 0.003454855071302776 -0.003337468314853257 -0.003463152311926121 0.9999888232832618 0.08216865419240094 -0.1784432749088296 -0.3568646958916233
FixedParameters: 0 0 0
#Transform 129
Transform: MatrixOffsetTransformBase_double_3_3
Parameters: 0.999990346659036 0.0016816367001314821 0.003978148080527545 -0.0016945779497278895 0.9999920207307181 0.003494565712872433 -0.003972572195181367 -0.0035014347405769725 0.99998585372986 0.08254830829717719 -0.10083516718474073 -0.3777738873913066
FixedParameters: 0 0 0
#Transform 130
Transform: MatrixOffsetTransformBase_double_3_3
Parameters: 0.9999901899664153 0.0018814218112240299 0.004033877308352064 -0.001894301150653386 0.9999934088233612 0.003176787348539545 -0.004027352041424042 -0.0031852112849463793 0.9999865434744394 0.09988869246259924 -0.12188190849309422 -0.37243290336129675
FixedParameters: 0 0 0
#Transform 131
Transform: MatrixOffsetTransformBase_double_3_3
Parameters: 0.9999905881679477 0.0016713429891135876 0.004076446401677194 -0.001682609427595042 0.9999945976221413 0.002945447662251341 -0.004072040925814556 -0.0029525598168455153 0.999987597199662 0.09194972451463457 -0.10449427723158067 -0.3609814437972503
FixedParameters: 0 0 0
#Transform 132
Transform: MatrixOffsetTransformBase_double_3_3
Parameters: 0.9999892926563287 0.0019174383373438643 0.0041272295772459625 -0.0019290204660552025 0.999994339183043 0.0028124492825658404 -0.004121010672288927 -0.0028205476998480056 0.9999870880237953 0.10095398510961218 -0.03835548924129739 -0.3665857224090381
FixedParameters: 0 0 0
#Transform 133
Transform: MatrixOffsetTransformBase_double_3_3
Parameters: 0.9999896879092772 0.0016566723589540346 0.004191613421743953 -0.0016691263596283882 0.9999942472626677 0.002992295192225547 -0.0041861437762480596 -0.00299870361525173 0.9999864944784973 0.09841383814614346 -0.09743947951244536 -0.37233981958874196
FixedParameters: 0 0 0
#Transform 134
Transform: MatrixOffsetTransformBase_double_3_3
Parameters: 0.9999879093102974 0.0018421075388692476 0.004549325115822081 -0.0018573565462041408 0.9999923790934316 0.003308579970526415 -0.004543304746358238 -0.0033164192471845655 0.9999845847150904 0.07090821301140693 -0.10338424348620379 -0.38211359117881116
FixedParameters: 0 0 0
#Transform 135
Transform: MatrixOffsetTransformBase_double_3_3
Parameters: 0.9999876908554606 0.001674469319671902 0.00463717762217257 -0.0016878833512699559 0.999994477133079 0.0029272140593805257 -0.004632686018888158 -0.0029347889589237397 0.9999850320502545 0.0882595457973423 -0.027436783415154764 -0.37622801629431635
FixedParameters: 0 0 0
#Transform 136
Transform: MatrixOffsetTransformBase_double_3_3
Parameters: 0.9999903424012986 0.0018556699162056104 0.00402687285768059 -0.001869417189968059 0.9999926626915003 0.003290767009963183 -0.004020085863824519 -0.0032982318903543723 0.9999869720875839 0.09915307663433737 -0.07054696152549411 -0.35983805858273854
FixedParameters: 0 0 0
#Transform 137
Transform: MatrixOffsetTransformBase_double_3_3
Parameters: 0.9999927319877203 0.0014053777938680598 0.0035059479822322085 -0.0014176933849186337 0.9999925318524409 0.0035764823976379007 -0.0035013295417684843 -0.003581519404742023 0.9999875814734135 0.06876953374079164 -0.13988573642537006 -0.33413431754709677
FixedParameters: 0 0 0
#Transform 138
Transform: MatrixOffsetTransformBase_double_3_3
Parameters: 0.9999897156832523 0.0013695220072227326 0.004290273839374533 -0.0013837963127516623 0.9999937746555578 0.0033812542174324195 -0.004286198202371992 -0.0033867503521991665 0.9999850379187831 0.06865448154127307 -0.11769127839198745 -0.38584214078099777
FixedParameters: 0 0 0
#Transform 139
Transform: MatrixOffsetTransformBase_double_3_3
Parameters: 0.9999896872841513 0.0016326921874100667 0.004318141153577972 -0.0016468964201104292 0.999992831916271 0.0032359420666122907 -0.004312880374211039 -0.0032430560738304914 0.9999858664869007 0.07892187735900791 -0.06499179259294863 -0.3801743062406331
FixedParameters: 0 0 0
#Transform 140
Transform: MatrixOffsetTransformBase_double_3_3
Parameters: 0.9999895563539954 0.0017497610143977361 0.004168905093262818 -0.0017639756131943211 0.9999925318929949 0.0033679401129824565 -0.004163414518900499 -0.003375055975109273 0.9999852902690423 0.08270521386805285 -0.13651043603964297 -0.367439178891928
FixedParameters: 0 0 0
#Transform 141
Transform: MatrixOffsetTransformBase_double_3_3
Parameters: 0.9999901371293702 0.0015056371494473763 0.00419453989368181 -0.0015201361127556749 0.9999934755752258 0.003366814980444041 -0.004189706490195265 -0.0033731886596867627 0.999985947564851 0.08264469068859626 -0.11642656253658856 -0.37676301102906606
FixedParameters: 0 0 0
#Transform 142
Transform: MatrixOffsetTransformBase_double_3_3
Parameters: 0.999987977199344 0.0014894511331121443 0.004775326112671645 -0.0015044981135345884 0.9999947621097752 0.003000753106492879 -0.004770701702711889 -0.0030082461056583354 0.9999841608977327 0.07002964356097152 -0.04403569498833804 -0.36629899479661887
FixedParameters: 0 0 0
#Transform 143
Transform: MatrixOffsetTransformBase_double_3_3
Parameters: 0.9999884668592692 0.0015249607596298405 0.004495400487701133 -0.001539828804130761 0.9999930627034522 0.0034031362337658133 -0.004490079983439616 -0.0034098664535255063 0.9999841954640413 0.06935711391096788 -0.11207800085610131 -0.37499883968239445
FixedParameters: 0 0 0
#Transform 144
Transform: MatrixOffsetTransformBase_double_3_3
Parameters: 0.9999879597579656 0.0014637409719021456 0.004785216436398938 -0.0014805092946728051 0.999992610210533 0.0034987376736612813 -0.0047799020230615925 -0.0035062634977798823 0.9999828143020554 0.07880370752504007 -0.0909989823627626 -0.4017791359860148
FixedParameters: 0 0 0
#Transform 145
Transform: MatrixOffsetTransformBase_double_3_3
Parameters: 0.9999875527476343 0.0017188770590089671 0.004742465899728908 -0.0017346000311574087 0.9999928252124153 0.003327700429689176 -0.004737071147135272 -0.003336301681924725 0.9999835228774123 0.07970593743452525 -0.10226098624461599 -0.37678705370227306
FixedParameters: 0 0 0
#Transform 146
Transform: MatrixOffsetTransformBase_double_3_3
Parameters: 0.99998669342397 0.0012760463693874424 0.0050674602227170394 -0.0012925008251217964 0.9999936357334861 0.0032611356936092656 -0.005063081789474958 -0.00326686246108443 0.9999817501025329 0.07559295738928995 -0.08938916631070981 -0.3918967332932546
FixedParameters: 0 0 0
#Transform 147
Transform: MatrixOffsetTransformBase_double_3_3
Parameters: 0.9999882149690675 0.0016014396294984612 0.004496954636482655 -0.001616163878586676 0.9999929382225172 0.0033857907577575647 -0.004491168261832224 -0.003393211795826079 0.9999842991203967 0.09102593801206638 -0.06710722143738224 -0.3611564783676151
FixedParameters: 0 0 0
#Transform 148
Transform: MatrixOffsetTransformBase_double_3_3
Parameters: 0.9999866288768722 0.0016421131053591322 0.004967616291649694 -0.001658414226387929 0.9999931316090723 0.003322570752633494 -0.004961633248295055 -0.0033314311415389986 0.9999823591909222 0.07529875494364546 -0.13173519489767216 -0.38464626614120334
FixedParameters: 0 0 0
#Transform 149
Transform: MatrixOffsetTransformBase_double_3_3
Parameters: 0.9999858725234901 0.0016670522522954769 0.005133286008968878 -0.0016855466936911959 0.9999922188969924 0.003429023350957669 -0.005126772666242995 -0.003437968440324096 0.9999810755691171 0.09519656941051835 -0.09342429510064676 -0.40888879279494716
FixedParameters: 0 0 0
#Transform 150
Transform: MatrixOffsetTransformBase_double_3_3
Parameters: 0.9999876810202469 0.0017363802152090522 0.0047225677274537045 -0.0017522388842791082 0.999992452528099 0.003356636524716003 -0.004716956460714804 -0.0033643642417842123 0.9999836423626787 0.09672414671290142 -0.12179549673214751 -0.3805469099814971
FixedParameters: 0 0 0
#Transform 151
Transform: MatrixOffsetTransformBase_double_3_3
Parameters: 0.9999882169904717 0.0016041562051289883 0.004495058900508219 -0.0016208862093605387 0.9999913411744995 0.003747774563991099 -0.004489943060023653 -0.0037552240056962782 0.9999827280574702 0.10034016694602599 -0.11970162005773943 -0.38797922087997705
FixedParameters: 0 0 0
#Transform 152
Transform: MatrixOffsetTransformBase_double_3_3
Parameters: 0.999987143602675 0.0015698069809186267 0.0047318285286477735 -0.001584951319625432 0.9999929762460342 0.003379426497113369 -0.004727146353459073 -0.003386579440981252 0.9999832777507232 0.07590268206182316 -0.13763380521450586 -0.3765545932603338
FixedParameters: 0 0 0
#Transform 153
Transform: MatrixOffsetTransformBase_double_3_3
Parameters: 0.9999876427173633 0.0014155885598106884 0.0048324880697030665 -0.0014323755754976672 0.9999928552895696 0.0034668858204334185 -0.004827603470982545 -0.0034731160774284092 0.9999827053963226 0.08063103604563082 -0.1496991853948515 -0.40176974823732436
FixedParameters: 0 0 0
#Transform 154
Transform: MatrixOffsetTransformBase_double_3_3
Parameters: 0.9999867381424659 0.0011425905007468149 0.0049957028734865915 -0.0011604505998861784 0.9999932450810202 0.003547921812046967 -0.004991408197260016 -0.0035540791549175665 0.9999812736110453 0.09278613644954703 -0.11649637737595242 -0.4068210918059272
FixedParameters: 0 0 0
#Transform 155
Transform: MatrixOffsetTransformBase_double_3_3
Parameters: 0.9999850680033232 0.0015118900153937385 0.005162087074151879 -0.0015323640547361835 0.9999912401284528 0.0039027743384427993 -0.005155819425909579 -0.0039102256533004726 0.9999793060531142 0.06788646606160853 -0.14272097237535775 -0.3963209725764365
FixedParameters: 0 0 0
#Transform 156
Transform: MatrixOffsetTransformBase_double_3_3
Parameters: 0.9999859778047409 0.001201257568467248 0.005251352738355614 -0.0012213572943591197 0.9999929357736986 0.0036941786128524695 -0.0052471492109121345 -0.0037008241401380038 0.9999796987166698 0.06136360180910572 -0.10380204898594059 -0.418480525339735
FixedParameters: 0 0 0
#Transform 157
Transform: MatrixOffsetTransformBase_double_3_3
Parameters: 0.999987648390582 0.0014852081153689314 0.004810872872194903 -0.001502072697780515 0.9999933035835765 0.003386714709122024 -0.004805864198985969 -0.0033942815109418434 0.999982353627642 0.08603623160287555 -0.10568355919130568 -0.4004124816558061
FixedParameters: 0 0 0
#Transform 158
Transform: MatrixOffsetTransformBase_double_3_3
Parameters: 0.9999882625743846 0.0015521320360405034 0.004618097223999646 -0.0015681439101130996 0.9999929039663227 0.0035568215936530173 -0.0046129778507720395 -0.0035641842662211404 0.9999830040360849 0.07778819887448662 -0.11072730015958143 -0.39192947126074174
FixedParameters: 0 0 0
#Transform 159
Transform: MatrixOffsetTransformBase_double_3_3
Parameters: 0.9999879950980787 0.0014139742482499665 0.004690768780812792 -0.0014315092232238316 0.9999917665045541 0.003770228099200204 -0.004685899850969117 -0.003776771520734759 0.9999817497182076 0.08459776198232305 -0.11841849365949031 -0.41336568375063365
FixedParameters: 0 0 0
#Transform 160
Transform: MatrixOffsetTransformBase_double_3_3
Parameters: 0.999987657069001 0.001093350473464244 0.00481107084527178 -0.001110898319034843 0.9999934589707676 0.003548506727236722 -0.004807247755324432 -0.0035544926517903364 0.999981971563239 0.05262095562792979 -0.12425402313468226 -0.4082356812726964
FixedParameters: 0 0 0
#Transform 161
Transform: MatrixOffsetTransformBase_double_3_3
Parameters: 0.9999870227855564 0.0011572949649685635 0.004963462040036781 -0.0011747612764566187 0.9999924031306331 0.003643872121029318 -0.004959712303539843 -0.0036491294884324343 0.9999810254636486 0.05893931561007548 -0.1302436196331911 -0.4219672095040856
FixedParameters: 0 0 0
#Transform 162
Transform: MatrixOffsetTransformBase_double_3_3
Parameters: 0.9999872570010883 0.0010862680023513132 0.00495592528686932 -0.0011024934773024959 0.999994000440887 0.0033112508000360946 -0.004952677042167489 -0.0033167515380222307 0.9999822911587768 0.05664650345299549 -0.09567549580505386 -0.40611819397086535
FixedParameters: 0 0 0
#Transform 163
Transform: MatrixOffsetTransformBase_double_3_3
Parameters: 0.9999900997022574 0.000429086490979441 0.004325913710123444 -0.0004441449462748017 0.999994067901032 0.0035170854142201335 -0.004324983811400318 -0.003518916756702878 0.9999842789519952 -0.05178689829773475 -0.12360996331000251 -0.39072748102242727
FixedParameters: 0 0 0
#Transform 164
Transform: MatrixOffsetTransformBase_double_3_3
Parameters: 0.9999920723941372 0.0006943186784864393 0.003929960592885588 -0.0007054475749152693 0.9999962518760543 0.0025983280468011294 -0.003928202703802256 -0.0026006698496436886 0.9999893056466648 -0.08765174749072457 0.00662701139175681 -0.3179916044568145
FixedParameters: 0 0 0
#Transform 165
Transform: MatrixOffsetTransformBase_double_3_3
Parameters: 0.9999905283043204 0.0008398406909833988 0.004215319540527933 -0.0008506634582697532 0.9999957984129662 0.0026213812841121426 -0.004212522401403344 -0.0026246185879665596 0.9999879695467206 -0.08688415459424448 -0.012680990163715933 -0.35431817807684496
FixedParameters: 0 0 0
#Transform 166
Transform: MatrixOffsetTransformBase_double_3_3
Parameters: 0.9999908017816473 0.0005478293388501691 0.004347332866574371 -0.000560039455526765 0.9999957372939396 0.002929565788480179 -0.004345479020745212 -0.0029324352711417173 0.9999858828433584 -0.11370018051621855 -0.06421171755363275 -0.38228013344849643
FixedParameters: 0 0 0
#Transform 167
Transform: MatrixOffsetTransformBase_double_3_3
Parameters: 0.9999901229473395 0.0010243159631557986 0.004222367506842686 -0.0010352268613724957 0.999996208650946 0.002641704646607443 -0.004219552701226096 -0.0026452993330982055 0.9999879380112588 -0.056465348714752395 0.00015467438326766114 -0.35308526313637856
FixedParameters: 0 0 0
#Transform 168
Transform: MatrixOffsetTransformBase_double_3_3
Parameters: 0.9999900315093222 0.0007463803440012286 0.0044057792034980555 -0.0007602723213357114 0.9999952340538243 0.003095625827022691 -0.004403498960393223 -0.0030983757364876213 0.9999856144911651 -0.1133457992216762 -0.0673104382848777 -0.36328372001701226
FixedParameters: 0 0 0
#Transform 169
Transform: MatrixOffsetTransformBase_double_3_3
Parameters: 0.9999893972823265 0.0007486125785116066 0.004477270971621047 -0.0007607041261898748 0.9999957975805633 0.002831565558460772 -0.004474388391114057 -0.002834434659461954 0.9999855478084859 -0.08266896872157758 -0.010368930986999203 -0.3576182398242871
FixedParameters: 0 0 0
#Transform 170
Transform: MatrixOffsetTransformBase_double_3_3
Parameters: 0.9999908940863494 0.0008644164994702857 0.00416624430088188 -0.0008763608405047538 0.9999957637490184 0.00280143863861039 -0.004163994503510549 -0.002804560910053322 0.9999874166187321 -0.1069570634576138 -0.022815362514990056 -0.3233294351425684
FixedParameters: 0 0 0
#Transform 171
Transform: MatrixOffsetTransformBase_double_3_3
Parameters: 0.9999918885432221 0.0007786207986048351 0.00393796343004746 -0.0007906057709917466 0.999995148492752 0.0029539900483675774 -0.003934962631551671 -0.0029570092730091535 0.9999882699836372 -0.09899641384562585 -0.0043845392828956165 -0.3256356501423845
FixedParameters: 0 0 0
#Transform 172
Transform: MatrixOffsetTransformBase_double_3_3
Parameters: 0.9999919034116141 0.0010123825369932208 0.004008781356310427 -0.0010240278024324736 0.9999952362980761 0.003013106864316009 -0.00400614184931572 -0.0030168975058364467 0.9999874865312705 -0.07384789857952967 -0.06344035120898184 -0.3237324464840512
FixedParameters: 0 0 0
#Transform 173
Transform: MatrixOffsetTransformBase_double_3_3
Parameters: 0.999988903431211 0.0007574241885105894 0.004745983136219573 -0.0007725375601127925 0.9999945140849723 0.0032110723207826736 -0.004743209477067498 -0.0032149288841423485 0.9999837424317102 -0.09410205420260809 -0.08648331728076641 -0.3772441615546889
FixedParameters: 0 0 0
#Transform 174
Transform: MatrixOffsetTransformBase_double_3_3
Parameters: 0.9999891461418464 0.0005847035838224026 0.004638238838569703 -0.0005988547790832863 0.9999954525406632 0.0029549717668166664 -0.004636132961552773 -0.0029580279400071158 0.9999852116839905 -0.08007564407579082 -0.05671324055919058 -0.3430061566829359
FixedParameters: 0 0 0
#Transform 175
Transform: MatrixOffsetTransformBase_double_3_3
Parameters: 0.999988578800442 0.0005561469249788675 0.004807540053513693 -0.0005717210059361789 0.9999943671268199 0.00342499470383667 -0.004805574360832112 -0.003427013352194516 0.9999827364880186 -0.08646675408536453 -0.11253286436706844 -0.3826651604896014
FixedParameters: 0 0 0
#Transform 176
Transform: MatrixOffsetTransformBase_double_3_3
Parameters: 0.9999858248205202 0.0005828914020411817 0.005369618372453739 -0.0005982857574925719 0.9999957863743999 0.0028641533332856434 -0.005368375835744505 -0.0028668480355557024 0.9999816161081703 -0.07880586073783036 -0.01520644825779982 -0.38399980478662243
FixedParameters: 0 0 0
#Transform 177
Transform: MatrixOffsetTransformBase_double_3_3
Parameters: 0.9999890761032026 0.0003516891025980303 0.004669460746239485 -0.00036576179559519393 0.9999952854883135 0.0030210410566763463 -0.004667571880608478 -0.003021958257415483 0.9999845315510028 -0.07707253155938076 -0.08530817814889247 -0.36880540977402987
FixedParameters: 0 0 0
#Transform 178
Transform: MatrixOffsetTransformBase_double_3_3
Parameters: 0.9999882911366763 0.0005981182996213202 0.004832544117632576 -0.0006133284216696928 0.9999947681209312 0.0030486520385745453 -0.004830120648787612 -0.0030513443626361547 0.9999839178733972 -0.04165922808853395 -0.06126408657308957 -0.3666759011001304
FixedParameters: 0 0 0
#Transform 179
Transform: MatrixOffsetTransformBase_double_3_3
Parameters: 0.9999859211781102 0.0004775330658006126 0.005371430993844386 -0.0004967534841906885 0.9999926802012672 0.0036816022996278563 -0.005369375458878685 -0.003684399808715849 0.9999791117019353 -0.07357140682677255 -0.12559183211421043 -0.3636809522351605
FixedParameters: 0 0 0
#Transform 180
Transform: MatrixOffsetTransformBase_double_3_3
Parameters: 0.9999872810673095 0.0005402749261813139 0.005042530684853622 -0.0005540101287957224 0.9999959813413546 0.0026767000779256422 -0.005040993510324555 -0.0026792985396003055 0.9999839562438518 -0.056487557572708624 -0.01690630937196147 -0.36364378820023546
FixedParameters: 0 0 0
#Transform 181
Transform: MatrixOffsetTransformBase_double_3_3
Parameters: 0.9999861753259472 0.0005064484266218583 0.005250314993192365 -0.0005216422000252086 0.9999951669312065 0.003004641563009336 -0.0052492448075028945 -0.0030073620738786527 0.9999819361453494 -0.06827422575366882 -0.07965997286054005 -0.3662379101771194
FixedParameters: 0 0 0
#Transform 182
Transform: MatrixOffsetTransformBase_double_3_3
Parameters: 0.999985724996356 0.00035704794455788686 0.005398956095937939 -0.00037363491588073 0.9999945328940398 0.003132244620735636 -0.005397572713036959 -0.0031337542113850647 0.9999805605363412 -0.047152450958435566 -0.046616833248080525 -0.3539979396022801
FixedParameters: 0 0 0
#Transform 183
Transform: MatrixOffsetTransformBase_double_3_3
Parameters: 0.9999839564001431 0.00033561172258391543 0.005738284188868197 -0.0003559956509944778 0.9999943918424306 0.0034611125562629963 -0.0057375444972582006 -0.0034628880346788543 0.9999775933978089 -0.06716097913597707 -0.10168763986207807 -0.3756946379179702
FixedParameters: 0 0 0
#Transform 184
Transform: MatrixOffsetTransformBase_double_3_3
Parameters: 0.9999866273156397 -0.00020823618678277858 0.005227899792887933 0.00019302720566989916 0.9999960005788228 0.002985448990798098 -0.005228140213032618 -0.002984555563706734 0.9999818061117207 -0.03146506749180844 -0.04055407463877714 -0.38450046704898
FixedParameters: 0 0 0
#Transform 185
Transform: MatrixOffsetTransformBase_double_3_3
Parameters: 0.9999838630268886 -0.00014063966387535467 0.005754679235646759 0.00012101624708876835 0.9999945376376089 0.0033647725990091915 -0.005755229164878047 -0.0033642266370792206 0.9999776854196099 -0.046921319542960305 -0.05887712361170827 -0.37861387646571387
FixedParameters: 0 0 0
#Transform 186
Transform: MatrixOffsetTransformBase_double_3_3
Parameters: 0.9999817537407355 -0.0001311695077332092 0.006101611826529831 0.00011086201799690755 0.9999942630298039 0.0033925024696501854 -0.006101858650637 -0.003391499054310479 0.9999754790972127 -0.038453604156401866 -0.04651731606148246 -0.3869779238230606
FixedParameters: 0 0 0
#Transform 187
Transform: MatrixOffsetTransformBase_double_3_3
Parameters: 0.9999816217861602 0.00026488873275886337 0.006025852049466361 -0.00028160641216271807 0.9999964665284258 0.0026422052273514796 -0.00602456470557148 -0.0026437889178282797 0.9999781842237448 -0.01437000571017677 -0.07786246976816358 -0.4069226062851108
FixedParameters: 0 0 0
#Transform 188
Transform: MatrixOffsetTransformBase_double_3_3
Parameters: 0.9999851904151309 0.00009184094436178304 0.005459083531136988 -0.00010810876546793873 0.9999954574834776 0.0028755783528149753 -0.005458665525253732 -0.002876417520023322 0.9999811900342763 0.0005954421446006108 -0.061976624896729504 -0.40114391450738296
FixedParameters: 0 0 0
#Transform 189
Transform: MatrixOffsetTransformBase_double_3_3
Parameters: 0.999987701511725 0.0006866269930434877 0.004982432673056096 -0.0007045824146951421 0.9999933013601434 0.0035551136763587454 -0.00498037505523317 -0.0035588832902247736 0.999981095424257 0.0018248564572331816 -0.119026762946703 -0.37728129586284354
FixedParameters: 0 0 0
#Transform 190
Transform: MatrixOffsetTransformBase_double_3_3
Parameters: 0.9999875382692105 0.00010668964032025654 0.005044985439662422 -0.00012345645243806336 0.9999950534276478 0.0032599098140425747 -0.005044270346197368 -0.0032600927088697468 0.9999822294417816 -0.002441896853568437 -0.0774493531655196 -0.3834546962899381
FixedParameters: 0 0 0
#Transform 191
Transform: MatrixOffsetTransformBase_double_3_3
Parameters: 0.9999872097620468 0.000019907772958032213 0.005078509576856944 -0.00003673223280396473 0.9999939990994117 0.0034392416969741546 -0.005078106205664661 -0.0034397634465258287 0.9999815501021103 -0.011878346629899283 -0.10491087879513827 -0.364236562789511
FixedParameters: 0 0 0
#Transform 192
Transform: MatrixOffsetTransformBase_double_3_3
Parameters: 0.999988574870636 0.00004836083921909808 0.004735336061071932 -0.00006433632478770175 0.9999943084907441 0.003389359231422792 -0.004734989257265735 -0.003389643136947021 0.9999832887565662 -0.011887142356911795 -0.015669911953821725 -0.3982014629321924
FixedParameters: 0 0 0
#Transform 193
Transform: MatrixOffsetTransformBase_double_3_3
Parameters: 0.9999893634183483 -0.000026544494058877233 0.00454261141779181 0.000008948238623534936 0.9999930099662457 0.003711824431089167 -0.0045427783430275065 -0.0037111715290788355 0.9999828027656511 -0.03301563473240776 -0.10185852547117236 -0.397875429720159
FixedParameters: 0 0 0
#Transform 194
Transform: MatrixOffsetTransformBase_double_3_3
Parameters: 0.9999881407505 0.00005858335558588763 0.00478085376130061 -0.00007316533586147571 0.9999944823230645 0.0032113093936089465 -0.004780465833180876 -0.0032116895066981455 0.9999830307954908 -0.06284241897617449 -0.09922593590232509 -0.39384444090614323
FixedParameters: 0 0 0
#Transform 195
Transform: MatrixOffsetTransformBase_double_3_3
Parameters: 0.9999892598350227 0.000030502668519529624 0.004662636970806457 -0.00004665258008368671 0.9999940569617748 0.003567568523384232 -0.004662275036251478 -0.0035674365961592402 0.9999827485233573 -0.04527583350191833 -0.06629187738249698 -0.3805094524661996
FixedParameters: 0 0 0
#Transform 196
Transform: MatrixOffsetTransformBase_double_3_3
Parameters: 0.9999905468596885 -0.0000024712825589114735 0.0044105528495632295 -0.000013535377000524184 0.9999935028265909 0.003642842545572761 -0.004410547741150992 -0.0036421577545122097 0.999983508202647 -0.06028049060732599 -0.11876141054128198 -0.3794393147988373
FixedParameters: 0 0 0
#Transform 197
Transform: MatrixOffsetTransformBase_double_3_3
Parameters: 0.999986388117134 -0.00023718472991361125 0.005249456271888354 0.00022177828478524771 0.9999958283624084 0.002992589211740823 -0.005249871919372195 -0.0029904138805202096 0.9999816614379285 -0.032903154749561736 -0.06961596867493824 -0.3910991929874825
FixedParameters: 0 0 0
#Transform 198
Transform: MatrixOffsetTransformBase_double_3_3
Parameters: 0.999984471595228 -0.00039246306209745474 0.005511303697139361 0.0003727162039323492 0.999993852708548 0.003604267763319083 -0.005512615835836577 -0.0036017383184160645 0.9999786553646538 -0.03480724454088602 -0.1018955400693784 -0.39748083865595873
FixedParameters: 0 0 0
#Transform 199
Transform: MatrixOffsetTransformBase_double_3_3
Parameters: 0.9999880447351716 -0.0004683741375336346 0.0048716564330020026 0.0004541468001692678 0.9999953429565297 0.003102799316877486 -0.00487356075537016 -0.003101207270724618 0.9999834567889574 -0.02424201115077551 -0.1086270012683741 -0.3578396556428842
FixedParameters: 0 0 0
#Transform 200
Transform: MatrixOffsetTransformBase_double_3_3
Parameters: 0.9999833797661697 -0.00030864987010875364 0.0057031698399554 0.0002899862661856678 0.999994582637692 0.0032137391403006532 -0.005703892177313277 -0.003212254932279432 0.9999781501880103 -0.04179060299671278 -0.0436894404134307 -0.4096159819731433
FixedParameters: 0 0 0
#Transform 201
Transform: MatrixOffsetTransformBase_double_3_3
Parameters: 0.9999875168949655 -0.0002157474197561695 0.005043641039551194 0.00019971558116986077 0.9999941888187852 0.00327444530714463 -0.005043922045695699 -0.0032735541883265606 0.9999818897319336 -0.01813248669515133 -0.11796492227050237 -0.3684300363577151
FixedParameters: 0 0 0
#Transform 202
Transform: MatrixOffsetTransformBase_double_3_3
Parameters: 0.999987197696242 -0.00008989448941052207 0.005078744840695001 0.00007325374043139493 0.9999942411270375 0.0034208153224186133 -0.005079094418816922 -0.0034211911078690094 0.9999815498461361 -0.026749724701716104 -0.11538366358333008 -0.3820105366211486
FixedParameters: 0 0 0
#Transform 203
Transform: MatrixOffsetTransformBase_double_3_3
Parameters: 0.999983590200442 -0.00042002784711279935 0.005764881978827701 0.0003993662454809362 0.999993182104196 0.003697280361954172 -0.00576622192140686 -0.0036947281368342882 0.9999770869115596 -0.03475975051978253 -0.08812549361671529 -0.40866042244425316
FixedParameters: 0 0 0
#Transform 204
Transform: MatrixOffsetTransformBase_double_3_3
Parameters: 0.9999841222759805 -0.0006904309721068953 0.005603652417932321 0.0006708295081222017 0.9999937416887178 0.003610002373099136 -0.005606004648631159 -0.0036060014906151155 0.99997734495354 -0.054066127951656995 -0.11901421715890592 -0.3720057327876205
FixedParameters: 0 0 0
#Transform 205
Transform: MatrixOffsetTransformBase_double_3_3
Parameters: 0.9999844078541831 -0.00043242696042323646 0.0056039777094837 0.000413967837945557 0.9999941828108029 0.003429425346387585 -0.005605434764768267 -0.0034275819730023027 0.9999787155392296 -0.02966074856384182 -0.07941156443472153 -0.4146747351889175
FixedParameters: 0 0 0
#Transform 206
Transform: MatrixOffsetTransformBase_double_3_3
Parameters: 0.9999837603507474 -0.0004550069814064614 0.005659697385066087 0.00043331571415011186 0.9999920691728753 0.003856443467721557 -0.0056614337723697936 -0.003854557392884775 0.999976961064461 -0.02876730039777442 -0.1352339603610062 -0.36864646754379393
FixedParameters: 0 0 0
#Transform 207
Transform: MatrixOffsetTransformBase_double_3_3
Parameters: 0.9999826721552457 -0.00025524132084377615 0.005853295760601986 0.0002332174766033253 0.9999927604454684 0.0037673423749508828 -0.005854439771950081 -0.003766655064037963 0.9999755307974955 -0.053484441946110906 -0.1331284521886147 -0.4021501818176709
FixedParameters: 0 0 0
#Transform 208
Transform: MatrixOffsetTransformBase_double_3_3
Parameters: 0.9999858049278699 -0.00023689171008785243 0.005397754029481148 0.0002203109026867817 0.9999946051108092 0.0032133922234319073 -0.005399014484133815 -0.003212612290420483 0.9999805528606387 -0.010601670365232962 -0.07368338128144103 -0.3890313303300026
FixedParameters: 0 0 0
#Transform 209
Transform: MatrixOffsetTransformBase_double_3_3
Parameters: 0.9999853982239386 -0.0005348244899179862 0.005414583547423394 0.0005189125350054797 0.9999952069776726 0.002937022669284403 -0.005415726915095934 -0.0029339750038197693 0.9999809567680289 0.010569618963401695 -0.1046966430913443 -0.3927980512842524
FixedParameters: 0 0 0
#Transform 210
Transform: MatrixOffsetTransformBase_double_3_3
Parameters: 0.9999864524456956 -0.00018632188577573784 0.00524504986147265 0.0001668622447645988 0.9999931111333666 0.003581199227224316 -0.005246106072271095 -0.0035807928779105214 0.999979693960062 -0.02294465506030008 -0.1420718494270261 -0.3830786816064382
FixedParameters: 0 0 0
#Transform 211
Transform: MatrixOffsetTransformBase_double_3_3
Parameters: 0.999988082092936 -0.000022819596574298845 0.004890422223277517 0.000008431910464190086 0.9999958127947884 0.003017716843526058 -0.004890673594128742 -0.0030182845666159586 0.9999830524960125 0.013794135580965872 -0.08827507663987433 -0.35874779941797286
FixedParameters: 0 0 0
#Transform 212
Transform: MatrixOffsetTransformBase_double_3_3
Parameters: 0.999985003206083 -0.0002674913771777831 0.005377906248405422 0.0002483400549649499 0.999993269059982 0.0035565424817887437 -0.005379410144365309 -0.003555456212794822 0.9999794436154466 -0.023413503606704467 -0.13808748669276838 -0.3772108578679827
FixedParameters: 0 0 0
#Transform 213
Transform: MatrixOffsetTransformBase_double_3_3
Parameters: 0.999984688250676 -0.0005051875977529943 0.005572652989253781 0.00048472253747470286 0.9999936979216231 0.003628929405491449 -0.005574799092953628 -0.003626070392869496 0.9999776725247842 -0.015599234135905249 -0.12206459288296401 -0.39126653496519026
FixedParameters: 0 0 0
#Transform 214
Transform: MatrixOffsetTransformBase_double_3_3
Parameters: 0.999985537210609 -0.0006435485257254866 0.005296106609942573 0.0006240438321575642 0.9999936944317779 0.003622665479582912 -0.005298381094779124 -0.0036193375783161452 0.9999796192133926 -0.00865712572415589 -0.11988389275923339 -0.368062485095102
FixedParameters: 0 0 0
#Transform 215
Transform: MatrixOffsetTransformBase_double_3_3
Parameters: 0.9999834312806517 -0.0005616936425338953 0.00567945060680021 0.0005390128423869585 0.99999245893857 0.0039201763175698845 -0.005681082653494114 -0.003916824399486998 0.9999762626868757 -0.05986062888025856 -0.15845900805658175 -0.3884175281080111
FixedParameters: 0 0 0
#Transform 216
Transform: MatrixOffsetTransformBase_double_3_3
Parameters: 0.9999849224534798 -0.0007314956429665776 0.005435181964762328 0.0007133529048392796 0.9999941203289245 0.00340511528915155 -0.005437783325364821 -0.003400889143922489 0.9999796410503742 -0.004481744860484582 -0.08900524490502448 -0.41422410448571867
FixedParameters: 0 0 0
#Transform 217
Transform: MatrixOffsetTransformBase_double_3_3
Parameters: 0.9999847360735508 -0.0008697399004131374 0.005523501886122049 0.0008487198526599028 0.9999923506280871 0.0037798268348668146 -0.005526441637409648 -0.0037751733468282256 0.9999778461073515 -0.03348038842928247 -0.1272460374097335 -0.40769117997103166
FixedParameters: 0 0 0
#Transform 218
Transform: MatrixOffsetTransformBase_double_3_3
Parameters: 0.9999821541993532 -0.0007288802083830815 0.005857834017428104 0.0007099089336372069 0.9999937736967119 0.003315037666874812 -0.005860163397026787 -0.003310962305153556 0.9999774283133284 -0.01943339197880789 -0.10108154949190862 -0.42843975887464225
FixedParameters: 0 0 0
#Transform 219
Transform: MatrixOffsetTransformBase_double_3_3
Parameters: 0.9999844793761499 -0.0006972803781624402 0.005480823941202079 0.0006770479966473474 0.9999934643941264 0.0036469536700757532 -0.00548240348868836 -0.0036430488922922916 0.9999784426317425 -0.010918294388204686 -0.11324630612260478 -0.40460799294119454
FixedParameters: 0 0 0
#Transform 220
Transform: MatrixOffsetTransformBase_double_3_3
Parameters: 0.9999831767264767 -0.001052649164457593 0.005720093692195407 0.0010304842794253014 0.9999924441909307 0.0037399315385007598 -0.0057233341004193075 -0.003734065582391838 0.9999768018746342 -0.01489171290799618 -0.12108452586730323 -0.4289502792980677
FixedParameters: 0 0 0
#Transform 221
Transform: MatrixOffsetTransformBase_double_3_3
Parameters: 0.9999882969702587 -0.000723946158230034 0.00481423217828975 0.0007064969044447016 0.9999938124653053 0.0034620061865702767 -0.004817232361047479 -0.0034589908606020153 0.9999825341811323 0.02966102326519149 -0.10900414307182871 -0.36185450972352484
FixedParameters: 0 0 0
#Transform 222
Transform: MatrixOffsetTransformBase_double_3_3
Parameters: 0.9999902265509057 0.00007260548726961192 0.004446259013918842 -0.00008893696444404586 0.9999935626026795 0.003649521524752841 -0.004445704560181714 -0.0036504764659621575 0.999983018735504 0.014208051954028633 -0.14732735413394948 -0.2863715051937241
FixedParameters: 0 0 0
#Transform 223
Transform: MatrixOffsetTransformBase_double_3_3
Parameters: 0.9999895430482799 0.00022052191851957398 0.004517616025416521 -0.0002378991580044398 0.9999921975157308 0.003940712330662802 -0.004516593131714208 -0.003942291431299788 0.9999822743937943 0.06836032145565696 -0.059969961183668374 -0.3090016702196756
FixedParameters: 0 0 0
#Transform 224
Transform: MatrixOffsetTransformBase_double_3_3
Parameters: 0.9999826887247459 0.0018301775917792975 0.005653919794896692 -0.001844836905940322 0.9999949163239056 0.0026740786023621566 -0.005648201577279316 -0.002683923544828992 0.9999804181606806 0.16058639024011256 -0.009425255087762707 -0.3016166567583589
FixedParameters: 0 0 0
#Transform 225
Transform: MatrixOffsetTransformBase_double_3_3
Parameters: 0.9999870641019285 0.0021778854820165613 0.004493505831488983 -0.0021901253021512517 0.9999931625356764 0.0027923035031533344 -0.0044877641620216895 -0.002802697105579857 0.9999862494241543 0.08534078078730545 -0.13737425110834067 -0.303601717932537
FixedParameters: 0 0 0
#Transform 226
Transform: MatrixOffsetTransformBase_double_3_3
Parameters: 0.9999897776862474 0.0016303197937548742 0.004190980597879013 -0.0016442481844114376 0.9999935027311739 0.0033014186298005593 -0.004185521597619718 -0.0033085807048946897 0.9999854287374116 0.07080967234897173 -0.19020246814605457 -0.3255539782916763
FixedParameters: 0 0 0
#Transform 227
Transform: MatrixOffsetTransformBase_double_3_3
Parameters: 0.9999891751704788 0.0011465750833618074 0.004637592081026732 -0.001160618410437246 0.9999942746309339 0.003089445401600749 -0.004634707301307728 -0.0030945569052974464 0.9999847794494556 0.04788222231633199 -0.17721666498525224 -0.35436363969703066
FixedParameters: 0 0 0
#Transform 228
Transform: MatrixOffsetTransformBase_double_3_3
Parameters: 0.999986544882757 0.0008586525271816378 0.005071159590040131 -0.0008745340693690491 0.9999943734951554 0.0031901714161473305 -0.00506863916902408 -0.003194827659977875 0.9999817870913706 0.02122889432958175 -0.18047370300058674 -0.3882645662291466
FixedParameters: 0 0 0
#Transform 229
Transform: MatrixOffsetTransformBase_double_3_3
Parameters: 0.9999874163891804 0.0005311394629035044 0.005029684016971098 -0.0005470926831627447 0.9999950654702605 0.0030147465518078898 -0.005028696067003892 -0.003017250518756995 0.9999831582581855 0.017763167262700108 -0.1385769894381781 -0.37766726423200225
FixedParameters: 0 0 0
#Transform 230
Transform: MatrixOffsetTransformBase_double_3_3
Parameters: 0.9999842012217869 0.0002460966853754319 0.00554404093850994 -0.00026245382120901073 0.9999958918327456 0.002939822364090211 -0.005543573267707789 -0.0029411771293690325 0.9999800161394852 0.0004545687747992133 -0.07972544614715105 -0.3880106927547935
FixedParameters: 0 0 0
#Transform 231
Transform: MatrixOffsetTransformBase_double_3_3
Parameters: 0.9999869512388151 0.0006788849076215112 0.005156534051849861 -0.000695837462467263 0.999993904291761 0.0033259142278170006 -0.00515385733952067 -0.0033300825628260616 0.9999808955787571 -0.003934542496608628 -0.08995173172004911 -0.3532565847114988
FixedParameters: 0 0 0
#Transform 232
Transform: MatrixOffsetTransformBase_double_3_3
Parameters: 0.9999866600596865 0.0005445150945898666 0.005200548972319006 -0.0005593928220559487 0.9999956312516759 0.0028965747581662232 -0.0051984999819712436 -0.0028984255914701468 0.9999822376448997 0.022595045067802744 -0.0702794385495622 -0.35476811622972804
FixedParameters: 0 0 0
#Transform 233
Transform: MatrixOffsetTransformBase_double_3_3
Parameters: 0.9999813611901199 0.00005913907228158842 0.006134578570809433 -0.00007864475320167617 0.9999951762321401 0.003237329174897857 -0.006134672750523716 -0.0032376775538502656 0.9999762218717315 0.0031195362138305427 -0.08695684093001432 -0.3803312699868435
FixedParameters: 0 0 0
#Transform 234
Transform: MatrixOffsetTransformBase_double_3_3
Parameters: 0.999984772477308 -0.00020513637249797292 0.005584113574870679 0.00018799106041573525 0.999995411598078 0.003068238624444497 -0.005585232829082024 -0.0030667610514478194 0.9999795415764996 0.024663133100503387 -0.12164265782178063 -0.37061094134449135
FixedParameters: 0 0 0
#Transform 235
Transform: MatrixOffsetTransformBase_double_3_3
Parameters: 0.9999841856228401 -0.00003896539950582053 0.005640205672722639 0.000022251638525017302 0.9999952788418509 0.0029111759163413103 -0.005640419067508529 -0.002910820198659625 0.9999799587798486 0.04902503318071183 -0.08136344170449661 -0.3813408963856446
FixedParameters: 0 0 0
#Transform 236
Transform: MatrixOffsetTransformBase_double_3_3
Parameters: 0.9999800165527336 -0.00028889471954328844 0.006316353479939675 0.0002699741378787639 0.9999957840099872 0.0030104224711556132 -0.006317704998772886 -0.0030085776650541907 0.9999751181400381 0.003801025758335186 -0.1331231509617936 -0.39548564343312265
FixedParameters: 0 0 0
#Transform 237
Transform: MatrixOffsetTransformBase_double_3_3
Parameters: 0.9999796206803778 -0.0004060720680489277 0.0063411114199247234 0.00038364201298862516 0.9999935859586464 0.0035100528935026187 -0.006343186533519715 -0.003507942193966704 0.9999734082527396 -0.0036497089557059326 -0.17585795145822658 -0.399160580647802
FixedParameters: 0 0 0
#Transform 238
Transform: MatrixOffsetTransformBase_double_3_3
Parameters: 0.9999823848767458 -0.00022097359994669222 0.005963959963486585 0.00020486214173955381 0.9999961556195033 0.002776050724769899 -0.005964062652490076 -0.0027749547286327475 0.9999788222749437 0.0357080196615982 -0.11614422861900664 -0.39042074238707514
FixedParameters: 0 0 0
#Transform 239
Transform: MatrixOffsetTransformBase_double_3_3
Parameters: 0.9999802754762203 -0.0003071217414352082 0.006294973802316557 0.00028781123605664766 0.9999950517618164 0.0031304112384557964 -0.006296383381085807 -0.0031285932397587396 0.9999756359175057 0.011259946040453883 -0.12917459017462818 -0.4036166588852268
FixedParameters: 0 0 0
#Transform 240
Transform: MatrixOffsetTransformBase_double_3_3
Parameters: 0.9999816724517279 -0.0004038658106092956 0.006096255284802038 0.0003860464964759232 0.9999951401741705 0.0029380646131750426 -0.006097373797441067 -0.0029349342314720223 0.9999772860187327 0.034316635450281296 -0.1336422495498084 -0.4020321158664011
FixedParameters: 0 0 0
#Transform 241
Transform: MatrixOffsetTransformBase_double_3_3
Parameters: 0.999980309887146 -0.00039847584811318506 0.00628740750739636 0.0003799427563656936 0.9999954703119982 0.0029049967704675717 -0.006288466959732886 -0.0029029999255960615 0.9999759729499579 0.02428190499165339 -0.08279943763305653 -0.4039645250461028
FixedParameters: 0 0 0
#Transform 242
Transform: MatrixOffsetTransformBase_double_3_3
Parameters: 0.9999821202772039 -0.00028957838224074944 0.005898835336777689 0.0002734700206060154 0.9999968538575699 0.0026385598682597683 -0.005899484906521017 -0.002636440102674373 0.9999793534617983 0.04086717471673751 -0.07399529758696133 -0.36937100124282907
FixedParameters: 0 0 0
#Transform 243
Transform: MatrixOffsetTransformBase_double_3_3
Parameters: 0.999980515972045 -0.0006344244186075327 0.006251685373833269 0.0006158522977969242 0.9999957507884878 0.0028364726708522275 -0.006253157547496928 -0.0028325234726663817 0.9999766962230987 0.030115253342600568 -0.086809559469188 -0.3881882903761493
FixedParameters: 0 0 0
#Transform 244
Transform: MatrixOffsetTransformBase_double_3_3
Parameters: 0.999981753478133 -0.000539712595936938 0.005996564315172894 0.0005209148981941294 0.9999950085555035 0.0031409885361652345 -0.005997578675042707 -0.0031380121174056502 0.999977031772883 0.051922898467665846 -0.10756686983465613 -0.3957235655069944
FixedParameters: 0 0 0
#Transform 245
Transform: MatrixOffsetTransformBase_double_3_3
Parameters: 0.9999814743707821 -0.0003877294015829641 0.0061137055506372 0.0003651528788769046 0.9999930376306975 0.0037239757435433285 -0.006114698116412768 -0.003722028355300444 0.9999747149108135 0.06283003327322945 -0.12492652224510437 -0.4098007661914451
FixedParameters: 0 0 0
#Transform 246
Transform: MatrixOffsetTransformBase_double_3_3
Parameters: 0.9999803846134064 -0.0004628608451649792 0.006196880076001377 0.00044048014320911073 0.9999930560086159 0.0035783493990632492 -0.006198422792288219 -0.0035756485883002564 0.9999747384253128 0.03536759460286021 -0.1360978404067481 -0.3955292406149198
FixedParameters: 0 0 0
#Transform 247
Transform: MatrixOffsetTransformBase_double_3_3
Parameters: 0.9999811344637688 -0.0004118298647377998 0.006139740711918331 0.00039079681837000507 0.9999947152982881 0.0033402553536465013 -0.006140975877569641 -0.003337740886773591 0.9999751210631389 0.06477230936664569 -0.10708283230385973 -0.3996651335698296
FixedParameters: 0 0 0
#Transform 248
Transform: MatrixOffsetTransformBase_double_3_3
Parameters: 0.9999789901949994 -0.0002562018248872304 0.006476741670114401 0.00023610871059655898 0.9999952006698553 0.00309399593745599 -0.006476819571540618 -0.003092006490795246 0.9999746559731719 0.03081099515638641 -0.1337556186364992 -0.40119943443298567
FixedParameters: 0 0 0
#Transform 249
Transform: MatrixOffsetTransformBase_double_3_3
Parameters: 0.9999811309872189 -0.0005182964939730893 0.006049658016145149 0.000499048551235854 0.9999947872601351 0.003160869032110644 -0.006051548886830898 -0.0031571273984765114 0.999976384942743 0.05667199784041088 -0.12114919005148295 -0.4109151050317301
FixedParameters: 0 0 0
#Transform 250
Transform: MatrixOffsetTransformBase_double_3_3
Parameters: 0.9999796088683013 -0.000633734777981436 0.006402035616583783 0.0006112911372546655 0.9999942996894106 0.003391548997415228 -0.006404688982716052 -0.0033874446810115977 0.9999733314762014 0.05586897125249379 -0.11779206957896804 -0.4108955211821126
FixedParameters: 0 0 0
#Transform 251
Transform: MatrixOffsetTransformBase_double_3_3
Parameters: 0.9999785299447723 -0.0006930573151774282 0.006556815549909616 0.0006704941705931313 0.9999937880264876 0.00331179001588168 -0.00655876902924493 -0.0033071999982712957 0.9999728360730115 0.056891123641023 -0.1458862664405416 -0.4099245966046041
FixedParameters: 0 0 0
#Transform 252
Transform: MatrixOffsetTransformBase_double_3_3
Parameters: 0.9999757169079075 -0.0008225855591765161 0.006971855397487328 0.000800125461152679 0.9999950569773167 0.0031077509941410397 -0.006974334730566854 -0.0031022416461019553 0.999970377619558 0.06629646983917326 -0.10795107455753339 -0.41795912322864837
FixedParameters: 0 0 0
#Transform 253
Transform: MatrixOffsetTransformBase_double_3_3
Parameters: 0.9999746866782828 -0.0006244068508399531 0.007135941580867184 0.0006012942697046847 0.9999943549416399 0.0032291987310056336 -0.007138086535924576 -0.003224800133850403 0.9999695043608806 0.06916653267609263 -0.10843339964186782 -0.3906978861235757
FixedParameters: 0 0 0
#Transform 254
Transform: MatrixOffsetTransformBase_double_3_3
Parameters: 0.9999731801306556 -0.0007683662589726057 0.00722665265095979 0.0007437035241179631 0.9999938611344371 0.0032961798938490883 -0.007229822288632976 -0.0032908117092787237 0.9999686243941153 0.06385843742729946 -0.12069847970633418 -0.40820862708172356
FixedParameters: 0 0 0
