#Insight Transform File V1.0
#Transform 0
Transform: MatrixOffsetTransformBase_double_3_3
Parameters: 0.9999993110999933 0.000025615484769290544 0.0008296047661010179 -0.000026526374050351846 0.999999698906624 0.0005490097723465648 -0.0008295761402530998 -0.0005489902383025574 1.000000009391373 0.07520549868235094 -0.0579775874256967 -0.3128717603699869
FixedParameters: 0 0 0
#Transform 1
Transform: MatrixOffsetTransformBase_double_3_3
Parameters: 0.999999519014996 -0.00014623832053609875 0.0006778138897339948 0.00014631719997923445 0.9999995175628673 0.0006790988627781921 -0.0006780439459109278 -0.0006789005309509877 0.9999990793705402 0.07724006620360058 -0.028242845048538356 -0.3492299206621965
FixedParameters: 0 0 0
#Transform 2
Transform: MatrixOffsetTransformBase_double_3_3
Parameters: 0.9999993218154202 -0.00030744726774188853 -0.000763977025691214 0.0003088326140910318 0.9999990833888132 0.0009067956148679224 0.0007634180589991406 -0.0009072034766192047 0.9999995931290108 0.10991391359900149 -0.050073522294127315 -0.3469620304129961
FixedParameters: 0 0 0
#Transform 3
Transform: MatrixOffsetTransformBase_double_3_3
Parameters: 0.9999997902355873 0.00001383175323108732 0.00045779111667263296 -0.000013941013811341264 0.9999995332864325 0.0012109942638735827 -0.000457788894619553 -0.0012110069781615662 0.9999993239045077 0.08738350513772275 -0.010520222772555599 -0.3402114891332957
FixedParameters: 0 0 0
#Transform 4
Transform: MatrixOffsetTransformBase_double_3_3
Parameters: 0.9999995225185042 0.000021144016195556407 0.0006906765630446098 -0.000021266165530539944 0.9999993411937715 0.0008120169837687111 -0.0006906735367486255 -0.000811983485025862 0.9999998626362151 0.09132240605720199 -0.011650365577736466 -0.37113834991274075
FixedParameters: 0 0 0
#Transform 5
Transform: MatrixOffsetTransformBase_double_3_3
Parameters: 1.000000009974097 0.00003017366185548928 0.0009945428006350072 -0.000031334263736026164 0.9999998196587375 0.001085969727824286 -0.0009945074137904357 -0.001086030899190911 0.9999988315213199 0.07993603157302687 -0.021083672015066668 -0.33116300064018844
FixedParameters: 0 0 0
#Transform 6
Transform: MatrixOffsetTransformBase_double_3_3
Parameters: 0.9999999607260744 -0.00003929708607727391 0.0001942414516097727 0.000038533804150535533 0.9999981411879176 0.001964007764971104 -0.00019439431184767184 -0.0019639926412866257 0.9999981049378508 0.07772718553370339 0.003425894907707061 -0.3736131585092721
FixedParameters: 0 0 0
#Transform 7
Transform: MatrixOffsetTransformBase_double_3_3
Parameters: 0.9999985795146927 -0.00025497711547656124 0.0015347538716464798 0.00025485740579217345 0.9999999344827852 0.00003942257817296513 -0.0015347737556547156 -0.000038577310912085716 0.9999986419900022 0.12484517780164595 -0.008706178449102708 -0.7328491739452971
FixedParameters: 0 0 0
#Transform 8
Transform: MatrixOffsetTransformBase_double_3_3
Parameters: 0.999998489430908 -0.0002110370021722345 0.0015703597086469988 0.00021051563307158288 0.9999999290041619 0.0001663621424690398 -0.0015704296868567624 -0.0001656373468751568 0.9999985053148713 0.14328373336310563 -0.05224127038134441 -0.6547739015524314
FixedParameters: 0 0 0
#Transform 9
Transform: MatrixOffsetTransformBase_double_3_3
Parameters: 0.9999984144482786 -0.0002838549382500406 0.0015826060729682114 0.0002839982053269195 0.9999998158071974 0.00027048209014403357 -0.001582791088687619 -0.0002705185854882178 0.9999984523004118 0.13590246422040764 -0.047074501040384575 -0.6645583850862096
FixedParameters: 0 0 0
#Transform 10
Transform: MatrixOffsetTransformBase_double_3_3
Parameters: 0.9999983161832314 0.00031971172024745253 0.001606735072821845 -0.00031954140250631773 0.9999998960162644 -0.00005348207680074685 -0.001606768952993338 0.00005251774441498297 0.9999984145490461 0.11422768239035008 -0.0693888377755627 -0.6490140333988279
FixedParameters: 0 0 0
#Transform 11
Transform: MatrixOffsetTransformBase_double_3_3
Parameters: 0.9999979554642004 -0.00006148314099861817 0.001743774751563795 0.00006102975966141958 0.9999999803344733 0.0001301379454534471 -0.001743790678484217 -0.00012986151857577455 0.9999979413297936 0.13530033194285807 -0.051486207554290786 -0.5223838746463798
FixedParameters: 0 0 0
#Transform 12
Transform: MatrixOffsetTransformBase_double_3_3
Parameters: 0.9999988208234892 0.00029399773863228267 0.0017586872978079102 -0.00029377379041847643 0.9999998983798435 0.00022054557839670114 -0.0017585891043593138 -0.0002204556471477187 0.9999988252029708 0.11489090444294447 -0.04729973635518547 -0.6552816174315126
FixedParameters: 0 0 0
#Transform 13
Transform: MatrixOffsetTransformBase_double_3_3
Parameters: 0.9999985743140711 -0.00019884938443330726 0.0018400780648350442 0.00019874479979229068 0.9999998724531399 0.00030042907008163283 -0.0018402287545034603 -0.0002995718535093034 0.9999985218606056 0.13849638051007673 -0.05492162455749394 -0.6333737661417018
FixedParameters: 0 0 0
#Transform 14
Transform: MatrixOffsetTransformBase_double_3_3
Parameters: 0.9999989102938078 0.000003924606297906288 0.0017577663972928059 -0.000003503845802808227 0.9999998387427205 -0.0004039441103480326 -0.0017577379877137494 0.00040405663429069275 0.9999987451184656 0.13075082711124253 -0.01079685736117142 -0.6537246122643836
FixedParameters: 0 0 0
#Transform 15
Transform: MatrixOffsetTransformBase_double_3_3
Parameters: 0.9999988554052744 0.00011123789070444658 0.001460167374827995 -0.00011060555461114439 0.999999176880817 -0.0009011302770398182 -0.001460304434421404 0.0009008691235322663 0.9999980549221903 0.1443689188342887 -0.028667381215370824 -0.691525420251125
FixedParameters: 0 0 0
#Transform 16
Transform: MatrixOffsetTransformBase_double_3_3
Parameters: 0.9999982780894301 0.0002857927976629308 0.0019078796641525167 -0.0002853498733513198 0.9999997775374593 -0.00037848232548668564 -0.0019080641455125982 0.00037751818072682963 0.9999982147835954 0.11952696269102603 -0.035670079587347914 -0.6499667538312366
FixedParameters: 0 0 0
#Transform 17
Transform: MatrixOffsetTransformBase_double_3_3
Parameters: 0.9999984850233621 -0.000269016529724218 0.001855514044941793 0.00026969057691778405 0.9999997260200142 -0.0004504376041918716 -0.0018552396772171832 0.00045156269183033865 0.999998352201022 0.13196522993679594 0.003019947645654497 -0.6506243210964442
FixedParameters: 0 0 0
#Transform 18
Transform: MatrixOffsetTransformBase_double_3_3
Parameters: 0.9999986312230926 0.0000650989999132776 0.0015377050384158665 -0.00006356741186313024 0.9999997488436485 -0.0004980667272368317 -0.0015377691143452774 0.0004979316624478224 0.9999983863719983 0.12246013985456727 -0.0420538075918131 -0.660641601964727
FixedParameters: 0 0 0
#Transform 19
Transform: MatrixOffsetTransformBase_double_3_3
Parameters: 0.9999981236855071 0.0004356651475486914 0.0019198186321617305 -0.0004383650592727235 0.9999986324132323 0.001475223895949472 -0.0019196222995453032 -0.0014767762120066336 0.9999971341138082 0.10889712613995073 -0.035538991667138475 -0.5000019393772703
FixedParameters: 0 0 0
#Transform 20
Transform: MatrixOffsetTransformBase_double_3_3
Parameters: 0.9999979892901034 -0.000422143230513535 0.001683144233805837 0.00042153756855858805 0.9999998093478886 -0.0001162592101457971 -0.0016830141130045736 0.00011774198514120232 0.9999981525642866 0.13063693488462036 -0.01945148934731833 -0.6473553717213321
FixedParameters: 0 0 0
#Transform 21
Transform: MatrixOffsetTransformBase_double_3_3
Parameters: 0.9999983040701687 -0.000048212123354069206 0.0016411005394238462 0.00004472594632728287 0.9999978004171834 0.0022801089026629404 -0.0016414380826877159 -0.002279893575141495 0.9999961068268688 0.1154411173065455 -0.021448710280068894 -0.5049103786488018
FixedParameters: 0 0 0
#Transform 22
Transform: MatrixOffsetTransformBase_double_3_3
Parameters: 0.9999994623140546 0.00008071584587632851 -0.0007286735083174205 -0.00007957339393460785 0.9999973505345446 0.002155090145268969 0.0007290817545287995 -0.0021549105235298543 0.9999978237162457 0.12509655051573532 -0.01522264328909273 -0.4762041645278572
FixedParameters: 0 0 0
#Transform 23
Transform: MatrixOffsetTransformBase_double_3_3
Parameters: 0.9999999971830021 -0.00003781827767588803 0.00003723943896162808 0.0000378816044225402 0.9999992743658462 -0.0008509979729489359 -0.000037175018412079386 0.0008510007896673222 0.9999992744162087 0.15485346101627329 -0.021079198837426816 -0.6831648518262057
FixedParameters: 0 0 0
#Transform 24
Transform: MatrixOffsetTransformBase_double_3_3
Parameters: 0.9999999082350162 -0.00029616627997372486 -0.00006364361833026648 0.0002961294443906012 0.9999998287750828 -0.0002890188225908169 0.0000638147914303173 0.00028898107609398246 0.999999912417963 0.1561750306559162 -0.030942130533972545 -0.66107601739985
FixedParameters: 0 0 0
#Transform 25
Transform: MatrixOffsetTransformBase_double_3_3
Parameters: 0.9999997636214716 -0.0000011601697944295497 -0.00048617252509521866 0.0000023844729634295356 0.9999977696203688 0.002287000600681939 0.0004861958293536721 -0.0022870023243761473 0.9999975332423215 0.14771219554526738 0.003914483917412781 -0.4817369685409574
FixedParameters: 0 0 0
#Transform 26
Transform: MatrixOffsetTransformBase_double_3_3
Parameters: 0.9999989617921875 -0.00015186897439148188 0.0014196962927299657 0.00015310782501364522 0.9999996455950395 -0.0011407521899811333 -0.0014192856452864635 0.0011402498648760626 0.9999987147126241 0.1366963570029469 -0.00964024692756027 -0.6700677984837853
FixedParameters: 0 0 0
#Transform 27
Transform: MatrixOffsetTransformBase_double_3_3
Parameters: 0.9999999431310088 -0.00018005174878920566 -0.0001563660949372208 0.00017995257629942988 0.9999998671098369 -0.0003170281066033481 0.00015648021609608685 0.0003169717936316978 0.9999998750432035 0.15745332540247148 -0.02430562472919462 -0.6613851351450961
FixedParameters: 0 0 0
#Transform 28
Transform: MatrixOffsetTransformBase_double_3_3
Parameters: 0.9999986672672556 0.0004935651307950858 0.0017575976390476068 -0.0004913562316391757 0.9999987045630622 -0.0017568365611083693 -0.0017582025054749865 0.0017561659843513926 0.9999967921053796 0.1296357424448047 -0.004071876854766288 -0.7175666336343482
FixedParameters: 0 0 0
#Transform 29
Transform: MatrixOffsetTransformBase_double_3_3
Parameters: 0.9999999878190114 0.00011023600504135573 0.000005387373474761033 -0.00011022062494202093 0.9999990613029196 -0.0013880006956463256 -0.000005693367446154572 0.001387999474450348 0.9999990734259905 0.16521838508178632 -0.028915180962485465 -0.7127031805520261
FixedParameters: 0 0 0
#Transform 30
Transform: MatrixOffsetTransformBase_double_3_3
Parameters: 0.9999999952280011 0.00006479635410338176 0.000023946427695687332 -0.00006477381580435309 0.9999997749023557 -0.00047000144724165804 -0.000024007325596639388 0.0004699983406267136 0.9999997785257452 0.1446663448806902 -0.04217594512685707 -0.6625650938283059
FixedParameters: 0 0 0
#Transform 31
Transform: MatrixOffsetTransformBase_double_3_3
Parameters: 0.9999986136532375 0.00012538040750362814 0.0018359079936519252 -0.00012308244747524167 0.9999991801350427 -0.0008981642495513864 -0.0018360997028090981 0.0008978336512664338 0.9999978207104759 0.12563204049811816 -0.016013586047321837 -0.6749849486594002
FixedParameters: 0 0 0
#Transform 32
Transform: MatrixOffsetTransformBase_double_3_3
Parameters: 0.9999987077944152 0.00005074807392432869 0.0015131517623288827 -0.00005036070352578016 0.999999982046749 -0.00012804493408972994 -0.0015131647043088354 0.00012795473090972814 0.9999986929796929 0.1284206331188642 -0.04618316705186487 -0.664855700199297
FixedParameters: 0 0 0
#Transform 33
Transform: MatrixOffsetTransformBase_double_3_3
Parameters: 0.9999987118075344 0.00037031411903252614 0.0017750649019231328 -0.00037454084889134185 0.9999961551587699 0.002589401301208924 -0.0017742922824954867 -0.002590597601919792 0.9999951404182761 0.11803614810845886 -0.0052033926272372355 -0.5018550712356813
FixedParameters: 0 0 0
#Transform 34
Transform: MatrixOffsetTransformBase_double_3_3
Parameters: 0.9999982163226336 0.00033700843157576067 0.0016339571052181349 -0.00033498783688021093 0.999999035301216 -0.0009244856251840981 -0.0016345466198284166 0.0009235129928000727 0.9999984734693652 0.11428745153743591 -0.010562660903062238 -0.6674800393822409
FixedParameters: 0 0 0
#Transform 35
Transform: MatrixOffsetTransformBase_double_3_3
Parameters: 0.9999982615896966 0.0003363822004790997 0.0016203515860788583 -0.00033673558284806783 0.9999997448042445 0.00041748512277080957 -0.00162010196976107 -0.0004175149101116951 0.9999981681728801 0.1316177285214195 -0.04805292463488797 -0.6696983861964299
FixedParameters: 0 0 0
#Transform 36
Transform: MatrixOffsetTransformBase_double_3_3
Parameters: 0.9999981926304838 0.00017552306547751864 0.0016663004174220766 -0.00017532977135766362 0.9999999668480865 -0.00005826081511024761 -0.001666320766812848 0.0000577389748424445 0.9999982190544213 0.13467889567877478 -0.03906870411400121 -0.6404204835536262
FixedParameters: 0 0 0
#Transform 37
Transform: MatrixOffsetTransformBase_double_3_3
Parameters: 0.9999999733150007 0.00016125918042885566 -0.000026085920210888393 -0.00016126168395398514 0.9999999716910124 -0.00004799579322610492 0.00002607043941253234 0.000048004203990974215 0.9999999970159885 0.14360647849075292 0.008140659867137856 -0.6798616310052097
FixedParameters: 0 0 0
#Transform 38
Transform: MatrixOffsetTransformBase_double_3_3
Parameters: 0.999998614080306 0.00015488423328231132 0.001536788117114419 -0.00015382017914312773 0.9999990165299674 -0.0009961755882912822 -0.0015370329194441743 0.0009968247454962102 0.999998611524493 0.12378232263948519 -0.02785314796344096 -0.6928877605021881
FixedParameters: 0 0 0
#Transform 39
Transform: MatrixOffsetTransformBase_double_3_3
Parameters: 0.9999994346633659 0.00019908167211735712 0.0007250536550458262 -0.00019866690797268262 0.9999998786526874 -0.00028614402083309773 -0.0007251674109486268 0.0002858556090064336 0.9999993924187843 0.12928047600522063 -0.023883777449839272 -0.6497214512533844
FixedParameters: 0 0 0
#Transform 40
Transform: MatrixOffsetTransformBase_double_3_3
Parameters: 0.99999891985116 0.000017577841645597913 0.001442164557755534 -0.000017038469090444377 0.9999999657178698 -0.00018699335746069634 -0.0014421710310867349 0.00018700622548387807 0.9999988841953339 0.11669660948369653 0.002343199119806627 -0.657603161625218
FixedParameters: 0 0 0
#Transform 41
Transform: MatrixOffsetTransformBase_double_3_3
Parameters: 0.999999463626481 0.0002489810874338483 0.0012146576653329414 -0.00024854789541139326 0.9999996061729362 -0.0005772708903442232 -0.0012139138218189309 0.0005767295384802515 0.9999991915950085 0.1062054237572454 -0.026473213664701234 -0.6577704825124897
FixedParameters: 0 0 0
#Transform 42
Transform: MatrixOffsetTransformBase_double_3_3
Parameters: 0.9999985399544274 0.00011701173964604787 0.0015640599444759885 -0.0001163642395391112 0.999999741563059 -0.0005261519724181381 -0.0015641514059391323 0.0005268477652574169 0.9999982439871282 0.13657707445264577 -0.015481888700477953 -0.6518895399099733
FixedParameters: 0 0 0
#Transform 43
Transform: MatrixOffsetTransformBase_double_3_3
Parameters: 0.9999991731576343 0.0000017961365567829317 0.00135159090264422 -0.000002115796256366929 0.9999997628392633 0.000488028907336395 -0.0013516204044961631 -0.00048797140423787605 0.9999989340299825 0.12672037186315777 -0.01885185829056013 -0.552802058173242
FixedParameters: 0 0 0
#Transform 44
Transform: MatrixOffsetTransformBase_double_3_3
Parameters: 0.99999811137443 0.00021446879105811712 0.00168596135299139 -0.00021266595699895384 0.9999992658000366 -0.0008312968447434128 -0.001686284891667534 0.0008307022226461784 0.9999984644519498 0.11119379373923266 -0.02395970842357542 -0.6469657906051509
FixedParameters: 0 0 0
#Transform 45
Transform: MatrixOffsetTransformBase_double_3_3
Parameters: 0.9999999440804066 -0.00010128877271605344 0.0010223811284256468 0.00009956464384064647 0.9999976584265395 0.0023091033364280936 -0.0010229391331127414 -0.002308897931516618 0.9999966226718386 0.11488989020431006 -0.002515169550065366 -0.48514116568357224
FixedParameters: 0 0 0
#Transform 46
Transform: MatrixOffsetTransformBase_double_3_3
Parameters: 0.9999981575419538 0.0002932520336143136 0.0019386007184950995 -0.00029180116693829994 0.999999527024426 -0.0006245039013588922 -0.001937934874639061 0.0006234954913096578 0.9999978517652349 0.10659106106427885 -0.001229231997314173 -0.6370017464945619
FixedParameters: 0 0 0
#Transform 47
Transform: MatrixOffsetTransformBase_double_3_3
Parameters: 0.9999980900906675 0.00044409058803352667 0.001926734483745194 -0.00044240381363621213 0.9999993196949246 -0.0006977906610382764 -0.0019273209603094738 0.000696207939327842 0.9999977987780395 0.11383331241074757 -0.0355546035204668 -0.6909827809258218
FixedParameters: 0 0 0
#Transform 48
Transform: MatrixOffsetTransformBase_double_3_3
Parameters: 0.999997699292192 -0.000042204361747699576 0.0020733838722045038 0.00004358522848009187 0.9999998892441594 -0.0003328474692965329 -0.0020733553043433247 0.0003331509245771691 0.9999975882703689 0.114512961667117 -0.018523500337252585 -0.5497462135446654
FixedParameters: 0 0 0
#Transform 49
Transform: MatrixOffsetTransformBase_double_3_3
Parameters: 0.9999987417373494 0.0002492680815159645 0.001787487625519722 -0.0002532736855959075 0.9999979649402942 0.002229583191413656 -0.0017874921055263872 -0.002230418690555888 0.9999958309725697 0.1202186362316553 0.019453769901758733 -0.5174859487460708
FixedParameters: 0 0 0
#Transform 50
Transform: MatrixOffsetTransformBase_double_3_3
Parameters: 0.9999981441746167 0.00013453488172000404 0.0016845304199299249 -0.00013242791224891216 0.99999913407094 -0.0009221613488236968 -0.0016847451491886903 0.0009218371934769654 0.9999983099354778 0.12674780837012634 -0.019294358710283177 -0.6650220072958319
FixedParameters: 0 0 0
#Transform 51
Transform: MatrixOffsetTransformBase_double_3_3
Parameters: 0.9999988169842509 0.00022147472785150434 0.0017707557622369196 -0.00021896564355790404 0.9999989891516365 -0.0009823259615104017 -0.0017701573570939272 0.000981671762112904 0.9999978991849753 0.12448478803919727 -0.011458302616404126 -0.6519687835333912
FixedParameters: 0 0 0
#Transform 52
Transform: MatrixOffsetTransformBase_double_3_3
Parameters: 0.9999980533565034 0.0002911906848556044 0.0016916994693468802 -0.00029137169288836004 0.9999999446751027 0.0000535375481962308 -0.0016916683020950186 -0.00005346224320897791 0.9999981029570612 0.12021958076870476 0.00959306115780123 -0.6488901236172637
FixedParameters: 0 0 0
#Transform 53
Transform: MatrixOffsetTransformBase_double_3_3
Parameters: 0.9999982967479558 -0.00011690123148629801 0.0016404420444630797 0.00011718759612062796 0.9999999357584732 0.00022722385036036408 -0.0016395270878250484 -0.00022677715696976103 0.9999982579312309 0.1289883209840923 0.010379552210750376 -0.6577193326899646
FixedParameters: 0 0 0
#Transform 54
Transform: MatrixOffsetTransformBase_double_3_3
Parameters: 0.999999492493455 -0.0004940322142062331 0.001124028138562422 0.0004938399995811689 0.9999997183084539 0.0000855875566351666 -0.0011241126023379636 -0.00008541235533114644 0.9999997595646949 0.13668461080241912 -0.017277540844048644 -0.6577964904233795
FixedParameters: 0 0 0
#Transform 55
Transform: MatrixOffsetTransformBase_double_3_3
Parameters: 0.9999979993511721 0.000251318466907619 0.0017139086367167385 -0.0002506020290187264 0.9999998943242905 -0.00020939831440756895 -0.0017140135380042162 0.00020860083106018223 0.9999980176650551 0.12566049695396941 0.006202124921244945 -0.6765274730841071
FixedParameters: 0 0 0
#Transform 56
Transform: MatrixOffsetTransformBase_double_3_3
Parameters: 0.9999986021545226 0.000471345616568576 0.0017820431236053643 -0.0004710711740848073 0.9999997740065242 -0.00007777683321631701 -0.001782115689378224 0.00007622295060109863 0.9999988162903477 0.11191160609311623 -0.03798646610677281 -0.6633304898880539
FixedParameters: 0 0 0
#Transform 57
Transform: MatrixOffsetTransformBase_double_3_3
Parameters: 0.999998874402043 -0.00007608412946685743 0.00176629834415177 0.00007703262278995225 0.9999998926245155 -0.0002688006785651134 -0.0017662572328681465 0.00026819867827398633 0.9999988375933582 0.12454063157152007 -0.02023473999419423 -0.6612868537111183
FixedParameters: 0 0 0
#Transform 58
Transform: MatrixOffsetTransformBase_double_3_3
Parameters: 0.9999983492713536 0.00046950826435353596 0.0015589378068451005 -0.0004688940044635531 0.9999997420273802 -0.00019769977184869517 -0.001559122671794682 0.00019629956247185082 0.9999985296262421 0.12013051262871954 0.012218927716830308 -0.657465536965347
FixedParameters: 0 0 0
#Transform 59
Transform: MatrixOffsetTransformBase_double_3_3
Parameters: 0.9999989670704704 -0.0000025572135157897005 0.00142580569789207 0.000003874658386919233 0.9999997875319844 -0.0004619634435544251 -0.0014258027264387896 0.00046203540479520036 0.9999987526508073 0.12561099203254855 -0.007312476765591214 -0.7386255863187046
FixedParameters: 0 0 0
#Transform 60
Transform: MatrixOffsetTransformBase_double_3_3
Parameters: 0.9999982835305996 -0.00009619759604434723 -0.0016449174508288797 0.0001012566233380099 0.999996467175196 0.002742868884501301 0.0016455009846481916 -0.0027431309469049606 0.9999947682192859 0.14674663122040954 0.002582902199264936 -0.5227316976465488
FixedParameters: 0 0 0
#Transform 61
Transform: MatrixOffsetTransformBase_double_3_3
Parameters: 0.9999982750454912 0.0000993967231721422 0.0016477930811759777 -0.00010320951995372335 0.9999977192162209 0.0020668962929910883 -0.0016474685251277141 -0.0020671045335452984 0.9999970108347569 0.12498225758865544 0.005751221285137831 -0.5255266086275725
FixedParameters: 0 0 0
#Transform 62
Transform: MatrixOffsetTransformBase_double_3_3
Parameters: 0.9999978375177336 -0.00004968248761498564 0.0020396378633493043 0.0000512365531584068 0.999999607550299 -0.0006258337117811992 -0.002039543277276053 0.0006261651271587225 0.999997446215404 0.12994494398687095 -0.005861300163218175 -0.6706621410363596
FixedParameters: 0 0 0
#Transform 63
Transform: MatrixOffsetTransformBase_double_3_3
Parameters: 0.9999981469166174 0.00019598935484601407 0.0016777405266114134 -0.00019659704841635438 0.9999997340014659 0.0004787337992422716 -0.0016775838880360985 -0.0004792668467001951 0.9999989540325713 0.12726945330645378 -0.026227402710929937 -0.6733390751931978
FixedParameters: 0 0 0
#Transform 64
Transform: MatrixOffsetTransformBase_double_3_3
Parameters: 0.9999981577489206 0.00029750681811493214 0.0016592916495875771 -0.0002970365171463202 0.9999993600649938 -0.0007444311566259278 -0.0016596711689169637 0.0007435701024404127 0.9999986906101606 0.1191412744589826 -0.02973758726935216 -0.6514130517995511
FixedParameters: 0 0 0
#Transform 65
Transform: MatrixOffsetTransformBase_double_3_3
Parameters: 0.9999989350649142 0.0002687937388274878 0.0014118898135908073 -0.0002671626756767744 0.9999983085535692 -0.0016283473624227572 -0.0014116688794188802 0.0016286515274711762 0.9999973224828645 0.1373252371102467 0.018205689488326016 -0.723273477510304
FixedParameters: 0 0 0
#Transform 66
Transform: MatrixOffsetTransformBase_double_3_3
Parameters: 0.9999983581402164 0.000242952228313892 0.0016071187338552802 -0.00024225149946661623 0.9999998946066814 -0.0002183581398971894 -0.0016072245081751749 0.00021764112352953488 0.9999983684856851 0.12956123100111938 -0.015812445121184737 -0.6659900968240322
FixedParameters: 0 0 0
#Transform 67
Transform: MatrixOffsetTransformBase_double_3_3
Parameters: 0.9999989173072298 -0.00014557850443849404 0.0017499290350395423 0.00014163406868182202 0.9999964072414769 0.0025643142962266385 -0.0017498229962528877 -0.0025636861286869456 0.9999953618409012 0.133669442571545 0.042534698041535535 -0.49162969499312226
FixedParameters: 0 0 0
#Transform 68
Transform: MatrixOffsetTransformBase_double_3_3
Parameters: 0.9999993471723948 9.040267463024691e-7 0.001285654432437457 1.3874922710578255e-7 0.9999996014936482 -0.001182970319620353 -0.001285592516229607 0.0011830321265967857 0.9999989466960032 0.14427792420129038 -0.013821916927454936 -0.7185437528991088
FixedParameters: 0 0 0
#Transform 69
Transform: MatrixOffsetTransformBase_double_3_3
Parameters: 0.9999996655105956 0.000022212537097077246 -0.000577889734617908 -0.000020500271500669362 0.9999974958213195 0.0023460130109781013 0.0005780213500812114 -0.0023459883251208055 0.9999971622381156 0.14944315484093806 0.00873123606758952 -0.5286144848862335
FixedParameters: 0 0 0
#Transform 70
Transform: MatrixOffsetTransformBase_double_3_3
Parameters: 0.9999990188209946 -0.00006888889386519423 0.0014058564538181305 0.00006886077846994109 0.9999999961429018 0.000010128213752520765 -0.0014058578315132924 -0.000009871766623099909 0.9999990224781059 0.1437337761912687 0.015169676928948661 -0.6708397293702717
FixedParameters: 0 0 0
#Transform 71
Transform: MatrixOffsetTransformBase_double_3_3
Parameters: 0.9999990019154531 -0.0004397399128527861 0.0013432166816605277 0.0004392951915302365 0.9999994875099983 0.0005376228329507932 -0.0013437205747205264 -0.000537377112534751 0.9999989365927875 0.16017624844641887 0.013056358179198924 -0.684468771888092
FixedParameters: 0 0 0
#Transform 72
Transform: MatrixOffsetTransformBase_double_3_3
Parameters: 0.9999979275609364 -0.00004704707231028512 0.002017506274305262 0.00004725805619145859 0.9999999097493714 -0.0002998424387189967 -0.002017446572158329 0.0003001582788146884 0.9999978378111942 0.14806690447770166 -0.013576286161523399 -0.646298412252932
FixedParameters: 0 0 0
#Transform 73
Transform: MatrixOffsetTransformBase_double_3_3
Parameters: 0.9999992337362593 -0.00011308443313977928 -0.001324299092069046 0.00011620718120120681 0.9999967571020414 0.0026888822594660702 0.0013238081674587063 -0.002689123064652868 0.9999960151457651 0.14322057567660806 0.03808845728849519 -0.5216115996353494
FixedParameters: 0 0 0
#Transform 74
Transform: MatrixOffsetTransformBase_double_3_3
Parameters: 0.9999985798619542 0.000021438946878470197 0.0018492469319612444 -0.000021754232678784086 0.999999967281589 -0.00018497780202014757 -0.0018492235120772006 0.00018502350886474145 0.999998544130057 0.15238034306845805 0.0040422366781598384 -0.6830994019414476
FixedParameters: 0 0 0
#Transform 75
Transform: MatrixOffsetTransformBase_double_3_3
Parameters: 0.9999989232988792 -0.00013489010580268452 0.0017485899795487154 0.00013036240177724867 0.9999965686510023 0.0027232636623744436 -0.0017494693205884397 -0.002722736935194002 0.9999945251493219 0.1305191011582849 0.011592188825304106 -0.5266029505520606
FixedParameters: 0 0 0
#Transform 76
Transform: MatrixOffsetTransformBase_double_3_3
Parameters: 0.9999999272670066 -0.00026568120236717654 0.000046330191415935984 0.0002656680339156176 0.9999999092531697 0.0001420123055773312 -0.00004640564334241657 -0.0001419876680398488 0.9999999776858407 0.15892188493110382 0.023940927218063734 -0.6738940550296064
FixedParameters: 0 0 0
#Transform 77
Transform: MatrixOffsetTransformBase_double_3_3
Parameters: 0.999999961191028 0.0000060250764891683985 0.00019690776749118962 -0.000006350753226397568 0.9999993160342351 0.0008269981838135362 -0.00019689753268774623 -0.0008270006207787284 0.9999992772997812 0.1564211495563228 -0.021918669977395666 -0.67169542269896
FixedParameters: 0 0 0
#Transform 78
Transform: MatrixOffsetTransformBase_double_3_3
Parameters: 0.9999990941895932 0.00021531431620196143 0.001363369057418141 -0.00021854897303428137 0.9999959790400638 0.0026407334981820157 -0.0013633483728998626 -0.002641262219943215 0.9999951653683266 0.12723728631962672 0.012330032966900717 -0.5411856817734559
FixedParameters: 0 0 0
#Transform 79
Transform: MatrixOffsetTransformBase_double_3_3
Parameters: 0.9999981541344029 -0.0002949526907666889 0.001660879421936425 0.00029398715273463245 0.9999995339936628 0.0005915530305515629 -0.0016612591914009305 -0.0005914472058911463 0.9999989203957228 0.15704342396402637 0.04179089814199699 -0.6899252534919924
FixedParameters: 0 0 0
#Transform 80
Transform: MatrixOffsetTransformBase_double_3_3
Parameters: 0.999999465409643 -0.00027753866826021916 -0.0006763077125290426 0.0002792097879121848 0.999996681012343 0.0026908132090880735 0.0006758718279043899 -0.002691189622011557 0.9999963013996115 0.14335546283521694 0.008574853530788573 -0.5071941987777393
FixedParameters: 0 0 0
#Transform 81
Transform: MatrixOffsetTransformBase_double_3_3
Parameters: 0.9999974445349918 0.00007215101882697223 0.002355898114672771 -0.00007092182312073815 0.9999997741126097 -0.0004730742121233436 -0.0023559343775377945 0.00047292551575639843 0.9999972229638397 0.12347181691023934 0.013614566881557266 -0.6598665635470269
FixedParameters: 0 0 0
#Transform 82
Transform: MatrixOffsetTransformBase_double_3_3
Parameters: 0.9999980791375267 0.00004009964116336868 0.0017085852244584292 -0.00004027560849342859 0.9999999412902408 -0.0002410376461378927 -0.0017085731842733376 0.00024096310900730347 0.9999980216850459 0.12649088162729072 -0.005459023322529788 -0.6905267704203766
FixedParameters: 0 0 0
#Transform 83
Transform: MatrixOffsetTransformBase_double_3_3
Parameters: 0.9999999800510085 0.00008549926083893425 0.00011242271711867723 -0.00008564421479715646 0.9999995766534602 0.0006449901032578656 -0.00011231232947900138 -0.0006450093343359428 0.9999995713479113 0.16430465653280635 -0.007142249421363545 -0.5462977209862032
FixedParameters: 0 0 0
#Transform 84
Transform: MatrixOffsetTransformBase_double_3_3
Parameters: 0.9999974623998641 0.0006105651535893308 0.002040784982588373 -0.0006102447402745586 0.9999996546113674 -0.00007918373297177705 -0.002040880815572449 0.00007781586765514409 0.9999977954639876 0.17101473373070064 0.021288977884879046 -0.6761819292259617
FixedParameters: 0 0 0
#Transform 85
Transform: MatrixOffsetTransformBase_double_3_3
Parameters: 0.9999981716978589 0.00036282287728453224 0.0019226697856411185 -0.00036431283464996946 0.9999997510315248 0.00038736206714482663 -0.0019223880205331482 -0.00038763639955217283 0.9999981203542259 0.1522056656902464 -0.016793707828398396 -0.681283840555011
FixedParameters: 0 0 0
#Transform 86
Transform: MatrixOffsetTransformBase_double_3_3
Parameters: 0.9999997666988836 0.00039721269645390993 0.00027410757416999567 -0.0003974327298359338 0.9999988285708811 -0.0014191089199910752 -0.00027520376590149626 0.0014188906664114147 0.9999989110043289 0.16841948692302822 0.0002834533689650698 -0.6906591007474816
FixedParameters: 0 0 0
#Transform 87
Transform: MatrixOffsetTransformBase_double_3_3
Parameters: 0.9999992999285555 0.0005658332141498792 0.0006163633091591249 -0.0005654558930623032 0.9999995864096776 -0.0003063484978328042 -0.0006167094829689542 0.00030565101641815556 0.9999995262470264 0.18601700940206456 0.0303839819079883 -0.6900759240742929
FixedParameters: 0 0 0
#Transform 88
Transform: MatrixOffsetTransformBase_double_3_3
Parameters: 0.999999742618978 0.00020570447163865995 0.0004637528610480127 -0.00020563351446271612 0.9999999832434189 -0.00007609634934016563 -0.00046378432814747227 0.00007690361038495408 0.9999997476714725 0.18473707079807866 0.007252159282472803 -0.6896208690696142
FixedParameters: 0 0 0
#Transform 89
Transform: MatrixOffsetTransformBase_double_3_3
Parameters: 0.999999915731008 -0.000003915523284581989 0.0002902647989347697 0.00000385340689031045 0.9999999885360455 0.00010700111727503236 -0.00029026563023791454 -0.00010699886224142113 0.9999999042969648 0.17509845909130206 0.01659315687874141 -0.5431482154926641
FixedParameters: 0 0 0
#Transform 90
Transform: MatrixOffsetTransformBase_double_3_3
Parameters: 0.9999978347812142 0.0004603899634394069 0.0019881794733076007 -0.0004579870453147716 0.999999090633482 -0.0008558498426321365 -0.0019889337338653765 0.0008551472024288589 0.9999972803883169 0.16213251084045055 0.028639863763032736 -0.6828891601672638
FixedParameters: 0 0 0
#Transform 91
Transform: MatrixOffsetTransformBase_double_3_3
Parameters: 0.9999997444903568 0.0005314140118919721 0.0009862095603781252 -0.0005301023940092242 0.9999993470523943 -0.001171523528366733 -0.0009874211859666423 0.0011704760067800107 0.999998654954764 0.16915393258254596 0.002197533987256861 -0.7363922612893532
FixedParameters: 0 0 0
#Transform 92
Transform: MatrixOffsetTransformBase_double_3_3
Parameters: 0.9999989628082732 0.000038029973255836584 -0.0014266818768870328 -0.00003436869537304802 0.999996795801188 0.0026840852491550604 0.0014270018396869218 -0.0026839191568022377 0.9999957592502827 0.16749392416782882 0.039579554938782735 -0.5105444540547239
FixedParameters: 0 0 0
#Transform 93
Transform: MatrixOffsetTransformBase_double_3_3
Parameters: 0.999999273127315 0.00042650418974219 0.0007385322436260285 -0.000429241816689801 0.9999928554360272 0.003867687007512763 -0.0007363159379064684 -0.003868318059332812 0.9999924947064901 0.1849447092134966 0.05758338596028523 -0.4538067322262833
FixedParameters: 0 0 0
#Transform 94
Transform: MatrixOffsetTransformBase_double_3_3
Parameters: 0.9999997440900014 -0.00005864163695666375 -0.0005025951385288166 0.000059976714964799105 0.9999903944440256 0.004312967259008461 0.000502177766036031 -0.00431302685223206 0.9999901455582344 0.20816392495039793 -0.0011836204830331098 -0.41060950618791026
FixedParameters: 0 0 0
#Transform 95
Transform: MatrixOffsetTransformBase_double_3_3
Parameters: 0.9999999347297182 0.00020593378263608246 -0.00015168129778790027 -0.0002047188978161519 0.9999911559886298 0.00409902776486655 0.00015236506236799 -0.004098965336363898 0.9999911750260148 0.20559944956045229 0.02070028580257599 -0.45958005920540757
FixedParameters: 0 0 0
#Transform 96
Transform: MatrixOffsetTransformBase_double_3_3
Parameters: 0.9999997278548901 -0.000010833857958627292 0.0005214868027819219 0.000009409393088707412 0.9999910222221469 0.0042400050011755785 -0.0005216668680889066 -0.004239994443298915 0.9999907502710513 0.20014117877543924 -0.006253205595569966 -0.43463207341434895
FixedParameters: 0 0 0
#Transform 97
Transform: MatrixOffsetTransformBase_double_3_3
Parameters: 0.9999998987209145 0.00028304497777050544 0.00014538042183130854 -0.00028335797674816594 0.9999903953103021 0.004303956547522081 -0.00014497304318007853 -0.004304038776799704 0.9999904544263841 0.18787169930709524 0.019132844654563996 -0.45758778263461863
FixedParameters: 0 0 0
#Transform 98
Transform: MatrixOffsetTransformBase_double_3_3
Parameters: 0.9999992481867384 -0.00023781886486320798 -0.0008338267115131542 0.0002407736280585186 0.9999917307966694 0.00415280139182813 0.0008329644984414826 -0.004152202223449822 0.9999910307077313 0.20527585283755911 0.01872670960803191 -0.4641432979125142
FixedParameters: 0 0 0
#Transform 99
Transform: MatrixOffsetTransformBase_double_3_3
Parameters: 0.9999994343157643 0.00040238244230632553 0.0006353180466604245 -0.00040488622253558704 0.9999905028938159 0.004285740214436437 -0.0006339517295499228 -0.004285254511604261 0.9999902002506302 0.19779828040647374 0.029415918381261008 -0.4278728803162153
FixedParameters: 0 0 0
#Transform 100
Transform: MatrixOffsetTransformBase_double_3_3
Parameters: 0.999997103097378 0.0005849529159113293 0.0023568243647743544 -0.0005946156777036195 0.9999921390104609 0.0039467043102967905 -0.0023544502949129358 -0.0039472985337653255 0.9999898062908679 0.17793687033304195 0.023359199044634238 -0.4837908189711584
FixedParameters: 0 0 0
#Transform 101
Transform: MatrixOffsetTransformBase_double_3_3
Parameters: 0.9999991345855647 0.0001861248663832812 0.0009112265876576237 -0.00019029576035879285 0.9999926491065622 0.00391782816931488 -0.0009108456966232277 -0.003917173076435881 0.999991791737503 0.20784197195806087 0.008265884625615172 -0.46776173169803315
FixedParameters: 0 0 0
#Transform 102
Transform: MatrixOffsetTransformBase_double_3_3
Parameters: 0.9999994565958484 0.0003006170460383734 0.0006729889704651748 -0.00030391789396997624 0.9999925578491642 0.003917798009805178 -0.00067168271929521 -0.0039182044633063184 0.9999921971670346 0.1938190736963037 0.030481563445164284 -0.4626881144453705
FixedParameters: 0 0 0
#Transform 103
Transform: MatrixOffsetTransformBase_double_3_3
Parameters: 0.9999991145576909 0.00043824973286587566 0.0008331781434160103 -0.0004404557357804323 0.9999930502432016 0.0037086339235805413 -0.0008310441580085549 -0.0037093651077823656 0.9999925508552893 0.1888515134075135 0.04145721954054693 -0.4883111837594072
FixedParameters: 0 0 0
#Transform 104
Transform: MatrixOffsetTransformBase_double_3_3
Parameters: 0.9999995267496464 0.00003130541912255446 -0.0006871067899194749 -0.000028547262508854636 0.9999914596826049 0.0041880215435876125 0.0006874516883749336 -0.004187980408244141 0.9999909882128984 0.19684499806223243 0.015094753041879017 -0.4504627223880675
FixedParameters: 0 0 0
#Transform 105
Transform: MatrixOffsetTransformBase_double_3_3
Parameters: 0.9999995013645829 0.00036468819189377187 0.0006042366643601671 -0.0003676065409663804 0.9999917054804905 0.004019777233158578 -0.0006033546656776114 -0.004020219391682026 0.9999914749631039 0.17871026928487765 0.03134806835839754 -0.44931490090925763
FixedParameters: 0 0 0
#Transform 106
Transform: MatrixOffsetTransformBase_double_3_3
Parameters: 0.9999974340131742 -0.00010999752874325241 0.0023567135608338293 0.00009803869959791742 0.9999871041901106 0.005088341069543388 -0.0023571494817114045 -0.005087662367194386 0.9999845539105643 0.18680849310234748 -0.058611684870299996 -0.5470267534909397
FixedParameters: 0 0 0
#Transform 107
Transform: MatrixOffsetTransformBase_double_3_3
Parameters: 0.9999976970998894 -0.00015141385399917073 0.0022977962313372536 0.0001393519452988593 0.9999877501218063 0.005023396903519987 -0.0022986027744465324 -0.005022603078706993 0.9999844855351718 0.18048262056341002 0.01493672321186068 -0.4663793350459571
FixedParameters: 0 0 0
#Transform 108
Transform: MatrixOffsetTransformBase_double_3_3
Parameters: 0.999998274068112 -0.00047491337870701685 0.001871149500437864 0.0004649385761109877 0.9999868261845343 0.0050919443191131605 -0.0018732189659786118 -0.0050910571780478225 0.9999856007472351 0.17617434206771065 0.01738398127801588 -0.3990226120111373
FixedParameters: 0 0 0
#Transform 109
Transform: MatrixOffsetTransformBase_double_3_3
Parameters: 0.9999999245984365 -0.00024163734754045613 0.00013138289532142413 0.00024033511772943226 0.9999870574971473 0.005185037359802774 -0.0001318829168949069 -0.0051849739168497305 0.9999870982309998 0.18127472979514891 0.03242936472381075 -0.44258183224462755
FixedParameters: 0 0 0
#Transform 110
Transform: MatrixOffsetTransformBase_double_3_3
Parameters: 0.9999977401508036 0.00017894665243977026 0.0020559549411615506 -0.00018838113318130463 0.9999887085823134 0.004717683697163848 -0.0020555354949137014 -0.004718313252674619 0.9999865122398192 0.17774626973982777 0.030302637010024114 -0.4375258800862838
FixedParameters: 0 0 0
#Transform 111
Transform: MatrixOffsetTransformBase_double_3_3
Parameters: 0.9999995901351018 0.00025959445213336106 0.000585329446743579 -0.00026238734709288 0.9999876927443855 0.004926844096894617 -0.0005838516252225168 -0.00492615121901762 0.9999873563102372 0.19868078951375878 0.04213966761577126 -0.41383976957561686
FixedParameters: 0 0 0
#Transform 112
Transform: MatrixOffsetTransformBase_double_3_3
Parameters: 0.9999999067810199 0.0002225782759311839 -0.0002089303672175272 -0.0002214740052132427 0.9999870017053848 0.005094046532018455 0.0002102242909398475 -0.005093953468803598 0.9999870070657448 0.2082020736966399 0.047343310147581974 -0.4638425173688745
FixedParameters: 0 0 0
#Transform 113
Transform: MatrixOffsetTransformBase_double_3_3
Parameters: 0.9999967247025024 0.00005770077853932252 0.002504352205326734 -0.00006968242111266102 0.999988084361028 0.004786965836531862 -0.002504119347941456 -0.004787033674444337 0.9999858092717089 0.18839402181087905 0.016959888010845248 -0.422967185320303
FixedParameters: 0 0 0
#Transform 114
Transform: MatrixOffsetTransformBase_double_3_3
Parameters: 0.9999981591336191 0.0006405511860034049 0.0021048904752245232 -0.0006512177353669285 0.9999863612854639 0.005126698860165611 -0.002101611569531803 -0.005127294159635677 0.9999842252170471 0.16084269946635743 0.06429795518209858 -0.4810016054080535
FixedParameters: 0 0 0
#Transform 115
Transform: MatrixOffsetTransformBase_double_3_3
Parameters: 0.9999995135616875 -0.000645266569391836 0.0002640903811160624 0.0006447006711184526 0.9999868890684553 0.005069171805331382 -0.00026669405691975677 -0.0050688294579550874 0.9999872346284366 0.1862035754099196 0.00241567409632637 -0.4247392359310993
FixedParameters: 0 0 0
#Transform 116
Transform: MatrixOffsetTransformBase_double_3_3
Parameters: 0.9999995508948459 -0.0006555772757085305 0.00013834875319593756 0.0006552994197447295 0.9999873396992531 0.005023094523711254 -0.0001409667079967193 -0.0050229114499890926 0.9999877497837502 0.19507716269478692 0.02970424983988096 -0.42368968087903625
FixedParameters: 0 0 0
#Transform 117
Transform: MatrixOffsetTransformBase_double_3_3
Parameters: 0.9999981143675464 -0.000546081494403777 0.0018941096741623162 0.0005363779185856803 0.9999871006856478 0.004958086791323958 -0.0018967601827400064 -0.004956907490928517 0.9999858597482096 0.1843802328287012 -0.00822991346136348 -0.47461361562201887
FixedParameters: 0 0 0
#Transform 118
Transform: MatrixOffsetTransformBase_double_3_3
Parameters: 0.9999976771467817 -0.000497691060255878 0.002252926137827301 0.0004861917129181821 0.9999876232703033 0.005011173635969715 -0.0022552029172745076 -0.005009828331474585 0.9999848432641721 0.1944184768695436 0.03362301416531466 -0.45575096213174504
FixedParameters: 0 0 0
#Transform 119
Transform: MatrixOffsetTransformBase_double_3_3
Parameters: 0.9999996530926318 -0.00017405767944035362 0.0005628402020947795 0.0001707321145632197 0.9999883611137933 0.004755129343532664 -0.0005635430016423108 -0.004754872369784502 0.9999890716615313 0.21354232956423402 0.02086874502569458 -0.5282924144843832
FixedParameters: 0 0 0
#Transform 120
Transform: MatrixOffsetTransformBase_double_3_3
Parameters: 0.9999995025808714 -0.00012535584914438136 0.0006936291767810067 0.00012315005951325442 0.999990021443616 0.004468085584928332 -0.0006948651567196736 -0.004467913059657422 0.9999895548910747 0.2151472545386497 0.025185810984993395 -0.40852779243327575
FixedParameters: 0 0 0
#Transform 121
Transform: MatrixOffsetTransformBase_double_3_3
Parameters: 0.9999990033903652 0.000995464770771523 -0.00006943985260929198 -0.0009960373821710504 0.9999920005367662 0.0038740730076982643 0.00007318835165463243 -0.003873930987049877 0.9999929869660235 0.2736878298159837 0.0637133110381427 -0.37985884681853577
FixedParameters: 0 0 0
#Transform 122
Transform: MatrixOffsetTransformBase_double_3_3
Parameters: 1.0000000802340068 0.00001905916175103668 0.0009588362221147221 -0.00002319571034671603 0.9999910049181507 0.0042419777814976176 -0.000958782619555898 -0.004242018296640275 0.999990086034231 0.21401516472018045 0.026973570592431884 -0.47529569955773354
FixedParameters: 0 0 0
#Transform 123
Transform: MatrixOffsetTransformBase_double_3_3
Parameters: 0.9999994632636048 0.0001732222859551935 0.0012277692396344914 -0.0001790353159673989 0.9999905648619659 0.004404782810313618 -0.0012263745845339199 -0.004405215060699519 0.999989090158104 0.22785224119672876 0.023252460203380565 -0.48770520529753014
FixedParameters: 0 0 0
#Transform 124
Transform: MatrixOffsetTransformBase_double_3_3
Parameters: 0.9999997232055544 0.0004401703239179213 0.0002878787537403894 -0.0004413148305040338 0.9999936868123797 0.0036218761457447596 -0.0002867164291645581 -0.0036221293956100603 0.9999937985175013 0.2347783895486799 0.01876381893190171 -0.593741096408209
FixedParameters: 0 0 0
#Transform 125
Transform: MatrixOffsetTransformBase_double_3_3
Parameters: 0.9999989604049682 0.00040190234528140843 0.00137071443141055 -0.00040852474199238383 0.9999897124726337 0.0045954440574445254 -0.0013681776500885127 -0.004596553903885241 0.9999880012655945 0.22780121311414803 0.00904448817202308 -0.500013202438609
FixedParameters: 0 0 0
#Transform 126
Transform: MatrixOffsetTransformBase_double_3_3
Parameters: 0.9999999648571989 -0.00010324652926753965 -0.00015627587660488977 0.00010367882318359401 0.999989927760725 0.004478983521506941 0.00015637997615769613 -0.00447901587039963 0.9999899140156149 0.22506104855843034 0.02626477347203604 -0.5419017932789245
FixedParameters: 0 0 0
#Transform 127
Transform: MatrixOffsetTransformBase_double_3_3
Parameters: 0.9999962577953658 0.000655156403072078 0.0025124404395501045 -0.0006672415284570615 0.9999888182071683 0.004775435815659951 -0.0025095000718347946 -0.004776571914313701 0.9999858188625635 0.20410701122568753 0.012049544606838936 -0.5238309056819048
FixedParameters: 0 0 0
#Transform 128
Transform: MatrixOffsetTransformBase_double_3_3
Parameters: 0.999999940452735 0.00032905925946505636 0.0009755950397477924 -0.00033349005367765643 0.9999886480744954 0.0048206783017891094 -0.000973557425002761 -0.004821324011911508 0.9999878080026174 0.21948256260917276 0.030716489693404014 -0.5333616361351261
FixedParameters: 0 0 0
#Transform 129
Transform: MatrixOffsetTransformBase_double_3_3
Parameters: 0.9999970225176403 0.000629031740518125 0.0023628773559680478 -0.0006389287333136629 0.9999901797796057 0.004409599131852425 -0.00235962950393153 -0.004411406731059497 0.9999879374445982 0.20080313470943167 0.020573407992159787 -0.538523521868072
FixedParameters: 0 0 0
#Transform 130
Transform: MatrixOffsetTransformBase_double_3_3
Parameters: 0.9999967747731299 0.0004940291196778492 0.0024455839041719442 -0.000505032143534485 0.9999896560183874 0.004485870979646887 -0.002443446118090015 -0.004487126818556453 0.9999868611349026 0.1998876970562833 0.01724622285033206 -0.5171854198653278
FixedParameters: 0 0 0
#Transform 131
Transform: MatrixOffsetTransformBase_double_3_3
Parameters: 0.9999999734655086 0.0010130813896317328 -0.000011187582832064566 -0.0010131148463143524 0.9999930629584873 0.0035929802632440264 0.000014469700733608434 -0.0035930170610394066 0.9999930911286502 0.23379006469575359 0.021660286530035933 -0.30880937911966555
FixedParameters: 0 0 0
#Transform 132
Transform: MatrixOffsetTransformBase_double_3_3
Parameters: 0.9999991586510751 0.0010200069146578986 -0.0008949493993125968 -0.0010208074870108246 0.9999997261305901 -0.0004471171950812258 0.0008940361366055088 0.00044788187268155616 0.9999990320085417 0.2777110411268495 -0.055598417863663485 -0.051146670802864946
FixedParameters: 0 0 0
#Transform 133
Transform: MatrixOffsetTransformBase_double_3_3
Parameters: 0.9999996220889928 0.00023067502436406232 -0.0005698828509129306 -0.00022974365994100188 0.9999961973969059 0.002598128979324453 0.0005701423350746171 -0.0025978665350639765 0.9999959254721088 0.2271441809170085 0.019317086735199496 -0.5165275450496836
FixedParameters: 0 0 0
#Transform 134
Transform: MatrixOffsetTransformBase_double_3_3
Parameters: 0.9999999545412035 0.00018412460420666484 -0.00010710348489216905 -0.0001843150457561363 0.9999926387740163 0.003915022374142804 0.00010757783439633587 -0.00391498282624541 0.9999926611792272 0.23450318798437308 0.01867766046754582 -0.42426979510894114
FixedParameters: 0 0 0
#Transform 135
Transform: MatrixOffsetTransformBase_double_3_3
Parameters: 0.9999998207817163 0.0004002940511168337 -0.00013823746202311425 -0.00039935880400882983 0.9999937714317668 0.003474054967379382 0.00014001596084102776 -0.0034739437140008517 0.9999939119286304 0.2379126037266559 0.011916334722954502 -0.47471067279907686
FixedParameters: 0 0 0
#Transform 136
Transform: MatrixOffsetTransformBase_double_3_3
Parameters: 0.9999998814686777 0.00012013919434387778 -0.00032244147173422885 -0.00011869103503266597 0.9999926215989605 0.0037900368904950077 0.0003233780557881894 -0.003789959769789436 0.9999925315784468 0.2249433754063972 -0.010038374658179805 -0.46442521728990016
FixedParameters: 0 0 0
#Transform 137
Transform: MatrixOffsetTransformBase_double_3_3
Parameters: 0.9999995545329946 0.0005363937922672839 -0.0003967555420831496 -0.000535129311933245 0.9999912216221973 0.004178215558282614 0.00039929673365061334 -0.00417878709020638 0.9999914130192339 0.22344102057421367 0.014741308403998232 -0.4633680364179611
FixedParameters: 0 0 0
#Transform 138
Transform: MatrixOffsetTransformBase_double_3_3
Parameters: 0.9999995518471168 0.0005526951179368491 0.0010691649462288319 -0.0005559528919973251 0.9999929854345245 0.0038344105516419646 -0.0010670693296830304 -0.0038355947221272793 0.9999921518239135 0.22167974097699528 0.011359821292771244 -0.513350950263046
FixedParameters: 0 0 0
#Transform 139
Transform: MatrixOffsetTransformBase_double_3_3
Parameters: 0.9999995052906865 0.000699114587203301 -0.00007823380498350484 -0.0006985819561662397 0.9999919642994229 0.003943056437387876 0.00008074642523484391 -0.003942945334223326 0.9999924463615635 0.20285425703976045 0.020039227178784813 -0.4527715364699958
FixedParameters: 0 0 0
#Transform 140
Transform: MatrixOffsetTransformBase_double_3_3
Parameters: 0.9999992816857178 0.00039684543103414674 -0.0007490302645785376 -0.00039344212547785286 0.9999902600412105 0.004311327885084454 0.0007505324304347282 -0.004310672549366561 0.999990852021515 0.22101073446519592 0.04960120424665604 -0.4836618376743189
FixedParameters: 0 0 0
#Transform 141
Transform: MatrixOffsetTransformBase_double_3_3
Parameters: 0.9999976262048038 0.0004955847795733487 0.0022645871417665713 -0.0005060987551406848 0.9999883394564754 0.0047369592016257706 -0.002262186164173173 -0.004738040016202719 0.9999863986273957 0.16988504697643236 0.03261173580256127 -0.5056768635418507
FixedParameters: 0 0 0
#Transform 142
Transform: MatrixOffsetTransformBase_double_3_3
Parameters: 0.999997987738797 0.000628205035046161 0.0019018433030753036 -0.0006368175662885812 0.9999894031287768 0.004606827438570042 -0.0018992958947825131 -0.004608170899474427 0.9999871262375128 0.16653590479060654 0.00701838089918283 -0.3223892859787725
FixedParameters: 0 0 0
#Transform 143
Transform: MatrixOffsetTransformBase_double_3_3
Parameters: 0.9999994826153324 0.0006758641806249144 0.0002458942504325226 -0.0006771543423021921 0.9999893641788135 0.004491832690889465 -0.00024284638879609063 -0.004492163331300383 0.9999897621176503 0.18205174888149145 0.038832670714882056 -0.4107863047658782
FixedParameters: 0 0 0
#Transform 144
Transform: MatrixOffsetTransformBase_double_3_3
Parameters: 0.9999996595553226 -0.00017408456932402127 0.000556883467539956 0.00017208173628794655 0.9999895756969454 0.00451609404824134 -0.0005575414874376981 -0.004515901160040546 0.9999892951567252 0.19139280725025287 0.01454564567470129 -0.32463936600342436
FixedParameters: 0 0 0
#Transform 145
Transform: MatrixOffsetTransformBase_double_3_3
Parameters: 0.9999994597973169 0.0004136039079724677 0.0006080310744271103 -0.0004159205940924642 0.9999908705536146 0.004353751646291572 -0.0006055130373387827 -0.004354254982450914 0.9999906743982904 0.18561537908773573 0.03678517335457343 -0.3371416911981271
FixedParameters: 0 0 0
#Transform 146
Transform: MatrixOffsetTransformBase_double_3_3
Parameters: 0.9999997350136577 0.00039203997143226406 0.00033366061237465896 -0.00039422024035151184 0.9999884061707995 0.00473686638291089 -0.0003309669847026337 -0.004737127671777426 0.9999884502784424 0.1971376060912604 0.03040671603218925 -0.39797434021718914
FixedParameters: 0 0 0
#Transform 147
Transform: MatrixOffsetTransformBase_double_3_3
Parameters: 0.999999802261501 0.00039845795528571204 0.00019734314437867004 -0.0003992854791716543 0.9999897345477397 0.004487919598495968 -0.0001957936786788482 -0.00448707838444086 0.9999897922059982 0.1954078313162313 0.023752151348077177 -0.34878957026570845
FixedParameters: 0 0 0
#Transform 148
Transform: MatrixOffsetTransformBase_double_3_3
Parameters: 0.999998011358329 0.00038917676756008936 0.0016841938686009922 -0.0003969724149290204 0.9999890548382709 0.004671367327199777 -0.0016827716541612026 -0.0046716299862102975 0.9999873104373426 0.1742555007941462 0.03343754840786062 -0.3747664960656323
FixedParameters: 0 0 0
#Transform 149
Transform: MatrixOffsetTransformBase_double_3_3
Parameters: 0.9999996449270984 0.0005843293388513229 0.00011751249292293131 -0.0005845481910672022 0.9999882617173768 0.0048369342259819495 -0.0001148885294668749 -0.004837070051242766 0.9999885897732508 0.18443275289203598 0.03646426985265805 -0.3732153918652017
FixedParameters: 0 0 0
#Transform 150
Transform: MatrixOffsetTransformBase_double_3_3
Parameters: 0.9999992545256842 0.0005975800629407537 -0.0006231707047714633 -0.0005947734312597191 0.9999883377343493 0.004723369196032008 0.0006258979358744498 -0.00472262452671169 0.9999883031060313 0.18679785985202102 0.03696354575598093 -0.36725098242106924
FixedParameters: 0 0 0
#Transform 151
Transform: MatrixOffsetTransformBase_double_3_3
Parameters: 0.9999993926538725 0.0006053178772339546 0.0004910217054142411 -0.0006080074424781131 0.9999882778669184 0.004727699780388603 -0.0004873468955462261 -0.004728293326130527 0.9999884065950758 0.1687785969076856 0.02960356800949171 -0.3638924251250586
FixedParameters: 0 0 0
#Transform 152
Transform: MatrixOffsetTransformBase_double_3_3
Parameters: 0.999999835897598 0.00034571026208180325 0.00021091310262032564 -0.0003468396985678027 0.9999877325618575 0.004913926121554092 -0.0002095403187706124 -0.004914071715624475 0.9999878082608589 0.16759493621673016 0.034168060169420755 -0.3747276239171953
FixedParameters: 0 0 0
#Transform 153
Transform: MatrixOffsetTransformBase_double_3_3
Parameters: 0.9999999010691141 0.00031203966923020815 -0.000040302240011874614 -0.000311706408808952 0.9999883606879901 0.0048520147840712124 0.0000413296557805695 -0.004851989325871386 0.9999884562749858 0.158427465432041 0.03435968782871157 -0.33584229396744547
FixedParameters: 0 0 0
#Transform 154
Transform: MatrixOffsetTransformBase_double_3_3
Parameters: 0.9999994859033667 0.0007074093632407789 0.00011813750855286769 -0.0007075950806559342 0.9999885126040596 0.004688916467767125 -0.00011453244106814037 -0.004689081083428588 0.9999889996214241 0.17157278188796 0.06687952168817901 -0.3688577659358572
FixedParameters: 0 0 0
#Transform 155
Transform: MatrixOffsetTransformBase_double_3_3
Parameters: 0.9999965801253035 0.0009129469013092191 0.0023637114769779924 -0.0009272671220820105 0.9999810870890508 0.006173892912202376 -0.00235781671577966 -0.006176115638731251 0.9999782308843589 0.152715327243925 0.0657679644885576 -0.48439170014039235
FixedParameters: 0 0 0
#Transform 156
Transform: MatrixOffsetTransformBase_double_3_3
Parameters: 0.9999966152843954 0.0006054506037708886 0.002453205144152226 -0.0006191580846012085 0.9999839566056201 0.0056295928384677354 -0.002449748185584897 -0.005631408570636237 0.999981253006624 0.1701995044141853 0.046806480596146116 -0.5146611068978189
FixedParameters: 0 0 0
#Transform 157
Transform: MatrixOffsetTransformBase_double_3_3
Parameters: 0.9999999077737373 -0.0002993992775473301 -0.00005028062637736728 0.00029997817459772176 0.9999848404476749 0.005573990101789446 0.00004793916509410958 -0.005574019538708674 0.999984927836619 0.1873538140394686 0.024056616615013127 -0.4102296945051336
FixedParameters: 0 0 0
#Transform 158
Transform: MatrixOffsetTransformBase_double_3_3
Parameters: 0.9999995716651644 0.00028828366587827495 0.0005877470244142758 -0.00029185572001017 0.9999848572705002 0.005572833708669053 -0.0005856076114364131 -0.005573174068129266 0.9999845972045959 0.1965489500415316 0.01115712600604013 -0.3575926583822451
FixedParameters: 0 0 0
#Transform 159
Transform: MatrixOffsetTransformBase_double_3_3
Parameters: 0.9999971640840042 0.0003065439216256135 0.0023959257529631043 -0.00032024892696279453 0.9999836592458368 0.005768310224057972 -0.0023947488404075655 -0.005768688006749026 0.9999799530136066 0.16510924669502458 0.05161531695962651 -0.4125658503727152
FixedParameters: 0 0 0
#Transform 160
Transform: MatrixOffsetTransformBase_double_3_3
Parameters: 0.9999979614290067 0.0003359427652358054 0.0022192510684976314 -0.0003497551890452378 0.9999807839787267 0.006252304724993302 -0.0022174021178915457 -0.006253700262452519 0.9999779765382903 0.1659833347707007 0.05152009628884002 -0.6739603612508063
FixedParameters: 0 0 0
#Transform 161
Transform: MatrixOffsetTransformBase_double_3_3
Parameters: 0.9999962470608533 0.0002964641102905296 0.0025813193919769144 -0.00031296245277238227 0.9999818337751026 0.006088310217851528 -0.002580078732940695 -0.006089694609212409 0.9999782606020726 0.17587201089527582 0.02698250002224256 -0.4714018754615097
FixedParameters: 0 0 0
#Transform 162
Transform: MatrixOffsetTransformBase_double_3_3
Parameters: 0.9999970307380938 0.0006835882208545319 0.0023457144904370187 -0.000698313568585717 0.9999779861145767 0.006526469815758391 -0.0023411953097061036 -0.006527523853944395 0.9999758401726053 0.16145260350910462 0.09023636178631023 -0.45302388886273093
FixedParameters: 0 0 0
#Transform 163
Transform: MatrixOffsetTransformBase_double_3_3
Parameters: 0.9999963747869216 0.0012207643434911618 0.0022663029610640317 -0.001231612007560143 0.9999876073751189 0.0047892841982006065 -0.002259896578618157 -0.004792712585220349 0.9999858597258899 0.12990117368090637 0.10713000429221609 -0.28298107624455326
FixedParameters: 0 0 0
#Transform 164
Transform: MatrixOffsetTransformBase_double_3_3
Parameters: 0.99999765158264 0.0014783411583559765 0.0014705281849986427 -0.0014852912449668085 0.9999899617753325 0.004346827317835825 -0.0014638277326128365 -0.0043491794685195095 0.9999898793504075 0.10886500041483771 0.021542255312610337 -0.2560850545667819
FixedParameters: 0 0 0
#Transform 165
Transform: MatrixOffsetTransformBase_double_3_3
Parameters: 0.9999979138208459 0.0012448109807267997 0.0012399560563690702 -0.0012501219497089544 0.9999891575394804 0.004506456497417315 -0.0012338960674384588 -0.004508544539811664 0.9999891209262987 0.11956133405008984 0.005246654489596381 -0.2427860760531786
FixedParameters: 0 0 0
#Transform 166
Transform: MatrixOffsetTransformBase_double_3_3
Parameters: 0.9999982506194206 0.0016504563185437645 -0.0001571681887998072 -0.0016500307326626263 0.9999842913883591 0.005290233310095954 0.00016566375370018077 -0.005289763347444437 0.9999859906187187 0.12932859224379456 0.0040384058151090585 -0.2630934088492438
FixedParameters: 0 0 0
#Transform 167
Transform: MatrixOffsetTransformBase_double_3_3
Parameters: 0.9999978070695257 0.0015222956413909468 0.0013697063396215577 -0.0015290102162030031 0.9999847451911066 0.00529291321698562 -0.0013618014629540082 -0.005294086500263043 0.9999850191444842 0.1269086097485257 0.023000269187463118 -0.4381406044258114
FixedParameters: 0 0 0
#Transform 168
Transform: MatrixOffsetTransformBase_double_3_3
Parameters: 0.9999989418390195 0.001337841303313169 0.000517551894555277 -0.0013407856247096893 0.9999836057198503 0.005534275733588695 -0.0005108172089501812 -0.005534717817859067 0.9999840742740015 0.15219796898675497 0.03461820412145755 -0.29917910894393174
FixedParameters: 0 0 0
#Transform 169
Transform: MatrixOffsetTransformBase_double_3_3
Parameters: 0.9999985909257376 0.0007948725587146886 0.0016662160529569516 -0.0008044676178984474 0.9999823045354916 0.005837695312351586 -0.0016621898701153048 -0.005839296144779273 0.999981109636782 0.14668964673870732 0.04820176989268532 -0.35216746786082354
FixedParameters: 0 0 0
#Transform 170
Transform: MatrixOffsetTransformBase_double_3_3
Parameters: 0.9999964035988027 0.0014155718438808981 0.0023647801499000532 -0.0014301206003856318 0.9999811611990209 0.005990702410257974 -0.00235616295165678 -0.005994300000119364 0.9999794214916929 0.13901172573618226 0.07587627580811329 -0.3787582324947749
FixedParameters: 0 0 0
#Transform 171
Transform: MatrixOffsetTransformBase_double_3_3
Parameters: 0.9999969621498729 0.0014243511705308543 0.0020021160935442006 -0.0014375506546523494 0.9999779853246621 0.0064841693403550685 -0.001992958908390429 -0.006486829295710962 0.9999768524019946 0.15184311055017474 0.08608989290226532 -0.4440825551657639
FixedParameters: 0 0 0
#Transform 172
Transform: MatrixOffsetTransformBase_double_3_3
Parameters: 0.9999952847293793 0.0014969410402435985 0.0025448999120029794 -0.0015121072436438357 0.9999808484396511 0.006082240999919691 -0.002535091261790927 -0.006085766372181507 0.999978405286676 0.15458563810170745 0.05729420422221665 -0.41339593794883456
FixedParameters: 0 0 0
#Transform 173
Transform: MatrixOffsetTransformBase_double_3_3
Parameters: 0.9999950376626872 0.0013153501583670097 0.0026896372126612262 -0.0013316450244149763 0.9999804677649146 0.006155539934404541 -0.0026808699868622384 -0.006158467395667243 0.9999777516663646 0.14664847225458288 0.03824954221109067 -0.43947002643315614
FixedParameters: 0 0 0
#Transform 174
Transform: MatrixOffsetTransformBase_double_3_3
Parameters: 0.9999945684824952 0.0020533164383212906 0.002686417093592512 -0.0020798253849962874 0.999949223351134 0.00988153188802926 -0.0026654026960751982 -0.009886478363344088 0.9999479527876355 0.14126671887072462 0.051239533600920595 -0.8428839310804221
FixedParameters: 0 0 0
#Transform 175
Transform: MatrixOffsetTransformBase_double_3_3
Parameters: 0.9999931995905335 0.0014345313205758243 0.0034269035200928948 -0.0014756261183098917 0.9999261485666519 0.012076181004525961 -0.00340906312348256 -0.012080824186320172 0.9999212589872188 0.1447960098039971 0.08683086356823821 -0.9613603459866056
FixedParameters: 0 0 0
#Transform 176
Transform: MatrixOffsetTransformBase_double_3_3
Parameters: 0.9999965302977499 0.0010407514948002955 0.0025270799436377623 -0.001069676685105288 0.9999295850893474 0.011805430583467842 -0.002515130114292644 -0.01180756892450572 0.9999271480931917 0.16137663347203102 -0.02758247317856899 -0.7136805997039346
FixedParameters: 0 0 0
#Transform 177
Transform: MatrixOffsetTransformBase_double_3_3
Parameters: 0.9999972150712889 0.0009410788841828984 0.002213369893608822 -0.0009655822788762738 0.9999371637697111 0.011133945978790236 -0.002202918882880562 -0.011136034664701158 0.9999350670218305 0.16388422454866713 -0.0032502788011896655 -0.6061736587554805
FixedParameters: 0 0 0
#Transform 178
Transform: MatrixOffsetTransformBase_double_3_3
Parameters: 0.9999945361679846 0.001317677756846634 0.0029540944998183443 -0.0013517423161232575 0.9999355647363863 0.01130015736496641 -0.0029389519687347265 -0.011304840707453238 0.9999314696127911 0.13931550766480427 0.08020853596191557 -0.6621290697369346
FixedParameters: 0 0 0
#Transform 179
Transform: MatrixOffsetTransformBase_double_3_3
Parameters: 0.9999894775081919 0.0015845863154092205 0.0042438303316722084 -0.0016399602665090936 0.9999115066689402 0.013190416239865811 -0.00422306416784772 -0.013197577359565268 0.9999037907116958 0.12156844585916815 0.09199448979630631 -1.0249021246095396
FixedParameters: 0 0 0
#Transform 180
Transform: MatrixOffsetTransformBase_double_3_3
Parameters: 0.9999904823461413 0.0020784537880695836 0.0037684114656667657 -0.0021235265322134583 0.9999252121637421 0.01202229079649323 -0.0037423098682263247 -0.012029710453157698 0.9999210090175141 0.08720484370334702 0.12591866928570994 -1.1736272516694584
FixedParameters: 0 0 0
#Transform 181
Transform: MatrixOffsetTransformBase_double_3_3
Parameters: 0.9999961913137885 0.0014388253283939383 0.0021765547135987715 -0.0014667740196344372 0.9999178407139999 0.012770885168627018 -0.0021583120037906157 -0.01277412626001069 0.9999160630780354 0.1449506734103494 0.013591065940133262 -0.7283426197013512
FixedParameters: 0 0 0
#Transform 182
Transform: MatrixOffsetTransformBase_double_3_3
Parameters: 0.9999915108136654 0.0015945310090915376 0.0037340447937539343 -0.001638084226781951 0.999932408328638 0.011535168938275983 -0.003716085668440453 -0.01154184421173695 0.9999268184080363 0.15455888475018753 0.0003939344641423759 -0.5998889059574424
FixedParameters: 0 0 0
#Transform 183
Transform: MatrixOffsetTransformBase_double_3_3
Parameters: 0.9999943305315534 0.0007359820182083637 0.0031825100319624786 -0.0007743995263439893 0.9999243241740418 0.012293762101719743 -0.003173191610738573 -0.01229625205758511 0.9999196599002999 0.16009943367210155 0.11918305165792731 -0.6927482483948069
FixedParameters: 0 0 0
#Transform 184
Transform: MatrixOffsetTransformBase_double_3_3
Parameters: 0.9999966008148965 0.0007412220066447064 0.002418312246566796 -0.000771179929770472 0.9999237913812333 0.012356236618882438 -0.0024095606840617754 -0.012357765965015428 0.999920406356567 0.14794630480517412 0.0823818112725263 -0.6778414654490064
FixedParameters: 0 0 0
#Transform 185
Transform: MatrixOffsetTransformBase_double_3_3
Parameters: 0.9999946951038675 0.001253239566530087 0.0029555847310110484 -0.0012921447233543277 0.9999129998307202 0.013132374689409261 -0.0029383697025328927 -0.013135632963371877 0.9999096754921328 0.1225375528340038 0.14976190406568435 -0.7414558180434341
FixedParameters: 0 0 0
#Transform 186
Transform: MatrixOffsetTransformBase_double_3_3
Parameters: 0.9999928500878322 0.001653716152601833 0.003378416386108087 -0.0017004614740673497 0.999903497968486 0.013811474529128134 -0.0033555431956291265 -0.013817527261751651 0.9998986517121997 0.1381410824269267 0.030318142146271043 -0.9300786605547273
FixedParameters: 0 0 0
#Transform 187
Transform: MatrixOffsetTransformBase_double_3_3
Parameters: 0.9999955310465508 0.0011034723575425568 0.0028724956973308945 -0.001132730936362957 0.9999447153344745 0.01044491969641103 -0.002861102827043379 -0.010448085381271725 0.9999415504628715 0.1725061559434522 0.08069610135289906 -0.5679308628615871
FixedParameters: 0 0 0
#Transform 188
Transform: MatrixOffsetTransformBase_double_3_3
Parameters: 0.9999948901784214 0.0018468721613206958 0.002387276381477291 -0.0018684004614763334 0.999957934092458 0.009038614589307103 -0.0023703689578207354 -0.009043397873866252 0.9999564728981836 0.13622316459380102 -0.02529360965469607 -0.4224041643856111
FixedParameters: 0 0 0
#Transform 189
Transform: MatrixOffsetTransformBase_double_3_3
Parameters: 0.9999927979884815 0.001766376355370223 0.003475713850105362 -0.0018002056104854448 0.9999500666199505 0.009842973332267302 -0.0034586873133137194 -0.009849037602226461 0.9999458383926373 0.1422698717257731 0.10263278330151593 -0.5639788730683364
FixedParameters: 0 0 0
#Transform 190
Transform: MatrixOffsetTransformBase_double_3_3
Parameters: 0.9999967874799904 0.0015497903387788018 0.0021933269832983197 -0.0015700839562640756 0.9999553960278185 0.009339619605942533 -0.0021788347122417787 -0.009343383191694865 0.9999538600591655 0.15319646047313995 -0.017648845496808008 -0.42455193983047934
FixedParameters: 0 0 0
#Transform 191
Transform: MatrixOffsetTransformBase_double_3_3
Parameters: 0.9999978797921452 0.0006883252407183252 0.002155456998337185 -0.0007095630846845269 0.9999546359324876 0.009533561841112793 -0.0021487537622717047 -0.009535446711918139 0.9999524260326867 0.16308658956866395 0.10069107152195045 -0.4542364034701478
FixedParameters: 0 0 0
#Transform 192
Transform: MatrixOffsetTransformBase_double_3_3
Parameters: 0.9999980914081149 0.0007304930942627657 0.001837414313144559 -0.0007474269396524136 0.9999547758598318 0.009470710145113803 -0.0018299782735153208 -0.009472296660886025 0.9999538926601441 0.1685765157696153 0.10030586718525569 -0.4630055280782841
FixedParameters: 0 0 0
#Transform 193
Transform: MatrixOffsetTransformBase_double_3_3
Parameters: 0.9999966557494794 0.0011184943742188797 0.0022566704270580214 -0.0011390768777714728 0.9999578869341215 0.009160526548041725 -0.002246641924479495 -0.009162490270035066 0.9999558987085201 0.15725978952718833 0.09052366560619873 -0.45375518290448724
FixedParameters: 0 0 0
#Transform 194
Transform: MatrixOffsetTransformBase_double_3_3
Parameters: 0.999996693810633 0.0015649687899124323 0.0022037912785797843 -0.0015924205641102494 0.9999204098814667 0.012495598028290054 -0.002184200321345885 -0.012499405947945484 0.9999198960982726 0.13932894793407513 0.17019123229131594 -0.6292490186573332
FixedParameters: 0 0 0
#Transform 195
Transform: MatrixOffsetTransformBase_double_3_3
Parameters: 0.9999975572081625 0.0007224052984064227 0.002218331748933937 -0.0007484091648807327 0.9999286706886105 0.01190942616218666 -0.0022096578642318175 -0.011910561021324297 0.9999261800252432 0.16097363718614588 -0.015558976482608955 -0.6194340519632959
FixedParameters: 0 0 0
#Transform 196
Transform: MatrixOffsetTransformBase_double_3_3
Parameters: 0.9999973842466432 0.0011673357378367488 0.0018041073473717567 -0.0011926030421822572 0.9998996821175151 0.01414191898546148 -0.0017865393969668964 -0.014143099194149002 0.999898660794343 0.1634901234520214 0.14951011061674535 -0.7726228470184395
FixedParameters: 0 0 0
#Transform 197
Transform: MatrixOffsetTransformBase_double_3_3
Parameters: 0.9999964669783079 0.0016638424080162903 0.0021823984565204424 -0.0016961641389792352 0.9998919163140615 0.014638394709682576 -0.002158196881681028 -0.014642630458341736 0.9998908380340965 0.1311210751632501 0.04049430981257274 -0.8834962801396244
FixedParameters: 0 0 0
#Transform 198
Transform: MatrixOffsetTransformBase_double_3_3
Parameters: 0.9999835751036991 0.0019986164723214414 0.00542509100974814 -0.0020940726786463186 0.9998410127188648 0.017690316997659862 -0.0053886931469080196 -0.017700653072086833 0.999828247207088 0.10982278183865901 0.22478097331739377 -1.3202739361344271
FixedParameters: 0 0 0
#Transform 199
Transform: MatrixOffsetTransformBase_double_3_3
Parameters: 0.9999972129651987 0.0007498887766637499 0.0020553384871776705 -0.0007845842078079593 0.9998564590041426 0.016909483275200074 -0.002042481355378535 -0.016911503896553597 0.9998547825790945 0.1634489188254804 0.0036787589660463027 -0.9341574707191569
FixedParameters: 0 0 0
#Transform 200
Transform: MatrixOffsetTransformBase_double_3_3
Parameters: 0.99999951337423 0.0009552482588287633 0.0007580381132979234 -0.000967785242154363 0.9998597795907711 0.016712276637174457 -0.0007412980087056876 -0.016712720354829513 0.9998600793017308 0.17228511185230388 0.035411340281811476 -0.835819380543299
FixedParameters: 0 0 0
#Transform 201
Transform: MatrixOffsetTransformBase_double_3_3
Parameters: 0.9999979812871499 0.0008375733943969248 0.0018210106466095707 -0.0008682425658701159 0.9998576704876109 0.01686948923599583 -0.0018071975002828223 -0.01687152316463579 0.9998560419697692 0.1614358673289189 0.12239383957309258 -0.8957646888215436
FixedParameters: 0 0 0
#Transform 202
Transform: MatrixOffsetTransformBase_double_3_3
Parameters: 0.9999968063194784 0.0013326517021788468 0.002327846702077174 -0.0013682448257065262 0.9998817243085397 0.015312927625209811 -0.0023066026766530054 -0.015316066937801 0.9998799859235279 0.11820871713995018 0.17054824580195316 -0.8402895255630085
FixedParameters: 0 0 0
#Transform 203
Transform: MatrixOffsetTransformBase_double_3_3
Parameters: 0.9999953017061584 0.0015134809456441537 0.002531077435821355 -0.001550357178244844 0.9998902676304844 0.014712232162246111 -0.0025091763911467635 -0.014715773368342032 0.9998890060216967 0.12051638233769779 0.04462831292086378 -0.5692918493464845
FixedParameters: 0 0 0
#Transform 204
Transform: MatrixOffsetTransformBase_double_3_3
Parameters: 0.9999976976764812 0.0005913142231900584 0.0022254192283514616 -0.0006238165188498942 0.9998920345540141 0.014684706908869659 -0.0022166066851932223 -0.014685284242269676 0.999889340976121 0.1675298442665678 0.2184103895183256 -0.6332836392956835
FixedParameters: 0 0 0
#Transform 205
Transform: MatrixOffsetTransformBase_double_3_3
Parameters: 0.9999983258656521 0.0011746404098030236 0.0011370527963857312 -0.001192420720207306 0.999883898755541 0.015155693766377286 -0.0011196994999521286 -0.015157304044230858 0.9998849614634668 0.19088333342092767 0.18720009125873105 -0.6716195330765657
FixedParameters: 0 0 0
#Transform 206
Transform: MatrixOffsetTransformBase_double_3_3
Parameters: 0.9999961560043784 0.0013549960329034925 0.0022381817053842173 -0.0013902485844157657 0.9998729258725119 0.01584999121095599 -0.002215783486274015 -0.015852985574040017 0.9998716579632216 0.18817270201185465 0.18742795755612462 -0.8974379540452304
FixedParameters: 0 0 0
#Transform 207
Transform: MatrixOffsetTransformBase_double_3_3
Parameters: 0.9999962616196315 0.0005163108257594953 0.0027336587019429035 -0.0005566808453150176 0.9998944716015389 0.014499656815319666 -0.0027253209343810125 -0.014501336523233044 0.9998912381926869 0.20137252615727164 0.17664580402075103 -0.8292243428244177
FixedParameters: 0 0 0
#Transform 208
Transform: MatrixOffsetTransformBase_double_3_3
Parameters: 0.9999959103011716 0.0011681789934892856 0.0027788360478865847 -0.0012070884374130303 0.9999047197812807 0.01378080628853167 -0.002763283090425455 -0.013784206159980293 0.9999012568287194 0.20018299830665853 0.1548354110025656 -0.6861901668284247
FixedParameters: 0 0 0
#Transform 209
Transform: MatrixOffsetTransformBase_double_3_3
Parameters: 0.9999993345049673 0.0007954953657188084 -0.00018041995348504536 -0.0007925433414412536 0.999853553489502 0.01708214613179313 0.0001936499129374409 -0.017081849096034607 0.9998541489735434 0.22953992124030265 0.04370750643842314 -0.7111364004688028
FixedParameters: 0 0 0
#Transform 210
Transform: MatrixOffsetTransformBase_double_3_3
Parameters: 0.9999992476122072 0.0008604295613991118 -0.00010742933775488801 -0.0008592585612672489 0.99987490818642 0.01582207117474583 0.00012070964447870516 -0.015821937795914294 0.9998746364838411 0.2218629525019793 0.14769488253871543 -0.7797748190713634
FixedParameters: 0 0 0
#Transform 211
Transform: MatrixOffsetTransformBase_double_3_3
Parameters: 0.9999955001965796 0.0010552086191747492 0.002717470377874729 -0.0011020187313306822 0.9998484110149594 0.01739117438817793 -0.002699446829366479 -0.017393835134032802 0.9998450438578703 0.18732755882354013 0.1615031207479376 -1.0451437746888814
FixedParameters: 0 0 0
#Transform 212
Transform: MatrixOffsetTransformBase_double_3_3
Parameters: 0.9999992560869028 0.0010529442664839936 0.0007971852018845923 -0.0010646771179615593 0.9998813506361456 0.01534715702471949 -0.0007810835454137504 -0.015347830183486837 0.9998817861851182 0.18826357597993137 0.11973933850858032 -0.9496060846652483
FixedParameters: 0 0 0
#Transform 213
Transform: MatrixOffsetTransformBase_double_3_3
Parameters: 0.9999989022363667 0.0007358722283265277 0.0007454629200373286 -0.0007473629693232616 0.9998777318159097 0.01561044726588521 -0.0007346778129578271 -0.015611545029920536 0.9998777340655647 0.20822142253476272 0.17380826732595267 -0.7731916528851883
FixedParameters: 0 0 0
#Transform 214
Transform: MatrixOffsetTransformBase_double_3_3
Parameters: 0.999999404288995 0.0007460725793384978 0.001019429623473818 -0.0007623238900696834 0.9998757468724382 0.0157382263497962 -0.0010071853524274465 -0.015738756895094 0.9998752260367453 0.20661777880823706 0.16730551382278236 -0.7720524433075582
FixedParameters: 0 0 0
#Transform 215
Transform: MatrixOffsetTransformBase_double_3_3
Parameters: 0.9999974214648425 0.000843420120610017 0.0019666411934981805 -0.000875523524240938 0.9998639570915384 0.016502351015762563 -0.001952301624834106 -0.016503660628744622 0.9998617284477332 0.18329000783414529 0.20381756100556458 -0.7997472086075703
FixedParameters: 0 0 0
#Transform 216
Transform: MatrixOffsetTransformBase_double_3_3
Parameters: 0.9999997569422621 0.0005730680198112924 0.0009561292873446935 -0.0005883004239194941 0.9998762616626077 0.01572944544678439 -0.0009473271762884375 -0.01572955279640033 0.9998756302015888 0.1991516479119042 0.19475508825669863 -0.853630568285439
FixedParameters: 0 0 0
#Transform 217
Transform: MatrixOffsetTransformBase_double_3_3
Parameters: 0.9999926057065105 0.0009648714455479012 0.0036689919383732293 -0.0010330440144010432 0.9998248574252294 0.018658552597340262 -0.0036508654861216357 -0.01866243186336264 0.9998192569071109 0.15244121031238933 0.2213286030590922 -1.1872590328699175
FixedParameters: 0 0 0
#Transform 218
Transform: MatrixOffsetTransformBase_double_3_3
Parameters: 0.9999958572597374 0.001428503425545901 0.0024702488553974234 -0.0014693564513481986 0.9998591189887308 0.016698528858353455 -0.002446159039509982 -0.016701472417581756 0.999857918219235 0.17640248941685854 0.14516672041483503 -1.018068292141848
FixedParameters: 0 0 0
#Transform 219
Transform: MatrixOffsetTransformBase_double_3_3
Parameters: 0.9999973675419048 0.0008567642950366235 0.0022132251074479304 -0.0008926909050544609 0.9998687122078522 0.016203140387999353 -0.0021989994026487495 -0.016204878509067308 0.9998664805804518 0.18384506531165812 0.20066163371691914 -0.9126960609164456
FixedParameters: 0 0 0
#Transform 220
Transform: MatrixOffsetTransformBase_double_3_3
Parameters: 0.9999998802650459 -0.0003306507732683556 0.00010150410667583107 0.000329116400452399 0.9998412778162848 0.017821040296263413 -0.0001073285268451132 -0.017820971404124787 0.9998413757001579 0.1995971429540475 0.03473731053198037 -0.7761291447685608
FixedParameters: 0 0 0
#Transform 221
Transform: MatrixOffsetTransformBase_double_3_3
Parameters: 0.9999993615649839 -0.00030676801278207836 -0.000738014695100793 0.000319711171343934 0.9998340881336126 0.0182147674388574 0.0007320396645169652 -0.01821522795990528 0.9998336459090338 0.18440267843523372 0.0572724022250668 -0.7684365926707244
FixedParameters: 0 0 0
#Transform 222
Transform: MatrixOffsetTransformBase_double_3_3
Parameters: 0.9999994810705972 -0.00037277739263069626 -0.0006163626611247445 0.00038410484324928346 0.9998227286633699 0.01884377968212088 0.0006094722165417367 -0.018844243630665482 0.9998224961459377 0.18524826535440297 0.17166116911046458 -0.8076802614109511
FixedParameters: 0 0 0
#Transform 223
Transform: MatrixOffsetTransformBase_double_3_3
Parameters: 0.9999998883525593 0.0002695406600913277 0.00019757974975052496 -0.000272982921079619 0.9998254766897441 0.01866593766607201 -0.00019257530875089977 -0.018666043511785704 0.9998255121742115 0.18326283507808228 0.07461100616681904 -0.7894939653403696
FixedParameters: 0 0 0
#Transform 224
Transform: MatrixOffsetTransformBase_double_3_3
Parameters: 0.9999996297243948 0.0006075672192988147 -0.00003776139881352999 -0.0006063374097119076 0.9998259652734272 0.018645029116514382 0.00004840242863693124 -0.01864497681554283 0.9998263317900534 0.17241050622709508 0.1711410174981154 -0.7933836931121476
FixedParameters: 0 0 0
#Transform 225
Transform: MatrixOffsetTransformBase_double_3_3
Parameters: 0.9999964781883581 -0.0001615003309531271 0.0027381834586945298 0.00010957364947367133 0.9998162197030935 0.01917550839389702 -0.002740049018685808 -0.01917551271055755 0.9998127894829194 0.17240771513409925 0.2267116673685763 -1.1157913382826052
FixedParameters: 0 0 0
#Transform 226
Transform: MatrixOffsetTransformBase_double_3_3
Parameters: 0.9999957627839117 0.0009136057394246792 0.0028987159871479724 -0.0009678682571472323 0.9998222960222961 0.018809395417173087 -0.0028810400632349633 -0.01881258592832083 0.9998186954186336 0.1578250481291974 0.08633728426438836 -1.120645754527942
FixedParameters: 0 0 0
#Transform 227
Transform: MatrixOffsetTransformBase_double_3_3
Parameters: 0.9999992435816069 0.0006123961668607976 0.0006177890717521938 -0.0006236408108503458 0.9998396941039829 0.017914632450244918 -0.0006059847682019382 -0.017914390807083555 0.9998396388132021 0.18100390098580021 0.2243370367225026 -0.8023828118325866
FixedParameters: 0 0 0
#Transform 228
Transform: MatrixOffsetTransformBase_double_3_3
Parameters: 0.9999994566326096 0.0007022561623561457 -0.00022379947030710097 -0.0006979405015253177 0.9998208771928034 0.018909164724278046 0.00023741098948815744 -0.01890983983215125 0.9998213769369881 0.20741462805436583 0.09255241929409408 -0.7923611467544163
FixedParameters: 0 0 0
#Transform 229
Transform: MatrixOffsetTransformBase_double_3_3
Parameters: 0.9999994506096145 0.0006796984747692806 0.0002956379304320824 -0.000685146080012568 0.9998175434441038 0.019078796031392516 -0.000282778448053279 -0.01907819276714561 0.9998178626989269 0.17421224642676236 0.18488038124830553 -0.8049547551711385
FixedParameters: 0 0 0
#Transform 230
Transform: MatrixOffsetTransformBase_double_3_3
Parameters: 0.9999981122228673 0.000842436711566044 0.0017830276151470656 -0.0008768678623525301 0.9998109074350342 0.019424498278974175 -0.0017657179377570415 -0.019426488454050046 0.9998094330015942 0.16216623862705148 0.10755708575607059 -0.8522359645795774
FixedParameters: 0 0 0
#Transform 231
Transform: MatrixOffsetTransformBase_double_3_3
Parameters: 0.999990527813572 0.0008001516115377038 0.004222624170269296 -0.0008814561583039136 0.9998133087668915 0.019312698286673015 -0.00420671041392066 -0.01931628998554885 0.999804046410403 0.13988841802741092 0.15677219994933012 -1.310054489849776
FixedParameters: 0 0 0
#Transform 232
Transform: MatrixOffsetTransformBase_double_3_3
Parameters: 0.9999888471387376 0.0009052275028865284 0.004618702788283735 -0.0009962798846543865 0.9998056029370846 0.019683965302440508 -0.00460011539527535 -0.01968904625705494 0.9997960480007215 0.15665149079309515 0.09636930247576458 -1.3056588025548024
FixedParameters: 0 0 0
#Transform 233
Transform: MatrixOffsetTransformBase_double_3_3
Parameters: 0.9999987743892352 0.00024561751683911513 0.001779149245443181 -0.00027925261853380774 0.9998144102890246 0.019273563050848916 -0.0017741293571329063 -0.019274432853738727 0.999812320413803 0.16297950216727486 0.061455211674172006 -0.9074860547013941
FixedParameters: 0 0 0
#Transform 234
Transform: MatrixOffsetTransformBase_double_3_3
Parameters: 0.9999980647126032 0.0002857584282210319 0.0016896200260744095 -0.0003184639866462328 0.9998165112236813 0.019141553754504527 -0.0016830562675893904 -0.019141449180596688 0.9998156917147824 0.15907665065802234 0.0933227158614045 -0.8046765851619
FixedParameters: 0 0 0
#Transform 235
Transform: MatrixOffsetTransformBase_double_3_3
Parameters: 0.9999988847156618 0.00018834584483487824 0.0017549362026225285 -0.00022297922997315385 0.9998037816398959 0.01982867461770481 -0.0017508773497478124 -0.019828334887270496 0.9998016861441149 0.1633160720589899 0.08612034482214881 -0.8254143427411833
FixedParameters: 0 0 0
#Transform 236
Transform: MatrixOffsetTransformBase_double_3_3
Parameters: 0.9999999434056084 0.000235453740187547 0.00003507969006085798 -0.00023581938380942704 0.9998199115639985 0.019000010103596796 -0.00003015404564368454 -0.019000025478932626 0.9998199659833776 0.17747880692471085 0.09675993322450438 -0.7993435695840816
FixedParameters: 0 0 0
#Transform 237
Transform: MatrixOffsetTransformBase_double_3_3
Parameters: 0.9999999777130089 0.00011116196413993155 0.00009971974178101611 -0.00011313507110549369 0.9998034419810653 0.01983699773498411 -0.00009733172551247123 -0.019837019839483022 0.9998034448020149 0.17299763067227047 0.1875399770066366 -0.8274604018804581
FixedParameters: 0 0 0
#Transform 238
Transform: MatrixOffsetTransformBase_double_3_3
Parameters: 0.9999981005568691 0.0004753573572009788 0.0016352189527884145 -0.0005065433254929201 0.9998192344263213 0.018987260873990844 -0.0016255431388810103 -0.018987738293764198 0.9998187503102506 0.16479519964994438 0.0841326669465019 -0.7970315355747601
FixedParameters: 0 0 0
#Transform 239
Transform: MatrixOffsetTransformBase_double_3_3
Parameters: 0.9999957370107797 0.0008899765540780792 0.0027331063380655386 -0.0009450601080641033 0.9997971330756469 0.02009961920858687 -0.00271493570856321 -0.02010237118764069 0.9997944204118053 0.15779230114192444 0.24202135367048072 -1.1401531384184125
FixedParameters: 0 0 0
#Transform 240
Transform: MatrixOffsetTransformBase_double_3_3
Parameters: 0.999999327299757 0.00027199719541758023 0.0007735569019108884 -0.00028672529288800334 0.9998289018829637 0.018519796349982673 -0.0007686457961861368 -0.018520227221008538 0.9998283852336427 0.17299062362600637 0.08112977766941754 -0.8995268671819474
FixedParameters: 0 0 0
#Transform 241
Transform: MatrixOffsetTransformBase_double_3_3
Parameters: 0.9999997042346636 -0.00004840520753664223 0.0005416297529209842 0.00003757780733950805 0.9998150941382783 0.019232022197085516 -0.0005425981587367835 -0.019231975582254368 0.999814802021883 0.18271515730097576 0.19209362851853484 -0.7631809979186528
FixedParameters: 0 0 0
#Transform 242
Transform: MatrixOffsetTransformBase_double_3_3
Parameters: 0.9999999131106396 -0.00023778044204179771 0.00017407306367709827 0.00023435547989195048 0.9998277751421066 0.018551037654974144 -0.00017892869901393998 -0.018550954317156143 0.9998277996743262 0.19173012068419837 0.06759505682936151 -0.7743937599291542
FixedParameters: 0 0 0
#Transform 243
Transform: MatrixOffsetTransformBase_double_3_3
Parameters: 0.9999999663056807 0.00012960071132844665 0.00013042882131090647 -0.00013162178322179342 0.9998156939536333 0.019215996496090244 -0.0001275018735419306 -0.019216030190714044 0.9998156943340669 0.17584034027076711 0.08740049878518619 -0.7349976052565808
FixedParameters: 0 0 0
#Transform 244
Transform: MatrixOffsetTransformBase_double_3_3
Parameters: 0.9999998774846596 0.00003408730321634766 0.00034862447498018817 -0.00004080104426517981 0.9998059891905965 0.01969698558817217 -0.00034736903090352197 -0.01969701165638206 0.99980586943091 0.1934627151773327 0.10136098258925585 -0.7668699080487613
FixedParameters: 0 0 0
#Transform 245
Transform: MatrixOffsetTransformBase_double_3_3
Parameters: 0.9999998023010888 0.00006220968438379242 0.00044029524197953715 -0.00007047383866185254 0.9998081122898872 0.01959197125499905 -0.0004389776565004907 -0.019592029596042004 0.99980792334537 0.18601121967189727 0.08541923652755656 -0.799980231969144
FixedParameters: 0 0 0
#Transform 246
Transform: MatrixOffsetTransformBase_double_3_3
Parameters: 0.9999998301772353 0.00017530387939436792 0.00037300728764810517 -0.00018317602888732833 0.9998016401253719 0.019906925145865402 -0.00036908864646945365 -0.019907058177676795 0.9998015345144202 0.1953900918097844 0.1970481958475574 -0.8418741550017756
FixedParameters: 0 0 0
#Transform 247
Transform: MatrixOffsetTransformBase_double_3_3
Parameters: 0.9999923974648381 0.0008804231871001772 0.003718886182169269 -0.0009574711096268128 0.9997824648620411 0.020824806189066167 -0.0036990469699273326 -0.020828190058407962 0.9997763492215764 0.14720033380004338 0.23440777900751186 -1.366789013130358
FixedParameters: 0 0 0
#Transform 248
Transform: MatrixOffsetTransformBase_double_3_3
Parameters: 0.9999962371442067 0.0008250107241168732 0.0024661622732988103 -0.0008722480655790206 0.9998139774317274 0.019269011089464147 -0.002449953337429056 -0.019270999018293877 0.9998115235047262 0.1669949597969662 0.05985522062063353 -1.0831753788212666
FixedParameters: 0 0 0
#Transform 249
Transform: MatrixOffsetTransformBase_double_3_3
Parameters: 0.9999998329442152 -0.0004082151803138861 -0.000014972951366092891 0.0004088931450597905 0.9998171047075205 0.019096979963379015 0.000007363299358771679 -0.019096989094524744 0.9998172714660597 0.19168825626256591 0.18762679912180147 -0.8808400217876766
FixedParameters: 0 0 0
#Transform 250
Transform: MatrixOffsetTransformBase_double_3_3
Parameters: 0.9999998604830106 0.00034371417209914126 0.00014602948030188376 -0.0003465978459276576 0.999803454416447 0.019833960762416683 -0.00013942730789690363 -0.019834059302187547 0.99980355313709 0.19313389995745922 0.09024151065770525 -0.8080218703801307
FixedParameters: 0 0 0
#Transform 251
Transform: MatrixOffsetTransformBase_double_3_3
Parameters: 0.9999978742990914 0.0003017359038736082 0.0020087157736695506 -0.00034255875896807965 0.9997976573437037 0.020105408434196816 -0.0020020145130111395 -0.020105577013234892 0.9997956724356577 0.1668640033544051 0.1894437623765839 -0.7603930551777154
FixedParameters: 0 0 0
#Transform 252
Transform: MatrixOffsetTransformBase_double_3_3
Parameters: 0.9999943039231323 0.000253598452436089 0.0032606279463460583 -0.00032332829864008315 0.9997700525563413 0.021419243992101163 -0.0032544654842326113 -0.021420746841828 0.9997655110284799 0.1916290091553634 0.23152649483662913 -1.2616531857339908
FixedParameters: 0 0 0
#Transform 253
Transform: MatrixOffsetTransformBase_double_3_3
Parameters: 0.9999891113566882 0.0005456894727378334 0.004537298150330312 -0.0006385950661684351 0.9997906548200605 0.020468638263214906 -0.004525969601328004 -0.02047138160772858 0.9997803221442918 0.12933267380441293 0.18266113638418346 -1.4568706168317789
FixedParameters: 0 0 0
#Transform 254
Transform: MatrixOffsetTransformBase_double_3_3
Parameters: 0.9999971246711161 -0.00010851088872380126 0.0024213882822474164 0.00005939493691929211 0.9997985801918337 0.020058291453023562 -0.0024232657857166185 -0.020058694343367017 0.9997957757812731 0.17858070344338728 0.17579529410294015 -1.0404228997469005
FixedParameters: 0 0 0
