#Insight Transform File V1.0
#Transform 0
Transform: MatrixOffsetTransformBase_double_3_3
Parameters: 0.999999992944 0.00008328136787215974 -0.000010964199276177227 -0.0000832813678877117 0.9999999930642135 9.131135292328452e-10 0.000010964199158048308 9.131135014772696e-10 0.9999999998797863 0.1676980915820252 -0.16294900505346277 0.02145264168116512
FixedParameters: 0 0 0
#Transform 1
Transform: MatrixOffsetTransformBase_double_3_3
Parameters: 0.9999996471351528 0.00037908054018290135 0.0004573430510194245 -0.0003788216240821704 0.9999997763074373 -0.0002831732289372002 -0.0004575575376831743 0.0002828265260111651 0.9999997106497843 0.14964191986121023 -0.16249535900531953 -0.01511284565016524
FixedParameters: 0 0 0
#Transform 2
Transform: MatrixOffsetTransformBase_double_3_3
Parameters: 0.9999981048318657 0.0016957770066626022 0.00013965622061591098 -0.0016957442814108138 0.9999980936654205 -0.00011736634676876023 -0.00014005303088962916 0.00011663320655638798 0.999999983788613 0.14371231868929613 -0.19351640619598243 0.019537915725479138
FixedParameters: 0 0 0
#Transform 3
Transform: MatrixOffsetTransformBase_double_3_3
Parameters: 0.9999972306738522 0.0022950223271806305 0.0007085303104909131 -0.0022944712794806177 0.9999971434653683 -0.0009039214739180457 -0.0007105612172313328 0.0009020792260465704 0.9999994563872237 0.13592486515788949 -0.17866563427803328 -0.03572993335616559
FixedParameters: 0 0 0
#Transform 4
Transform: MatrixOffsetTransformBase_double_3_3
Parameters: 0.9999957265323373 0.002717842996843537 0.0013736477844214592 -0.002715762678173703 0.9999954510470533 -0.0013360801435927938 -0.0013776635623708926 0.0013329173453188181 0.9999977136985273 0.12090623541114098 -0.21879792764701733 -0.10552768376076926
FixedParameters: 0 0 0
#Transform 5
Transform: MatrixOffsetTransformBase_double_3_3
Parameters: 0.999995697222157 0.002612351509056967 0.0012150725571881658 -0.002610307550696319 0.9999938459195384 -0.002200378435385675 -0.0012210778994565985 0.0021976217079476 0.9999971800688263 0.12228633667625388 -0.17037177721815056 -0.09535045106092355
FixedParameters: 0 0 0
#Transform 6
Transform: MatrixOffsetTransformBase_double_3_3
Parameters: 0.9999967233987032 0.002535787747835233 0.0009201477812992835 -0.0025335510082304417 0.9999941767675536 -0.0023996513619779503 -0.0009259663850433968 0.002397352198884567 0.9999970409806889 0.12650760661132665 -0.3187337432316042 -0.18774872019292843
FixedParameters: 0 0 0
#Transform 7
Transform: MatrixOffsetTransformBase_double_3_3
Parameters: 0.9999961432348535 0.0026924006470389656 0.0007806180556393901 -0.0026901627287573616 0.9999941510398084 -0.00219553148367721 -0.0007862177198376748 0.0021924700625307603 0.9999973648896442 0.11003320666081606 -0.2526129826462693 -0.001942423188779685
FixedParameters: 0 0 0
#Transform 8
Transform: MatrixOffsetTransformBase_double_3_3
Parameters: 0.9999973506157409 0.002341916933257335 0.0004035373278185144 -0.0023408868340128878 0.9999873582200672 -0.004513378821980302 -0.000414234402726825 0.004512619473442975 0.9999892578007162 0.09739564519803423 -0.23304154016186374 -0.32180640289388407
FixedParameters: 0 0 0
#Transform 9
Transform: MatrixOffsetTransformBase_double_3_3
Parameters: 0.999996017795508 0.0026608675602331536 0.0009499705151494483 -0.002656230302206829 0.999985040688014 -0.004717850986046351 -0.000962368304424453 0.004715147035646891 0.9999884860362172 0.1026454175145517 -0.41295080887731217 -0.16884119464525327
FixedParameters: 0 0 0
#Transform 10
Transform: MatrixOffsetTransformBase_double_3_3
Parameters: 0.9999970977323228 0.002207828068947362 0.00016737378551563757 -0.002206933654732202 0.9999874074533006 -0.004560784691922823 -0.0001773319365753312 0.004560213254271417 0.9999890937007407 0.11638821160333634 -0.2988081730154306 -0.22304444132151957
FixedParameters: 0 0 0
#Transform 11
Transform: MatrixOffsetTransformBase_double_3_3
Parameters: 0.9999979169732126 0.0019771329464980366 0.0004183741643777871 -0.001974289556766737 0.9999838413573651 -0.0053251106338095405 -0.0004291076589504291 0.0053238845202989715 0.9999853745816001 0.1113154674120409 -0.40823292628165575 -0.16532288001111795
FixedParameters: 0 0 0
#Transform 12
Transform: MatrixOffsetTransformBase_double_3_3
Parameters: 0.9999973561168358 0.0023757044013366104 -0.000004325339745574349 -0.002375658348495887 0.9999919889867879 -0.003055256692805347 -0.00000212804544065748 0.0030547442710674444 0.999995701007722 0.11409301249722148 -0.24408310081273044 -0.05039363595143698
FixedParameters: 0 0 0
#Transform 13
Transform: MatrixOffsetTransformBase_double_3_3
Parameters: 0.9999984893172922 0.0018693270695665134 -0.0001252030430858648 -0.0018703154944759482 0.9999830883881933 -0.0054219039264671864 0.00011497150461269483 0.005422094192261903 0.9999856042878171 0.1104902310394209 -0.26942083389204186 -0.27803617295018057
FixedParameters: 0 0 0
#Transform 14
Transform: MatrixOffsetTransformBase_double_3_3
Parameters: 0.9999991763132838 0.0006986803775699249 -0.0005797470599537206 -0.0007003321266255553 0.9999940344548075 -0.0033685791488533845 0.0005767563035718467 0.0033684222043873224 0.9999944482004427 0.1421654169836728 -0.24085307137741552 -0.07127311956351434
FixedParameters: 0 0 0
#Transform 15
Transform: MatrixOffsetTransformBase_double_3_3
Parameters: 0.9999987007923962 0.0017561255103298787 -0.00046584271064101235 -0.001757519139104099 0.9999869160868288 -0.0047914450598696146 0.0004566757186879938 0.004792548127228818 0.9999878579089057 0.15282465984444116 -0.19284367858097085 -0.17818390128107353
FixedParameters: 0 0 0
#Transform 16
Transform: MatrixOffsetTransformBase_double_3_3
Parameters: 0.9999990792014708 0.0008693787036459582 -0.00040624107755495313 -0.0008709026911542069 0.9999933161313532 -0.003592775938550896 0.0004028320306350943 0.0035932211275486736 0.9999929436934697 0.12870293143225808 -0.22606476896018535 -0.07668457087684999
FixedParameters: 0 0 0
#Transform 17
Transform: MatrixOffsetTransformBase_double_3_3
Parameters: 0.9999974021572746 0.0021207775807669397 -0.00031602653334434125 -0.0021219219648717378 0.999991208737927 -0.003500594337460583 0.00030910433603775403 0.0035014028245707873 0.9999936793240994 0.10925843559734005 -0.16445679511679145 -0.03854231232270422
FixedParameters: 0 0 0
#Transform 18
Transform: MatrixOffsetTransformBase_double_3_3
Parameters: 0.9999977025779944 0.0018768916611956795 -0.0008800044609130243 -0.0018818954512161423 0.9999840211101033 -0.005305578464512822 0.000869583038977448 0.005306417163481986 0.9999853737626231 0.12805507084587475 -0.23217406752239356 -0.1572820198517917
FixedParameters: 0 0 0
#Transform 19
Transform: MatrixOffsetTransformBase_double_3_3
Parameters: 0.9999977819661491 0.002009480214961306 -0.0004231966469250959 -0.0020112754479308884 0.999993373021675 -0.0030693985316740946 0.0004168035588122409 0.0030696036889895084 0.999995565213237 0.12678775268233267 -0.23357038396767393 -0.044564210390277026
FixedParameters: 0 0 0
#Transform 20
Transform: MatrixOffsetTransformBase_double_3_3
Parameters: 0.999997799674598 0.001873145932596107 -0.000832574893196635 -0.0018769599918293906 0.9999823181032689 -0.005568560692331845 0.0008220722740473273 0.005570438518888013 0.9999844423692692 0.1260168832133246 -0.32215416731249036 -0.27181870992329493
FixedParameters: 0 0 0
#Transform 21
Transform: MatrixOffsetTransformBase_double_3_3
Parameters: 0.9999977115172379 0.002282501721826544 -0.0002767846610189729 -0.0022843339286010133 0.9999901135997994 -0.0036926352726891765 0.00026897278848583053 0.0036933638330012564 0.9999933212937988 0.12662894785474066 -0.2996450445994725 -0.031932291140378766
FixedParameters: 0 0 0
#Transform 22
Transform: MatrixOffsetTransformBase_double_3_3
Parameters: 0.9999982921819472 0.0017123125439137445 -0.0008805938327291543 -0.0017173921191877385 0.9999851384637118 -0.005267741273656146 0.0008710557103635585 0.005269261552236226 0.9999856390823791 0.11989100768629157 -0.32044190846664833 -0.4086184015779111
FixedParameters: 0 0 0
#Transform 23
Transform: MatrixOffsetTransformBase_double_3_3
Parameters: 0.99999854545918 0.0017736776007919862 -0.0005557173723324988 -0.001777133824068242 0.9999786322897534 -0.00625013685900698 0.0005441676179594172 0.006250864872090353 0.9999807748276577 0.11068335031075094 -0.4365689670632946 -0.1927910685873968
FixedParameters: 0 0 0
#Transform 24
Transform: MatrixOffsetTransformBase_double_3_3
Parameters: 0.9999976344459004 0.002004584244832897 -0.0005877716118329117 -0.0020088412479926853 0.9999805223938356 -0.005855071072011386 0.0005760375819930908 0.0058559229625329695 0.99998253766399 0.10260523151426071 -0.3544532567697729 -0.2077806544451022
FixedParameters: 0 0 0
#Transform 25
Transform: MatrixOffsetTransformBase_double_3_3
Parameters: 0.999998190040824 0.0018799554836431052 -0.0005261928306062396 -0.0018822232033260337 0.9999839969633361 -0.005331276776107063 0.0005157861244079816 0.005332719204184808 0.999985332192815 0.11043271282248668 -0.34253892520993645 -0.3638099393386369
FixedParameters: 0 0 0
#Transform 26
Transform: MatrixOffsetTransformBase_double_3_3
Parameters: 0.9999984918377128 0.0017126671178749222 -0.0007583514931285061 -0.00171702844335848 0.9999820165610247 -0.005734822328767208 0.0007482031559927496 0.005736181115045466 0.9999836827377686 0.1048400761319499 -0.41952824862575255 -0.25099269405106384
FixedParameters: 0 0 0
#Transform 27
Transform: MatrixOffsetTransformBase_double_3_3
Parameters: 0.9999977498545374 0.001958865134564193 -0.0006422850706882264 -0.0019623008184848525 0.9999829674314746 -0.0054789922471381175 0.0006324351519228645 0.0054800078936153435 0.9999847320672539 0.11196194987742558 -0.32790323321741255 -0.19125475170392292
FixedParameters: 0 0 0
#Transform 28
Transform: MatrixOffsetTransformBase_double_3_3
Parameters: 0.9999985584850142 0.0010912430713337932 -0.0011185150516132996 -0.0010973067722366253 0.9999856559353701 -0.005290890309616075 0.0011122302836450244 0.005292106630899962 0.9999849021953889 0.11762200398516143 -0.35525283205765845 -0.38429779119383056
FixedParameters: 0 0 0
#Transform 29
Transform: MatrixOffsetTransformBase_double_3_3
Parameters: 0.9999979421312207 0.0018338273106332794 -0.0008336118650921712 -0.001838243758942613 0.9999849394800409 -0.005245722380688586 0.000823869057173908 0.00524728203093211 0.9999859506689986 0.119751551349637 -0.3874069919727532 -0.25888587833475185
FixedParameters: 0 0 0
#Transform 30
Transform: MatrixOffsetTransformBase_double_3_3
Parameters: 0.9999983237692176 0.0013552154520273952 -0.0009163277290309703 -0.0013596741871799202 0.99998612126055 -0.00518487740977519 0.000909659016757144 0.005186131353796808 0.9999864232454206 0.12027680199405211 -0.3284054583417486 -0.40978521610236385
FixedParameters: 0 0 0
#Transform 31
Transform: MatrixOffsetTransformBase_double_3_3
Parameters: 0.9999979391933403 0.0021812153131893163 -0.000551816276882573 -0.0021837139788119637 0.999982460588091 -0.005542195829751462 0.0005392575445820343 0.005543800617478084 0.9999840283772976 0.1145436481544948 -0.4214139779806061 -0.2596614079162265
FixedParameters: 0 0 0
#Transform 32
Transform: MatrixOffsetTransformBase_double_3_3
Parameters: 0.9999981756161209 0.001797932937738204 -0.0007692363853187409 -0.001802424339417875 0.9999816590761449 -0.005824867312052159 0.0007587766208209241 0.005826134465712743 0.9999826429884421 0.12732766944988327 -0.3607843176037022 -0.37350193955332145
FixedParameters: 0 0 0
#Transform 33
Transform: MatrixOffsetTransformBase_double_3_3
Parameters: 0.9999987751834649 0.0017018730570924128 -0.0005734949876990481 -0.0017048113361491533 0.999984210667189 -0.0053592709191464805 0.0005638986672041778 0.005359724736514568 0.9999851156003094 0.13001014544590817 -0.4949500043937576 -0.41062346839289887
FixedParameters: 0 0 0
#Transform 34
Transform: MatrixOffsetTransformBase_double_3_3
Parameters: 0.999999070139964 0.0008181241459904072 -0.0005102039159329702 -0.0008213278187674481 0.9999832767539034 -0.0057485864111904705 0.0005054747924655887 0.005749418993545849 0.9999836907914368 0.12674981420212816 -0.4182775391618492 -0.376352824518861
FixedParameters: 0 0 0
#Transform 35
Transform: MatrixOffsetTransformBase_double_3_3
Parameters: 0.9999979959615933 0.0017614362597364818 -0.0009495090697452212 -0.0017673557026935494 0.999976360613181 -0.00665957456663839 0.0009382414305595783 0.006661421774857193 0.999976909779677 0.10917516439319286 -0.5124487614345412 -0.43195968408512897
FixedParameters: 0 0 0
#Transform 36
Transform: MatrixOffsetTransformBase_double_3_3
Parameters: 0.9999979788956308 0.0015642900463757722 -0.0012553095380755507 -0.0015747581577073158 0.9999591564405221 -0.008949144446168775 0.0012407808495234064 0.008950871520551518 0.9999596139432254 0.09722101680308981 -0.5243473052820491 -0.5986521743139406
FixedParameters: 0 0 0
#Transform 37
Transform: MatrixOffsetTransformBase_double_3_3
Parameters: 0.99999843448731 0.00022808118014172924 -0.001585480448783371 -0.00024646460008164557 0.99993230211601 -0.01164147991496009 0.001582563577037699 0.011641524517516169 0.9999310739172548 0.09050499637386622 -0.4952353786681698 -0.6718744854386358
FixedParameters: 0 0 0
#Transform 38
Transform: MatrixOffsetTransformBase_double_3_3
Parameters: 0.9999980265049598 0.0017886573417719533 -0.0008802398675709886 -0.0017963897419529693 0.9999565097465596 -0.009116548164108937 0.0008636238762961972 0.009118449397492595 0.9999582555478224 0.09069504066253842 -0.6146470845911551 -0.5487169317226943
FixedParameters: 0 0 0
#Transform 39
Transform: MatrixOffsetTransformBase_double_3_3
Parameters: 0.9999982957355045 0.0017948017487126307 -0.00069518623067763 -0.0018004775711937494 0.9999618341812646 -0.008530000602357285 0.0006798571345106167 0.008530988910590814 0.9999629200008714 0.09848229614046033 -0.5005853807295466 -0.5003183414004155
FixedParameters: 0 0 0
#Transform 40
Transform: MatrixOffsetTransformBase_double_3_3
Parameters: 0.9999977671658649 0.0014217450943871854 -0.001487672998091377 -0.001435173003573275 0.9999535171557519 -0.009546977774590584 0.0014735693067956844 0.009549017210378236 0.9999529171015556 0.12116193106058404 -0.5236637594336457 -0.6122637674287716
FixedParameters: 0 0 0
#Transform 41
Transform: MatrixOffsetTransformBase_double_3_3
Parameters: 0.9999974408128344 0.002128957859491485 0.00016111718677658596 -0.002127872625151475 0.9999632997950285 -0.008322641455876564 -0.00017916866825194353 0.008322365457523559 0.999965610391061 0.0955150120776409 -0.5181270069026453 -0.4558383585898724
FixedParameters: 0 0 0
#Transform 42
Transform: MatrixOffsetTransformBase_double_3_3
Parameters: 0.9999993109071486 0.0006235104457424034 -0.0011404951460086154 -0.0006343476644363048 0.9999547568073842 -0.00952427170446811 0.0011341492359952623 0.009524736395718908 0.9999541176307201 0.11872636100005707 -0.4851805024242708 -0.5566608623474991
FixedParameters: 0 0 0
#Transform 43
Transform: MatrixOffsetTransformBase_double_3_3
Parameters: 0.9999989272158223 0.0016602595547999734 -0.0005613401465353926 -0.001665367628868679 0.9999664690448509 -0.008037318179688363 0.0005482291587622978 0.008037679650218649 0.9999672531899686 0.10616756454190579 -0.5311592813032178 -0.48597520759555835
FixedParameters: 0 0 0
#Transform 44
Transform: MatrixOffsetTransformBase_double_3_3
Parameters: 0.9999979203780929 0.0016301860000099942 -0.0006500552108242522 -0.0016361111400677118 0.9999560745751149 -0.009225066232345522 0.0006342708450451065 0.009225939024788216 0.9999576223007899 0.13204897097702428 -0.4526432607696904 -0.51997573677518
FixedParameters: 0 0 0
#Transform 45
Transform: MatrixOffsetTransformBase_double_3_3
Parameters: 0.9999987297967865 0.00113010121165452 -0.0009963305176799114 -0.0011395824077634947 0.9999584279706839 -0.009007855178872731 0.0009858758429834391 0.009009138788682744 0.9999589923509019 0.11343627750252949 -0.533361784168676 -0.5732127744214921
FixedParameters: 0 0 0
#Transform 46
Transform: MatrixOffsetTransformBase_double_3_3
Parameters: 0.9999985259687426 0.0014505927313222665 -0.0011703483898186792 -0.0014615828620034384 0.9999544165393457 -0.009397288063053316 0.0011566746104133586 0.009399710558637794 0.9999554417833862 0.10912286520887449 -0.4958353073380266 -0.4445480558118078
FixedParameters: 0 0 0
#Transform 47
Transform: MatrixOffsetTransformBase_double_3_3
Parameters: 0.9999987711156956 0.0011968350353991962 -0.0008922457187701281 -0.0012064595810392716 0.9999392489907168 -0.011012071786860672 0.0008796049096203662 0.011013942162292428 0.9999389421432462 0.11565866486259324 -0.48862709045650377 -0.6239113686905995
FixedParameters: 0 0 0
#Transform 48
Transform: MatrixOffsetTransformBase_double_3_3
Parameters: 0.9999988026104322 0.0017471322851590433 -0.0003802343525367236 -0.0017504329925750262 0.9999636987001146 -0.008378608254365968 0.00036566887021560653 0.008379395057442396 0.9999646860236548 0.11786943241293102 -0.5726488608416389 -0.4277106059792146
FixedParameters: 0 0 0
#Transform 49
Transform: MatrixOffsetTransformBase_double_3_3
Parameters: 0.9999989366938727 0.000560026077729065 -0.0013226232672612101 -0.0005720312614849394 0.9999520466269016 -0.009823241084953499 0.0013177369783722093 0.009823769700980353 0.9999508829007192 0.11718639295992261 -0.4677718340032726 -0.5993027542501892
FixedParameters: 0 0 0
#Transform 50
Transform: MatrixOffsetTransformBase_double_3_3
Parameters: 0.9999988692844382 0.0007501511201608918 -0.0007540158277331407 -0.0007568742250166089 0.9999583352878676 -0.00905341256431405 0.0007465286177500822 0.00905357733750635 0.9999585989577523 0.12516254943828642 -0.5579988941003364 -0.50435641980458
FixedParameters: 0 0 0
#Transform 51
Transform: MatrixOffsetTransformBase_double_3_3
Parameters: 0.9999996133632585 0.0008305664873260793 -0.0008342556714514901 -0.0008389009580260656 0.9999565795138872 -0.009305296189934448 0.0008268599618720106 0.009305716876504791 0.9999568452581891 0.09656308456150953 -0.48719789311087425 -0.5592094108626782
FixedParameters: 0 0 0
#Transform 52
Transform: MatrixOffsetTransformBase_double_3_3
Parameters: 0.9999981397563453 0.0012930548630786139 -0.001090400339996697 -0.0013043676609705436 0.9999415397252288 -0.01070055953914198 0.00107617088720929 0.010701441512927165 0.9999425704975261 0.09689237907453219 -0.6137599124581214 -0.6056022145751285
FixedParameters: 0 0 0
#Transform 53
Transform: MatrixOffsetTransformBase_double_3_3
Parameters: 0.9999983096099049 0.0019044774468596223 -0.00025198640677741383 -0.001906740490853946 0.9999531203922082 -0.00949779531180675 0.00023363260750665309 0.009498203088139007 0.9999547609891279 0.07131454614473398 -0.5507695556698451 -0.5151634996015844
FixedParameters: 0 0 0
#Transform 54
Transform: MatrixOffsetTransformBase_double_3_3
Parameters: 0.9999985381868787 0.0016728873498861715 -0.0008142004361752562 -0.0016829671010959054 0.9999219779879644 -0.012370766104141964 0.0007935799687739942 0.012372239194207865 0.999923440130274 0.10256063728060383 -0.6028761018734627 -0.6630324882250136
FixedParameters: 0 0 0
#Transform 55
Transform: MatrixOffsetTransformBase_double_3_3
Parameters: 0.9999985926177961 0.0018333959489397755 -0.00021166674546889923 -0.0018359442255814033 0.9999581552198286 -0.008968884163872495 0.0001947493757201093 0.008969112180536448 0.9999595481360022 0.08955806409653633 -0.5943024004725714 -0.5023319717997623
FixedParameters: 0 0 0
#Transform 56
Transform: MatrixOffsetTransformBase_double_3_3
Parameters: 0.9999994905604391 0.0007878727904958448 -0.0009427060210301702 -0.0007988167793142189 0.9999290423370978 -0.011882239437601902 0.0009334521546273332 0.011882761993971688 0.999929050518681 0.1034919775006955 -0.557179297321369 -0.6348158263288752
FixedParameters: 0 0 0
#Transform 57
Transform: MatrixOffsetTransformBase_double_3_3
Parameters: 0.9999990055912531 0.0013022373771677954 -0.0005455124443032414 -0.0013083957316012164 0.9999479084062258 -0.010166432232272607 0.0005324580933670669 0.010167580539744467 0.999948355831676 0.10723239362279458 -0.6346874052263871 -0.5523093934670129
FixedParameters: 0 0 0
#Transform 58
Transform: MatrixOffsetTransformBase_double_3_3
Parameters: 0.9999984902578406 0.0014837834840873922 -0.0005542528483550235 -0.0014899288608933667 0.9999465876206906 -0.010249306512989553 0.000539244503459656 0.010249707680082917 0.9999477923413439 0.10566110571915033 -0.5395013054065316 -0.5864721419813037
FixedParameters: 0 0 0
#Transform 59
Transform: MatrixOffsetTransformBase_double_3_3
Parameters: 0.9999991860417743 0.00042459247907501057 -0.001277868673390731 -0.000438759319808797 0.9999395431557915 -0.010961302108512136 0.001273648058068675 0.010961696452135267 0.9999393266094228 0.10953858228909041 -0.6028245062180986 -0.5968901213730788
FixedParameters: 0 0 0
#Transform 60
Transform: MatrixOffsetTransformBase_double_3_3
Parameters: 0.9999990154022492 0.0015651073963429934 -0.000731833685306812 -0.0015716166264006168 0.9999555423846301 -0.009264972855946352 0.0007169887579699583 0.009266020431512728 0.9999567702858086 0.1068065147956645 -0.5431378654545398 -0.46293493759486637
FixedParameters: 0 0 0
#Transform 61
Transform: MatrixOffsetTransformBase_double_3_3
Parameters: 0.9999963990842702 0.0024892139488038156 -0.00118447799461778 -0.0025000890847359505 0.9999568271837472 -0.008922422840277056 0.0011628335037746338 0.008925570378853886 0.9999592929352271 0.07997144181166504 -0.5752604976179327 -0.5502304560016995
FixedParameters: 0 0 0
#Transform 62
Transform: MatrixOffsetTransformBase_double_3_3
Parameters: 0.9999950418679718 0.002886719018671728 -0.0007913307716335602 -0.0028937793065224623 0.9999517450246885 -0.009357235042038878 0.0007634824165319143 0.009358761812376881 0.9999561483180137 0.08236047589291218 -0.609838504559221 -0.3658788515505904
FixedParameters: 0 0 0
#Transform 63
Transform: MatrixOffsetTransformBase_double_3_3
Parameters: 0.9999956042237758 0.002979957316473784 -0.0007183894877807204 -0.002985948637663071 0.9999558634333642 -0.008944529450935282 0.0006923891902034136 0.008946477795007152 0.9999596932072746 0.11893241793084997 -0.4915588772517765 -0.2301534871340607
FixedParameters: 0 0 0
#Transform 64
Transform: MatrixOffsetTransformBase_double_3_3
Parameters: 0.9999961376504144 0.0020568533554957157 -0.0016221680902745645 -0.0020738332916254436 0.9999420759003339 -0.01054575370986087 0.0016005656814610518 0.010549253354560431 0.9999435555928028 0.14604556156587023 -0.5515856557737209 -0.47625966940874775
FixedParameters: 0 0 0
#Transform 65
Transform: MatrixOffsetTransformBase_double_3_3
Parameters: 0.999996527895003 0.0023385900374786645 -0.0010021182765112898 -0.002346456873150443 0.9999627095644349 -0.008275902203329716 0.0009823851268863353 0.008278101538519489 0.9999657982734174 0.14001181022634057 -0.5197768276812553 -0.23109940219468683
FixedParameters: 0 0 0
#Transform 66
Transform: MatrixOffsetTransformBase_double_3_3
Parameters: 0.9999975102107258 0.0020594578368257547 -0.0004981245140948118 -0.002064476284256446 0.9999478718980493 -0.009985236257286645 0.0004775031747736753 0.009985764451589663 0.9999502126900416 0.15698598005486986 -0.4819856322327496 -0.47299006766213836
FixedParameters: 0 0 0
#Transform 67
Transform: MatrixOffsetTransformBase_double_3_3
Parameters: 0.9999996677365688 0.0009078047245950965 -0.0007131788978452426 -0.0009124510080620276 0.9999772504773783 -0.006617333602255249 0.0007065597724384256 0.006617659830897002 0.9999778337022484 0.1633213496947974 -0.5645289284092314 -0.2656174763691439
FixedParameters: 0 0 0
#Transform 68
Transform: MatrixOffsetTransformBase_double_3_3
Parameters: 0.9999988430415406 0.0007314206818067783 -0.001619487699500818 -0.0007431851077891749 0.9999704385413698 -0.007600642242702821 0.0016136528463120993 0.007601353043399955 0.9999698523738672 0.15951255463444625 -0.45252788579527703 -0.3275231683353752
FixedParameters: 0 0 0
#Transform 69
Transform: MatrixOffsetTransformBase_double_3_3
Parameters: 0.9999974325826649 0.002011067065448799 -0.0012340512684864318 -0.0020202192931242586 0.9999707204724709 -0.007409754488849396 0.0012191243871031464 0.007412249793939216 0.9999718645752576 0.12708984734247508 -0.4543544627172622 -0.3082160389022732
FixedParameters: 0 0 0
#Transform 70
Transform: MatrixOffsetTransformBase_double_3_3
Parameters: 0.9999986816920903 0.000264267040970281 -0.0014995693531640153 -0.0002782577580572772 0.9999581903622071 -0.009144448875610472 0.0014968770591856676 0.00914455460426579 0.9999572439442206 0.14161851403508763 -0.513212251056359 -0.49854616229440296
FixedParameters: 0 0 0
#Transform 71
Transform: MatrixOffsetTransformBase_double_3_3
Parameters: 0.9999982630757921 0.0009326608753639834 -0.0013664152510264726 -0.000943679115570283 0.9999670552886105 -0.008111694271362643 0.0013588118581062214 0.008112319182137881 0.9999665963352161 0.15488550832260728 -0.48876599649869945 -0.35420541348824486
FixedParameters: 0 0 0
#Transform 72
Transform: MatrixOffsetTransformBase_double_3_3
Parameters: 0.9999988467646287 0.0008575301518412911 -0.001554798822384861 -0.0008713449485514293 0.9999586248402028 -0.009027512192100698 0.0015474069641661415 0.009029486794937203 0.9999581908582653 0.1547744522762713 -0.5984269735324403 -0.44533061383418726
FixedParameters: 0 0 0
#Transform 73
Transform: MatrixOffsetTransformBase_double_3_3
Parameters: 0.9999982600814348 0.0012152154962344762 -0.0011239024126257632 -0.0012245870185668248 0.9999682508642551 -0.007872727010805936 0.0011136942860337656 0.007873266031722087 0.9999680390082835 0.13540184825173185 -0.5165578501652277 -0.2975182328894448
FixedParameters: 0 0 0
#Transform 74
Transform: MatrixOffsetTransformBase_double_3_3
Parameters: 0.9999989468141679 0.0005330824160879879 -0.0016641138036733302 -0.0005494734643666112 0.9999528222403339 -0.009682951057259664 0.0016586128296443617 0.009684042508081053 0.9999515797516981 0.14622787854412422 -0.5100659518233641 -0.514677370107151
FixedParameters: 0 0 0
#Transform 75
Transform: MatrixOffsetTransformBase_double_3_3
Parameters: 0.9999985148577486 0.0017244766140530384 -0.0007151181612590303 -0.001730250408033962 0.9999646156057206 -0.008260019013548212 0.000700929452515027 0.008260981514557439 0.9999654250801685 0.1537257803869494 -0.5113910324456725 -0.2861875942740113
FixedParameters: 0 0 0
#Transform 76
Transform: MatrixOffsetTransformBase_double_3_3
Parameters: 0.999997990978776 0.0006006430169409047 -0.0021560724528855942 -0.0006207243576921431 0.9999562820178833 -0.009279386225496913 0.002150189460654734 0.009280601830668936 0.9999544683476937 0.13871843591063282 -0.4692895674994304 -0.3985973724560239
FixedParameters: 0 0 0
#Transform 77
Transform: MatrixOffsetTransformBase_double_3_3
Parameters: 0.999998365777564 0.0009615331831157647 -0.0013073938332591175 -0.000973888335599186 0.9999549720791712 -0.009476833307027505 0.0012985215435654374 0.009477164458064555 0.9999537625105391 0.15235524926357868 -0.5131270489446251 -0.40455228401818033
FixedParameters: 0 0 0
#Transform 78
Transform: MatrixOffsetTransformBase_double_3_3
Parameters: 0.9999992679202052 0.0006586478481673056 -0.0011389476868662578 -0.0006690664330476454 0.9999599762510765 -0.008969234805088946 0.0011337953637304997 0.008969777675825366 0.9999593843908603 0.1456471054244446 -0.4364783513626236 -0.40191831294389146
FixedParameters: 0 0 0
#Transform 79
Transform: MatrixOffsetTransformBase_double_3_3
Parameters: 0.9999980122154257 0.0008384923071908426 -0.0015114013337932915 -0.000853492705545719 0.9999522604145665 -0.009683558342365867 0.0015032333596533645 0.009684435725271362 0.9999521876087889 0.14966908845998717 -0.5448996188869017 -0.5065387100355423
FixedParameters: 0 0 0
#Transform 80
Transform: MatrixOffsetTransformBase_double_3_3
Parameters: 0.9999970854628104 0.0021148381650964087 -0.0006638845121428615 -0.0021217823818899142 0.9999505573478816 -0.00968385454951265 0.0006432826948415222 0.009685140040569723 0.9999529444577865 0.14421284017480218 -0.47942394777170705 -0.32065389313355297
FixedParameters: 0 0 0
#Transform 81
Transform: MatrixOffsetTransformBase_double_3_3
Parameters: 0.9999980392766136 0.001371233621943256 -0.001442169330537359 -0.0013879346731128109 0.9999330659363883 -0.011477989867538882 0.001426514408033932 0.011480015732239932 0.9999334294511951 0.13458946845524622 -0.5234040364749575 -0.547111168686115
FixedParameters: 0 0 0
#Transform 82
Transform: MatrixOffsetTransformBase_double_3_3
Parameters: 0.9999976583398233 0.0022480163650446037 -0.0005363617163540468 -0.0022533701997072514 0.9999504607234795 -0.009716204654994787 0.000514171381977726 0.009717792681508741 0.9999523527543455 0.11504017631392571 -0.5249108033502949 -0.3424607031334119
FixedParameters: 0 0 0
#Transform 83
Transform: MatrixOffsetTransformBase_double_3_3
Parameters: 0.9999981118054595 0.0013665555206951558 -0.0010101551453146126 -0.0013770433304811952 0.9999478144169021 -0.010155740063199248 0.0009961164930667996 0.010157267589723531 0.9999479828565802 0.15631434275377387 -0.5443983297013517 -0.5141456759214549
FixedParameters: 0 0 0
#Transform 84
Transform: MatrixOffsetTransformBase_double_3_3
Parameters: 0.9999978278514627 0.0018388742970865336 -0.0008893507953104886 -0.001846655104599755 0.9999571822987553 -0.009123624475844971 0.0008727843000805805 0.009125388173051557 0.9999581287974135 0.14690927211579208 -0.5480500414084446 -0.3200352857577258
FixedParameters: 0 0 0
#Transform 85
Transform: MatrixOffsetTransformBase_double_3_3
Parameters: 0.9999983233248618 0.0006216310197559457 -0.0018141721869460218 -0.0006415526825309253 0.9999388571558422 -0.011027704760436657 0.0018066837013734167 0.011029284626064548 0.9999372030410542 0.15275454857533077 -0.5364827390441178 -0.5324598871890203
FixedParameters: 0 0 0
#Transform 86
Transform: MatrixOffsetTransformBase_double_3_3
Parameters: 0.9999986968450963 0.0007678237670438331 -0.0013087880924922684 -0.0007806963675305791 0.9999495154600246 -0.009987844049142977 0.0013016684618014289 0.0099891581548604 0.9999496360066179 0.1541385600234122 -0.569380612878021 -0.32580980467592724
FixedParameters: 0 0 0
#Transform 87
Transform: MatrixOffsetTransformBase_double_3_3
Parameters: 0.9999984851434117 0.0006486794214408346 -0.0014471355036169207 -0.0006625961765232979 0.9999534414433833 -0.009643033749285684 0.001440724629630246 0.009643961253146038 0.9999520451224772 0.1478893659730005 -0.5094694290732633 -0.49145784306780627
FixedParameters: 0 0 0
#Transform 88
Transform: MatrixOffsetTransformBase_double_3_3
Parameters: 0.9999983277720652 0.0013941624054647909 -0.001315320579231254 -0.0014050956404245741 0.9999581622184436 -0.009039275682318063 0.001302457781171359 0.009041714924282657 0.9999577008683741 0.1339451282576647 -0.5470373831409034 -0.42426861034384444
FixedParameters: 0 0 0
#Transform 89
Transform: MatrixOffsetTransformBase_double_3_3
Parameters: 0.999997336160402 0.0018801208886895925 -0.00106204581002023 -0.0018927372172981103 0.9999295744055703 -0.011733258558611848 0.001040391596093533 0.011735741228875315 0.9999303549747148 0.12344968462160466 -0.4658073254751969 -0.5403510888338019
FixedParameters: 0 0 0
#Transform 90
Transform: MatrixOffsetTransformBase_double_3_3
Parameters: 0.9999977701460913 0.0017332555398086244 -0.0011073005413410972 -0.0017448890597414066 0.9999436184575186 -0.010490312938531574 0.001088472974146709 0.010491682163301236 0.9999440232883932 0.12427458232316724 -0.640248376100061 -0.5095733162862359
FixedParameters: 0 0 0
#Transform 91
Transform: MatrixOffsetTransformBase_double_3_3
Parameters: 0.9999976204738649 0.0019814380321468484 -0.0006739009753960335 -0.001988512037955053 0.9999320467277547 -0.011438796719831834 0.0006516272503382552 0.011440203189442402 0.9999348405775639 0.11011573732579905 -0.5253547999763271 -0.3786399899976942
FixedParameters: 0 0 0
#Transform 92
Transform: MatrixOffsetTransformBase_double_3_3
Parameters: 0.9999983791068435 0.0013004947904781171 -0.0009646117476042496 -0.0013134823134222924 0.9999036164640502 -0.013802736038854513 0.0009459295590567011 0.013804267282464477 0.9999046709690582 0.13067127775157417 -0.518211559469691 -0.6070906301651888
FixedParameters: 0 0 0
#Transform 93
Transform: MatrixOffsetTransformBase_double_3_3
Parameters: 0.9999985083172118 0.0018220502724196907 -0.0004130229068718773 -0.001826682928218923 0.9999479547904898 -0.010027501829922264 0.00039514123678898025 0.010027492687821743 0.9999494468384202 0.1326297915082506 -0.5686874040490437 -0.35728053283166616
FixedParameters: 0 0 0
#Transform 94
Transform: MatrixOffsetTransformBase_double_3_3
Parameters: 0.9999977008114225 0.002027731228025701 -0.00043276922093002027 -0.0020338508112995157 0.9998967934406315 -0.014213406377648896 0.00040352572103025786 0.01421458716179344 0.9998988110246202 0.12359666490306154 -0.5629120342920544 -0.6071381445697313
FixedParameters: 0 0 0
#Transform 95
Transform: MatrixOffsetTransformBase_double_3_3
Parameters: 0.999997899624498 0.0020109307734193383 -0.0002354449445589052 -0.0020140018668474403 0.9999333613560532 -0.011337801025474922 0.00021274251236489143 0.01133818537726855 0.9999354294081131 0.13602062191434072 -0.6330474713103627 -0.3990410479715081
FixedParameters: 0 0 0
#Transform 96
Transform: MatrixOffsetTransformBase_double_3_3
Parameters: 0.999999321201503 0.0006612777082523358 -0.0004910276034908339 -0.0006692434663474882 0.9998729038168619 -0.015925676905296907 0.00048095061611290127 0.015926323552979044 0.9998731101691185 0.13353601843647311 -0.5901088037558679 -0.7446666731320164
FixedParameters: 0 0 0
#Transform 97
Transform: MatrixOffsetTransformBase_double_3_3
Parameters: 0.9999998034023782 0.0007172758510932452 -0.0008260292502434713 -0.000727671955888971 0.9999208437808182 -0.0125544035179629 0.0008166268977199731 0.012555590334051167 0.9999206911302023 0.1400105086705139 -0.7060400074405777 -0.47447930179744446
FixedParameters: 0 0 0
#Transform 98
Transform: MatrixOffsetTransformBase_double_3_3
Parameters: 0.999999229917111 0.0005303243614263298 -0.000699182990052745 -0.0005403190127956646 0.9998948598996711 -0.014447479516004655 0.0006914623230700704 0.014447516880158814 0.9998958876907454 0.152527223710905 -0.6788476533758683 -0.5994315542823756
FixedParameters: 0 0 0
#Transform 99
Transform: MatrixOffsetTransformBase_double_3_3
Parameters: 0.9999993567264676 0.0005884987971358082 -0.0005451648534159477 -0.0005941784863555328 0.9999318789607388 -0.01169380836129151 0.0005384825676903914 0.011694190355599501 0.9999309691142165 0.1438949511760086 -0.6452091302593317 -0.44349197438525323
FixedParameters: 0 0 0
#Transform 100
Transform: MatrixOffsetTransformBase_double_3_3
Parameters: 0.9999992157300133 0.0004436665433015444 -0.0007663523965357313 -0.00045479580395965815 0.9998952623754197 -0.014470643024153448 0.0007599768232430742 0.014470362797806016 0.9998951405222707 0.14863380795947023 -0.6301980963224025 -0.6646669774838614
FixedParameters: 0 0 0
#Transform 101
Transform: MatrixOffsetTransformBase_double_3_3
Parameters: 0.9999980757885506 0.0016940268989798352 -0.00023339116229908905 -0.0016965916550998148 0.9999284508503137 -0.011858878970811657 0.0002140007591907545 0.01185911981735048 0.9999293430949776 0.16196763005403625 -0.6145088509535412 -0.4511062112016333
FixedParameters: 0 0 0
#Transform 102
Transform: MatrixOffsetTransformBase_double_3_3
Parameters: 0.9999997833919939 0.0004340080481860247 0.00016796973678436737 -0.0004304177450102484 0.9998144090465113 -0.019245064524448074 -0.00017714509199286688 0.01924491533073447 0.9998145660435612 0.17737860833688046 -0.7272005659149983 -1.149657915827916
FixedParameters: 0 0 0
#Transform 103
Transform: MatrixOffsetTransformBase_double_3_3
Parameters: 0.9999998927678442 0.0002220861983181279 0.0002407793449152233 -0.00021707808796339048 0.9998439105885831 -0.017664051546088147 -0.0002450409689515491 0.017663944844970192 0.9998438997494222 0.1677005088734944 -0.8089228571047329 -0.9010073730509873
FixedParameters: 0 0 0
#Transform 104
Transform: MatrixOffsetTransformBase_double_3_3
Parameters: 0.9999998605284943 0.00018224352185172398 0.0003260020357241743 -0.000177284062887918 0.9998914522737414 -0.014748064947493186 -0.00032866911911387677 0.014747947243865106 0.9998913773953887 0.19363643779657025 -0.8917773685678014 -0.670736366353907
FixedParameters: 0 0 0
#Transform 105
Transform: MatrixOffsetTransformBase_double_3_3
Parameters: 0.9999996990756367 0.00028746498626948755 0.00046694313583016953 -0.0002799410263474095 0.9998715570618683 -0.016042140950774803 -0.000472027576358215 0.01604187453097465 0.9998714170810744 0.18954227256661227 -0.7662368115753964 -0.7162265712687343
FixedParameters: 0 0 0
#Transform 106
Transform: MatrixOffsetTransformBase_double_3_3
Parameters: 0.9999995186596812 0.00033030016107577317 0.0006100610349743843 -0.00032023444019975634 0.999860631852405 -0.016684205868044366 -0.0006155140673007437 0.01668477311410564 0.9998601032599709 0.20513080681811857 -0.7726496993029883 -0.748266234716823
FixedParameters: 0 0 0
#Transform 107
Transform: MatrixOffsetTransformBase_double_3_3
Parameters: 0.9999999596652824 -0.00012524583567508473 -0.0001574500147900172 0.00012217667025508883 0.9998857215284247 -0.015141030399598118 0.00015895246984697225 0.015140991243626056 0.9998857117619854 0.23329243885906692 -0.6646404499854413 -0.5914304301058166
FixedParameters: 0 0 0
#Transform 108
Transform: MatrixOffsetTransformBase_double_3_3
Parameters: 0.9999999841453527 -0.00007382851558704689 -0.00010226126582700088 0.00007127660093614727 0.9998630460114846 -0.01658102472812155 0.00010354546001748375 0.016581009782503917 0.999863040639605 0.23591888786744164 -0.6477721943992094 -0.6862436644070016
FixedParameters: 0 0 0
#Transform 109
Transform: MatrixOffsetTransformBase_double_3_3
Parameters: 0.9999998854286237 0.0002285279173422818 -0.0002496254845478255 -0.00023275496456531187 0.999840227763313 -0.017851929066094896 0.00024582517696138356 0.017852043332487008 0.9998402195411724 0.23473234568719192 -0.7208171351298347 -0.7068881367732729
FixedParameters: 0 0 0
#Transform 110
Transform: MatrixOffsetTransformBase_double_3_3
Parameters: 0.9999997147831196 0.00023311787226482853 -0.0004803518346815586 -0.00024101828656620638 0.999868907711226 -0.016186883647497083 0.0004767200563009564 0.016187110541218075 0.9998687348591375 0.2108513738965172 -0.6630129868940031 -0.6090955120612307
FixedParameters: 0 0 0
#Transform 111
Transform: MatrixOffsetTransformBase_double_3_3
Parameters: 0.9999993948858324 0.00009730239650644564 -0.0007720451415580501 -0.00011226688711314953 0.9998323017838161 -0.018320919061188476 0.0007694826852419176 0.01832108059544843 0.9998317185817283 0.2194650018450517 -0.645716389978233 -0.7404482803135721
FixedParameters: 0 0 0
#Transform 112
Transform: MatrixOffsetTransformBase_double_3_3
Parameters: 0.999999769830957 0.000048217020099553426 -0.00047730935559804063 -0.00005618273065852917 0.9998560301570533 -0.016939844047941965 0.0004764793830936807 0.01694015264550383 0.9998567713173258 0.2312957246238625 -0.7129499258674201 -0.705760088406393
FixedParameters: 0 0 0
#Transform 113
Transform: MatrixOffsetTransformBase_double_3_3
Parameters: 0.9999996541501955 0.0005836153899368517 -0.00007302574248003291 -0.0005846685127022472 0.9998484325793735 -0.017383953377264158 0.00006262916960725095 0.017384032611727135 0.9998487691798545 0.23324913309373585 -0.7299211403498163 -0.6037363772405087
FixedParameters: 0 0 0
#Transform 114
Transform: MatrixOffsetTransformBase_double_3_3
Parameters: 0.999999625931016 -0.00017949172292359967 -0.0005847288662734891 0.00016854500550283238 0.9998141203272047 -0.019256971722305116 0.0005878823920787366 0.019257026453996143 0.9998147727009088 0.2269197784779351 -0.6636851335543668 -0.8324434493221986
FixedParameters: 0 0 0
#Transform 115
Transform: MatrixOffsetTransformBase_double_3_3
Parameters: 0.9999999319669407 0.00025650596326081006 -0.00004946425990085874 -0.0002566318557840752 0.9998473952759986 -0.01747899537275574 0.00004432959099664303 0.017479019424832945 0.9998474588629779 0.23453121713595237 -0.8144796498706484 -0.6845876467066176
FixedParameters: 0 0 0
#Transform 116
Transform: MatrixOffsetTransformBase_double_3_3
Parameters: 0.9999995153030611 0.00012387238960504101 -0.0006849176168839559 -0.0001368369307148073 0.999840941910655 -0.017832905550292294 0.0006827980403542151 0.017833083839134525 0.9998404911514814 0.2203623094240328 -0.7337507811979691 -0.6443998960327377
FixedParameters: 0 0 0
#Transform 117
Transform: MatrixOffsetTransformBase_double_3_3
Parameters: 0.9999996222195704 0.00005905715156399767 -0.0006117420307801677 -0.00007050282965495426 0.9998110351387837 -0.019414827899898693 0.00061063443250468 0.019415165896578962 0.9998116316242445 0.22501753120442913 -0.7825254052867052 -0.7987011205359806
FixedParameters: 0 0 0
#Transform 118
Transform: MatrixOffsetTransformBase_double_3_3
Parameters: 0.9999998869901425 0.00003588746187746948 -0.00033400916223069054 -0.000041615499461420716 0.999840492976135 -0.017873994945728514 0.0003338235769278142 0.017874020812646746 0.9998403829204856 0.23213999687764897 -0.7937535829187397 -0.6524792069754426
FixedParameters: 0 0 0
#Transform 119
Transform: MatrixOffsetTransformBase_double_3_3
Parameters: 0.9999993213057087 -0.0005190651933945615 -0.0006398397706822641 0.0005069755175671734 0.9998270648742918 -0.01856520075465047 0.0006492614524393437 0.0185647981675561 0.9998278784794948 0.22315518886556163 -0.6446317533544601 -0.775319828503001
FixedParameters: 0 0 0
#Transform 120
Transform: MatrixOffsetTransformBase_double_3_3
Parameters: 0.9999996213414518 -0.00041942849584619734 -0.00044970293160794206 0.00041209668242002666 0.9998355588094997 -0.018145198605431165 0.00045753832095952774 0.018144821366269714 0.9998355258485336 0.2165455479382814 -0.775418162707453 -0.7113014904971067
FixedParameters: 0 0 0
#Transform 121
Transform: MatrixOffsetTransformBase_double_3_3
Parameters: 0.999999352923078 -0.00044830162747464545 -0.0006677497953089238 0.0004356936942921212 0.9998307679230889 -0.018385290265002296 0.0006763579998488802 0.018384696104351672 0.9998305115568207 0.1997242671153714 -0.6393261708929288 -0.7653303406630982
FixedParameters: 0 0 0
#Transform 122
Transform: MatrixOffsetTransformBase_double_3_3
Parameters: 0.9999993776107489 -0.00028142365203783295 -0.0007374293289587 0.0002683295734899902 0.9998400256689908 -0.017885199690301418 0.0007414691694825452 0.017884793135857738 0.9998395543528653 0.19524395458370236 -0.7380950892931395 -0.7470020778271476
FixedParameters: 0 0 0
#Transform 123
Transform: MatrixOffsetTransformBase_double_3_3
Parameters: 0.9999994112888657 -0.00037370491828172403 -0.0006703051725475446 0.0003623439093188657 0.999859007768053 -0.016788245290925 0.0006761392484690273 0.016787749720747758 0.999858689911929 0.18906287399012456 -0.6247324411640136 -0.6112983114219048
FixedParameters: 0 0 0
#Transform 124
Transform: MatrixOffsetTransformBase_double_3_3
Parameters: 0.999999408252337 -0.00046709291444870736 -0.000611344118806439 0.00045549306127482507 0.999831457927765 -0.018342175714167033 0.0006197616435073453 0.018342832496585845 0.9998319988545273 0.20212135453368774 -0.6890103088726676 -0.7876921384847719
FixedParameters: 0 0 0
#Transform 125
Transform: MatrixOffsetTransformBase_double_3_3
Parameters: 0.9999995008108233 -0.00026461234465692784 -0.0006551134926412986 0.00025341403746584855 0.9998506924410455 -0.017269161867113608 0.0006595193003066372 0.017268821322360572 0.9998503273900332 0.20991922800170926 -0.6978725628891738 -0.6732089084862309
FixedParameters: 0 0 0
#Transform 126
Transform: MatrixOffsetTransformBase_double_3_3
Parameters: 0.9999993131229485 -0.0005468106155341648 -0.0006225033887192673 0.0005353135060767141 0.9998270892152263 -0.01859034034236877 0.0006329934987845747 0.018589660966216448 0.999826987838726 0.22955018318786813 -0.6679410945519066 -0.8213127495037185
FixedParameters: 0 0 0
#Transform 127
Transform: MatrixOffsetTransformBase_double_3_3
Parameters: 0.9999999866395672 0.000021451906456620412 -0.00011342313246326476 -0.00002333568199769396 0.9998443702205048 -0.017623986267107622 0.0001133641792831071 0.017623991332851544 0.999844357814686 0.2188658879822185 -0.7250926135296254 -0.6715013277385111
FixedParameters: 0 0 0
#Transform 128
Transform: MatrixOffsetTransformBase_double_3_3
Parameters: 0.999999396934057 -0.00025235739404573033 -0.0007345820495873081 0.00023818313851147436 0.9998235585686807 -0.01877116781247895 0.0007389890633824413 0.018770806344066374 0.9998230757761286 0.21338977023275163 -0.6468327516357277 -0.7862943126899467
FixedParameters: 0 0 0
#Transform 129
Transform: MatrixOffsetTransformBase_double_3_3
Parameters: 0.9999996032796923 0.000036654803331292145 -0.00062850029441326 -0.00004803496527241457 0.9998223771708846 -0.01883084722291395 0.0006283134862152953 0.01883115924892481 0.9998229499108102 0.21224549372197998 -0.7940595631892222 -0.7466903341445033
FixedParameters: 0 0 0
#Transform 130
Transform: MatrixOffsetTransformBase_double_3_3
Parameters: 0.9999999174565436 -0.0002870068369098151 0.000008782931226146208 0.0002874575278207241 0.9997608627056996 -0.021886018174446298 -0.000002287839778865791 0.021886021339722492 0.9997609451279164 0.208513276236431 -0.7009866956972672 -1.0168556060975789
FixedParameters: 0 0 0
#Transform 131
Transform: MatrixOffsetTransformBase_double_3_3
Parameters: 0.9999998507750925 0.00011401751168143003 -0.00036922609827372223 -0.00012092586384455494 0.9998126449247933 -0.01934694875347316 0.00036674083475330186 0.019347035203143084 0.9998125232491389 0.20379562586767008 -0.9040380931696888 -0.720611431109333
FixedParameters: 0 0 0
#Transform 132
Transform: MatrixOffsetTransformBase_double_3_3
Parameters: 0.9999999977972854 -0.00004379918517740244 0.00001785020009333069 0.0000434186403248153 0.9997712266791049 -0.021370982742429087 -0.00001684695781793046 0.021370984239652224 0.9997712282215235 0.2138840251708558 -0.8175305586620425 -1.058433627293013
FixedParameters: 0 0 0
#Transform 133
Transform: MatrixOffsetTransformBase_double_3_3
Parameters: 0.9999996983350775 -0.00026088500773136197 0.00048328039272839483 0.00027015069781597756 0.9998252836564755 -0.01869787607058135 -0.0004782546653038128 0.018698131384937075 0.999825122952355 0.25504344565135284 -0.875532531886023 -0.9228551951642316
FixedParameters: 0 0 0
#Transform 134
Transform: MatrixOffsetTransformBase_double_3_3
Parameters: 0.9999999786969452 0.00006315284825418522 0.00013107903269285996 -0.00006135877116908415 0.9998368060117965 -0.018060004615027186 -0.00013293643679543479 0.018059988163603588 0.9998367924121098 0.23935522704844914 -0.8323506898034054 -0.7974285170757156
FixedParameters: 0 0 0
#Transform 135
Transform: MatrixOffsetTransformBase_double_3_3
Parameters: 0.9999999444032049 -0.00021101386209795254 -0.00010591596962168819 0.00020865683012022708 0.9998428328920319 -0.017751037674870337 0.00010913922202108905 0.01775099253185522 0.9998428653132895 0.20744870479367705 -0.8324046177491908 -0.8211653464531707
FixedParameters: 0 0 0
#Transform 136
Transform: MatrixOffsetTransformBase_double_3_3
Parameters: 0.9999997563930902 -0.0003783687976617823 -0.0003172796731297784 0.0003717891166331634 0.9998328690601318 -0.018305151121555827 0.00032428103674240745 0.018305876375783334 0.9998326479763466 0.22122690911578502 -0.6721297186211501 -0.811717531175816
FixedParameters: 0 0 0
#Transform 137
Transform: MatrixOffsetTransformBase_double_3_3
Parameters: 0.9999999442001312 0.00004308021239526599 0.00023217242478925615 -0.000038352541881417255 0.9998250258675493 -0.018679990741690897 -0.00023317165777688557 0.01867997177848714 0.9998249733325658 0.22602705906471954 -0.6729402973724063 -0.8581565467591759
FixedParameters: 0 0 0
#Transform 138
Transform: MatrixOffsetTransformBase_double_3_3
Parameters: 0.9999999344383836 -0.00023399558204106741 0.00010495736391850292 0.00023524955237546572 0.9998317812253014 -0.018333972312814167 -0.00010005812703714608 0.018334020403688478 0.999831825720584 0.18615986603342094 -0.5857734992269741 -0.7711554752302305
FixedParameters: 0 0 0
#Transform 139
Transform: MatrixOffsetTransformBase_double_3_3
Parameters: 0.9999995773952245 -0.000011213998780408696 0.0006499375411583473 0.000023446831513891303 0.9998238060649125 -0.018765981132332826 -0.0006497036299509049 0.01876600364331546 0.9998233840094647 0.19690472322267283 -0.6686530921250267 -0.8946988389411388
FixedParameters: 0 0 0
#Transform 140
Transform: MatrixOffsetTransformBase_double_3_3
Parameters: 0.9999997993045711 0.000015378617741551747 0.0004476487679238049 -0.000007721757064520932 0.9998460087869256 -0.01754900361896604 -0.0004480014459818434 0.017548993259800846 0.9998458083102524 0.20354724654337986 -0.6437405172523682 -0.7277003999730312
FixedParameters: 0 0 0
#Transform 141
Transform: MatrixOffsetTransformBase_double_3_3
Parameters: 0.9999998139246744 0.0000334856193028335 0.00042981346717847524 -0.000025349958551866717 0.9998228507502215 -0.0188180081090759 -0.00043086805704321677 0.018817982771617045 0.9998226663545875 0.19920296965302953 -0.7205267152660895 -0.9282531686401541
FixedParameters: 0 0 0
#Transform 142
Transform: MatrixOffsetTransformBase_double_3_3
Parameters: 0.9999997061966422 -0.00003851939371750394 0.0005406302173794803 0.00004818171209667294 0.9998478214908537 -0.017439970876188177 -0.0005399261966745586 0.017440017709516142 0.9998475313984928 0.19337424351986954 -0.7278143875498131 -0.7793380280606215
FixedParameters: 0 0 0
#Transform 143
Transform: MatrixOffsetTransformBase_double_3_3
Parameters: 0.9999983054372603 0.00011055904247689182 0.001637998473089263 -0.00007785435959816622 0.9997994060536278 -0.020039026135296983 -0.0016394499073696502 0.020038976158113495 0.9997976951124213 0.1877490729271898 -0.7777389325156463 -0.9123560137473845
FixedParameters: 0 0 0
#Transform 144
Transform: MatrixOffsetTransformBase_double_3_3
Parameters: 0.9999992284897199 -0.00007787942216035057 0.0008750101804057339 0.00009747527161716487 0.9997642651541303 -0.02171792064028988 -0.0008728176162068326 0.02171807389084869 0.9997635089610534 0.17177414852704942 -0.7414819179917487 -1.0776053804967773
FixedParameters: 0 0 0
#Transform 145
Transform: MatrixOffsetTransformBase_double_3_3
Parameters: 0.999999540470911 0.00017979515233348137 0.0011945452874131202 -0.00015736545529302553 0.9998137128648418 -0.01931920230794748 -0.0011979268984146844 0.019318798931965253 0.9998123101268741 0.19082892895816883 -0.9979966870336341 -0.8400197798498397
FixedParameters: 0 0 0
#Transform 146
Transform: MatrixOffsetTransformBase_double_3_3
Parameters: 0.999998347340885 0.0000784553553082245 0.0016269007092777955 -0.00004344442168746819 0.9997741158058915 -0.02123082062256927 -0.0016280254120580844 0.021230173911255104 0.9997736611894434 0.16086052275164775 -0.8193219533009852 -1.0201188000056334
FixedParameters: 0 0 0
#Transform 147
Transform: MatrixOffsetTransformBase_double_3_3
Parameters: 0.999995800868508 0.001174759518936793 0.0024121884024606547 -0.0011275877665395614 0.9998086438296406 -0.019528437267207904 -0.00243476131397132 0.01952556533492468 0.9998064754466442 0.16465925895585087 -0.927405597973916 -0.9087091816198409
FixedParameters: 0 0 0
#Transform 148
Transform: MatrixOffsetTransformBase_double_3_3
Parameters: 0.9999983126912728 -0.0000030386440294209326 0.0016391738496832763 0.00003641277722796343 0.9997925422514503 -0.020357712212659113 -0.001639020515549826 0.020358294503924387 0.9997917875167872 0.15963114776239706 -0.7396643844540733 -0.9746222878360555
FixedParameters: 0 0 0
#Transform 149
Transform: MatrixOffsetTransformBase_double_3_3
Parameters: 0.9999985207896046 0.00015380454660146803 0.0015667106865458846 -0.00012198192465600951 0.9997932393909117 -0.020340086957429074 -0.0015701269445341176 0.02033991315815374 0.999791764085307 0.160369689022005 -0.7897443815445797 -0.9727272465659951
FixedParameters: 0 0 0
#Transform 150
Transform: MatrixOffsetTransformBase_double_3_3
Parameters: 0.9999999723456953 0.00005037505729291178 0.0010128907242200947 -0.000030746615484963634 0.9998090014221135 -0.019541016699868075 -0.0010128568062138946 0.01953996859387773 0.9998082358231982 0.1748984176070394 -0.6435679885367875 -0.8424112166053845
FixedParameters: 0 0 0
#Transform 151
Transform: MatrixOffsetTransformBase_double_3_3
Parameters: 0.9999984277465017 0.00022713129301653984 0.0018762866546925155 -0.00018681084703275075 0.9997616254738194 -0.02184725718404691 -0.001880840488120789 0.021846738277804797 0.9997591047705808 0.18593931753648008 -0.6711706521778069 -1.048461020771299
FixedParameters: 0 0 0
#Transform 152
Transform: MatrixOffsetTransformBase_double_3_3
Parameters: 0.9999977366361195 -0.0002971526767888955 0.002043136440288329 0.0003428555974914288 0.9997566601660174 -0.022067072539762672 -0.0020362878634581933 0.022066963897832206 0.9997550510599167 0.1604157374616335 -0.6684695282403652 -0.9490505136312493
FixedParameters: 0 0 0
#Transform 153
Transform: MatrixOffsetTransformBase_double_3_3
Parameters: 0.9999939897211862 0.0013285925059947621 0.0030406570982730594 -0.0012629631942305784 0.9997710421956408 -0.021372377846356275 -0.0030683331993604846 0.021368652879399833 0.999767443502811 0.19122274702723985 -0.7446046723658668 -0.8606013523887981
FixedParameters: 0 0 0
#Transform 154
Transform: MatrixOffsetTransformBase_double_3_3
Parameters: 0.9999971780125738 0.00007665339949764331 0.002194400178046412 -0.00003331862566143619 0.9998008290744324 -0.019953850177499566 -0.002195808905516585 0.01995412637053333 0.9997979449318328 0.1816701848881621 -0.6267785268523056 -0.7361517247014149
FixedParameters: 0 0 0
#Transform 155
Transform: MatrixOffsetTransformBase_double_3_3
Parameters: 0.999997190097563 0.0004474754416190905 0.0021470960705813284 -0.0004034258655645475 0.999794410116039 -0.02028365924932378 -0.0021556392047638365 0.02028234607896541 0.9997918940632653 0.19871955775892047 -0.6826481893491945 -0.8409186751552937
FixedParameters: 0 0 0
#Transform 156
Transform: MatrixOffsetTransformBase_double_3_3
Parameters: 0.9999949009669024 0.0013479737921798225 0.0030471028364917182 -0.0012873325751136062 0.9998018202427336 -0.019873447597925364 -0.0030722843110731726 0.019869575446863616 0.9997982470704675 0.18834063221640918 -0.6825129393816383 -0.7649824307359552
FixedParameters: 0 0 0
#Transform 157
Transform: MatrixOffsetTransformBase_double_3_3
Parameters: 0.99999826001652 0.00016948492272790707 0.0019265397010170041 -0.00012838954085911855 0.9997796684255306 -0.02100704434474869 -0.0019295596601584361 0.02100698758893349 0.9997779046051326 0.18823411046423644 -0.5920252802320078 -0.8209603974776059
FixedParameters: 0 0 0
#Transform 158
Transform: MatrixOffsetTransformBase_double_3_3
Parameters: 0.9999949153421133 0.0013164335584641498 0.002889933322465891 -0.001258374653805295 0.9997991879956585 -0.02001326350742408 -0.0029156550152922294 0.020008755713911863 0.9997957645081829 0.19179364794132425 -0.7057786107381787 -0.7939709152968959
FixedParameters: 0 0 0
#Transform 159
Transform: MatrixOffsetTransformBase_double_3_3
Parameters: 0.9999975241715219 0.0009365803410203749 0.0021447039108898978 -0.0008942569535474001 0.999803772015014 -0.019790739036079863 -0.0021621771692088105 0.019789245538160624 0.9998013864819189 0.1503102963540357 -0.6001424402767839 -0.6933198279410675
FixedParameters: 0 0 0
#Transform 160
Transform: MatrixOffsetTransformBase_double_3_3
Parameters: 0.999998172276743 0.0000852238017969583 0.0016796572526561863 -0.00004853790588292873 0.9997522171218267 -0.022242849128463624 -0.0016806470940353988 0.022243141992206075 0.9997513301351856 0.16886033464422212 -0.6496555509962008 -0.9229878441684605
FixedParameters: 0 0 0
#Transform 161
Transform: MatrixOffsetTransformBase_double_3_3
Parameters: 0.9999955343823238 0.001185270944960653 0.0026574852182892654 -0.0011331934735808373 0.9998107422292513 -0.01939760080757648 -0.002679546876803039 0.019394380470658446 0.9998083105132375 0.16905562074104807 -0.5953957675740469 -0.6808501860172953
FixedParameters: 0 0 0
#Transform 162
Transform: MatrixOffsetTransformBase_double_3_3
Parameters: 0.9999978694899531 0.0008538837213108153 0.0020983519069008878 -0.0008074133274332515 0.9997538294283936 -0.022150374860908026 -0.002115868581683967 0.022148616281135514 0.9997527179245743 0.15492468891395106 -0.6413152190027631 -0.9754159130587112
FixedParameters: 0 0 0
#Transform 163
Transform: MatrixOffsetTransformBase_double_3_3
Parameters: 0.9999972070838651 0.0008266475143844346 0.00226031936174827 -0.0007764715502713937 0.999750689996142 -0.02231446837607988 -0.002278272080037335 0.02231353826482886 0.9997485623148286 0.14247686390730507 -0.7030178699120171 -0.8908027255710635
FixedParameters: 0 0 0
#Transform 164
Transform: MatrixOffsetTransformBase_double_3_3
Parameters: 0.9999971890610888 0.0009136731849743939 0.0022308083116279903 -0.0008634648912333924 0.9997556601416381 -0.022106757100564936 -0.002250552110453546 0.022104258148126554 0.9997531014816687 0.1512879821746509 -0.8018512961792652 -1.0045786725403332
FixedParameters: 0 0 0
#Transform 165
Transform: MatrixOffsetTransformBase_double_3_3
Parameters: 0.9999965264098031 0.0007595967995572201 0.002427788206302859 -0.000707882505989293 0.9997664806838725 -0.021590408690779148 -0.0024443637682399575 0.021588575730666693 0.9997637228796843 0.14402060180532317 -0.7133094844257641 -0.8243563610481459
FixedParameters: 0 0 0
#Transform 166
Transform: MatrixOffsetTransformBase_double_3_3
Parameters: 0.9999984327815513 -0.0002555372727459791 0.001581552914968643 0.0002910295299707749 0.9997493558732217 -0.02236940542286532 -0.0015757930472585298 0.022369561253062484 0.999748162722462 0.121514679767742 -0.6981323013453249 -0.9898253038569891
FixedParameters: 0 0 0
#Transform 167
Transform: MatrixOffsetTransformBase_double_3_3
Parameters: 0.9999983049928292 0.0003200136224810613 0.0018953780261055876 -0.0002787586549883152 0.9997619531653267 -0.021793291521074648 -0.0019019550975429194 0.021792672137149124 0.9997603692359299 0.1391826877711253 -0.7146607494873507 -0.8407032817836466
FixedParameters: 0 0 0
#Transform 168
Transform: MatrixOffsetTransformBase_double_3_3
Parameters: 0.9999986545051156 -0.000375720973122953 0.0014847679703452448 0.0004085385082470026 0.9997492320167279 -0.02237025811615033 -0.0014759334193416443 0.022370712118161343 0.9997484187759714 0.12166905624251001 -0.6853797364337026 -1.0408312774496835
FixedParameters: 0 0 0
#Transform 169
Transform: MatrixOffsetTransformBase_double_3_3
Parameters: 0.9999976514038804 0.0007808981298959106 0.0019337992748744196 -0.0007380571335927361 0.9997654799076342 -0.021635226440507402 -0.0019501464558095822 0.021633759864314733 0.9997639580322863 0.13058925771954932 -0.7043619961777949 -0.8643574455635843
FixedParameters: 0 0 0
#Transform 170
Transform: MatrixOffsetTransformBase_double_3_3
Parameters: 0.9999990123718013 -0.00014142135432803311 0.0014030473568678035 0.0001725221526140655 0.9997495273689636 -0.022391662915172847 -0.0013989102861718431 0.022392361611126455 0.9997485548939419 0.13041348463062263 -0.6227269913790536 -0.8918834186351887
FixedParameters: 0 0 0
#Transform 171
Transform: MatrixOffsetTransformBase_double_3_3
Parameters: 0.9999976906773972 0.001040177421515344 0.0020562629904337095 -0.0009967854146875094 0.9997780894077968 -0.021024849154690675 -0.0020772244463672443 0.02102212236140001 0.9997765278925714 0.14937118808143168 -0.7164867926861689 -0.8789704610724272
FixedParameters: 0 0 0
#Transform 172
Transform: MatrixOffsetTransformBase_double_3_3
Parameters: 0.9999974428390683 0.0011834967678069452 0.002038631183487067 -0.0011407615288191496 0.9997845357802426 -0.02072215459770127 -0.002063077760830517 0.020719836828475974 0.9997830941663656 0.14084992989050704 -0.5998852955049898 -0.7238308658439792
FixedParameters: 0 0 0
#Transform 173
Transform: MatrixOffsetTransformBase_double_3_3
Parameters: 0.9999971139385224 0.0000377257956615603 0.0022102649759459265 0.000012509971545802479 0.9997411607287988 -0.02275274783537079 -0.002210261070170152 0.022752243796206356 0.9997384655934028 0.14936340433671091 -0.6744519516228848 -1.0343653216256001
FixedParameters: 0 0 0
#Transform 174
Transform: MatrixOffsetTransformBase_double_3_3
Parameters: 0.9999984257125929 -0.00021531458708485236 0.0018782894590016821 0.00025913646837123837 0.9997312284376392 -0.023163269382181884 -0.0018727218022938745 0.023163711035794537 0.999729957324669 0.1582757681113094 -0.6876823272254455 -0.9926569866780568
FixedParameters: 0 0 0
#Transform 175
Transform: MatrixOffsetTransformBase_double_3_3
Parameters: 0.9999956354268649 0.001279575160698737 0.0027797526987485385 -0.001219008977722774 0.9997626670902394 -0.0217540258254416 -0.002806918557007597 0.02175097864460837 0.9997595115385421 0.17168703828669152 -0.9263979770773147 -0.9288486598430694
FixedParameters: 0 0 0
#Transform 176
Transform: MatrixOffsetTransformBase_double_3_3
Parameters: 0.9999971117129188 0.00003393439736930722 0.00221087544281843 0.000016648037317344114 0.9997398324061233 -0.022825754177218674 -0.0022106923367346243 0.02282526765948023 0.9997371348762208 0.1793946628216645 -0.7428268294426914 -0.8573454166108405
FixedParameters: 0 0 0
#Transform 177
Transform: MatrixOffsetTransformBase_double_3_3
Parameters: 0.9999980300686182 -0.00007628835308862549 0.001991108802930586 0.00012092842850657004 0.9997421513014032 -0.022686511868162562 -0.001988691904002627 0.02268645605962319 0.99974039142837 0.15870388838177973 -0.7582151621167128 -0.9917421787300924
FixedParameters: 0 0 0
#Transform 178
Transform: MatrixOffsetTransformBase_double_3_3
Parameters: 0.9999955333954942 0.0005806186015876645 0.0028507948319091148 -0.0005176551165806644 0.9997527984487913 -0.022225047706825415 -0.002863747599152423 0.022222944483107368 0.9997487986750083 0.14879050461897236 -0.7054902033785879 -0.7891067404363525
FixedParameters: 0 0 0
#Transform 179
Transform: MatrixOffsetTransformBase_double_3_3
Parameters: 0.9999971384860322 0.00008081715972330713 0.0022035451846325422 -0.00003151522331463314 0.9997451828323085 -0.02257584509892098 -0.002204512323011152 0.022575149185190116 0.9997425182366967 0.1687793971265421 -0.7083902997386531 -0.9798005580848468
FixedParameters: 0 0 0
#Transform 180
Transform: MatrixOffsetTransformBase_double_3_3
Parameters: 0.9999944347195101 0.0007844222806765312 0.003309194917624397 -0.0007123509310479479 0.9997621802348171 -0.021782717889953576 -0.003325201719185929 0.021780271029787482 0.9997572719267787 0.17408554518593178 -0.6775259431966134 -0.7987797480866163
FixedParameters: 0 0 0
#Transform 181
Transform: MatrixOffsetTransformBase_double_3_3
Parameters: 0.9999983708770527 -0.000083353404069075 0.0019032484339911915 0.00012692176429159995 0.9997370766672702 -0.022931546719927184 -0.0019007446575912633 0.022932464340041703 0.9997354014442541 0.15488669145861422 -0.679879116563697 -1.0273008845096
FixedParameters: 0 0 0
#Transform 182
Transform: MatrixOffsetTransformBase_double_3_3
Parameters: 0.9999961676284652 0.0007723213907131734 0.002689797879403364 -0.000712734725026768 0.9997603131415415 -0.02187049671649985 -0.0027065162443745544 0.021868490481613878 0.9997571884319635 0.12783462907111698 -0.6781537210686537 -0.7848391036456235
FixedParameters: 0 0 0
#Transform 183
Transform: MatrixOffsetTransformBase_double_3_3
Parameters: 0.999995793970289 0.000693846624777242 0.002779435499623959 -0.0006290307434443417 0.9997304235139848 -0.023201332753779433 -0.002794576204823122 0.023199646572853547 0.9997266974236316 0.14338808659751123 -0.7206774151624984 -1.067577760463152
FixedParameters: 0 0 0
#Transform 184
Transform: MatrixOffsetTransformBase_double_3_3
Parameters: 0.9999966775090828 0.0003178885186440404 0.00268703750395763 -0.0002553934759229679 0.9997331356088159 -0.02308224131889053 -0.0026941621759237547 0.023081733881108 0.9997298411091236 0.1190421387780134 -0.706432318346117 -0.893810215706381
FixedParameters: 0 0 0
#Transform 185
Transform: MatrixOffsetTransformBase_double_3_3
Parameters: 0.9999954904717641 0.0013974154023232103 0.002560821883942393 -0.001345143060711415 0.9997951730049079 -0.020209200812993558 -0.0025882485758216825 0.020205813487625193 0.9997925459383668 0.16019967538261426 -0.8223881275029896 -0.7920725344112753
FixedParameters: 0 0 0
#Transform 186
Transform: MatrixOffsetTransformBase_double_3_3
Parameters: 0.9999956549244515 0.0011131352431639847 0.002847137084145839 -0.0010564777868602403 0.9998030798007805 -0.01982662211958515 -0.002868572701350155 0.019823388174019643 0.9997994345807909 0.16777877511859174 -0.6202360395788986 -0.7165235420884244
FixedParameters: 0 0 0
#Transform 187
Transform: MatrixOffsetTransformBase_double_3_3
Parameters: 0.9999980894603744 0.00016104227214219292 0.0016983144158683149 -0.0001231728219800584 0.9997509741805596 -0.022292971780154575 -0.0017016741530452427 0.022293006173759428 0.9997500358257924 0.14988610038308536 -0.6279688519048392 -1.0533748829419949
FixedParameters: 0 0 0
#Transform 188
Transform: MatrixOffsetTransformBase_double_3_3
Parameters: 0.9999963004516356 0.0011590826712706448 0.0025209905952848603 -0.0011036452004925743 0.9997605932529188 -0.021850505994462047 -0.0025460099181609367 0.021847480960450846 0.9997578340709281 0.15971837284519097 -0.6886598428378079 -0.8423037225870331
FixedParameters: 0 0 0
#Transform 189
Transform: MatrixOffsetTransformBase_double_3_3
Parameters: 0.9999954732825806 0.0013321053803594931 0.0025988523153786637 -0.0012724118443380996 0.9997424928161339 -0.022630910653139685 -0.0026278931141342746 0.022627070303908065 0.9997407042896402 0.14761739439578037 -0.7265764946214261 -0.9864330498997163
FixedParameters: 0 0 0
#Transform 190
Transform: MatrixOffsetTransformBase_double_3_3
Parameters: 0.9999975246306873 0.0008402269275174985 0.002183761329024611 -0.0007931401848624379 0.9997688160260503 -0.021486540092400044 -0.00220155751352144 0.021484441798312076 0.9997663477350217 0.15008967644409665 -0.6811133136103678 -0.8115866718789277
FixedParameters: 0 0 0
#Transform 191
Transform: MatrixOffsetTransformBase_double_3_3
Parameters: 0.9999983738089216 0.00034770519554389604 0.001871863642707519 -0.00030557683133714876 0.9997510214816417 -0.022290337571021668 -0.0018799537762170225 0.022289629523423324 0.9997495405023173 0.1424952059545319 -0.698839824819828 -1.0219344462574753
FixedParameters: 0 0 0
#Transform 192
Transform: MatrixOffsetTransformBase_double_3_3
Parameters: 0.9999964110836594 0.0007444314690942737 0.002456180094936998 -0.0006901804530483281 0.9997522073276428 -0.022258402851218093 -0.0024727435809411237 0.022256609215636186 0.9997492865029994 0.14955330839364933 -0.6758866689380341 -0.8558614558290003
FixedParameters: 0 0 0
#Transform 193
Transform: MatrixOffsetTransformBase_double_3_3
Parameters: 0.9999979223335197 0.0008856938770113226 0.0020720806642845722 -0.000838508702883881 0.9997497230201259 -0.022353547158039055 -0.002091471751091804 0.02235144084007308 0.9997478049517532 0.1430269757944984 -0.6758249266415959 -0.98545008214532
FixedParameters: 0 0 0
#Transform 194
Transform: MatrixOffsetTransformBase_double_3_3
Parameters: 0.9999957443962223 0.0017695768571718033 0.002263949107561037 -0.0017210741278454573 0.9997727825270397 -0.021251782375369455 -0.0023004794462529094 0.021247230457033653 0.9997717752638439 0.14545907354958842 -0.6349726569003025 -0.7343091266309898
FixedParameters: 0 0 0
#Transform 195
Transform: MatrixOffsetTransformBase_double_3_3
Parameters: 0.9999989067799899 0.0001881114308389951 0.0017489202520485317 -0.00014577625395456942 0.999710953138317 -0.02401800495130585 -0.0017524497826186041 0.024016972037890064 0.9997101062694939 0.1574869708257154 -0.5756045346836913 -1.027456977899618
FixedParameters: 0 0 0
#Transform 196
Transform: MatrixOffsetTransformBase_double_3_3
Parameters: 0.9999956813034774 0.0016958282616337018 0.0025381828909426004 -0.0016372875179519956 0.9997368146270046 -0.02289095065827644 -0.0025765182875720116 0.022887065720672173 0.9997349139425918 0.14496097406377828 -0.7102877854211442 -0.7197001090638082
FixedParameters: 0 0 0
#Transform 197
Transform: MatrixOffsetTransformBase_double_3_3
Parameters: 0.9999953580936665 0.001402035490093164 0.0025834547512788154 -0.0013420717712235293 0.9997312598174022 -0.02315823899381264 -0.002615850596409359 0.02315477849847669 0.9997285047623108 0.11504651870926352 -0.7041597663191368 -0.9411576592527524
FixedParameters: 0 0 0
#Transform 198
Transform: MatrixOffsetTransformBase_double_3_3
Parameters: 0.9999970935948005 0.0013565793757738225 0.002016627285852196 -0.0013115198347272018 0.9997512301456394 -0.022277502920600267 -0.0020458787714346433 0.02227453214367907 0.9997502977024527 0.11140504046083777 -0.6651238365664796 -0.7622477265466188
FixedParameters: 0 0 0
#Transform 199
Transform: MatrixOffsetTransformBase_double_3_3
Parameters: 0.9999962084478841 0.0014158078548365393 0.0021874856486569123 -0.0013652945167159092 0.9997268052619692 -0.023314712368988202 -0.0022202349507736917 0.023311290658410935 0.9997262615972169 0.13928354767216433 -0.7181396410305609 -1.0106374777011098
FixedParameters: 0 0 0
#Transform 200
Transform: MatrixOffsetTransformBase_double_3_3
Parameters: 0.9999948871412906 0.0017171418772621962 0.0026764897046086407 -0.0016573425339172843 0.9997526559306747 -0.022161095350562862 -0.0027141687702582104 0.022156897818214505 0.9997510657359957 0.13935689066164514 -0.6735993649218415 -0.7729354655666896
FixedParameters: 0 0 0
#Transform 201
Transform: MatrixOffsetTransformBase_double_3_3
Parameters: 0.9999971823054455 0.001377645714364985 0.0019797895818118197 -0.0013305311807349036 0.9997248828780629 -0.023402480163374206 -0.0020118613999216164 0.02340048975033568 0.999723888143457 0.12862245749225565 -0.6394168117866457 -1.0313728353805374
FixedParameters: 0 0 0
#Transform 202
Transform: MatrixOffsetTransformBase_double_3_3
Parameters: 0.9999965139456887 0.0014448281000992407 0.0023237572437398747 -0.001390298673947 0.9997296284771464 -0.023211991072277435 -0.0023562227347124695 0.02320903022867231 0.9997282831837302 0.12154814994808305 -0.6773322686326821 -0.8484888787474603
FixedParameters: 0 0 0
#Transform 203
Transform: MatrixOffsetTransformBase_double_3_3
Parameters: 0.9999965283469086 0.0015383138561205192 0.002259532680084737 -0.0014850111707333453 0.9997268861997259 -0.023308105313573954 -0.0022948050662134 0.023304893959140136 0.9997261066803459 0.12213095917529415 -0.672707733122536 -0.9941702351803201
FixedParameters: 0 0 0
#Transform 204
Transform: MatrixOffsetTransformBase_double_3_3
Parameters: 0.9999954246539475 0.0013837262118129741 0.0025812035571806907 -0.0013261266573012945 0.9997533657865254 -0.02216416928566174 -0.0026105026608958335 0.02216080826179205 0.9997505837892229 0.11926721705739851 -0.6618548127359105 -0.8660586818253364
FixedParameters: 0 0 0
#Transform 205
Transform: MatrixOffsetTransformBase_double_3_3
Parameters: 0.9999958064298657 0.0013439772641620441 0.002527263735070355 -0.0012842922145603359 0.9997196164576808 -0.023621857071090033 -0.0025581953391714844 0.023618140263888046 0.9997182232770274 0.1086530409342572 -0.6552204497035348 -1.0689938380160697
FixedParameters: 0 0 0
#Transform 206
Transform: MatrixOffsetTransformBase_double_3_3
Parameters: 0.9999932489335209 0.002071406621417997 0.002908837335434783 -0.0020039000022071683 0.9997332837089166 -0.023007551212700983 -0.0029553970708398143 0.023001465211602887 0.9997314073637277 0.13072658228873024 -0.6139487658116423 -0.8259014338263029
FixedParameters: 0 0 0
#Transform 207
Transform: MatrixOffsetTransformBase_double_3_3
Parameters: 0.999993034705521 0.0021356259456006277 0.00289897864511215 -0.0020721326276658945 0.9997614777466932 -0.02174583899977338 -0.002944787219369719 0.02173914898696319 0.999758969775736 0.1301047830128539 -0.62863530206684 -0.8451056678203059
FixedParameters: 0 0 0
#Transform 208
Transform: MatrixOffsetTransformBase_double_3_3
Parameters: 0.9999944540830796 0.002120125034629821 0.0026553757994828286 -0.002059044558823146 0.9997330986600463 -0.023006297188644914 -0.0027029906273125133 0.02300070501302813 0.9997318902490521 0.12103508956751341 -0.6945236447896406 -0.83523814896229
FixedParameters: 0 0 0
#Transform 209
Transform: MatrixOffsetTransformBase_double_3_3
Parameters: 0.9999956095434946 0.002094487987322662 0.0020005232547685163 -0.0020484367434209913 0.9997329287493784 -0.023029144599508625 -0.002048368168389088 0.023024878859578324 0.999733051954527 0.10279601804079164 -0.651741463999457 -0.9626388445609564
FixedParameters: 0 0 0
#Transform 210
Transform: MatrixOffsetTransformBase_double_3_3
Parameters: 0.9999941472075426 0.0023780400482864 0.002489693909614058 -0.0023192008988578787 0.9997305968719948 -0.023100749069780477 -0.0025442431995517795 0.02309427187264669 0.9997304153303659 0.10282087616818103 -0.7503485270071053 -0.8636030114257949
FixedParameters: 0 0 0
#Transform 211
Transform: MatrixOffsetTransformBase_double_3_3
Parameters: 0.9999945291678746 0.0023111475377902624 0.00226560671913476 -0.002255421926222762 0.9997096542391849 -0.02397606064445687 -0.002319547738968064 0.023970937148400664 0.9997102493629928 0.1044780250577304 -0.6148306482333936 -0.9422006219452186
FixedParameters: 0 0 0
#Transform 212
Transform: MatrixOffsetTransformBase_double_3_3
Parameters: 0.9999892868232518 0.0028612080088022416 0.0035392179766133252 -0.0027830662802346895 0.9997607488596228 -0.021695583205987648 -0.003601123892287705 0.02168541706354589 0.9997584668021609 0.1088747662582108 -0.6736124527532894 -0.8226779991370279
FixedParameters: 0 0 0
#Transform 213
Transform: MatrixOffsetTransformBase_double_3_3
Parameters: 0.9999891579140298 0.0029557760159049026 0.003479165080776822 -0.0028787672515372936 0.9997513512898515 -0.022105770789093288 -0.0035433674208457115 0.02209623491205763 0.9997497736812855 0.08702697270565807 -0.6149697486603429 -0.7873973597745731
FixedParameters: 0 0 0
#Transform 214
Transform: MatrixOffsetTransformBase_double_3_3
Parameters: 0.9999917757636339 0.0027860954476026413 0.003076216379146958 -0.002713366968968536 0.9997210746357064 -0.023464295604656835 -0.003140149803881647 0.023455703722285545 0.9997198017056143 0.052740457924002726 -0.6195690762404524 -0.9298576332124213
FixedParameters: 0 0 0
#Transform 215
Transform: MatrixOffsetTransformBase_double_3_3
Parameters: 0.9999911603095742 0.0030720606974885514 0.0028988188885859813 -0.0030047282731220084 0.9997354852115942 -0.022816821888186983 -0.0029681881559933446 0.022808204154807152 0.9997357140990142 0.05726417431479547 -0.6349230198346589 -0.8294247315265153
FixedParameters: 0 0 0
#Transform 216
Transform: MatrixOffsetTransformBase_double_3_3
Parameters: 0.9999945945191442 0.002538654613852405 0.0022271237836082028 -0.0024863763296459193 0.9997211389051114 -0.023481643170825878 -0.002285605691285907 0.023476357669273487 0.9997217735796815 0.056643699819517224 -0.6552522301051056 -1.0610991782675256
FixedParameters: 0 0 0
#Transform 217
Transform: MatrixOffsetTransformBase_double_3_3
Parameters: 0.9999934698170686 0.00225904259073011 0.002902714434426244 -0.0021814232477236524 0.9996458238323693 -0.026535229849052835 -0.0029618659934442927 0.026528778771940292 0.999643499085214 0.08304182951671635 -0.6999848621320979 -1.3329257879705239
FixedParameters: 0 0 0
#Transform 218
Transform: MatrixOffsetTransformBase_double_3_3
Parameters: 0.9999950162438268 0.0024789786253592294 0.001684475461405344 -0.0024401778145464806 0.9997386544785908 -0.02273641766974821 -0.0017407483625227489 0.0227325627421881 0.9997395113024033 0.13242250257769683 -0.6365229042066858 -1.0358132563027596
FixedParameters: 0 0 0
#Transform 219
Transform: MatrixOffsetTransformBase_double_3_3
Parameters: 0.9999929825721109 0.0027229996656086223 0.0025698493129261792 -0.0026718829003447666 0.9998046205895343 -0.01957386297009832 -0.0026223938444083638 0.019567134912953976 0.9998052770382175 0.16088747323274788 -0.6994388158964853 -0.5811315209689525
FixedParameters: 0 0 0
#Transform 220
Transform: MatrixOffsetTransformBase_double_3_3
Parameters: 0.9999930703068167 0.0028051831065205556 0.0024615824564942217 -0.0027579591342875667 0.9998146485597764 -0.019042901886172622 -0.002514857034316302 0.01903607854319382 0.9998153487579208 0.13320218887429291 -0.5350904904063185 -0.6232284846499851
FixedParameters: 0 0 0
#Transform 221
Transform: MatrixOffsetTransformBase_double_3_3
Parameters: 0.9999881659712709 0.00360734433296029 0.003289894776191177 -0.0035426551619311374 0.9998048032901832 -0.019421703878980928 -0.003358726431175683 0.019410300253180246 0.9998063249246277 0.09117647803449813 -0.4126360530216999 -0.6327105920761511
FixedParameters: 0 0 0
#Transform 222
Transform: MatrixOffsetTransformBase_double_3_3
Parameters: 0.9999893706936982 0.0030832716426607357 0.003335493128026802 -0.003012837136648507 0.9997804167707066 -0.020753032165992905 -0.0033983978400268532 0.020741974340232797 0.9997789391670033 0.07317769336376045 -0.42934868051639796 -0.8354097777362881
FixedParameters: 0 0 0
#Transform 223
Transform: MatrixOffsetTransformBase_double_3_3
Parameters: 0.999992986215269 0.002639824625468953 0.002459201459633468 -0.0025887718838510515 0.9997886718705051 -0.02040547612968195 -0.00251184873126943 0.020398533286472703 0.999788741588647 0.09000678050668398 -0.37442632610459725 -0.7208137638196774
FixedParameters: 0 0 0
#Transform 224
Transform: MatrixOffsetTransformBase_double_3_3
Parameters: 0.9999943276707725 0.0020292544079003475 0.0027484919436573814 -0.0019672772367207293 0.999748498094109 -0.022322103542613866 -0.0027932666752393323 0.022316893108191405 0.9997473824701388 0.07088758278939622 -0.4385824110139538 -1.0707210805031053
FixedParameters: 0 0 0
#Transform 225
Transform: MatrixOffsetTransformBase_double_3_3
Parameters: 0.999993970237111 0.002289410512682044 0.0024058830039801033 -0.0022367735441832393 0.9997612002395033 -0.02173533040808817 -0.002454918464125231 0.021729675891574332 0.9997610525816079 0.11791024089616542 -0.4366126874577674 -0.8882961984133004
FixedParameters: 0 0 0
#Transform 226
Transform: MatrixOffsetTransformBase_double_3_3
Parameters: 0.9999958143858206 0.0021877141178755968 0.0020978187817739307 -0.0021437703185307353 0.9997847635546598 -0.02062153118695116 -0.0021420792581505975 0.020617436102169748 0.9997846315909319 0.11511078687289 -0.4341541618899498 -0.8430399695526916
FixedParameters: 0 0 0
#Transform 227
Transform: MatrixOffsetTransformBase_double_3_3
Parameters: 0.9999942533325501 0.0023361752778941407 0.00250793723853224 -0.0022878198683290627 0.9998134779483028 -0.019158677167305974 -0.0025517994442285532 0.01915329115127966 0.9998128018245244 0.10411637070052393 -0.44260962388541714 -0.7454753359699708
FixedParameters: 0 0 0
#Transform 228
Transform: MatrixOffsetTransformBase_double_3_3
Parameters: 0.9999956878834836 0.002077669397245479 0.0019987692263104713 -0.0020412251305307796 0.9998347406884546 -0.018072099062406907 -0.0020361261094673376 0.018067911219110083 0.9998348425338773 0.11704062984715335 -0.4837979944304607 -0.9225447167030296
FixedParameters: 0 0 0
#Transform 229
Transform: MatrixOffsetTransformBase_double_3_3
Parameters: 0.999995763188342 0.0020865748347429734 0.0022094019219803126 -0.0020464940738464674 0.9998307841034563 -0.018290542951485453 -0.0022472635416825016 0.018285454828527642 0.9998300197544612 0.09168728957173755 -0.49893123303030507 -0.837257087375221
FixedParameters: 0 0 0
#Transform 230
Transform: MatrixOffsetTransformBase_double_3_3
Parameters: 0.9999915272342261 0.0029906211607361576 0.0027435034924412046 -0.0029439599382537927 0.9998526322783844 -0.01690409570943603 -0.0027942555838171386 0.016895907347242625 0.9998536317589529 0.06347470392027788 -0.6632044236958734 -0.7182661017702827
FixedParameters: 0 0 0
#Transform 231
Transform: MatrixOffsetTransformBase_double_3_3
Parameters: 0.9999954690411819 0.002233127402456879 0.001882826463305137 -0.002195872669717765 0.9998089170355748 -0.01941317093975735 -0.0019256512479628955 0.01940982468488335 0.9998098668138166 0.07654303320629197 -0.5481861741893965 -0.9286692847892368
FixedParameters: 0 0 0
#Transform 232
Transform: MatrixOffsetTransformBase_double_3_3
Parameters: 0.9999884917690278 0.0030976376703705575 0.003729905922471039 -0.0030279103096538303 0.999820189399393 -0.01873504555410979 -0.003786871603866922 0.018722974585641497 0.9998176854539067 0.09102055325374181 -0.5653785191685046 -0.7982202067304627
FixedParameters: 0 0 0
#Transform 233
Transform: MatrixOffsetTransformBase_double_3_3
Parameters: 0.9999932507819959 0.002451760299124666 0.002782200660328691 -0.002397983813278397 0.9998176824606905 -0.018930513177278757 -0.0028277633824171796 0.018923480457746042 0.9998170391441703 0.08051450190784237 -0.5913378022293472 -1.0385093137664967
FixedParameters: 0 0 0
#Transform 234
Transform: MatrixOffsetTransformBase_double_3_3
Parameters: 0.999992566055499 0.002449571886724765 0.002904372706140786 -0.0023958042499512633 0.9998313631649359 -0.018188691970435503 -0.0029482418959150846 0.01818230842625064 0.9998307209815633 0.13592519926712043 -0.5746990653103268 -0.9549815777106261
FixedParameters: 0 0 0
#Transform 235
Transform: MatrixOffsetTransformBase_double_3_3
Parameters: 0.9999934865172981 0.0023900589082022417 0.002793189338313668 -0.002339119093016986 0.999833430287093 -0.018080359601454474 -0.0028356844267017375 0.01807362049891839 0.9998324451229733 0.11701191040872061 -0.5080395379279281 -0.9417759917606787
FixedParameters: 0 0 0
#Transform 236
Transform: MatrixOffsetTransformBase_double_3_3
Parameters: 0.9999921960876124 0.002692781759448139 0.002748480506441859 -0.00264350008233381 0.9998384470126308 -0.017762131810321408 -0.002795424485230966 0.017754876600587166 0.9998389682112405 0.07987696050660986 -0.4841634514037594 -0.8282458444358411
FixedParameters: 0 0 0
#Transform 237
Transform: MatrixOffsetTransformBase_double_3_3
Parameters: 0.9999936643162877 0.002345850152257565 0.002798947124864447 -0.002293108533447508 0.999825907067025 -0.01853727057214738 -0.002841801229524438 0.018530757807347545 0.9998246771109218 0.0404685591116305 -0.48572209902273755 -0.9745343471644077
FixedParameters: 0 0 0
#Transform 238
Transform: MatrixOffsetTransformBase_double_3_3
Parameters: 0.9999940486945786 0.0024606805673812833 0.0024284287125591487 -0.0024166565668866605 0.9998401002188461 -0.017711919817721147 -0.002471857386323834 0.017705057079539926 0.9998397158893271 0.023763935736354824 -0.4763933520614927 -0.8968008974024286
FixedParameters: 0 0 0
#Transform 239
Transform: MatrixOffsetTransformBase_double_3_3
Parameters: 0.9999882177152777 0.002864156440553404 0.00394675826506871 -0.002791360788674458 0.9998259088978478 -0.018457511911423252 -0.003999040625663741 0.018446512063685444 0.999822293745562 0.014846774226313642 -0.6216281207356644 -0.9797548143688743
FixedParameters: 0 0 0
#Transform 240
Transform: MatrixOffsetTransformBase_double_3_3
Parameters: 0.9999907036676527 0.0032406334601464983 0.0029655907662333916 -0.0031852689533966457 0.9998234636120559 -0.018538551656568716 -0.0030249209185015183 0.018529479602689178 0.9998241588399839 0.018580847554602542 -0.577010663493482 -0.8984138466367853
FixedParameters: 0 0 0
#Transform 241
Transform: MatrixOffsetTransformBase_double_3_3
Parameters: 0.9999903534189657 0.00298051010667335 0.003124607166507055 -0.0029200338937045356 0.9998125380309149 -0.019134061801736157 -0.003181157894657947 0.019124926051169083 0.9998118696997403 -0.0032502073269000675 -0.5378048523035375 -0.9688268245043474
FixedParameters: 0 0 0
#Transform 242
Transform: MatrixOffsetTransformBase_double_3_3
Parameters: 0.9999875564331676 0.003414160950648072 0.0037132446984725603 -0.0033460132950441732 0.9998297037657492 -0.018130208444868595 -0.0037744323127635168 0.01811778239711964 0.9998288359433807 -0.011840086544196993 -0.6245465757173463 -0.8570351926527024
FixedParameters: 0 0 0
#Transform 243
Transform: MatrixOffsetTransformBase_double_3_3
Parameters: 0.9999918863494677 0.0031962841603935315 0.0026264435278878493 -0.003141118720968908 0.999780954025372 -0.020695456308942595 -0.002691861487051314 0.020687554462249527 0.9997825604211883 -0.036390241203918094 -0.542976135480771 -1.0566839063936015
FixedParameters: 0 0 0
#Transform 244
Transform: MatrixOffsetTransformBase_double_3_3
Parameters: 0.9999881080136773 0.00336572256184285 0.003544235818045339 -0.003295134384442459 0.9998006192391027 -0.019674583765252704 -0.003610551252719791 0.019663379146408436 0.9997996709114125 0.02603107124861026 -0.5687627417597128 -0.8292093455575298
FixedParameters: 0 0 0
#Transform 245
Transform: MatrixOffsetTransformBase_double_3_3
Parameters: 0.9999875989626966 0.00349129404567622 0.003494310705057022 -0.0034255548747236983 0.9998172655177886 -0.018830023872523943 -0.0035592154032694973 0.01881799505872378 0.9998165800217026 -0.009875929919402893 -0.49597270941976035 -0.7833149063250033
FixedParameters: 0 0 0
#Transform 246
Transform: MatrixOffsetTransformBase_double_3_3
Parameters: 0.9999905383028435 0.0031103440189568696 0.0029650537976406008 -0.0030449460815385183 0.9997633747740273 -0.021552130908472467 -0.003030799127438859 0.021542886520563645 0.9997634615435343 -0.015624229976992865 -0.5479518637427958 -1.047889202747399
FixedParameters: 0 0 0
#Transform 247
Transform: MatrixOffsetTransformBase_double_3_3
Parameters: 0.9999836108467578 0.004005732339415251 0.004042374743669097 -0.003923819910912518 0.999789667783351 -0.020122799329169105 -0.004122464619104303 0.020106206984298533 0.9997896682974478 -0.016270437054174636 -0.5815547669789822 -0.8489217783099576
FixedParameters: 0 0 0
#Transform 248
Transform: MatrixOffsetTransformBase_double_3_3
Parameters: 0.9999891762644815 0.003144265775898292 0.003455195183680978 -0.003066810466560728 0.9997508635041066 -0.02209147333087523 -0.0035237919416894465 0.022080491555813986 0.9997496064204354 0.010703325489231474 -0.552802081631043 -1.1391588020077563
FixedParameters: 0 0 0
#Transform 249
Transform: MatrixOffsetTransformBase_double_3_3
Parameters: 0.9999911040097014 0.0026903900740502173 0.0032646281225895903 -0.002624279371415463 0.9997964790257153 -0.020017374878063668 -0.003317980312622502 0.020008643515660923 0.9997945004687032 0.036780501445917935 -0.6656155648278173 -0.9718400197137669
FixedParameters: 0 0 0
#Transform 250
Transform: MatrixOffsetTransformBase_double_3_3
Parameters: 0.9999854828997166 0.0032399344392135022 0.004360863692882662 -0.0031562203236162796 0.9998126456310149 -0.019080203679819857 -0.004422410955103755 0.019065772945794243 0.9998082075066912 0.004428122436394233 -0.6047641097389516 -0.9347355902780095
FixedParameters: 0 0 0
#Transform 251
Transform: MatrixOffsetTransformBase_double_3_3
Parameters: 0.9999876969120072 0.00333460401343875 0.0037658314325624536 -0.0032567423674053795 0.9997817908606726 -0.02062006950771944 -0.0038338525695629476 0.02060790582139023 0.9997799368853889 -0.011873913790807933 -0.5882788481837196 -1.0221174097599004
FixedParameters: 0 0 0
#Transform 252
Transform: MatrixOffsetTransformBase_double_3_3
Parameters: 0.9999875242396274 0.0033175524309016226 0.0038036501465283186 -0.0032447174213662846 0.9998169675131432 -0.018844127119876 -0.0038664067928621676 0.01883184337585972 0.9998147492954533 -0.0284698790608644 -0.5950501994221753 -0.9532330181995263
FixedParameters: 0 0 0
#Transform 253
Transform: MatrixOffsetTransformBase_double_3_3
Parameters: 0.999986551012738 0.003559163525027287 0.0037117287902430833 -0.00348706361473726 0.9998045485318569 -0.019467904091766144 -0.0037806659504037946 0.019455097171159466 0.9998034257422792 -0.02568768797220855 -0.5570894849720816 -1.0444903626488724
FixedParameters: 0 0 0
#Transform 254
Transform: MatrixOffsetTransformBase_double_3_3
Parameters: 0.9999870575430246 0.003570559443174785 0.0034922011307789618 -0.0035060134267416772 0.9998271372922829 -0.018252279946814595 -0.0035564129964322376 0.01823970523867255 0.9998270279101061 -0.02499053353837155 -0.5984662828807075 -0.960873013372364
FixedParameters: 0 0 0
