#Insight Transform File V1.0
#Transform 0
Transform: MatrixOffsetTransformBase_double_3_3
Parameters: 0.9999977757513274 0.0005058947772640062 0.0019920627816681856 -0.0005067732306076279 0.9999998584891023 0.00022023268741419577 -0.001991839488576436 -0.00022076631024769977 0.9999978200219719 0.4218707513920634 0.07767666141202767 -0.42118927254774974
FixedParameters: 0 0 0
#Transform 1
Transform: MatrixOffsetTransformBase_double_3_3
Parameters: 0.9999954677454371 0.0003811103872693597 0.0028960294827840064 -0.0003814231603377136 0.9999999198675363 0.00005341323826160704 -0.0028959883054316344 -0.00005458627193349885 0.9999955420459155 0.43812155734460134 0.10477457444180516 -0.21229060714537695
FixedParameters: 0 0 0
#Transform 2
Transform: MatrixOffsetTransformBase_double_3_3
Parameters: 0.999997934471452 0.0006639518188258421 0.0019040591029135484 -0.0006615055093928649 0.9999986655415242 -0.0013900036053105524 -0.0019045171435244476 0.0013879971849915518 0.9999974102813806 0.39730061861311583 0.13013219114158403 -0.49257517134375917
FixedParameters: 0 0 0
#Transform 3
Transform: MatrixOffsetTransformBase_double_3_3
Parameters: 0.9999961414948244 0.00047965623088904916 0.002761898513697715 -0.00047660890696170756 0.9999996514349387 -0.0010908039553575166 -0.0027625492669356854 0.0010891978060475205 0.9999961138530298 0.42684403395718107 0.10682249491361517 -0.22651228219326924
FixedParameters: 0 0 0
#Transform 4
Transform: MatrixOffsetTransformBase_double_3_3
Parameters: 0.9999988743047811 0.0006248164568434916 0.0016543098643250116 -0.0006188643741955978 0.9999942982687208 -0.0032177702871952207 -0.0016556752761047037 0.003216229634822848 0.999993877788814 0.36643035552249614 0.12946355483494187 -0.44171806753261933
FixedParameters: 0 0 0
#Transform 5
Transform: MatrixOffsetTransformBase_double_3_3
Parameters: 0.999997325354497 0.0007469060904561382 0.00226205456020533 -0.0007434992132064474 0.9999982975695126 -0.0018204449504128362 -0.0022631222830391084 0.0018185563323272758 0.999995406607467 0.40822843643866236 0.07106177031975847 -0.319818964150798
FixedParameters: 0 0 0
#Transform 6
Transform: MatrixOffsetTransformBase_double_3_3
Parameters: 0.9999961080210983 0.0007246913392858618 0.002523533278661767 -0.0007215009552852101 0.9999992284299863 -0.0011964538135075808 -0.002523879182129635 0.001194546422498305 0.9999960211442357 0.39354717451253407 0.12824069790691794 -0.2427306332079695
FixedParameters: 0 0 0
#Transform 7
Transform: MatrixOffsetTransformBase_double_3_3
Parameters: 0.9999969194548523 0.0007663932013075428 0.0023434635853483952 -0.0007636547129245072 0.9999991105137822 -0.0012194226918054718 -0.002344936374819031 0.001217578328587543 0.9999968394498396 0.4288144730547856 0.0911851611150638 -0.3154706722431939
FixedParameters: 0 0 0
#Transform 8
Transform: MatrixOffsetTransformBase_double_3_3
Parameters: 0.9999996800911597 0.0005834947119374038 0.0009897487693882668 -0.0005828873057345862 0.9999992454922568 -0.001242594516318224 -0.0009899455025326037 0.0012424059013494138 0.9999983469838215 0.42400426299589355 0.15780013385136726 -0.05636604986548832
FixedParameters: 0 0 0
#Transform 9
Transform: MatrixOffsetTransformBase_double_3_3
Parameters: 0.9999990037971089 0.000491090730293775 0.0016594250943512835 -0.0004877147618769132 0.9999966263643465 -0.0025095718168044456 -0.0016612287827539808 0.002509430239579946 0.9999957822179171 0.39680419769852904 0.1865634517417334 -0.30471011152327776
FixedParameters: 0 0 0
#Transform 10
Transform: MatrixOffsetTransformBase_double_3_3
Parameters: 0.9999989327577409 0.00035337720864603956 0.0013936280571977433 -0.0003515389958834734 0.9999988796235914 -0.0010152320805482118 -0.0013942130217479696 0.001014767119593224 0.9999989926838897 0.44094092138448104 0.14867473041333312 -0.05636602493166265
FixedParameters: 0 0 0
#Transform 11
Transform: MatrixOffsetTransformBase_double_3_3
Parameters: 0.9999976211488086 0.000561947988382542 0.0022504039592619266 -0.0005571809877634938 0.9999980690365076 -0.0019119995535250012 -0.0022510290699305677 0.0019099983418375543 0.9999952482581684 0.45099594480981864 0.21383580107055877 -0.28972244802305624
FixedParameters: 0 0 0
#Transform 12
Transform: MatrixOffsetTransformBase_double_3_3
Parameters: 0.9999994217143666 0.0007562714717705151 0.0010034011554436442 -0.0007556072006208909 0.9999998509561419 -0.0007607592588804168 -0.0010034282135330942 0.0007592422161750711 0.9999994155569483 0.4980208074992447 0.13937325930163524 -0.07771196091799482
FixedParameters: 0 0 0
#Transform 13
Transform: MatrixOffsetTransformBase_double_3_3
Parameters: 0.9999994436338385 0.0006389137983345947 0.0010715203097653309 -0.000637817300965708 0.9999994773047115 -0.0005115714395541038 -0.0010721733580896994 0.0005114277236338283 0.9999994430649713 0.47060427333103405 0.22523864187313336 -0.07130765548505735
FixedParameters: 0 0 0
#Transform 14
Transform: MatrixOffsetTransformBase_double_3_3
Parameters: 0.9999982792599482 0.0002861577189838892 0.0016243468093967406 -0.00028186639448389117 0.9999958366429245 -0.002846331003134972 -0.0016253107802770086 0.002845666874711439 0.9999942431472872 0.4500237965316245 0.1957969216443587 -0.17374988096696597
FixedParameters: 0 0 0
#Transform 15
Transform: MatrixOffsetTransformBase_double_3_3
Parameters: 0.999999524363953 0.0010172416444765254 0.0006638716679236904 -0.0010166148622685015 0.9999988419864878 -0.001119692775212372 -0.0006650266016239769 0.001119307305742362 0.9999991758151383 0.4296143909787844 0.18514031227950056 -0.04810864959540595
FixedParameters: 0 0 0
#Transform 16
Transform: MatrixOffsetTransformBase_double_3_3
Parameters: 0.9999990281591808 0.0007252881769839815 0.0006672079050134925 -0.0007245218608090186 0.999998873382503 -0.0013155007990931222 -0.0006689846059875793 0.0013154981099395557 0.9999986936952021 0.4335602695352776 0.2690373106664481 -0.07758212457291336
FixedParameters: 0 0 0
#Transform 17
Transform: MatrixOffsetTransformBase_double_3_3
Parameters: 0.999999751593484 0.00017330821925095854 0.0004671834263138607 -0.0001726721098450157 0.9999979560310287 -0.001740951206582242 -0.00046765525283587456 0.0017410483062340887 0.9999987333967254 0.45973389250239904 0.1570281484658409 -0.10067592322717189
FixedParameters: 0 0 0
#Transform 18
Transform: MatrixOffsetTransformBase_double_3_3
Parameters: 0.9999998001977141 0.00036686527179064486 0.00025595697072131784 -0.00036619644370177243 0.9999997589515612 -0.001052094670684539 -0.000255736707169394 0.0010519071184257045 0.9999998278358573 0.443364649219987 0.21113141826666038 -0.06283761400071342
FixedParameters: 0 0 0
#Transform 19
Transform: MatrixOffsetTransformBase_double_3_3
Parameters: 1.0000000301860807 0.0005468250573571585 0.0008195713258591073 -0.0005445225463140335 0.999996807075383 -0.002454463252719752 -0.0008200060969776997 0.002454534501806216 0.9999961739547379 0.43418721645554115 0.15676400515474143 -0.2545239590767494
FixedParameters: 0 0 0
#Transform 20
Transform: MatrixOffsetTransformBase_double_3_3
Parameters: 0.9999994548688447 0.0006603570482231053 0.000330868861980427 -0.0006593945425610148 0.9999989870284055 -0.0012562187043156647 -0.0003315350271048798 0.0012557815985413945 0.9999993127663581 0.45591349580283236 0.17313244734225464 -0.04091397106802219
FixedParameters: 0 0 0
#Transform 21
Transform: MatrixOffsetTransformBase_double_3_3
Parameters: 0.999999598587075 0.0006128356230890421 -0.00016221579045160977 -0.0006125257454275377 0.9999950923716666 -0.0029208990849626526 0.00016048886488758722 0.002921096797538797 0.9999954417075715 0.44647646163497257 0.24977834101953533 -0.14314655977928226
FixedParameters: 0 0 0
#Transform 22
Transform: MatrixOffsetTransformBase_double_3_3
Parameters: 0.9999994438865583 0.0007376964550909462 0.0001091653439093794 -0.000737549732018525 0.9999990083519914 -0.0006690802157423292 -0.00011015228457891469 0.0006689184413411764 0.9999995404134648 0.4588508000178564 0.17110768714002234 -0.031508081380223985
FixedParameters: 0 0 0
#Transform 23
Transform: MatrixOffsetTransformBase_double_3_3
Parameters: 0.999999152869914 0.0008386196767330567 0.00038055404849392477 -0.0008371504346089099 0.9999987655154089 -0.0015864487599944188 -0.00038122893372953055 0.0015855516520662805 0.999998356557848 0.45020733243974576 0.22597830612592418 -0.08942845031069169
FixedParameters: 0 0 0
#Transform 24
Transform: MatrixOffsetTransformBase_double_3_3
Parameters: 0.999998235838018 0.0005031936730430851 0.0015843244215508832 -0.0005001779948327651 0.9999983245443036 -0.0018896827745800426 -0.0015858287170132284 0.0018893170938057147 0.9999967708621924 0.4641796454469045 0.13392072652182208 -0.1389819280187936
FixedParameters: 0 0 0
#Transform 25
Transform: MatrixOffsetTransformBase_double_3_3
Parameters: 0.9999998541820295 0.0003005917819231846 0.0002355051495095207 -0.0003001069484745346 0.9999998530066593 -0.001028071646745371 -0.0002361226687468254 0.001027929992704485 0.9999998876054255 0.45741223609492465 0.18113931694955454 -0.0562433648367886
FixedParameters: 0 0 0
#Transform 26
Transform: MatrixOffsetTransformBase_double_3_3
Parameters: 0.9999979656272682 0.000537375753949249 0.0016570286464280954 -0.0005315734917880551 0.999994602558969 -0.0032056445808979206 -0.001658811098812255 0.003205355904011581 0.9999938125378943 0.5302340071387874 0.1875526702690138 -0.17606767770894294
FixedParameters: 0 0 0
#Transform 27
Transform: MatrixOffsetTransformBase_double_3_3
Parameters: 0.9999990495092452 0.0012811410475822153 0.00055667540940737 -0.0012802055054273594 0.9999989672790192 -0.0007227307640884084 -0.0005575345402178132 0.0007222697501520492 1.0000000382169494 0.5443834444776883 0.16859318172896565 -0.03384521516905181
FixedParameters: 0 0 0
#Transform 28
Transform: MatrixOffsetTransformBase_double_3_3
Parameters: 0.9999980675582846 0.0010329396564234651 0.0013656786900318983 -0.0010295874593574093 0.999996533739574 -0.002581443616670037 -0.0013684970911219763 0.002580555803007062 0.9999952106666032 0.5019778207593504 0.220382438945677 -0.27126359340699935
FixedParameters: 0 0 0
#Transform 29
Transform: MatrixOffsetTransformBase_double_3_3
Parameters: 0.9999997918138948 0.00041928424644603396 0.0001806116723694777 -0.000418964367901992 0.9999995487105994 -0.0005250755253605466 -0.00018006030874374417 0.000524924358637574 0.9999996918533561 0.4596091186083697 0.17304574772327896 -0.04429053193700838
FixedParameters: 0 0 0
#Transform 30
Transform: MatrixOffsetTransformBase_double_3_3
Parameters: 0.9999982285376775 0.000795513952408396 0.0014624480764585442 -0.0007892483842688032 0.9999925047377397 -0.0037440455568309994 -0.0014657451409037636 0.0037429500405451455 0.9999916961142399 0.45890025494391296 0.18388959118077253 -0.29562788410324004
FixedParameters: 0 0 0
#Transform 31
Transform: MatrixOffsetTransformBase_double_3_3
Parameters: 0.9999993389616348 0.001243780272522048 0.0003381662653672424 -0.001243021343962015 0.9999975523098363 -0.0020035687705649563 -0.00034004371854279243 0.0020034325884852877 0.9999977586133393 0.4692713759765752 0.1398524167176589 -0.04867469979551231
FixedParameters: 0 0 0
#Transform 32
Transform: MatrixOffsetTransformBase_double_3_3
Parameters: 0.9999981780705194 0.0015616042935449838 0.0006197051931566578 -0.0015579134770903709 0.9999846010182737 -0.005300992581630484 -0.0006277866691736833 0.005300012700434523 0.9999863859896703 0.41311310244590516 0.19946418506862074 -0.444753630038889
FixedParameters: 0 0 0
#Transform 33
Transform: MatrixOffsetTransformBase_double_3_3
Parameters: 0.9999992161544393 0.0009378816301050259 0.0009508978384904548 -0.0009347744895265344 0.9999929671405997 -0.003507778950308932 -0.0009539697633383638 0.0035072201062883446 0.9999936438183001 0.41210572870748763 0.13938096255314747 -0.1758900854325134
FixedParameters: 0 0 0
#Transform 34
Transform: MatrixOffsetTransformBase_double_3_3
Parameters: 0.9999990502596993 0.001026946826793623 0.0013768123411827431 -0.0010233213779634958 0.9999969349471765 -0.0023003175194481196 -0.0013791534976835313 0.002299682950700377 0.9999965352897021 0.4311261062461966 0.07556510673541084 -0.27902445377614526
FixedParameters: 0 0 0
#Transform 35
Transform: MatrixOffsetTransformBase_double_3_3
Parameters: 0.9999983048045006 0.001612718428383833 0.0003045633936665274 -0.0016129168144302063 0.9999963514645335 -0.0022716418632268975 -0.00030865505663539637 0.0022713599588735367 0.9999976338910869 0.46923526288993855 0.1467339218552013 -0.10514115376035704
FixedParameters: 0 0 0
#Transform 36
Transform: MatrixOffsetTransformBase_double_3_3
Parameters: 0.999999446103689 0.000741905890271733 0.00100161979169049 -0.0007385848632895543 0.9999933309381482 -0.0035026299754498114 -0.0010043002344714675 0.003502369840333197 0.99999358006909 0.44836183771930394 0.1357050375799389 -0.35019044446561054
FixedParameters: 0 0 0
#Transform 37
Transform: MatrixOffsetTransformBase_double_3_3
Parameters: 0.9999994213653999 0.001224275260729029 0.0002819389660826678 -0.0012237166864611652 0.9999963398413686 -0.002272346918404583 -0.0002853874010202379 0.0022716525101824925 0.9999977575401998 0.4680598958523774 0.18340521941121324 -0.09319967401262375
FixedParameters: 0 0 0
#Transform 38
Transform: MatrixOffsetTransformBase_double_3_3
Parameters: 0.9999992625860322 0.0008498127647836309 0.001007483880681497 -0.0008452230869515065 0.9999888663663473 -0.004534741165249587 -0.001011543099964169 0.004534254735177809 0.9999892726288168 0.4369598062364446 0.22221278375837983 -0.26974607105526616
FixedParameters: 0 0 0
#Transform 39
Transform: MatrixOffsetTransformBase_double_3_3
Parameters: 0.9999987111374696 0.001406342058517124 0.0011446118568400098 -0.001402248769936093 0.9999924780489917 -0.0037166472488710245 -0.0011504302185397183 0.0037153561689150794 0.9999926156458216 0.46522804332225576 0.1688925060671096 -0.27761732128504946
FixedParameters: 0 0 0
#Transform 40
Transform: MatrixOffsetTransformBase_double_3_3
Parameters: 0.9999992825461639 0.0008007817898477644 0.0002760584269801686 -0.0007994664840876959 0.9999874195905268 -0.004994225994073606 -0.00027982328801515004 0.00499378121323428 0.9999879825278714 0.43840262169167943 0.2263355668594329 -0.4356527630555149
FixedParameters: 0 0 0
#Transform 41
Transform: MatrixOffsetTransformBase_double_3_3
Parameters: 0.9999982728192939 0.0011863109712785618 0.001148874356622971 -0.0011815009573854676 0.9999917368766597 -0.0040153990193131095 -0.0011537627584158304 0.004014604749380285 0.9999912953258672 0.41606255351589994 0.09476293363975685 -0.263586441256237
FixedParameters: 0 0 0
#Transform 42
Transform: MatrixOffsetTransformBase_double_3_3
Parameters: 0.9999992380436328 0.0011749596480761539 0.0006171965146009463 -0.0011728694565542428 0.9999897372713931 -0.004360745228896706 -0.0006219549458847801 0.00436025648846558 0.9999904726467804 0.4241306707409507 0.16118680900783033 -0.2777575824785572
FixedParameters: 0 0 0
#Transform 43
Transform: MatrixOffsetTransformBase_double_3_3
Parameters: 0.9999990661669005 0.0006292390017607894 0.000733077874070406 -0.0006271957333201798 0.9999922858839956 -0.003914462448816408 -0.0007354905874018819 0.003913539862403281 0.9999921413572765 0.41529249020507564 0.08475443396663707 -0.39514656073296806
FixedParameters: 0 0 0
#Transform 44
Transform: MatrixOffsetTransformBase_double_3_3
Parameters: 0.9999987070203739 0.0010177824230839698 0.001121163448785493 -0.001013763173971877 0.9999951125870324 -0.002998156675753094 -0.0011248785586442061 0.0029968411215728352 0.9999946243768492 0.40783406178695714 0.1133190102570012 -0.20071307467445365
FixedParameters: 0 0 0
#Transform 45
Transform: MatrixOffsetTransformBase_double_3_3
Parameters: 0.9999986712067939 0.0011125128717001363 0.0010449795609137255 -0.001107817785577004 0.9999917919994105 -0.003887178165190658 -0.0010491210292624365 0.0038858192783517986 0.9999916693211979 0.3951835310084988 0.11341366145326504 -0.40457590214602135
FixedParameters: 0 0 0
#Transform 46
Transform: MatrixOffsetTransformBase_double_3_3
Parameters: 0.9999982939610584 0.0011533131713041518 0.001172985024481939 -0.0011509202570530418 0.9999964747493585 -0.002541388009681178 -0.0011753436559321592 0.002540614306299205 0.999995905814443 0.41747949976010545 0.09428847394841 -0.2353237738038274
FixedParameters: 0 0 0
#Transform 47
Transform: MatrixOffsetTransformBase_double_3_3
Parameters: 0.9999992093610333 0.0011622869961511332 0.0006629693243986474 -0.0011593520592873847 0.999988611077661 -0.004693902605406114 -0.0006683855131723259 0.004692098310818765 0.9999885495194728 0.408563433668121 0.2004934333012045 -0.3272168261815409
FixedParameters: 0 0 0
#Transform 48
Transform: MatrixOffsetTransformBase_double_3_3
Parameters: 0.9999981569008694 0.0011607225924741725 0.00122325007025727 -0.0011559618860872345 0.9999927063296838 -0.003753438270460263 -0.0012273250578245546 0.003751565575776772 0.9999922879251991 0.42425931477795586 0.14748433331401145 -0.25414364519646426
FixedParameters: 0 0 0
#Transform 49
Transform: MatrixOffsetTransformBase_double_3_3
Parameters: 0.9999998290669173 0.00040288364387951897 -0.0000946022903819201 -0.00040263133656304883 0.9999851508718192 -0.005355958232907909 0.00009214028031916073 0.005356033440646682 0.9999853043540671 0.35381218551567883 0.23847247818741835 -0.272366301663169
FixedParameters: 0 0 0
#Transform 50
Transform: MatrixOffsetTransformBase_double_3_3
Parameters: 0.9999994077002254 0.0011384973922921474 0.0005437960679465434 -0.0011365521776907654 0.9999916136878465 -0.004025767702159705 -0.0005485969631122211 0.004025232177019472 0.9999913845683936 0.40404090502805445 0.14539510380306808 -0.4218418328282212
FixedParameters: 0 0 0
#Transform 51
Transform: MatrixOffsetTransformBase_double_3_3
Parameters: 0.9999982824253731 0.0015783477612433079 0.0011077657145237376 -0.0015735954177539487 0.9999906307226828 -0.004018784707696066 -0.00111382898362967 0.004017215369445187 0.9999913628940528 0.43314780970831634 0.1765057399938712 -0.13965506567262764
FixedParameters: 0 0 0
#Transform 52
Transform: MatrixOffsetTransformBase_double_3_3
Parameters: 0.9999993990669199 0.0010570591292397406 0.0006950244167588745 -0.001053268918802583 0.999986054027921 -0.005180738097117332 -0.0007014681259667416 0.005179264551526119 0.9999866798441539 0.411375615283049 0.206286528565073 -0.4043026259207352
FixedParameters: 0 0 0
#Transform 53
Transform: MatrixOffsetTransformBase_double_3_3
Parameters: 0.9999984004833457 0.0014150009200509322 0.0007727855589506375 -0.0014125289388259871 0.9999940404853552 -0.003177114687568927 -0.0007774098841260311 0.003175888991740622 0.9999951796179835 0.447492708562109 0.12972660129067037 -0.1043255599658579
FixedParameters: 0 0 0
#Transform 54
Transform: MatrixOffsetTransformBase_double_3_3
Parameters: 0.99999973721685 0.0010719353662186767 0.0003384847692530415 -0.001069449128087457 0.9999846717861541 -0.00540236641408301 -0.0003438428900961674 0.0054016358403290304 0.9999857017663835 0.39537867140077765 0.19470807027769865 -0.4952611982211863
FixedParameters: 0 0 0
#Transform 55
Transform: MatrixOffsetTransformBase_double_3_3
Parameters: 0.999999663943683 0.0004884427848903773 0.0003121092839589699 -0.0004867458537755912 0.9999911239585217 -0.0040791493158039704 -0.0003149651311480618 0.004078843552360656 0.9999912633913504 0.3427271096346658 0.058345880146660534 -0.36338420568581853
FixedParameters: 0 0 0
#Transform 56
Transform: MatrixOffsetTransformBase_double_3_3
Parameters: 0.9999999165189579 0.0008904445054442039 0.0005393752666757636 -0.0008880162624458539 0.9999925411249843 -0.003714496764365721 -0.0005427459955217365 0.003714500428387252 0.9999927802812051 0.3602748088877803 0.043025618678512956 -0.4609198155797145
FixedParameters: 0 0 0
#Transform 57
Transform: MatrixOffsetTransformBase_double_3_3
Parameters: 0.9999991077375943 0.0012621990500304532 0.0005469255734578343 -0.001259854035939955 0.9999904978225397 -0.004245839636900811 -0.000552284200069405 0.0042451606010592 0.9999905611942181 0.37959298250795825 0.1346343460855337 -0.44686723695710384
FixedParameters: 0 0 0
#Transform 58
Transform: MatrixOffsetTransformBase_double_3_3
Parameters: 0.9999974791365905 0.0015636363043453263 0.0017532315836715749 -0.0015594123503983592 0.9999952078638988 -0.002786664743252343 -0.001758173375967128 0.0027843381794306343 0.9999947531926838 0.36857011126762984 0.03512291918509902 -0.25553224400503893
FixedParameters: 0 0 0
#Transform 59
Transform: MatrixOffsetTransformBase_double_3_3
Parameters: 0.9999984277970512 0.0015662515432942645 0.0003462749558421498 -0.0015639492689443072 0.9999874928808102 -0.00481369681405272 -0.0003541411170821829 0.0048133076863600965 0.9999885950319366 0.33461847876215245 0.1486168503493559 -0.3420705000319515
FixedParameters: 0 0 0
#Transform 60
Transform: MatrixOffsetTransformBase_double_3_3
Parameters: 0.9999985408932324 0.0015653844342972487 0.0000962363956962742 -0.0015645173572793345 0.999987255355263 -0.004720283380402118 -0.00010393898932760867 0.004719711289279879 0.999988728487764 0.35695182985126905 0.16076084796546297 -0.36663239011450344
FixedParameters: 0 0 0
#Transform 61
Transform: MatrixOffsetTransformBase_double_3_3
Parameters: 0.9999987551717436 0.0014432195205919015 0.0004026706985200754 -0.00144137018962762 0.9999916774373432 -0.003918733292781806 -0.0004087557422875641 0.003918270074609959 0.9999923683017519 0.33406288295094555 0.22455310910625315 -0.16413329990911052
FixedParameters: 0 0 0
#Transform 62
Transform: MatrixOffsetTransformBase_double_3_3
Parameters: 0.9999992341056309 0.0012789811059571656 -0.00036095507521420925 -0.0012804329928504062 0.9999890501766644 -0.00450467040753634 0.00035524299432218516 0.004505328113587753 0.9999895936618067 0.3346921542103587 0.21487158796244898 -0.41068479368101407
FixedParameters: 0 0 0
#Transform 63
Transform: MatrixOffsetTransformBase_double_3_3
Parameters: 0.9999978346533428 0.0018135113420140513 0.0009357673635792946 -0.001810623240079263 0.9999930549408956 -0.003302864732444205 -0.0009422549758712603 0.0033011346465749714 0.9999939732243828 0.3404958740810713 0.1983142328627565 -0.13787850637248766
FixedParameters: 0 0 0
#Transform 64
Transform: MatrixOffsetTransformBase_double_3_3
Parameters: 0.9999997602696409 0.0011034644018374795 0.0001500060322854547 -0.0011023093859807342 0.9999880179695858 -0.004886317283565256 -0.00015569686532075278 0.004886687228490547 0.999987986213949 0.3329727122552413 0.2078624846301551 -0.3660274929337959
FixedParameters: 0 0 0
#Transform 65
Transform: MatrixOffsetTransformBase_double_3_3
Parameters: 0.9999968258530293 0.0022084542098623422 0.0011390501418545682 -0.0022037647701757057 0.9999893769557996 -0.004139706750989597 -0.0011476040588346086 0.004137301071038796 0.9999911943011212 0.3092613627701013 0.14084048613942457 -0.1777464606352197
FixedParameters: 0 0 0
#Transform 66
Transform: MatrixOffsetTransformBase_double_3_3
Parameters: 0.9999979612448746 0.001998064650883487 0.0002177318483424413 -0.0019963785933302136 0.9999840744634769 -0.005294720953540943 -0.00022870510270891237 0.0052942775937165065 0.9999858228791122 0.2822344659346072 0.18525509543518126 -0.27393527528691664
FixedParameters: 0 0 0
#Transform 67
Transform: MatrixOffsetTransformBase_double_3_3
Parameters: 0.9999978425863033 0.0021520454963599046 0.0007252541816400327 -0.0021491993840678956 0.9999899732646174 -0.003953860995476982 -0.0007338034243991716 0.003952137308579101 0.9999916167479406 0.31864675500118267 0.09820451528524643 -0.28833745321277604
FixedParameters: 0 0 0
#Transform 68
Transform: MatrixOffsetTransformBase_double_3_3
Parameters: 0.9999992048987782 0.0011197782710903157 -0.0007361882200212425 -0.0011242676435763137 0.99997868319928 -0.006397162147796176 0.0007282497731173413 0.006397839368405961 0.9999796648032008 0.3027150063622486 0.15745601568583822 -0.727739152705837
FixedParameters: 0 0 0
#Transform 69
Transform: MatrixOffsetTransformBase_double_3_3
Parameters: 0.9999997028816539 0.0010940925051070233 -0.0003163553615406397 -0.0010940029328104816 0.999999636591261 0.00014123385948583422 0.00031666497542044497 -0.00014176605076374194 1.0000000262462219 0.3585807176567215 0.06597019136168569 -0.21179742304659044
FixedParameters: 0 0 0
#Transform 70
Transform: MatrixOffsetTransformBase_double_3_3
Parameters: 0.9999989898466752 0.0014173644955958393 -0.00003712894972950439 -0.001417276193319137 0.9999987746727537 -0.0005730942094161473 0.00003649472530271422 0.000573905664685681 0.9999995573694771 0.3461692358439592 0.08052729007717119 -0.40085502782717697
FixedParameters: 0 0 0
#Transform 71
Transform: MatrixOffsetTransformBase_double_3_3
Parameters: 0.9999981873939565 0.0018917117206732007 0.000484519106805252 -0.0018912021106736667 0.9999984942535358 -0.00039120993947625027 -0.0004850067849912658 0.00039079033551267517 0.9999993873784293 0.3584476770375886 0.12864157529058673 -0.30477428159616693
FixedParameters: 0 0 0
#Transform 72
Transform: MatrixOffsetTransformBase_double_3_3
Parameters: 0.999997849156393 0.0020041003535795064 -0.00036583395603126856 -0.0020054982509956627 0.9999939106244152 -0.003005534049557418 0.00035972972576023743 0.003006471024723595 0.9999958663855562 0.3086915313405143 0.2040907689562914 -0.36444997848062144
FixedParameters: 0 0 0
#Transform 73
Transform: MatrixOffsetTransformBase_double_3_3
Parameters: 0.9999981314226803 0.0016876145689398911 0.00014455526679966484 -0.0016872372907343813 0.9999983994130364 -0.0008485038053632488 -0.00014642570058645983 0.000847495155927136 0.999999293801483 0.31622849801344444 0.13839289208539185 -0.3328484499084823
FixedParameters: 0 0 0
#Transform 74
Transform: MatrixOffsetTransformBase_double_3_3
Parameters: 0.9999977305827532 0.0020438204754705726 -0.00030349843347398454 -0.0020443436219626182 0.9999964924202146 -0.0015146409462633292 0.00030027918659953647 0.0015153574808553782 0.9999986477074728 0.312281386606287 0.24184500733419156 -0.11302606485403999
FixedParameters: 0 0 0
#Transform 75
Transform: MatrixOffsetTransformBase_double_3_3
Parameters: 0.9999985380337475 0.0014445982596912375 -0.0006126667214682835 -0.0014455328649983995 0.9999971724116453 -0.0018952294099232603 0.0006100322748832483 0.0018957715459782531 0.9999981797689439 0.27360265176113785 0.23870064128523438 -0.4011313710105071
FixedParameters: 0 0 0
#Transform 76
Transform: MatrixOffsetTransformBase_double_3_3
Parameters: 0.9999985265714499 0.0017075808831968123 -0.0007456873025020257 -0.0017092056500740682 0.9999980859441573 -0.00135297018366079 0.0007440370088059191 0.0013540316556415466 0.9999987766956098 0.2849484810703302 0.22543101459133652 -0.10038835945802305
FixedParameters: 0 0 0
#Transform 77
Transform: MatrixOffsetTransformBase_double_3_3
Parameters: 0.9999985673174965 0.0016227399603494959 -0.0008937128213186326 -0.001623910573666282 0.9999986706188801 -0.0007277915418981429 0.0008923390779386797 0.0007292073234353713 0.9999988352741259 0.2720462170442204 0.19363052510755097 -0.3639419600850431
FixedParameters: 0 0 0
#Transform 78
Transform: MatrixOffsetTransformBase_double_3_3
Parameters: 0.9999975178891882 0.0020674920024422705 0.0004564040920106603 -0.0020670683580595356 0.999997848051415 -0.00032123692169572227 -0.0004567398457742914 0.00032076340863429476 0.9999994637556295 0.27041040136337813 0.1549848071649791 -0.20751699666797663
FixedParameters: 0 0 0
#Transform 79
Transform: MatrixOffsetTransformBase_double_3_3
Parameters: 0.9999975414482065 0.0021107559896731574 0.00005313185284936057 -0.0021108387427441924 0.9999953106744092 -0.002308394174997286 -0.00005778968272162981 0.0023086083290125015 0.999997572397537 0.26370383999376656 0.1834888595962667 -0.45902745227849095
FixedParameters: 0 0 0
#Transform 80
Transform: MatrixOffsetTransformBase_double_3_3
Parameters: 0.9999966190338 0.0027155663684569897 0.00006942809015110117 -0.0027162072374353613 0.9999962775272135 -0.0006387255509185397 -0.00007078287242643618 0.0006382754019745862 0.9999995261399284 0.24942191150962856 0.1168863014271011 -0.19437507254977504
FixedParameters: 0 0 0
#Transform 81
Transform: MatrixOffsetTransformBase_double_3_3
Parameters: 0.9999965195339201 0.002587717085538343 -0.0008855412308018765 -0.0025904759626160295 0.9999912046272381 -0.003429204116423029 0.0008774333402350538 0.0034308015119790813 0.9999937849745277 0.2308152014611693 0.19819267594608903 -0.45612272127350195
FixedParameters: 0 0 0
#Transform 82
Transform: MatrixOffsetTransformBase_double_3_3
Parameters: 0.9999969140394653 0.0023583750667990067 -0.0007233255463429697 -0.0023594838013024297 0.9999963723036839 -0.0009475380451004767 0.000720833535238849 0.0009494611571815859 0.9999997424292797 0.2324508299742689 0.12466951245285429 -0.20033816825744566
FixedParameters: 0 0 0
#Transform 83
Transform: MatrixOffsetTransformBase_double_3_3
Parameters: 0.9999970757373184 0.0024028753854291474 -0.0003875150353549307 -0.002403483432238606 0.9999960303078442 -0.0014634610237165557 0.000384444287473796 0.0014645397264551607 0.9999987588277495 0.2237256569402888 0.07844329713761056 -0.3997820066249034
FixedParameters: 0 0 0
#Transform 84
Transform: MatrixOffsetTransformBase_double_3_3
Parameters: 0.999996716154801 0.0026976971508009344 -0.00006665338632747865 -0.002698441103125661 0.9999955787857976 -0.0011042295799534585 0.00006379819577766394 0.001104771018218459 0.9999996975227196 0.23882740334546781 0.14854749478405438 -0.1179424599002914
FixedParameters: 0 0 0
#Transform 85
Transform: MatrixOffsetTransformBase_double_3_3
Parameters: 0.9999960177809681 0.0029933123794984823 -0.00014424475741343457 -0.002994115821213526 0.9999934961339981 -0.0021112247557721064 0.000137684450318365 0.0021107746746564238 0.9999976089764153 0.23404027399064375 0.1768180581269121 -0.28104791903965065
FixedParameters: 0 0 0
#Transform 86
Transform: MatrixOffsetTransformBase_double_3_3
Parameters: 0.9999970566293178 0.0023915595855180626 -0.00047259036166324216 -0.002392478572516122 0.9999962894569091 -0.001391261827377449 0.0004689052994140665 0.0013927374508076462 0.9999988918378531 0.2312003329568597 0.14852953371003252 -0.3123407484283689
FixedParameters: 0 0 0
#Transform 87
Transform: MatrixOffsetTransformBase_double_3_3
Parameters: 0.9999966210926828 0.0025008421884848433 0.00035157061893093466 -0.0025009894109055187 0.9999962862224502 -0.0008271749109182436 -0.0003535937298667608 0.0008268255661418866 0.9999999670097262 0.28824843416984436 0.20922229759415245 -0.18661086259824344
FixedParameters: 0 0 0
#Transform 88
Transform: MatrixOffsetTransformBase_double_3_3
Parameters: 0.9999978649663919 0.0020246959851891334 -0.0001889757963749744 -0.0020247662858358197 0.9999975822955248 -0.0005328771016104017 0.0001878088728656472 0.0005331223516011618 0.9999997144926018 0.3050132014896576 0.26758617859070455 -0.052655594797656136
FixedParameters: 0 0 0
#Transform 89
Transform: MatrixOffsetTransformBase_double_3_3
Parameters: 0.9999980503568303 0.0016018591942449378 -0.0006194703955695244 -0.0016033681448893806 0.9999952949115868 -0.0024471216042321886 0.0006154608333341361 0.0024478759808936323 0.9999967749118626 0.29057243383880405 0.3554803414003942 -0.21764906753847413
FixedParameters: 0 0 0
#Transform 90
Transform: MatrixOffsetTransformBase_double_3_3
Parameters: 0.9999972558054383 0.0023432771311388775 -0.0005028469583194504 -0.0023437246628901123 0.9999968297445356 -0.0007051944211987626 0.0005015231595934693 0.0007058057824409214 0.9999994305989177 0.2796536558523428 0.2589471239077028 -0.0663685301790764
FixedParameters: 0 0 0
#Transform 91
Transform: MatrixOffsetTransformBase_double_3_3
Parameters: 0.9999973516884542 0.0020882251664412076 -0.0005373345599880475 -0.0020887961646934607 0.9999956818668132 -0.001947123697555897 0.0005330350421211652 0.0019478756144470366 0.999998084294508 0.2916569169921388 0.37118471652976837 -0.14801022636335404
FixedParameters: 0 0 0
#Transform 92
Transform: MatrixOffsetTransformBase_double_3_3
Parameters: 0.9999980299095665 0.001984015897919862 -0.00018396763015567032 -0.0019841478527070277 0.9999975152513323 -0.000716894865376877 0.00018211389684134554 0.0007171035633064538 0.9999994864803448 0.320448050247947 0.20961155345563043 -0.05998504827365991
FixedParameters: 0 0 0
#Transform 93
Transform: MatrixOffsetTransformBase_double_3_3
Parameters: 0.9999979737386553 0.0020559994637240763 -0.0008941072435997399 -0.002057180811271938 0.9999965434135688 -0.0014354052216519753 0.0008910424569435267 0.0014375929843595536 0.9999983032558404 0.322070092733739 0.3035108116786347 -0.1838827452742322
FixedParameters: 0 0 0
#Transform 94
Transform: MatrixOffsetTransformBase_double_3_3
Parameters: 0.9999985775888333 0.0018445874139912351 0.0001424428299354505 -0.0018442974709436265 0.9999983825603808 -0.0005575395049889353 -0.0001435079421143839 0.0005574603724727012 0.999999573415499 0.3417058227672811 0.1657533230410877 -0.05798305783980595
FixedParameters: 0 0 0
#Transform 95
Transform: MatrixOffsetTransformBase_double_3_3
Parameters: 0.9999977995162472 0.0022662916366901287 -0.00025404827869438164 -0.0022665787507895143 0.9999970058176613 -0.001343816700868944 0.0002509304225730846 0.0013441847447930588 0.9999991810184169 0.36772138007194144 0.23557310675177234 -0.2001105738789164
FixedParameters: 0 0 0
#Transform 96
Transform: MatrixOffsetTransformBase_double_3_3
Parameters: 0.9999980682520664 0.0017048436346136903 -0.00015932203357611508 -0.0017048485589792755 0.999998358853794 -0.0008369882868314582 0.00015845100468250934 0.0008370124026661763 0.9999993082583701 0.34111419938813015 0.15084234564727694 -0.07080441625556944
FixedParameters: 0 0 0
#Transform 97
Transform: MatrixOffsetTransformBase_double_3_3
Parameters: 0.9999976644956862 0.002256812482877077 -0.0004916552688344265 -0.0022580690093275562 0.9999960340174852 -0.001683153954767147 0.0004870265236805601 0.0016848456380659516 0.9999989587556083 0.3395930793788864 0.26193303490443043 -0.2810395467191569
FixedParameters: 0 0 0
#Transform 98
Transform: MatrixOffsetTransformBase_double_3_3
Parameters: 0.999998540213611 0.0018422112162699514 -0.0002569608277968567 -0.0018424403438240201 0.9999980789557921 -0.0007017864420407194 0.00025536564320381906 0.0007022126765203751 0.9999994756494522 0.3275711211579164 0.16229755053269912 -0.0790276728307191
FixedParameters: 0 0 0
#Transform 99
Transform: MatrixOffsetTransformBase_double_3_3
Parameters: 0.99999811671299 0.001485042133266839 -0.0008245310487143136 -0.0014855475391823238 0.9999978568749894 -0.0016698911828691987 0.0008212905038017802 0.0016711109697556958 0.9999986786860888 0.30918245163296376 0.2722108740596241 -0.12889468305819207
FixedParameters: 0 0 0
#Transform 100
Transform: MatrixOffsetTransformBase_double_3_3
Parameters: 0.9999988351097447 0.0017741970611940012 0.0001308270736289919 -0.0017742400080693749 0.9999989204241243 0.00016449235004234453 -0.0001302433581793075 -0.0001645072578072837 0.9999998605652624 0.33373391057112656 0.21033808024400003 -0.22361950510131123
FixedParameters: 0 0 0
#Transform 101
Transform: MatrixOffsetTransformBase_double_3_3
Parameters: 0.9999983323275311 0.0018846564749221263 -0.0003399385963384853 -0.0018851159814032047 0.9999973001930018 -0.0010624905732408152 0.00033791420992970424 0.001063509430966142 0.9999997721941426 0.3086299372385355 0.3136822548156317 -0.08232742290040562
FixedParameters: 0 0 0
#Transform 102
Transform: MatrixOffsetTransformBase_double_3_3
Parameters: 0.9999982851452315 0.0018985228440451603 0.00033236094946602 -0.0018986400504178802 0.9999984595694766 0.00017609345700550505 -0.00033169075278466505 -0.00017690592665553506 0.999999763271406 0.32306412039380916 0.2362739500531177 -0.22161231632084366
FixedParameters: 0 0 0
#Transform 103
Transform: MatrixOffsetTransformBase_double_3_3
Parameters: 0.9999982076742888 0.0016347390637410997 -0.00034615035893958306 -0.0016349460859621141 0.9999980721051278 -0.00048756384338830006 0.00034554619332187854 0.0004884358408693001 0.9999996592810938 0.31432946545115215 0.2749459514047601 -0.062582676357124
FixedParameters: 0 0 0
#Transform 104
Transform: MatrixOffsetTransformBase_double_3_3
Parameters: 0.9999989113496671 0.0016304002517592154 -0.0006560818976426032 -0.0016301370317191688 0.9999981555751887 0.00020095732405828182 0.0006567356328278804 -0.00020004182227520428 0.9999996753741441 0.30760651026898245 0.24366455756494076 -0.2189767410123551
FixedParameters: 0 0 0
#Transform 105
Transform: MatrixOffsetTransformBase_double_3_3
Parameters: 0.9999975492177928 0.002008662561300623 -0.0006441465864171583 -0.0020097916503606017 0.9999975318013964 -0.0011809672931344939 0.0006423710963049092 0.0011830345664062547 0.9999992231624409 0.29688615724886347 0.296484606540119 -0.09676146276856912
FixedParameters: 0 0 0
#Transform 106
Transform: MatrixOffsetTransformBase_double_3_3
Parameters: 0.9999987636782977 0.0014869017971865083 -0.0001595085629848426 -0.0014869155097485909 0.9999987702148767 -0.00004289227652939931 0.00015938068674449234 0.000043107616986198805 0.9999999897654247 0.28798170113037713 0.1482809845028612 -0.01923548364456451
FixedParameters: 0 0 0
#Transform 107
Transform: MatrixOffsetTransformBase_double_3_3
Parameters: 0.9999982696129603 0.0015660130627624881 -0.0005281780777822583 -0.0015662254256857027 0.9999975981291547 -0.001389303647175516 0.0005256766217655801 0.001390695292100369 0.9999988072808547 0.2828733664535008 0.24913219444262324 -0.10590599132119394
FixedParameters: 0 0 0
#Transform 108
Transform: MatrixOffsetTransformBase_double_3_3
Parameters: 0.9999982057502989 0.0016100438805041676 -0.0004494493583472222 -0.0016102885909214353 0.9999981866585541 -0.0002723888808890407 0.0004485718153991722 0.000272610100772952 0.9999998705796138 0.294957799750577 0.15668904694271646 -0.042196910137690224
FixedParameters: 0 0 0
#Transform 109
Transform: MatrixOffsetTransformBase_double_3_3
Parameters: 0.9999987666260135 0.0017732654749306662 -0.0002980595479298256 -0.0017731522623820244 0.9999988208152331 -0.00002873037191697403 0.0002989481429172482 0.00002927135349822807 0.9999999441287369 0.2973903248740726 0.24330918505938826 -0.03610371242666588
FixedParameters: 0 0 0
#Transform 110
Transform: MatrixOffsetTransformBase_double_3_3
Parameters: 0.9999973955241768 0.0020820291688225705 -0.000519252128083201 -0.0020820535713981245 0.9999975010604648 -0.000023160716857983932 0.0005191542690976967 0.00002383916070219927 0.9999998933593133 0.2968317978510271 0.21462107108634143 -0.2371001508951025
FixedParameters: 0 0 0
#Transform 111
Transform: MatrixOffsetTransformBase_double_3_3
Parameters: 0.9999978943593812 0.0020126593181448924 -0.00023417622063570082 -0.0020127675268570254 0.9999979907237868 -0.00023080496306901455 0.00023324433154225344 0.00023219403720328713 0.9999997964516574 0.3255382261799866 0.20449917361932535 -0.030986368116131757
FixedParameters: 0 0 0
#Transform 112
Transform: MatrixOffsetTransformBase_double_3_3
Parameters: 0.9999978000905941 0.00204767394154775 -0.00008327980706147224 -0.002047697676359033 0.9999977524544821 -0.00014308857042538703 0.00008269416607029967 0.00014291079454908928 1.00000000673823 0.3326786869288725 0.2543732231757474 -0.3239962800212908
FixedParameters: 0 0 0
#Transform 113
Transform: MatrixOffsetTransformBase_double_3_3
Parameters: 0.9999983595219756 0.001902614106148117 -0.00014330245035808626 -0.0019027241689979519 0.9999981967779406 -0.000385986868653293 0.00014183358710313085 0.00038601174987046294 0.999999864752293 0.29822102071406675 0.16662217204411434 -0.0394981389479625
FixedParameters: 0 0 0
#Transform 114
Transform: MatrixOffsetTransformBase_double_3_3
Parameters: 0.9999985981387111 0.001807646655476113 -0.0003666085359690112 -0.0018075883936733538 0.9999985027276942 0.00025742139290840793 0.00036654801285702107 -0.00025757969098830213 0.999999962798403 0.2683638059884572 0.2047218629171681 -0.2148253429921141
FixedParameters: 0 0 0
#Transform 115
Transform: MatrixOffsetTransformBase_double_3_3
Parameters: 0.9999973758523949 0.002147912826316467 0.00010300716285999015 -0.002147862408180481 0.9999974226143069 -0.00024349757412209239 -0.00010405318692337852 0.00024350111903950755 0.9999998346537702 0.26434093165997297 0.15606984114053546 -0.06372709670480958
FixedParameters: 0 0 0
#Transform 116
Transform: MatrixOffsetTransformBase_double_3_3
Parameters: 0.9999961481034378 0.0027746458176461314 -0.0003914369700205824 -0.0027746246764810767 0.9999962325079392 0.000027568562726787427 0.00039158679637793325 -0.000026431229236845155 0.9999999141375037 0.24868540793737282 0.2300889991524997 -0.09111685186013574
FixedParameters: 0 0 0
#Transform 117
Transform: MatrixOffsetTransformBase_double_3_3
Parameters: 0.9999981812128658 0.0019464460881529365 0.00017657839642685298 -0.0019459250034498101 0.9999978266336801 0.0005923985492964634 -0.00017638363516308354 -0.0005936031185676816 0.9999996512798611 0.2753856407819626 0.14236994337608166 -0.2363629004262009
FixedParameters: 0 0 0
#Transform 118
Transform: MatrixOffsetTransformBase_double_3_3
Parameters: 0.9999986301245767 0.001835668636512086 0.000021356569622355025 -0.001835508369029515 0.9999981436103332 -0.0006732990610706091 -0.000022835830841242885 0.0006727003024331046 0.9999995806559022 0.25791638756429336 0.18495178717142835 -0.4040191061200318
FixedParameters: 0 0 0
#Transform 119
Transform: MatrixOffsetTransformBase_double_3_3
Parameters: 0.9999971606625376 0.0020772642255767805 0.0007240793459688816 -0.0020780217670019886 0.9999968663282942 0.0010283338588610857 -0.0007219169681646025 -0.001029665095683946 0.9999991766502345 0.27523279457177807 0.06695345982400625 -0.16336659254362473
FixedParameters: 0 0 0
#Transform 120
Transform: MatrixOffsetTransformBase_double_3_3
Parameters: 0.9999968678665045 0.0024613603772648805 0.0002717144672274206 -0.0024615097198964014 0.9999969437251923 0.0002749267104487363 -0.0002703582199089015 -0.00027607152192823947 0.9999997723411965 0.2767024797114743 0.1645459773065312 -0.21192925982499844
FixedParameters: 0 0 0
#Transform 121
Transform: MatrixOffsetTransformBase_double_3_3
Parameters: 0.999997185187367 0.002171158810977277 0.00031997379404128176 -0.002170488866925121 0.9999972937474765 0.00029803021331850643 -0.0003197997828193106 -0.00029897076404500345 0.9999997132348741 0.27480534564381287 0.09639240846324526 -0.04484386294447518
FixedParameters: 0 0 0
#Transform 122
Transform: MatrixOffsetTransformBase_double_3_3
Parameters: 0.99999734726778 0.0021396920755949026 -0.00027284006098025497 -0.00213974769085211 0.9999973771125386 -0.00010167521207918306 0.00027240355509188457 0.00010232424463724188 0.9999999493472757 0.25681698238003037 0.1974573543324567 -0.02846381189216629
FixedParameters: 0 0 0
#Transform 123
Transform: MatrixOffsetTransformBase_double_3_3
Parameters: 0.9999973763158967 0.002266954048043815 0.000696969982059126 -0.0022666761711158355 0.9999970575908802 0.00041824085592617744 -0.0006961946279093253 -0.0004187599444607504 0.9999999684403704 0.25255560182262116 0.15722087612317637 -0.32446630784045283
FixedParameters: 0 0 0
#Transform 124
Transform: MatrixOffsetTransformBase_double_3_3
Parameters: 0.999996751754463 0.002394335255643863 0.000717036254567693 -0.0023948340498143117 0.9999975563564447 -0.0002530281080081742 -0.0007171235560845183 0.0002519740284301075 1.0000000678853165 0.28740891404434876 0.1608735548894913 -0.16472284267975112
FixedParameters: 0 0 0
#Transform 125
Transform: MatrixOffsetTransformBase_double_3_3
Parameters: 0.9999955047980462 0.0029026416245576184 0.00026842342921160793 -0.0029019688198745983 0.9999956440726216 0.0003506706904832235 -0.0002675079806979235 -0.00035132955440170255 0.9999996143228429 0.2737014614028652 0.20121709105255547 -0.3467248069320732
FixedParameters: 0 0 0
#Transform 126
Transform: MatrixOffsetTransformBase_double_3_3
Parameters: 0.9999980740518095 0.0016897323255847716 -0.00026598537851692884 -0.001689780707201576 0.9999981194004237 -0.0000906800420950038 0.00026567784041924057 0.00009131960587255294 0.999999938089411 0.2894961627252002 0.17991084528445356 -0.0770232031250373
FixedParameters: 0 0 0
#Transform 127
Transform: MatrixOffsetTransformBase_double_3_3
Parameters: 0.9999979761061492 0.001960055174548628 -0.0004267005559763286 -0.0019601455912242696 0.9999981126925792 -0.00010542263348345404 0.00042628501186229325 0.00010657693506624377 0.9999998409416486 0.2682549915294601 0.23380868674311728 -0.16717317420757638
FixedParameters: 0 0 0
#Transform 128
Transform: MatrixOffsetTransformBase_double_3_3
Parameters: 0.9999987428926943 0.0016010444034980237 -0.0008329234302408896 -0.0016008669539944508 0.9999982791497901 0.00010722113356756435 0.0008332644312424246 -0.0001057783832548731 0.9999994410585352 0.2794573139711929 0.1346222842425817 -0.3244025446883114
FixedParameters: 0 0 0
#Transform 129
Transform: MatrixOffsetTransformBase_double_3_3
Parameters: 0.9999974901832621 0.0019114454430211557 -0.0009249432442427778 -0.0019118069801980085 0.9999979820314155 -0.0002654569431101983 0.0009249176989491998 0.00026654370002221484 0.9999993666397337 0.2785689322742826 0.18946611458380858 -0.07297752007872305
FixedParameters: 0 0 0
#Transform 130
Transform: MatrixOffsetTransformBase_double_3_3
Parameters: 0.9999981510595857 0.0016193030801150128 -0.0004777053252143606 -0.00161889982126828 0.9999986472628545 -0.0007534695039789763 0.0004761262534663172 0.000753530290048432 0.9999993682716024 0.29274122767469635 0.13084098028024016 -0.3894037048414276
FixedParameters: 0 0 0
#Transform 131
Transform: MatrixOffsetTransformBase_double_3_3
Parameters: 0.999999167206809 0.001595574327224564 -0.0005350638085554456 -0.0015961043559391945 0.999998742953951 -0.0007393888395037518 0.0005346864481919806 0.0007396124239898161 0.999999330530505 0.28534025925208084 0.14039242080393421 -0.1037670224332885
FixedParameters: 0 0 0
#Transform 132
Transform: MatrixOffsetTransformBase_double_3_3
Parameters: 0.9999980282842706 0.001979958632891358 0.000224739932300182 -0.001980045779012248 0.9999970291101968 -0.0014207066330065576 -0.0002282497330611285 0.001419292070734185 0.9999989663703432 0.29238891031852177 0.1375134966596221 -0.3972293868693981
FixedParameters: 0 0 0
#Transform 133
Transform: MatrixOffsetTransformBase_double_3_3
Parameters: 0.9999981390866544 0.0016186168842724448 -0.000490628590839824 -0.0016191669683211442 0.9999987333734549 -0.0006944484262604023 0.000489371390776495 0.000694551376972774 0.9999994410522026 0.28200242398308717 0.1511700548713435 -0.06991915189560416
FixedParameters: 0 0 0
#Transform 134
Transform: MatrixOffsetTransformBase_double_3_3
Parameters: 0.9999984687187293 0.0015772690557145912 -0.0002085660898354463 -0.0015773758355465276 0.9999981701142368 -0.0005698008070033067 0.0002077593833545213 0.0005701986679468862 0.9999996488044669 0.27806630623025796 0.1153217771701378 -0.32339855932320916
FixedParameters: 0 0 0
#Transform 135
Transform: MatrixOffsetTransformBase_double_3_3
Parameters: 0.9999987636089419 0.001755876040919784 -0.0003913202664848626 -0.001756088072338692 0.9999986906088547 -0.00043757241792719004 0.00039077346732696675 0.00043842812293815037 0.9999996893115163 0.27484284112973967 0.17218603602546523 -0.04965467173501281
FixedParameters: 0 0 0
#Transform 136
Transform: MatrixOffsetTransformBase_double_3_3
Parameters: 0.9999979285867661 0.0015077166000308816 -0.001341774944716786 -0.0015104402460368082 0.9999951999396065 -0.0026910733825770694 0.00133709371448417 0.0026929253437121825 0.9999952348816512 0.2656133137539314 0.2072928789309998 -0.45934033617180603
FixedParameters: 0 0 0
#Transform 137
Transform: MatrixOffsetTransformBase_double_3_3
Parameters: 0.9999984854491476 0.0017393182528238464 -0.0006991822256382852 -0.0017400909563296833 0.999998391980903 -0.0006460261636322961 0.0006979242286731803 0.0006469731536271617 0.9999992575434379 0.23507470720018375 0.14843720223942114 -0.05773427409967269
FixedParameters: 0 0 0
#Transform 138
Transform: MatrixOffsetTransformBase_double_3_3
Parameters: 0.999998049180412 0.0014705202519193494 -0.0008879108249270658 -0.0014709418428997564 0.9999986340944916 -0.00023680652946492242 0.0008872122254945233 0.0002381925171014987 0.9999993022734804 0.2929700895437293 0.15256878841358912 -0.30578395851401297
FixedParameters: 0 0 0
#Transform 139
Transform: MatrixOffsetTransformBase_double_3_3
Parameters: 0.99999750557137 0.0022833948815496924 -0.0005296528259098258 -0.0022834303632432618 0.9999976043795227 -0.00003316186618204653 0.0005294998339444995 0.00003383796661265981 0.9999998989474742 0.3426963140276058 0.1639660948712276 -0.02836386133232338
FixedParameters: 0 0 0
#Transform 140
Transform: MatrixOffsetTransformBase_double_3_3
Parameters: 0.9999976035267412 0.0019839624902091525 -0.0006775877227492219 -0.001985434909079301 0.9999971280051351 -0.0013769164058735628 0.0006750922154262416 0.0013790834361087356 0.9999986777481699 0.3156980416320181 0.2574743115854403 -0.10998098964992664
FixedParameters: 0 0 0
#Transform 141
Transform: MatrixOffsetTransformBase_double_3_3
Parameters: 0.9999984557340779 0.0015479658206399463 -0.00038479186577583774 -0.0015481841328385238 0.9999985057683118 -0.000283533941249553 0.0003839125569402015 0.0002844651357927497 0.9999997886539792 0.30636231844715667 0.15666132094482066 -0.04025488788029463
FixedParameters: 0 0 0
#Transform 142
Transform: MatrixOffsetTransformBase_double_3_3
Parameters: 0.9999985714293665 0.0017216799692060549 -0.0006811290900467641 -0.0017219880528093927 0.9999988975292309 -0.00032108653241963436 0.0006810116698566556 0.0003229142768077231 0.9999994665320732 0.2637215343334418 0.1998266863809306 -0.048493781781900225
FixedParameters: 0 0 0
#Transform 143
Transform: MatrixOffsetTransformBase_double_3_3
Parameters: 0.9999982024829644 0.0015363751365748558 -0.0006605803272622889 -0.001536306575705706 0.9999986246130509 0.000999887446318043 0.0006617975749606139 -0.000998114638236014 0.9999995818642464 0.26224425888571545 0.1703502399885224 -0.2235783036187513
FixedParameters: 0 0 0
#Transform 144
Transform: MatrixOffsetTransformBase_double_3_3
Parameters: 0.9999979232071636 0.0017003045422206015 -0.00043075136348272227 -0.0017002395462892641 0.9999980862569638 -0.00007539710320725312 0.00043148436245194323 0.00007660432223763336 0.9999998253981275 0.2650357189094876 0.18644365463725876 -0.03307682946615387
FixedParameters: 0 0 0
#Transform 145
Transform: MatrixOffsetTransformBase_double_3_3
Parameters: 0.9999991005887454 0.001629642545912327 -0.0004939181251888912 -0.0016291733516631119 0.9999988137032885 0.0006065638859460709 0.000494903150458817 -0.0006064362568777015 0.9999995512003222 0.2698290283240823 0.1958737939591515 -0.21767026358477892
FixedParameters: 0 0 0
#Transform 146
Transform: MatrixOffsetTransformBase_double_3_3
Parameters: 0.9999978187541655 0.0020339923693372185 -0.000209900844766456 -0.002034044015630203 0.999997793346336 0.00018816849837821614 0.00020967419004852534 -0.00018783271218655861 0.9999999547195377 0.30283336665365823 0.16148962780769693 -0.031483558292748626
FixedParameters: 0 0 0
#Transform 147
Transform: MatrixOffsetTransformBase_double_3_3
Parameters: 0.9999987359892951 0.0015418397792535893 -0.0009421554368283448 -0.001541681266950008 0.9999982148940321 -0.0005106602455211273 0.0009414391307455498 0.0005123395547441123 0.9999989978306942 0.27485718005948456 0.2343259089966665 -0.08493777061494256
FixedParameters: 0 0 0
#Transform 148
Transform: MatrixOffsetTransformBase_double_3_3
Parameters: 0.999996432110699 0.0027441291675176335 -0.00018724637934461279 -0.002745188916192324 0.9999962434740853 -0.0005330226291047346 0.00018543979150722613 0.0005339761792610698 0.9999996193917543 0.387749272508799 0.17329841477369712 -0.22163707668686072
FixedParameters: 0 0 0
#Transform 149
Transform: MatrixOffsetTransformBase_double_3_3
Parameters: 0.9999964990356509 0.0022192974586730143 -0.0012554304123088568 -0.0022228345359362246 0.9999929826968734 -0.0029634436399765263 0.0012488079692887964 0.0029665562501291487 0.9999949338219131 0.3271602842675918 0.20295961937540596 -0.45994636908156394
FixedParameters: 0 0 0
#Transform 150
Transform: MatrixOffsetTransformBase_double_3_3
Parameters: 0.9999969568931192 0.0024101171543216234 0.0004850051852968283 -0.0024097528155103075 0.9999973418330965 -0.00024159175626967122 -0.00048517533499186835 0.00024040907495548325 0.9999994988978455 0.2797904569182208 0.058268409196600146 -0.1235041739304279
FixedParameters: 0 0 0
#Transform 151
Transform: MatrixOffsetTransformBase_double_3_3
Parameters: 0.9999958568472544 0.002840570493237926 0.0002749234026905372 -0.00283998034217 0.9999957670796918 -0.0005973346663341872 -0.00027633181328644475 0.0005966655211829819 0.9999993769481027 0.2669322919635846 0.13794243623620162 -0.29465328331285434
FixedParameters: 0 0 0
#Transform 152
Transform: MatrixOffsetTransformBase_double_3_3
Parameters: 0.9999973996836744 0.0021441160535475685 -0.00005544916070774643 -0.002144121809329657 0.9999973659678771 -0.0000521400333584332 0.00005522616937479616 0.00005185969592388928 1.0000000283079067 0.25405075799535837 0.09005003825322433 -0.22591144617788927
FixedParameters: 0 0 0
#Transform 153
Transform: MatrixOffsetTransformBase_double_3_3
Parameters: 0.9999955396348373 0.002901839898570209 -0.0001996243262247726 -0.0029018671566097345 0.9999954832732664 -0.0003959569132281071 0.00019831459285020428 0.00039704232802531547 0.9999997419368478 0.24798685470204873 0.1685391559089311 -0.19886505347960792
FixedParameters: 0 0 0
#Transform 154
Transform: MatrixOffsetTransformBase_double_3_3
Parameters: 0.9999975063410836 0.002269652936175892 0.0005850867809418477 -0.0022698306992195356 0.999997049905243 0.0001513793574986766 -0.000584396782605142 -0.00015261957340861887 0.9999994102281762 0.25321063032353663 0.15178006107232989 -0.2155302240329604
FixedParameters: 0 0 0
#Transform 155
Transform: MatrixOffsetTransformBase_double_3_3
Parameters: 0.9999956246076137 0.002878256620247943 -0.00030167990705986695 -0.002878342483090111 0.9999957563268971 -0.0001416669005445681 0.0003008595876867136 0.00014333184667519872 0.9999998276686147 0.2413494846867792 0.2317638921935412 -0.05122995376623862
FixedParameters: 0 0 0
#Transform 156
Transform: MatrixOffsetTransformBase_double_3_3
Parameters: 0.9999962451216783 0.002784428770112521 0.0000426858672981898 -0.0027844213448237833 0.9999963007434665 -0.00008665387654840928 -0.000043167576603060046 0.000086345472558369 0.9999999294137784 0.2500916194093321 0.195970523524565 -0.06805359568295444
FixedParameters: 0 0 0
#Transform 157
Transform: MatrixOffsetTransformBase_double_3_3
Parameters: 0.9999972296023694 0.0023851375481328 -0.0002854988371936574 -0.002385074394884425 0.9999973773510149 0.00011127600270388616 0.0002860259422053309 -0.00010972338234371826 0.9999998278313207 0.25997535305215536 0.1865689870787861 -0.03522760704197481
FixedParameters: 0 0 0
#Transform 158
Transform: MatrixOffsetTransformBase_double_3_3
Parameters: 0.999996953912968 0.0026375806316999532 -0.0002986667186780023 -0.0026376747615767505 0.9999969710452219 0.00006127039173986493 0.0002979970636940641 -0.00006073189019040193 0.9999999754256015 0.24667979468506473 0.1952389979495024 -0.026286476220960253
FixedParameters: 0 0 0
#Transform 159
Transform: MatrixOffsetTransformBase_double_3_3
Parameters: 0.9999974741582868 0.002124956842747377 0.00010010089509251193 -0.002125239380767908 0.9999978430160096 0.0007674008829240964 -0.00009782818940074189 -0.0007685979614148186 0.9999994514942925 0.24875380835017324 0.1953212864585936 -0.2054081673872048
FixedParameters: 0 0 0
#Transform 160
Transform: MatrixOffsetTransformBase_double_3_3
Parameters: 0.9999967493803552 0.002680433935720695 -0.0002564963741432018 -0.002680456705581182 0.999996702956283 0.00021017072037901596 0.00025663071579225185 -0.00020983058684512224 0.9999999582236575 0.2485764082985611 0.1625404359262319 -0.03671634910587329
FixedParameters: 0 0 0
#Transform 161
Transform: MatrixOffsetTransformBase_double_3_3
Parameters: 0.9999962312187282 0.002584195641724759 0.00030322446197867726 -0.002583929279376619 0.9999958288798934 0.0007669432493230544 -0.0003013713357375038 -0.000768057278395462 1.000000224224278 0.2592900439945538 0.17328788499615655 -0.20305147150374125
FixedParameters: 0 0 0
#Transform 162
Transform: MatrixOffsetTransformBase_double_3_3
Parameters: 0.9999976064241571 0.002095820444719127 0.000053393587807895994 -0.0020949851310728697 0.9999976472557965 0.00023961275063524856 -0.00005351186088453858 -0.0002393884723684292 0.99999984444749 0.25461451527067425 0.13540571624261588 -0.03627042053210516
FixedParameters: 0 0 0
#Transform 163
Transform: MatrixOffsetTransformBase_double_3_3
Parameters: 0.9999967116554201 0.0026950341837115284 0.00015985204488745182 -0.002694537703243642 0.9999941056395664 -0.002166972567875014 -0.0001654493915141042 0.00216602659377485 0.9999972185452362 0.2417866210066819 0.15041099710846595 -0.5189440600130837
FixedParameters: 0 0 0
#Transform 164
Transform: MatrixOffsetTransformBase_double_3_3
Parameters: 0.9999962565415431 0.0025717808254139348 0.0003591168563953282 -0.002571437594820148 0.9999957581632029 -0.001307333018223611 -0.0003627316288041559 0.0013056661668615632 0.999999084487834 0.21230509039901335 0.0584607163284403 -0.47725953279808664
FixedParameters: 0 0 0
#Transform 165
Transform: MatrixOffsetTransformBase_double_3_3
Parameters: 0.9999988974500948 0.0016959012978754269 -0.00047692962242971705 -0.0016958770563906531 0.9999979227175699 -0.0014274357701307139 0.00047493165925877783 0.0014275664552905742 0.9999988992117828 0.24104759787003616 -0.0074654321649916255 -0.6391535416901206
FixedParameters: 0 0 0
#Transform 166
Transform: MatrixOffsetTransformBase_double_3_3
Parameters: 0.9999966612264012 0.0027013121488393037 0.00020587218233190582 -0.002700526080264632 0.9999932673316488 -0.002375986237269645 -0.00021262779693620974 0.002376011292965635 0.999997103112106 0.2159022977404561 0.10824936331201229 -0.5685839800552088
FixedParameters: 0 0 0
#Transform 167
Transform: MatrixOffsetTransformBase_double_3_3
Parameters: 0.999996313646455 0.0025686891977841062 0.00029378796831887034 -0.0025687309435124517 0.9999948791307683 -0.0021713135121259053 -0.00029972306417202403 0.0021706855257781488 0.9999970080094376 0.2089304962927514 0.011336817790194686 -0.4996748465708265
FixedParameters: 0 0 0
#Transform 168
Transform: MatrixOffsetTransformBase_double_3_3
Parameters: 0.9999957409523308 0.002823040380098817 0.0011362090876770909 -0.0028220254151745117 0.9999963485016226 -0.0003906646802591396 -0.0011374135801569974 0.0003873345384729776 0.9999990898083713 0.17841822670855834 0.16575062152804776 -0.26147267241118755
FixedParameters: 0 0 0
#Transform 169
Transform: MatrixOffsetTransformBase_double_3_3
Parameters: 0.9999958456464746 0.00285556312500091 0.000030005397636315905 -0.0028552691053214036 0.999995616780857 -0.0005396223502857345 -0.000031103513980692144 0.0005393785071052537 0.9999996467435008 0.1972614059500728 0.13354526928684152 -0.3616306337565902
FixedParameters: 0 0 0
#Transform 170
Transform: MatrixOffsetTransformBase_double_3_3
Parameters: 0.9999968364806973 0.002676412647722973 0.000026534079875850658 -0.002676275128285038 0.9999968808821991 -0.00013260621572305786 -0.00002625187295914326 0.00013239559129010758 0.9999999204857569 0.18177743344860176 0.19060958592770305 -0.08428702091582352
FixedParameters: 0 0 0
#Transform 171
Transform: MatrixOffsetTransformBase_double_3_3
Parameters: 0.999994057067913 0.0028857294799028922 0.0016172415114267963 -0.0028858135758379035 0.9999964140095186 0.000023972045047754298 -0.0016170914547006504 -0.000028027697886290337 0.9999986417066982 0.1721710148221689 0.2195692845506585 -0.37693449492577713
FixedParameters: 0 0 0
#Transform 172
Transform: MatrixOffsetTransformBase_double_3_3
Parameters: 0.9999952402277926 0.002936725269246015 0.00036694158192540605 -0.0029371429657939025 0.9999954113996556 0.00039137203240002805 -0.00036563047004758883 -0.00039262697946937375 0.9999995214998622 0.19065247145702813 0.2528636534031108 -0.08613159037474816
FixedParameters: 0 0 0
#Transform 173
Transform: MatrixOffsetTransformBase_double_3_3
Parameters: 0.9999943733803628 0.003150314308810976 0.0008378202524440418 -0.0031516722482161407 0.9999939318053536 0.0016077823786815604 -0.0008328986016900584 -0.0016102183918126067 0.9999982637946285 0.19019477686205732 0.2807709092020332 -0.373066216424931
FixedParameters: 0 0 0
#Transform 174
Transform: MatrixOffsetTransformBase_double_3_3
Parameters: 0.9999943608428986 0.003260647817342051 -0.00008543089820058932 -0.003260599902151967 0.9999943355142569 0.0002776158383296645 0.00008724053985578213 -0.0002773809892075152 0.9999998713166116 0.20813295766683382 0.28852937094397646 -0.05250889307578177
FixedParameters: 0 0 0
#Transform 175
Transform: MatrixOffsetTransformBase_double_3_3
Parameters: 0.9999946401518579 0.003143214382883156 0.000692647837510219 -0.0031439821895232005 0.999994458724636 0.0009882585397887056 -0.000689531503279934 -0.0009907410694093566 0.9999992232015876 0.19388782510115732 0.23916413414056592 -0.33852882666201367
FixedParameters: 0 0 0
#Transform 176
Transform: MatrixOffsetTransformBase_double_3_3
Parameters: 0.9999942941122375 0.003271980044875913 -3.406950476302225e-7 -0.003271980058873519 0.9999944613459704 -0.00007968040490863304 -1.8282615274142506e-7 0.00008031868111788021 0.999999819966449 0.20818481426493918 0.23384950680815564 -0.04923322431402255
FixedParameters: 0 0 0
#Transform 177
Transform: MatrixOffsetTransformBase_double_3_3
Parameters: 0.9999955817049556 0.0029013251311260048 0.000005973652945444232 -0.0029015021408247553 0.9999941442549991 -0.0018705604281900323 -0.000010748686082521671 0.0018704425580205464 0.9999984398830297 0.2546803003459104 0.14480981407115223 -0.5650310222914925
FixedParameters: 0 0 0
#Transform 178
Transform: MatrixOffsetTransformBase_double_3_3
Parameters: 0.9999981640723645 0.0015875101091704965 -0.0005626319907594093 -0.0015914765669024994 0.9999699618966453 -0.007646375047469164 0.0005498276452124677 0.007647625678836298 0.9999702471596731 0.22907134754886727 0.05708198734912173 -1.0237203708611133
FixedParameters: 0 0 0
#Transform 179
Transform: MatrixOffsetTransformBase_double_3_3
Parameters: 0.9999960284675339 0.0025752450017326083 -0.0011576642823360257 -0.0025772820914698197 0.9999947136292702 -0.002077507576898313 0.0011526397601092616 0.002080492417537244 0.9999966703299951 0.20028355374246587 0.026781125916585324 -0.649456640612911
FixedParameters: 0 0 0
#Transform 180
Transform: MatrixOffsetTransformBase_double_3_3
Parameters: 0.9999954221605498 0.0028854215401759647 0.0005023295274640449 -0.002885773346163101 0.9999951088673735 0.0009491149405977395 -0.0004999546270445547 -0.0009498858130390642 0.999999510187916 0.2012700929247444 0.006934800429419852 -0.1202080378902366
FixedParameters: 0 0 0
#Transform 181
Transform: MatrixOffsetTransformBase_double_3_3
Parameters: 0.9999947420000307 0.0029889654289449105 0.0011511312734372096 -0.002990167626267021 0.9999951809587346 0.0012140912168150109 -0.0011470990075981456 -0.001216908772327746 0.9999986061524647 0.21224657097646116 0.13857811206123927 -0.21311677180244715
FixedParameters: 0 0 0
#Transform 182
Transform: MatrixOffsetTransformBase_double_3_3
Parameters: 0.999989337373627 0.00451683827696584 0.0005127205313854354 -0.004516321823440872 0.9999899026975237 -0.0002505511848633346 -0.0005129869254408521 0.00024745279425872346 1.0000003106729076 0.15809311373671164 0.2618821110651055 -0.09333025333192779
FixedParameters: 0 0 0
#Transform 183
Transform: MatrixOffsetTransformBase_double_3_3
Parameters: 0.9999897522698483 0.004415255128941371 0.0013247797386046153 -0.0044143371996961875 0.9999903372884622 -0.00029989345634851006 -0.0013264106974384638 0.00029410460809514705 0.9999992385629223 0.13795364111821584 0.3656915470056532 -0.2947376793993186
FixedParameters: 0 0 0
#Transform 184
Transform: MatrixOffsetTransformBase_double_3_3
Parameters: 0.9999901849996768 0.004243185205595847 0.0009008181641593861 -0.0042433168692775185 0.9999904224746621 0.00047717363525245915 -0.0008988665299063976 -0.0004808263671747248 0.999999303640919 0.151800133109802 0.33348555035577476 -0.23826120853161115
FixedParameters: 0 0 0
#Transform 185
Transform: MatrixOffsetTransformBase_double_3_3
Parameters: 0.9999909236864404 0.0042417335365480535 0.000292614069116715 -0.004241299101059636 0.9999913031889823 -0.00029634742481121634 -0.000293142180690348 0.0002956560761346594 1.0000004452641764 0.15426711110626457 0.40674785909715183 -0.09277932361577257
FixedParameters: 0 0 0
#Transform 186
Transform: MatrixOffsetTransformBase_double_3_3
Parameters: 0.9999905239295966 0.004380744598124862 0.0005328715919897492 -0.0043811529489448525 0.9999901204135301 0.0002595645627319343 -0.0005315761775693119 -0.0002624347292122797 1.00000026727392 0.15315022625762253 0.3644975545286968 -0.11872347665062932
FixedParameters: 0 0 0
#Transform 187
Transform: MatrixOffsetTransformBase_double_3_3
Parameters: 0.9999903686442945 0.004108501987231283 0.001322816917452558 -0.00410977595753478 0.9999915452663756 0.0007066574759655719 -0.0013200949954296044 -0.0007113431229767153 0.9999988180109228 0.13985923669117994 0.2893022390433657 -0.2145577147010158
FixedParameters: 0 0 0
#Transform 188
Transform: MatrixOffsetTransformBase_double_3_3
Parameters: 0.9999894409558927 0.004538663222894339 0.0009815940728289617 -0.004538689018651415 0.9999894884265246 0.0008233996374345243 -0.0009773360720234285 -0.0008275996985215028 0.9999995896220042 0.1286788242302066 0.24730118965727854 -0.15542293938698037
FixedParameters: 0 0 0
#Transform 189
Transform: MatrixOffsetTransformBase_double_3_3
Parameters: 0.9999926616763946 0.003794123278436434 0.0009706541638769713 -0.003794900128086335 0.9999927717647693 0.0007084430960647703 -0.0009683708009911046 -0.0007115581307055863 0.9999988817070171 0.11971949750895305 0.18159407544330008 -0.1345118525605784
FixedParameters: 0 0 0
#Transform 190
Transform: MatrixOffsetTransformBase_double_3_3
Parameters: 0.9999893558444588 0.004332657235463372 0.0013683590495080049 -0.004333373270746031 0.9999908610551874 0.0005260338660132702 -0.001365888117656405 -0.0005319657904060138 0.9999989351045723 0.12154452342257116 0.16913478067712617 -0.2886535922197595
FixedParameters: 0 0 0
#Transform 191
Transform: MatrixOffsetTransformBase_double_3_3
Parameters: 0.9999900254112828 0.0041342205346541275 0.0013729009125671373 -0.004134574148589526 0.9999913370398448 0.0007064175922486537 -0.0013702736952669243 -0.0007115845279832833 0.9999986830029627 0.10648686582244693 0.12663532095577068 -0.1892599332127105
FixedParameters: 0 0 0
#Transform 192
Transform: MatrixOffsetTransformBase_double_3_3
Parameters: 0.9999897190147373 0.004296684117584194 0.0013502522813613111 -0.0042954504823881565 0.9999903471573681 -0.0003627162782355309 -0.001351362583244159 0.0003572843921297586 0.9999991126559917 0.0939895432092186 0.196352285734946 -0.3581134974611615
FixedParameters: 0 0 0
#Transform 193
Transform: MatrixOffsetTransformBase_double_3_3
Parameters: 0.9999877467156404 0.004235989000204081 0.002703876799282921 -0.0042337257089183475 0.9999909546150967 -0.000876939373959218 -0.0027069008553913345 0.000866064774748182 0.9999962730627677 0.09995264801014514 0.0884257084604343 -0.40324645206413834
FixedParameters: 0 0 0
#Transform 194
Transform: MatrixOffsetTransformBase_double_3_3
Parameters: 0.9999901838707634 0.004222497483707138 0.0014099546955226173 -0.004217565576439382 0.9999856200997493 -0.0032438901367112527 -0.0014236372068451176 0.0032381066871717545 0.9999935554601592 0.08977938064627722 0.20654279266504716 -0.6113059098335896
FixedParameters: 0 0 0
#Transform 195
Transform: MatrixOffsetTransformBase_double_3_3
Parameters: 0.9999914265475975 0.004053358188858367 0.001068126586645008 -0.004051888007865038 0.9999900390379561 -0.0020503540729046033 -0.001076272561017784 0.0020456474062798824 0.9999969988532103 0.09171986039326896 0.10360365574412356 -0.6493052245386792
FixedParameters: 0 0 0
#Transform 196
Transform: MatrixOffsetTransformBase_double_3_3
Parameters: 0.9999881949827777 0.0040267905319932825 0.0027546272452526666 -0.004022990086734686 0.9999910301404602 -0.0014755455364727221 -0.002760846622842715 0.001463453749964455 0.9999948459554316 0.07645691588541581 0.23711437892218612 -0.3431157223161847
FixedParameters: 0 0 0
#Transform 197
Transform: MatrixOffsetTransformBase_double_3_3
Parameters: 0.9999931219052548 0.003350306618248225 0.001285648681292998 -0.003347592471313246 0.9999915101118881 -0.00223780771097451 -0.0012931630381264683 0.002234190457429258 0.9999966123609721 0.0845252982880993 0.20746377461119891 -0.5124148787737681
FixedParameters: 0 0 0
#Transform 198
Transform: MatrixOffsetTransformBase_double_3_3
Parameters: 0.9999892138679343 0.004165936516414233 0.0021056623952548834 -0.004163473254704373 0.9999910143207792 -0.000935465290012566 -0.002109190293625339 0.0009265355562892152 0.9999974660145788 0.1110268076352412 0.280256354616057 -0.18131272119667585
FixedParameters: 0 0 0
#Transform 199
Transform: MatrixOffsetTransformBase_double_3_3
Parameters: 0.9999882538416965 0.004100557512368469 0.0024361809894084957 -0.0040971124767165456 0.999991173528832 -0.001187570723690079 -0.0024405259976566767 0.0011774305046207412 0.9999962836819788 0.10995634371759877 0.29364647160906543 -0.34389811916932445
FixedParameters: 0 0 0
#Transform 200
Transform: MatrixOffsetTransformBase_double_3_3
Parameters: 0.9999901746658528 0.0037674568289685108 0.002373202716784423 -0.003767497680455775 0.9999930299693512 0.000185631625324284 -0.0023728930390774917 -0.00019437089733428947 0.9999970724957057 0.09457439255456279 0.20396918194252578 -0.31182001397652925
FixedParameters: 0 0 0
#Transform 201
Transform: MatrixOffsetTransformBase_double_3_3
Parameters: 0.9999888673376282 0.0045063105684731335 0.0016803886356226293 -0.004506541233644651 0.9999897193198704 -0.00019150481660396013 -0.0016809565942624526 0.0001834974984570581 0.9999990777045917 0.09887279831056617 0.2874494163367274 -0.184285041820047
FixedParameters: 0 0 0
#Transform 202
Transform: MatrixOffsetTransformBase_double_3_3
Parameters: 0.9999898102790876 0.0041753497940814595 0.0016599042731176986 -0.004173173398752108 0.9999908086494569 -0.0013558706500270412 -0.0016658469112315866 0.0013491284366144995 0.9999973430985564 0.08956453887898874 0.31012114697908544 -0.19846217678882283
FixedParameters: 0 0 0
#Transform 203
Transform: MatrixOffsetTransformBase_double_3_3
Parameters: 0.9999898420129422 0.004116154084471009 0.0017928782800278788 -0.004114766219713468 0.9999913240851707 -0.0008341692195940886 -0.0017964745976806393 0.0008258306055564102 0.9999981401212112 0.1253291923929396 0.29251563292439187 -0.20973740406083152
FixedParameters: 0 0 0
#Transform 204
Transform: MatrixOffsetTransformBase_double_3_3
Parameters: 0.9999878935432626 0.004266836644064799 0.002626449879510105 -0.0042652458684773195 0.9999906721460264 -0.0007998050186281691 -0.002629858488842145 0.0007881959021821261 0.9999959605163522 0.10227052650047597 0.28673690968636834 -0.24166023094478817
FixedParameters: 0 0 0
#Transform 205
Transform: MatrixOffsetTransformBase_double_3_3
Parameters: 0.9999898322764547 0.0038985361939073734 0.0022293995434240917 -0.003894065137165127 0.9999902975580464 -0.0019112408962294325 -0.0022366634851642263 0.0019017565268608372 0.9999952651961296 0.12232248087133257 0.22383584820290992 -0.4387592709073971
FixedParameters: 0 0 0
#Transform 206
Transform: MatrixOffsetTransformBase_double_3_3
Parameters: 0.9999915481309799 0.0038255513659790226 0.0013472844398542546 -0.0038249907115655802 0.999992780780924 -0.0005299072413323669 -0.0013501943212592916 0.0005240900646610869 0.9999992118914406 0.13248977575857168 0.28748468875654964 -0.16435023195413123
FixedParameters: 0 0 0
#Transform 207
Transform: MatrixOffsetTransformBase_double_3_3
Parameters: 0.999993612088457 0.0034268128984417294 0.0012825077148381785 -0.003426671805014631 0.9999939797217869 -0.000056885579441973144 -0.001282884660847329 0.00005311371754854188 0.9999996263170138 0.1164701052994559 0.3180719979209101 -0.06161278478137433
FixedParameters: 0 0 0
#Transform 208
Transform: MatrixOffsetTransformBase_double_3_3
Parameters: 0.9999909202699185 0.004077818596624724 0.0012044170451758077 -0.004077540345613792 0.9999920009626073 -0.0004208109066643484 -0.0012057166721494692 0.0004161916820032696 0.9999995690204792 0.07625499009236592 0.33776284483184327 -0.08992522579413276
FixedParameters: 0 0 0
#Transform 209
Transform: MatrixOffsetTransformBase_double_3_3
Parameters: 0.9999933445222019 0.0035495693771121603 0.00023809265271148758 -0.003549352609490731 0.9999935251161286 -0.00018165669066402823 -0.00023838612401551942 0.0001803443761834167 0.9999997538837392 0.10918564377421092 0.3168066755990111 -0.033625134625651754
FixedParameters: 0 0 0
#Transform 210
Transform: MatrixOffsetTransformBase_double_3_3
Parameters: 0.9999915182386799 0.003927233717601968 0.0010295884876907937 -0.003926768529790837 0.9999920970096574 -0.00016490591518023012 -0.0010298733309723382 0.00016009507865499817 0.9999993684164191 0.1125525947935131 0.3771714976233085 -0.027576094985846566
FixedParameters: 0 0 0
#Transform 211
Transform: MatrixOffsetTransformBase_double_3_3
Parameters: 0.9999919531059239 0.0039999614756382 0.00021880955345180092 -0.003999723936857225 0.999992064181308 -0.00024494647325559726 -0.0002197700451062628 0.00024305350779668666 0.9999997698526956 0.09501074105494922 0.41368161933159797 -0.055445199589613026
FixedParameters: 0 0 0
#Transform 212
Transform: MatrixOffsetTransformBase_double_3_3
Parameters: 0.9999915637096771 0.004039264054478279 0.0003516421851760738 -0.0040385563152110894 0.9999920209543766 0.00021747817767231448 -0.00035100318692886205 -0.00021852295739382965 0.9999994477069419 0.09487642144070207 0.2707717222081101 -0.04691502126293301
FixedParameters: 0 0 0
#Transform 213
Transform: MatrixOffsetTransformBase_double_3_3
Parameters: 0.9999890066710865 0.004546634170691607 0.000565840062238995 -0.004546880703841124 0.9999898100884256 0.0001011784336252819 -0.0005658994172877979 -0.00010382394960101182 1.0000001755697014 0.07339001053566108 0.32456965824515294 -0.02380566118175409
FixedParameters: 0 0 0
#Transform 214
Transform: MatrixOffsetTransformBase_double_3_3
Parameters: 0.9999901020967807 0.004297108943894884 0.0006564405407328904 -0.004297117793642201 0.9999907446198978 -0.000549946598629919 -0.0006590410860398418 0.0005470528723189039 0.999999755769617 0.062808351506078 0.3043289805007703 -0.11168904608108221
FixedParameters: 0 0 0
#Transform 215
Transform: MatrixOffsetTransformBase_double_3_3
Parameters: 0.9999907487371246 0.0043268146061899194 0.0007296824125918789 -0.00432592674417209 0.999990738556628 -0.0004302982734408489 -0.0007314115718779309 0.00042770201906183747 0.9999996420966377 0.0658938801709894 0.3046202509123077 -0.08284467794905481
FixedParameters: 0 0 0
#Transform 216
Transform: MatrixOffsetTransformBase_double_3_3
Parameters: 0.999989537132226 0.004125875266230949 0.002107053426051888 -0.004128211573586908 0.9999913228782689 0.0009286239700302401 -0.0021025877186989297 -0.0009373734499294739 0.9999974732686643 0.06098580610694171 0.14858180643081198 -0.17231936967635875
FixedParameters: 0 0 0
#Transform 217
Transform: MatrixOffsetTransformBase_double_3_3
Parameters: 0.9999883136592732 0.004377850552056989 0.0018761322880834648 -0.004379414574391702 0.9999906447933448 0.0006078438771771333 -0.0018728862388164272 -0.0006161532073037379 0.9999979197754747 0.0630900051166492 0.21826016069141474 -0.15180092400031242
FixedParameters: 0 0 0
#Transform 218
Transform: MatrixOffsetTransformBase_double_3_3
Parameters: 0.9999851956179966 0.004630991911384745 0.002890777921343552 -0.004629297819901871 0.9999891029405492 -0.000597034806340796 -0.002894002220479045 0.0005839626678774135 0.9999953952932844 0.11052599977415412 0.2034559398486806 -0.38491487341050856
FixedParameters: 0 0 0
#Transform 219
Transform: MatrixOffsetTransformBase_double_3_3
Parameters: 0.9999901978250663 0.0042244201714988555 0.0013980516152975768 -0.004225555367606285 0.9999906967976173 0.0006181856443159828 -0.0013959090173179829 -0.0006238156584230103 0.9999987297408186 0.08805245438651355 0.17994023226519573 -0.1250078486332029
FixedParameters: 0 0 0
#Transform 220
Transform: MatrixOffsetTransformBase_double_3_3
Parameters: 0.999987324670462 0.004403131506831337 0.002507118302483103 -0.004402857163632998 0.9999899569106011 -0.00040363633897275153 -0.0025083791803662747 0.0003923676433689183 0.9999970509483773 0.09868226221969678 0.27044353689865375 -0.39767373817969087
FixedParameters: 0 0 0
#Transform 221
Transform: MatrixOffsetTransformBase_double_3_3
Parameters: 0.9999891476913927 0.004262794010637172 0.0016373081613751431 -0.0042633717184799545 0.9999908573322422 0.00017309147527330704 -0.0016358032990156503 -0.0001799046828740991 0.9999982280550106 0.06791831214053445 0.23931552435716696 -0.12086621766873407
FixedParameters: 0 0 0
#Transform 222
Transform: MatrixOffsetTransformBase_double_3_3
Parameters: 0.999984266546475 0.004786807547933271 0.0027964510788315283 -0.004784572623120507 0.9999882685677204 -0.000844165938264807 -0.0028001098258792845 0.0008308359233213936 0.9999955951535625 0.07939901115642556 0.2811562371325351 -0.2991410311668403
FixedParameters: 0 0 0
#Transform 223
Transform: MatrixOffsetTransformBase_double_3_3
Parameters: 0.9999907627718677 0.004006078304433282 0.0017853958020259298 -0.004007273173692423 0.9999917519529097 0.0005361796687953779 -0.001783186000492261 -0.0005428198211917812 0.9999984286959083 0.07713922629382353 0.2961189098365935 -0.09009340802140287
FixedParameters: 0 0 0
#Transform 224
Transform: MatrixOffsetTransformBase_double_3_3
Parameters: 0.99999239031237 0.003855810107929766 0.0008623908960665491 -0.003855352647473692 0.9999926433532895 -0.00019118798505499135 -0.0008628607285207861 0.00018781282725605086 0.9999996751381219 0.06979886066832819 0.2849558480159544 -0.0778080075848635
FixedParameters: 0 0 0
#Transform 225
Transform: MatrixOffsetTransformBase_double_3_3
Parameters: 0.9999884237054733 0.0044929563857729555 0.0018412262629299275 -0.0044918701813579515 0.9999897669288176 -0.0004972232217848593 -0.0018435423962494992 0.0004887759643339429 0.9999981706761321 0.05429609852110673 0.31310364429060655 -0.15354430735179392
FixedParameters: 0 0 0
#Transform 226
Transform: MatrixOffsetTransformBase_double_3_3
Parameters: 0.9999904511530403 0.004106421552410424 0.0016396449017821535 -0.0041020654562782255 0.9999881759097105 -0.0024385313983491252 -0.0016490656181747491 0.002431466948246086 0.9999954167220835 0.11474682908031753 0.24217300724914992 -0.5727575322822958
FixedParameters: 0 0 0
#Transform 227
Transform: MatrixOffsetTransformBase_double_3_3
Parameters: 0.9999929068241563 0.003778183480166722 0.0009039271077935587 -0.0037752158136996295 0.9999870976062843 -0.0034923014581899336 -0.0009177424569434449 0.003488698228142517 0.999993441872214 0.11903098789832711 0.16589757653470372 -0.7821742132381644
FixedParameters: 0 0 0
#Transform 228
Transform: MatrixOffsetTransformBase_double_3_3
Parameters: 0.9999943372592424 0.0031211773543555177 0.0009601223437827671 -0.0031194624131822067 0.9999942103310008 -0.0015835895584463966 -0.000964776797480348 0.0015804116609904328 0.9999981214618784 0.10355190800966341 -0.008320290098183136 -0.6440807543013705
FixedParameters: 0 0 0
#Transform 229
Transform: MatrixOffsetTransformBase_double_3_3
Parameters: 0.9999946838334552 0.003152064004921135 0.0011760069248772714 -0.0031479954961169234 0.9999912142044843 -0.0029073210471292354 -0.0011848667248104637 0.0029036785393492526 0.9999945856865632 0.11881822904642547 0.053697924604151126 -0.5761337250848015
FixedParameters: 0 0 0
#Transform 230
Transform: MatrixOffsetTransformBase_double_3_3
Parameters: 0.9999916605548252 0.003895742500565765 0.0014710342469745337 -0.0038912991812465095 0.9999881622541655 -0.0027443844158961672 -0.0014818154780578377 0.002738613565409137 0.9999954665685291 0.09744103920043301 0.09999471924339787 -0.579503930616994
FixedParameters: 0 0 0
#Transform 231
Transform: MatrixOffsetTransformBase_double_3_3
Parameters: 0.9999904390659154 0.00412884397193932 0.0015853883157224708 -0.004124959282398182 0.9999879490181489 -0.0026433495181098776 -0.001595489461074395 0.0026366555774243183 0.9999955507419128 0.09802567869071765 0.17450700636008776 -0.47050705464125997
FixedParameters: 0 0 0
#Transform 232
Transform: MatrixOffsetTransformBase_double_3_3
Parameters: 0.9999904474136814 0.004015043261161984 0.0015600640694727963 -0.004011056915536832 0.9999888869032754 -0.002444062952067949 -0.0015690888300601907 0.0024379387347036596 0.9999956434712287 0.07887555453150696 0.15888881427957813 -0.5011402212486757
FixedParameters: 0 0 0
#Transform 233
Transform: MatrixOffsetTransformBase_double_3_3
Parameters: 0.9999914772998992 0.003672985826771182 0.0017414381993533083 -0.003670156930601132 0.9999921941901306 -0.0014799118909707143 -0.0017469316055637035 0.0014730890507574645 0.9999979229837962 0.08430572647797874 0.22813973697167 -0.368922917116393
FixedParameters: 0 0 0
#Transform 234
Transform: MatrixOffsetTransformBase_double_3_3
Parameters: 0.9999897605249325 0.004138526120873983 0.0017640002530456913 -0.004134112738525979 0.9999884191667209 -0.002563119738471592 -0.001774476616263346 0.0025558826076510777 0.9999952391840105 0.07044648148907129 0.19385605894423463 -0.501161179893657
FixedParameters: 0 0 0
#Transform 235
Transform: MatrixOffsetTransformBase_double_3_3
Parameters: 0.9999927302005748 0.003533815181239167 0.0013342007505110286 -0.003529550785377859 0.9999873113293142 -0.00359735444657569 -0.0013467827086079945 0.0035926462771854184 0.9999925706429169 0.08523040751002497 0.22499186132098714 -0.7852421755832921
FixedParameters: 0 0 0
#Transform 236
Transform: MatrixOffsetTransformBase_double_3_3
Parameters: 0.9999932158837106 0.00349941566493688 0.0012396643615510234 -0.003497068342887438 0.9999917572980613 -0.002172970884036507 -0.0012473915843743634 0.0021690308043480766 0.9999970320565446 0.06416609903493509 0.07081870605124152 -0.5437927314672493
FixedParameters: 0 0 0
#Transform 237
Transform: MatrixOffsetTransformBase_double_3_3
Parameters: 0.9999919482837739 0.003700103068781397 0.0018329984559240769 -0.0036958629560814994 0.9999902284748774 -0.0022573169147600824 -0.0018420763056401091 0.0022506774250199424 0.99999555873342 0.06702419990260466 0.08609714941037794 -0.6105373860943075
FixedParameters: 0 0 0
#Transform 238
Transform: MatrixOffsetTransformBase_double_3_3
Parameters: 0.9999898617768701 0.0037812638222137554 0.0024165286665518123 -0.0037812958384598116 0.9999928030443703 -0.00017655152449158606 -0.0024167036907902315 0.0001664513110051502 0.9999969999076801 0.0435266588252432 0.051512217423237416 -0.3951584109903763
FixedParameters: 0 0 0
#Transform 239
Transform: MatrixOffsetTransformBase_double_3_3
Parameters: 0.9999920655272577 0.0035047508830436886 0.0016284126259484219 -0.003502014307234589 0.9999931599175284 -0.001553351423622673 -0.0016339278632476308 0.0015476483455788281 0.999997097488913 0.04953037573825725 0.059241303308425586 -0.5864753822262685
FixedParameters: 0 0 0
#Transform 240
Transform: MatrixOffsetTransformBase_double_3_3
Parameters: 0.9999884966980771 0.0038289633752206986 0.0028002595075754155 -0.0038252318896152496 0.9999917047637435 -0.001439044216347135 -0.0028056220153018134 0.0014279561811718633 0.9999946820641666 0.03508622309689713 0.038086479315055044 -0.4680831007170525
FixedParameters: 0 0 0
#Transform 241
Transform: MatrixOffsetTransformBase_double_3_3
Parameters: 0.99998967040989 0.0041992376854129345 0.001640808401872564 -0.004195462657448208 0.9999875062336415 -0.0028208421263987704 -0.0016526410655083794 0.0028141586886909764 0.999994287449481 0.06328371808444899 0.19944251369240362 -0.5702039018424898
FixedParameters: 0 0 0
#Transform 242
Transform: MatrixOffsetTransformBase_double_3_3
Parameters: 0.99998833219018 0.004745331484851621 0.0003805890154745683 -0.004746277996509281 0.9999888039525555 -0.0000602986985641929 -0.0003810185024765998 0.00005770092120954695 0.9999995212759761 0.14756966786467274 0.3986189186050666 -0.0375696361396507
FixedParameters: 0 0 0
#Transform 243
Transform: MatrixOffsetTransformBase_double_3_3
Parameters: 0.9999776884426902 0.0062432683891684585 0.0025171943638860757 -0.006245718438558455 0.9999800046617974 0.0011124270027587368 -0.0025096710818078767 -0.0011285708304175912 0.9999961727135876 0.3614167021495973 1.034020383387869 0.15901086585628832
FixedParameters: 0 0 0
#Transform 244
Transform: MatrixOffsetTransformBase_double_3_3
Parameters: 0.9999749673438145 0.005687498616623533 0.004322032103818795 -0.0056967263370820975 0.9999817574184677 0.0020389882135000426 -0.004310893900561486 -0.002063014359918125 0.9999887966018464 0.37786939875782366 1.0147780622082365 0.2079949134207908
FixedParameters: 0 0 0
#Transform 245
Transform: MatrixOffsetTransformBase_double_3_3
Parameters: 0.99998566681791 0.004944070751882583 0.0022109016373325595 -0.004944602599744906 0.9999880349223986 0.00027994480418463974 -0.002210191813796492 -0.0002910590290409465 0.9999974688727152 0.1979446410278598 0.9688368071883957 0.032633707885878493
FixedParameters: 0 0 0
#Transform 246
Transform: MatrixOffsetTransformBase_double_3_3
Parameters: 0.9999883498609361 0.004627606708577734 0.001111122442989392 -0.00462832544543914 0.9999891279420403 0.000591692682685524 -0.0011087292492192753 -0.0005963092807878267 0.9999995162417956 0.17821357919875425 0.8382950950172159 -0.03087099094081225
FixedParameters: 0 0 0
#Transform 247
Transform: MatrixOffsetTransformBase_double_3_3
Parameters: 0.9999952074966492 0.0031277041166505614 -0.00009974397750812171 -0.0031276811942835187 0.9999952486307948 0.00011464845443223681 0.00010046021476878741 -0.00011435044508886771 0.9999999326454297 0.1047992886266087 0.7897616445220308 -0.10362067567378119
FixedParameters: 0 0 0
#Transform 248
Transform: MatrixOffsetTransformBase_double_3_3
Parameters: 0.9999938928210366 0.003241998848694473 0.0007716220253065882 -0.003242716790541684 0.9999947914099416 0.0003799142857572879 -0.0007701427918161503 -0.0003820848259639964 0.9999998110884111 0.11057642100470844 0.5785272040339038 -0.046821850782876595
FixedParameters: 0 0 0
#Transform 249
Transform: MatrixOffsetTransformBase_double_3_3
Parameters: 0.9999945676739562 0.0031990555734331674 0.00044438870103945483 -0.0031995135560899546 0.999994802020324 0.00036789883931978573 -0.0004430190731118197 -0.0003701001651414404 0.9999994933316544 0.09994325913937985 0.6134944599904912 -0.10413289504717227
FixedParameters: 0 0 0
#Transform 250
Transform: MatrixOffsetTransformBase_double_3_3
Parameters: 0.9999936003823136 0.0035496888851478947 0.0008936692976592581 -0.003550844835356402 0.9999929881794124 0.0009831004140355426 -0.0008897836679895556 -0.0009858966346868447 0.9999986737185689 0.08598403177269631 0.4623368281908711 -0.10215208886523897
FixedParameters: 0 0 0
#Transform 251
Transform: MatrixOffsetTransformBase_double_3_3
Parameters: 0.9999939562183985 0.0032383177255499076 0.0007455771857567121 -0.0032393486318592537 0.9999945933880315 0.0006040024313393455 -0.0007426496404917312 -0.000605994136798016 0.9999996307801787 0.07822901747205435 0.5082170616176853 -0.10878424940904097
FixedParameters: 0 0 0
#Transform 252
Transform: MatrixOffsetTransformBase_double_3_3
Parameters: 0.9999950628786773 0.0031513032717426347 0.00007990789355390946 -0.003151331442064503 0.9999950818926405 0.00017708497901020026 -0.00007878918022554944 -0.00017791325713342743 0.9999999179738666 0.049388703820497426 0.43440532201464066 -0.05885189372227728
FixedParameters: 0 0 0
#Transform 253
Transform: MatrixOffsetTransformBase_double_3_3
Parameters: 0.999991653742891 0.003424063985166705 0.0021491528878298327 -0.0034246384438889007 0.9999942655629156 -0.00010075599505529609 -0.0021496866939131973 0.00009324496194326737 0.9999973693619042 0.060842105517892264 0.5629090485062989 -0.29745641770016107
FixedParameters: 0 0 0
#Transform 254
Transform: MatrixOffsetTransformBase_double_3_3
Parameters: 0.9999949683149895 0.00316278004911505 0.00016704901634382414 -0.003162958365420838 0.9999951494191187 0.00014279122024224433 -0.00016713587993849913 -0.00014321044885373668 0.9999997779976002 0.056501662569786504 0.4587889842802042 -0.046323161410313674
FixedParameters: 0 0 0
#Transform 255
Transform: MatrixOffsetTransformBase_double_3_3
Parameters: 0.9999958139011293 0.0026121573857308352 0.0015372845186039878 -0.0026126932950644387 0.9999965986616097 0.0004527711250440769 -0.0015360317928413577 -0.0004562291360241111 0.9999988020979402 0.07355369930722588 0.5662754514849695 -0.254776301921936
FixedParameters: 0 0 0
#Transform 256
Transform: MatrixOffsetTransformBase_double_3_3
Parameters: 0.9999972273802992 0.002184614777465153 -0.000008281723213603381 -0.0021846152385760803 0.9999971925898329 -0.000028240783103761213 0.000008159381772946685 0.000027759061581950073 1.0000000332226224 0.11742293399221637 0.5130586896523255 -0.06585573579734216
FixedParameters: 0 0 0
#Transform 257
Transform: MatrixOffsetTransformBase_double_3_3
Parameters: 0.9999954466801494 0.00270075239476672 0.001503502857761206 -0.0027016430253097618 0.9999965604583356 0.0008675986203270092 -0.0015010494084822178 -0.0008714025337174525 0.9999983741567539 0.10426424725964978 0.4890916028038532 -0.0040487577928161045
FixedParameters: 0 0 0
#Transform 258
Transform: MatrixOffsetTransformBase_double_3_3
Parameters: 0.9999965226064167 0.002447017184471386 0.0006989131986431624 -0.0024473469456680525 0.9999973451395844 0.00014198015258756747 -0.0006992071968482409 -0.00014302147057251857 1.0000001368544773 0.0977705215446747 0.5797811380563758 -0.04377524461359883
FixedParameters: 0 0 0
#Transform 259
Transform: MatrixOffsetTransformBase_double_3_3
Parameters: 0.9999978517523876 0.0020099498283370106 0.00032915777362992093 -0.0020101833528065305 0.9999979285821814 0.00035506314161426467 -0.0003277286191060305 -0.00035593524112761954 0.9999996704100729 0.07576689273854242 0.5111447839914405 -0.08213099874440388
FixedParameters: 0 0 0
#Transform 260
Transform: MatrixOffsetTransformBase_double_3_3
Parameters: 0.999995201510435 0.0025838939245306034 0.001767184609356772 -0.0025870023379880314 0.9999945158767859 0.0018543515470246241 -0.0017620726963501997 -0.0018586466579480487 0.999996792429862 0.1484913938818977 0.39924761947335696 0.045462933154027496
FixedParameters: 0 0 0
#Transform 261
Transform: MatrixOffsetTransformBase_double_3_3
Parameters: 0.9999964404930224 0.0021453266334546554 0.001718989746211286 -0.0021478946366380327 0.999997314966627 0.001208262163021917 -0.0017170281782076706 -0.0012127401928894999 0.9999981948969805 0.15462403762538202 0.2691293931576837 0.027964483285344954
FixedParameters: 0 0 0
#Transform 262
Transform: MatrixOffsetTransformBase_double_3_3
Parameters: 0.999997042458805 0.0021221712089169306 0.000672335955966502 -0.0021234867717647788 0.9999971191429226 0.0007844106891363722 -0.0006709860010514416 -0.000785589304049511 0.999999690864124 0.12620039875058353 0.3344671640782053 -0.06355157105602416
FixedParameters: 0 0 0
#Transform 263
Transform: MatrixOffsetTransformBase_double_3_3
Parameters: 0.9999985519407916 0.0013390956888333163 0.000809398123090821 -0.0013399028683240251 0.9999982711544081 0.0010308994128014615 -0.0008077567059984563 -0.0010320996668345128 0.9999991528010108 0.09363311275670583 0.22424435021628142 -0.042363722157531924
FixedParameters: 0 0 0
#Transform 264
Transform: MatrixOffsetTransformBase_double_3_3
Parameters: 0.9999972710123762 0.0023497230900126555 0.000454170348087696 -0.00235077617725375 0.9999969371854855 0.0008736422820454504 -0.0004520449981929266 -0.0008743579024316217 0.9999998060723829 0.07961460167251744 0.3196893562178076 -0.043606340445265346
FixedParameters: 0 0 0
#Transform 265
Transform: MatrixOffsetTransformBase_double_3_3
Parameters: 0.9999974084194765 0.0020282880150693343 0.0012158903423946856 -0.0020294920791707905 0.9999968210021482 0.001203484317161635 -0.001213246682362852 -0.0012055149976922253 0.9999986857727752 0.09298457540667471 0.24628157395753192 -0.03145218124615212
FixedParameters: 0 0 0
#Transform 266
Transform: MatrixOffsetTransformBase_double_3_3
Parameters: 0.9999951578842361 0.00296730702305837 0.0010184213895449792 -0.0029673212831512704 0.9999956615042025 0.000005521667746227754 -0.001018379850838326 -0.000008478264467592922 0.9999994962820337 0.10656175046625549 0.3323256469013103 -0.4103501736402393
FixedParameters: 0 0 0
#Transform 267
Transform: MatrixOffsetTransformBase_double_3_3
Parameters: 0.9999953046287964 0.0028894203994730677 0.0011605138168991743 -0.002892103973032103 0.9999930964125175 0.002477182292584701 -0.00115364647806876 -0.0024798188266954013 0.9999959222408179 0.10671914560276718 0.2749889151101286 -0.1421723970738782
FixedParameters: 0 0 0
#Transform 268
Transform: MatrixOffsetTransformBase_double_3_3
Parameters: 0.9999878659225584 0.0033219308245334388 0.0036191317050069953 -0.0033917782956000846 0.999804031167513 0.019491285115698975 -0.003553919914565247 -0.019503705964117407 0.9998034530562725 0.05022472980986947 0.5219192490736333 0.7544375884022116
FixedParameters: 0 0 0
#Transform 269
Transform: MatrixOffsetTransformBase_double_3_3
Parameters: 0.9999816004673783 0.0026944022957430887 0.005489847183126528 -0.002763937144712081 0.9999135885417898 0.012828796961145889 -0.005455347500361278 -0.012843196317322364 0.9999024695640855 0.10168760333912985 0.4422974512966391 0.4004299968581222
FixedParameters: 0 0 0
#Transform 270
Transform: MatrixOffsetTransformBase_double_3_3
Parameters: 0.999992971732728 0.0026381207368980078 0.002463120893461489 -0.0026460619227785796 0.9999915962779052 0.0032135139611988717 -0.002455230517336032 -0.0032194884685572966 0.9999916835815474 0.042249289894471076 0.29706071511903076 -0.07305364373932832
FixedParameters: 0 0 0
#Transform 271
Transform: MatrixOffsetTransformBase_double_3_3
Parameters: 0.9999927708635095 0.002514771907957591 0.0029837719162727457 -0.0025270236319040766 0.9999884213787266 0.0040187563106035 -0.002974110993262587 -0.004026237699847279 0.9999869882424437 0.02928319788337319 0.08142060437246812 0.017824926328813717
FixedParameters: 0 0 0
#Transform 272
Transform: MatrixOffsetTransformBase_double_3_3
Parameters: 0.999991621182518 0.0027985948765499955 0.003089606652712104 -0.002810565123623404 0.9999883880694983 0.003974604836347179 -0.003079029438881861 -0.003983401533412867 0.9999875679427913 0.022831882704835493 0.1749508565544602 0.046050323892089295
FixedParameters: 0 0 0
#Transform 273
Transform: MatrixOffsetTransformBase_double_3_3
Parameters: 0.9999917899726444 0.0025947090763527433 0.0030789003876882655 -0.0026070832418044502 0.9999872188078363 0.0042374053684120505 -0.0030677176865598088 -0.004245595461708468 0.999986590209411 -0.021944584804401757 0.15869340425901157 -0.06609541483356907
FixedParameters: 0 0 0
#Transform 274
Transform: MatrixOffsetTransformBase_double_3_3
Parameters: 0.9999917613395681 0.0028892606551791924 0.002809112661662096 -0.002901887854861361 0.9999856770091986 0.004469006508780626 -0.0027959418810272183 -0.004476991463398139 0.9999860685188412 -0.003522044644057587 0.17179593506958213 0.02030989338619804
FixedParameters: 0 0 0
#Transform 275
Transform: MatrixOffsetTransformBase_double_3_3
Parameters: 0.9999942681383303 0.0026505922974986666 0.0019254564540562237 -0.002658894220816557 0.9999882308192669 0.004178671845963627 -0.0019133550744375588 -0.0041833262440467145 0.9999890755587824 -0.06551668259808707 0.13274560507694844 -0.14870873144050734
FixedParameters: 0 0 0
#Transform 276
Transform: MatrixOffsetTransformBase_double_3_3
Parameters: 0.9999961353039163 0.0023821828498344 0.001090188115076778 -0.00238699676028314 0.9999890071556782 0.003958230354095177 -0.0010808800749814848 -0.003960768533435383 0.999991772695387 -0.0973952674228542 0.011043226354658486 -0.4170934528652879
FixedParameters: 0 0 0
#Transform 277
Transform: MatrixOffsetTransformBase_double_3_3
Parameters: 0.999996220818512 0.002538742978980169 0.0005793264169825334 -0.002540529553863947 0.9999888536808265 0.003987118245063009 -0.000568515270976757 -0.003988877965023979 0.9999915586844184 -0.0817111246059028 -0.25711252981656685 -0.704787531665275
FixedParameters: 0 0 0
#Transform 278
Transform: MatrixOffsetTransformBase_double_3_3
Parameters: 0.9999945450947679 0.0028308616162456115 0.0015630143400031534 -0.0028386535680263313 0.9999811794115494 0.005421378831689694 -0.0015475814254185434 -0.0054256258852343475 0.999984536366937 -0.09288128707233057 -0.4823752199558413 -0.32856553790236376
FixedParameters: 0 0 0
#Transform 279
Transform: MatrixOffsetTransformBase_double_3_3
Parameters: 0.999994975349367 0.0028602054038708866 0.0016864536126555084 -0.0028682463137576614 0.9999824515957081 0.00509397384211388 -0.0016725743198388052 -0.005099024124077284 0.9999855746590076 -0.09114384150376509 -0.40735608204769846 -0.27729474198204684
FixedParameters: 0 0 0
