#Insight Transform File V1.0
#Transform 0
Transform: MatrixOffsetTransformBase_double_3_3
Parameters: 0.9999998242377321 -0.0006909513569712825 -0.0008353285596324299 0.0006901094098988979 0.9999994502658397 -0.0010965943799666755 0.0008367123680414447 0.001096405709915288 0.9999989693458601 -0.046605139144872965 -0.12014445631142223 -0.04376210691786753
FixedParameters: 0 0 0
#Transform 1
Transform: MatrixOffsetTransformBase_double_3_3
Parameters: 0.9999998111281008 0.00041104720949815753 -0.00014111008121840853 -0.00041121287061974876 0.99999948522899 -0.0005879417706259604 0.00014062659167629504 0.0005880576006657701 0.9999996344114801 -0.031916334476406405 -0.08310743436761925 0.0012705549505369618
FixedParameters: 0 0 0
#Transform 2
Transform: MatrixOffsetTransformBase_double_3_3
Parameters: 0.9999993681990867 0.0003240309830810727 -0.0007260999261581902 -0.0003251088698940505 0.9999988611795753 -0.0014257638911097381 0.0007250437248609746 0.0014262348885176745 0.9999984400665533 -0.04266104447692953 -0.0715479826587142 -0.052091315397660765
FixedParameters: 0 0 0
#Transform 3
Transform: MatrixOffsetTransformBase_double_3_3
Parameters: 1.0000001285790396 0.0005795021050271559 -0.0007318602984684591 -0.0005804721135524163 0.9999986187162377 -0.0014295751118769406 0.0007310624522662021 0.001430423587442109 0.9999984200615718 -0.04699539584024137 -0.10717362475214998 -0.0014059905451375698
FixedParameters: 0 0 0
#Transform 4
Transform: MatrixOffsetTransformBase_double_3_3
Parameters: 0.9999988648352879 0.0013016597458191939 -0.0006638972515323046 -0.0013025074913590236 0.9999974754498387 -0.0016811372379012812 0.0006623608423169875 0.0016828641382158616 0.9999987311286824 -0.0713212762498614 -0.05504815137872754 -0.039375908926615466
FixedParameters: 0 0 0
#Transform 5
Transform: MatrixOffsetTransformBase_double_3_3
Parameters: 0.9999985838768394 0.0013672768469349442 -0.0007392352988423146 -0.0013683798665084848 0.9999981484209925 -0.0016831044644106952 0.0007374736198930926 0.0016838996038307796 0.9999987670974968 -0.08121524040005568 -0.12550104005022433 -0.01926146652866123
FixedParameters: 0 0 0
#Transform 6
Transform: MatrixOffsetTransformBase_double_3_3
Parameters: 0.9999991589106513 0.0016055269572034312 -0.0005126175209264731 -0.001606296037063863 0.999998391974466 -0.0010053079938487364 0.0005113693114937052 0.0010066936076605082 0.9999997428606265 -0.0785753984778097 -0.07297147758892208 -0.002461970168369021
FixedParameters: 0 0 0
#Transform 7
Transform: MatrixOffsetTransformBase_double_3_3
Parameters: 0.9999980788583142 0.001455849816301058 -0.00089553165817089 -0.0014577467796381732 0.9999956673722493 -0.00246180921811176 0.0008920616344420978 0.002463188641460723 0.9999962836515225 -0.06982864376868747 -0.058572482853648467 -0.058603600466639705
FixedParameters: 0 0 0
#Transform 8
Transform: MatrixOffsetTransformBase_double_3_3
Parameters: 0.9999988464296372 0.0013044751405641018 -0.00067253721313096 -0.0013056660755849919 0.9999978361182182 -0.00182023733304984 0.000669637804924905 0.0018207642217057118 0.999998381859271 -0.07728070236419171 -0.11212601363853025 0.006616860713137385
FixedParameters: 0 0 0
#Transform 9
Transform: MatrixOffsetTransformBase_double_3_3
Parameters: 0.999998262642985 0.0015945555663075242 -0.0004423785951412235 -0.0015944989648522157 0.9999980364887691 -0.0015025390284464368 0.0004404308395186243 0.0015024631269803246 0.9999987111332016 -0.08547806474243203 -0.07116986540731318 -0.01886410104484071
FixedParameters: 0 0 0
#Transform 10
Transform: MatrixOffsetTransformBase_double_3_3
Parameters: 0.9999988816481579 0.0012244821286536373 -0.000786419801535652 -0.0012265138449369267 0.9999966402861409 -0.002174021173444396 0.0007839339072513182 0.0021749797147742334 0.9999977844436628 -0.0878465029695974 -0.12180563067964556 -0.04402786768679334
FixedParameters: 0 0 0
#Transform 11
Transform: MatrixOffsetTransformBase_double_3_3
Parameters: 0.9999986632434016 0.00139307724834567 -0.0006294672128398896 -0.0013936269972502327 0.9999976791611217 -0.0015362531465221985 0.0006280278494863848 0.0015377464623556603 0.9999982593396518 -0.07584597159724638 -0.10135712474395575 0.006051688850831738
FixedParameters: 0 0 0
#Transform 12
Transform: MatrixOffsetTransformBase_double_3_3
Parameters: 0.9999988615533075 0.0012336648534575665 -0.0007848549869686474 -0.0012359613594641948 0.9999968133263281 -0.002348145809097396 0.0007818988651017684 0.0023488557144859257 0.9999970172979398 -0.08562011347819976 -0.0672590456324258 -0.046751976330114076
FixedParameters: 0 0 0
#Transform 13
Transform: MatrixOffsetTransformBase_double_3_3
Parameters: 0.9999999848023441 0.0009110270005010147 -0.00043113876372533435 -0.0009112826707841555 0.9999984585481569 -0.0016017201809602477 0.00042908124984578533 0.0016012792282944777 0.9999983966462228 -0.07315382149639049 -0.09486534407541569 -0.007679843042652124
FixedParameters: 0 0 0
#Transform 14
Transform: MatrixOffsetTransformBase_double_3_3
Parameters: 0.9999989457695064 0.0009034170258791932 -0.0004885305087555174 -0.0009037500927567542 0.9999989404346898 -0.001491689054913592 0.00048669512994698437 0.0014923114336809207 0.9999985532024341 -0.06293568145548534 -0.04981872849896263 -0.011495574547453202
FixedParameters: 0 0 0
#Transform 15
Transform: MatrixOffsetTransformBase_double_3_3
Parameters: 0.9999995688715504 0.0009910690903613794 -0.000670009780116541 -0.000992212857926316 0.9999976813459612 -0.0017903195931991966 0.0006683110718637171 0.0017906808006229458 0.9999984757370568 -0.07004347051515936 -0.1026232067977304 -0.02408550436069845
FixedParameters: 0 0 0
#Transform 16
Transform: MatrixOffsetTransformBase_double_3_3
Parameters: 0.9999982477170967 0.00164462569374455 -0.0002179146087024585 -0.0016448571885086737 0.9999985651934962 -0.000833901468539594 0.00021616262077115705 0.0008340977754630885 0.9999992914110871 -0.07979501575167092 -0.07327096561131441 0.011051727438726289
FixedParameters: 0 0 0
#Transform 17
Transform: MatrixOffsetTransformBase_double_3_3
Parameters: 0.9999986837642386 0.0013107702904318122 -0.0007740378486122227 -0.0013120618494094852 0.9999965002262675 -0.0023731000306284056 0.0007705258228412014 0.0023739008529090055 0.9999969165090107 -0.08406266785139849 -0.027300683527499814 -0.03213735859503686
FixedParameters: 0 0 0
#Transform 18
Transform: MatrixOffsetTransformBase_double_3_3
Parameters: 0.9999993378279659 0.0010958707182734094 -0.0006796217662920439 -0.0010967887081566607 0.9999983911017366 -0.001503368083279305 0.0006771860169735277 0.0015036308472037296 0.9999984256990512 -0.09170107002142913 -0.09716867190401501 -0.00006144314050970934
FixedParameters: 0 0 0
#Transform 19
Transform: MatrixOffsetTransformBase_double_3_3
Parameters: 0.9999991434862537 0.0013027931589855342 -0.0003984907543602696 -0.00130373497473576 0.9999979952953101 -0.0015126109588673442 0.0003965299615171458 0.0015133882622893335 0.999998569849448 -0.0822502897059394 -0.0699351515587665 0.0006167081049284207
FixedParameters: 0 0 0
#Transform 20
Transform: MatrixOffsetTransformBase_double_3_3
Parameters: 0.9999989572815312 0.0012057446570488952 -0.0007670657678452158 -0.0012080494445133238 0.9999965960696857 -0.0024081886077810533 0.000764095940324732 0.0024088118195862707 0.9999967594436634 -0.06531943442587362 -0.1051422811617897 -0.023386181550179685
FixedParameters: 0 0 0
#Transform 21
Transform: MatrixOffsetTransformBase_double_3_3
Parameters: 0.9999996520784841 0.0011508731502307 -0.00015300836175870328 -0.001151130317780747 0.9999980495700765 -0.001274824345169706 0.0001510647482783404 0.0012751743332821974 0.9999993512578411 -0.06943302453561273 -0.06989775773466533 0.025038686738142246
FixedParameters: 0 0 0
#Transform 22
Transform: MatrixOffsetTransformBase_double_3_3
Parameters: 0.999999578644477 0.0010748474187352336 -0.0005158325759407549 -0.0010762986559467117 0.9999951209394272 -0.0027554288960330298 0.0005127488864444082 0.0027555692849763336 0.9999962721156367 -0.09086849531955465 -0.04064295480253577 -0.026503630685624557
FixedParameters: 0 0 0
#Transform 23
Transform: MatrixOffsetTransformBase_double_3_3
Parameters: 0.9999991729875762 0.0006484692737745722 -0.0006372857394101937 -0.0006493059868975608 0.9999987615723308 -0.0016395713214490126 0.0006370103975765757 0.0016394322689460006 0.9999990354845552 -0.08571042833024478 -0.09399551007241769 0.006708397498087493
FixedParameters: 0 0 0
#Transform 24
Transform: MatrixOffsetTransformBase_double_3_3
Parameters: 0.999999378447192 0.0005235923964594703 -0.00058947826989326 -0.000524628335083181 0.9999983690820587 -0.0018316919228681117 0.0005884188446054559 0.0018323092705430089 0.9999982969082785 -0.0792073874906265 -0.04651166277109553 -0.01771116667967476
FixedParameters: 0 0 0
#Transform 25
Transform: MatrixOffsetTransformBase_double_3_3
Parameters: 0.9999994133929266 0.00019005177444054755 -0.0007418548547093209 -0.00019157739862708543 0.9999969463757666 -0.0024528578359581665 0.000741649109266909 0.0024531409086756273 0.9999964325823757 -0.06687681540962842 -0.08225788469128759 -0.018301558344290925
FixedParameters: 0 0 0
#Transform 26
Transform: MatrixOffsetTransformBase_double_3_3
Parameters: 0.9999996311571514 0.00021374379945294592 -0.0005682495526748774 -0.00021456091858253838 0.9999980607401691 -0.0017057488197031456 0.0005683797828394488 0.0017062510493891792 0.9999987495408186 -0.07870863618038015 -0.08402875718203973 0.015626536982310313
FixedParameters: 0 0 0
#Transform 27
Transform: MatrixOffsetTransformBase_double_3_3
Parameters: 0.9999997584326636 0.00013535361984962497 -0.0011060239210439228 -0.000138310262824795 0.9999948285653761 -0.0031887202647200297 0.0011056205435536531 0.0031892817058938316 0.9999945903610061 -0.07210190075649336 -0.05663790655236767 -0.029484061085668145
FixedParameters: 0 0 0
#Transform 28
Transform: MatrixOffsetTransformBase_double_3_3
Parameters: 0.9999991638973514 0.00016761363746133052 -0.0008993675135950139 -0.00016966214836496935 0.9999960329098511 -0.0027948309083438982 0.0008980334131120257 0.002794168091801136 0.9999955124962288 -0.0748761954592112 -0.11429103798217 0.011214696970142768
FixedParameters: 0 0 0
#Transform 29
Transform: MatrixOffsetTransformBase_double_3_3
Parameters: 0.9999997243746421 0.0005203627549576728 -0.00006962277064249641 -0.0005205230875917382 0.999997289690056 -0.002106962834576953 0.00006842106561988203 0.0021070346770834525 0.9999975557815194 -0.09471577809344467 -0.05397116724684281 0.0006486076497651538
FixedParameters: 0 0 0
#Transform 30
Transform: MatrixOffsetTransformBase_double_3_3
Parameters: 0.999999656027951 0.0004035697352779394 -0.001086593772404542 -0.0004068145186003686 0.9999959375077082 -0.002982561245153559 0.0010857677017227893 0.0029834414683725663 0.9999949218887892 -0.08124489940362878 -0.09517288106275146 -0.021013798658557903
FixedParameters: 0 0 0
#Transform 31
Transform: MatrixOffsetTransformBase_double_3_3
Parameters: 1.000000098358593 0.0006661530216733261 -0.0006763626047883274 -0.0006678316564990433 0.9999977233120492 -0.002168534081871315 0.00067532221913222 0.0021684697174011447 0.99999797024085 -0.08114129463875486 -0.059669635261059284 0.0077972625425104525
FixedParameters: 0 0 0
#Transform 32
Transform: MatrixOffsetTransformBase_double_3_3
Parameters: 0.9999990427255169 0.00016732749865212848 -0.0009641130747543998 -0.00016996691832758213 0.9999936305904502 -0.0034948183572941494 0.0009634037354414199 0.0034941775006778197 0.9999929890089848 -0.07977563581788161 -0.06749969321211324 -0.03187555786877283
FixedParameters: 0 0 0
#Transform 33
Transform: MatrixOffsetTransformBase_double_3_3
Parameters: 0.9999992550374643 0.0006387379017515559 -0.0005806841554150005 -0.0006398137662042117 0.9999980002993383 -0.0018946292457028002 0.0005791222138308616 0.0018953706818879423 0.9999980726804084 -0.07772853631810506 -0.11098001582519146 0.026019688010151754
FixedParameters: 0 0 0
#Transform 34
Transform: MatrixOffsetTransformBase_double_3_3
Parameters: 0.9999994678517863 0.000053883865666504705 -0.000727800402198023 -0.00005616432546223141 0.9999929674300078 -0.003611829547109646 0.0007270113236461669 0.0036121684141126598 0.9999934072528339 -0.08133678016564261 -0.002807696868558196 -0.04172780444925195
FixedParameters: 0 0 0
#Transform 35
Transform: MatrixOffsetTransformBase_double_3_3
Parameters: 0.9999994769294261 0.00001018404959157352 -0.0007227429319088716 -0.000012229474126921759 0.9999972208089722 -0.002189862199021536 0.0007235547663983793 0.00219013722398384 0.9999976639091787 -0.08068700349528513 -0.11749542508290745 0.04012174172369498
FixedParameters: 0 0 0
#Transform 36
Transform: MatrixOffsetTransformBase_double_3_3
Parameters: 0.9999992360592146 0.000031969088300379194 -0.0008732123688180644 -0.00003561287473339254 0.9999919598057633 -0.003863822740461126 0.0008735511354316475 0.0038631746550475965 0.9999924228823965 -0.07963432297822237 -0.05399830298853203 -0.03457156226154723
FixedParameters: 0 0 0
#Transform 37
Transform: MatrixOffsetTransformBase_double_3_3
Parameters: 0.9999990771799845 0.0004444220645283732 -0.000851838829611861 -0.00044705786771312065 0.9999958850049119 -0.0027906027370798447 0.0008500815397787999 0.0027903954259373698 0.9999956183657775 -0.0813048111880903 -0.11323529833114776 0.03365587103347423
FixedParameters: 0 0 0
#Transform 38
Transform: MatrixOffsetTransformBase_double_3_3
Parameters: 0.9999996092219935 0.0006235289181061814 -0.00003816522584325358 -0.0006245486696661026 0.9999921262882231 -0.003934978194718081 0.00003536743236616313 0.003935024080504668 0.9999925143519423 -0.1027341664928656 -0.04691648795306946 -0.01623052064799424
FixedParameters: 0 0 0
#Transform 39
Transform: MatrixOffsetTransformBase_double_3_3
Parameters: 0.9999990996573846 0.00036740729524304436 -0.0008749260725963877 -0.00037070662519949374 0.9999952785608989 -0.0030956769440473597 0.0008733712551390113 0.00309632216621733 0.999994650616886 -0.09156546049490544 -0.11053536672464759 0.02307255907761885
FixedParameters: 0 0 0
#Transform 40
Transform: MatrixOffsetTransformBase_double_3_3
Parameters: 0.9999996036475831 0.00014135622892168367 -0.0006133705249704167 -0.00014297293241415115 0.9999957320848483 -0.0030409145934268134 0.0006132362711086565 0.003041088971412448 0.9999953761454351 -0.07945390470841573 -0.04215474658549567 -0.010335072617095875
FixedParameters: 0 0 0
#Transform 41
Transform: MatrixOffsetTransformBase_double_3_3
Parameters: 0.9999995158137914 -0.000627617995739939 -0.0010443094318383765 0.0006239588356481219 0.9999933467917327 -0.003522541320066269 0.0010462131292660736 0.0035224578341440105 0.9999933529265211 -0.07167460600938114 -0.09291547107817166 -0.031995559804542495
FixedParameters: 0 0 0
#Transform 42
Transform: MatrixOffsetTransformBase_double_3_3
Parameters: 0.9999993530558325 -0.0002511196861842165 -0.0007643482294900683 0.00024970297560063953 0.9999961699125686 -0.0027871915094721256 0.0007643609998478238 0.002786808701056437 0.9999956483719501 -0.07513266165568666 -0.04960892811986639 0.02521568388236517
FixedParameters: 0 0 0
#Transform 43
Transform: MatrixOffsetTransformBase_double_3_3
Parameters: 0.9999994982386414 -0.00023984008714604289 -0.0006665842273082439 0.0002363909231867672 0.9999852663531025 -0.005459175670685393 0.0006676706762492237 0.005459823883881984 0.9999846191561499 -0.07820056082610449 -0.04290953017104471 -0.04308125643444782
FixedParameters: 0 0 0
#Transform 44
Transform: MatrixOffsetTransformBase_double_3_3
Parameters: 0.9999993579733771 0.0006563249790509041 -0.00045920588430118064 -0.0006583043596866282 0.9999931063296755 -0.00366869967927122 0.00045722630091172677 0.003669302063242036 0.9999933284203514 -0.09097772324653874 -0.10910247429758613 0.02144309816347345
FixedParameters: 0 0 0
#Transform 45
Transform: MatrixOffsetTransformBase_double_3_3
Parameters: 0.99999949434163 0.00017974706690991642 -0.0012139650635809508 -0.00018665282668947614 0.9999802698256536 -0.006221645784191668 0.0012126239748481323 0.006222349154560908 0.9999797972011423 -0.10752203276105377 -0.07717996145689199 -0.025326902117015493
FixedParameters: 0 0 0
#Transform 46
Transform: MatrixOffsetTransformBase_double_3_3
Parameters: 0.999999796946602 0.00007325685718012471 -0.00044476790549459754 -0.00007497850469629874 0.9999956797795342 -0.003051968744529704 0.000444184961835139 0.003052034629929007 0.9999954877046063 -0.05387464821528454 -0.19797528133204878 0.08251784103788395
FixedParameters: 0 0 0
#Transform 47
Transform: MatrixOffsetTransformBase_double_3_3
Parameters: 0.9999989605264663 -0.00039584514677530787 -0.0013722750326703654 0.00039028963696083384 0.999992566525721 -0.003781408838826189 0.001373603344142988 0.0037805883351940406 0.9999918019727579 -0.0602893928568875 -0.01503935242327259 0.045670744174742595
FixedParameters: 0 0 0
#Transform 48
Transform: MatrixOffsetTransformBase_double_3_3
Parameters: 0.9999973789620563 -0.0005523260304814734 -0.002077221424937355 0.0005417280111940898 0.9999858009316535 -0.00537988296675912 0.0020805486429765273 0.005378126166281638 0.9999837102142223 -0.08589216177303172 0.0026257285089457127 -0.04779646906344226
FixedParameters: 0 0 0
#Transform 49
Transform: MatrixOffsetTransformBase_double_3_3
Parameters: 0.9999997134693224 0.0003344927526570088 -0.0010837367889580227 -0.00033849601768633913 0.9999924713565835 -0.0037985059072125626 0.0010826408790726941 0.003799493699919332 0.9999923771989643 -0.07615974011503113 -0.16081327022725134 0.012244550612138028
FixedParameters: 0 0 0
#Transform 50
Transform: MatrixOffsetTransformBase_double_3_3
Parameters: 0.9999997170284325 0.0003335387519524199 -0.001082132576165573 -0.0003388527839940352 0.9999876088176171 -0.004928507382441563 0.0010811400468743117 0.004929493483974062 0.9999875178139943 -0.07716074296781983 -0.06778232731090839 -0.005166242513695352
FixedParameters: 0 0 0
#Transform 51
Transform: MatrixOffsetTransformBase_double_3_3
Parameters: 0.9999980795663865 0.0001689190679433521 -0.0017006213390728753 -0.00017721593050325544 0.9999865740489741 -0.0051404478756743865 0.00169964999403487 0.005141553992379033 0.9999856453581901 -0.10624589056243394 -0.1422021680344443 -0.016787567758925093
FixedParameters: 0 0 0
#Transform 52
Transform: MatrixOffsetTransformBase_double_3_3
Parameters: 0.999999522192893 0.00016254831189430784 -0.0012050472097202938 -0.00016787214463946326 0.999988578861511 -0.004733671087050029 0.0012036912693441676 0.004734327854785503 0.9999881215567881 -0.0965465024442409 -0.09932712098716934 -0.012300743139263659
FixedParameters: 0 0 0
#Transform 53
Transform: MatrixOffsetTransformBase_double_3_3
Parameters: 0.9999986217573537 0.00011294039066838969 -0.0015382729665373485 -0.00012368640601684164 0.9999725295201662 -0.007447691698576633 0.0015369271039977288 0.007448314357632199 0.9999711451795994 -0.08404133111396561 -0.13318942398581157 -0.06689248787597535
FixedParameters: 0 0 0
#Transform 54
Transform: MatrixOffsetTransformBase_double_3_3
Parameters: 0.9999994464213968 0.00023077259955424698 -0.0007075446092902994 -0.0002336718200116648 0.9999909089910709 -0.004246834510709813 0.0007061719668933701 0.00424716280615034 0.9999904632560713 -0.08730156437007963 -0.12496393946217665 0.010165029153256455
FixedParameters: 0 0 0
#Transform 55
Transform: MatrixOffsetTransformBase_double_3_3
Parameters: 0.9999989563689509 0.0001292692446670876 -0.0014233513148926848 -0.00013950050318657444 0.9999739420622684 -0.007214678838859567 0.0014230812028683622 0.007215320172087522 0.9999729004557685 -0.0870791252263814 -0.09678988005352096 -0.069338064433623
FixedParameters: 0 0 0
#Transform 56
Transform: MatrixOffsetTransformBase_double_3_3
Parameters: 0.9999993950001644 -0.000041746289898678986 -0.0012660011352701752 0.000035481579213271876 0.9999882595159341 -0.004873921574969298 0.0012665858379169548 0.004874082595699658 0.9999876234107576 -0.08325091804748297 -0.13612581142341185 0.024049908254184515
FixedParameters: 0 0 0
#Transform 57
Transform: MatrixOffsetTransformBase_double_3_3
Parameters: 0.999998879472539 -0.0007892408425294485 -0.001580339647647995 0.0007774853826257569 0.9999731763136217 -0.007305128326739158 0.0015862518698924225 0.007303872439728312 0.9999719902059502 -0.09701755297282944 -0.08550627324697757 -0.060288069508715125
FixedParameters: 0 0 0
#Transform 58
Transform: MatrixOffsetTransformBase_double_3_3
Parameters: 0.9999976733978615 -0.0010018668825362924 -0.0018226568831098443 0.0009898898232521105 0.9999756766830838 -0.006901595882352174 0.001829617586023607 0.006900408101588526 0.9999747478484391 -0.1239799261587109 -0.1540058112147591 -0.015411188149855093
FixedParameters: 0 0 0
#Transform 59
Transform: MatrixOffsetTransformBase_double_3_3
Parameters: 0.9999999186431774 -0.000023859773554781133 -0.0010394442295015482 0.000017902618233404174 0.9999833631420643 -0.005789004427664016 0.0010398942690926526 0.005787995076687591 0.9999825414603226 -0.0874099652131548 -0.07301503922303709 0.00583568070001661
FixedParameters: 0 0 0
#Transform 60
Transform: MatrixOffsetTransformBase_double_3_3
Parameters: 0.9999981506724176 -0.0007714818191084322 -0.0015015943124151985 0.0007593617999937536 0.9999670385229313 -0.008095039848373814 0.001507331861025819 0.00809396145235225 0.9999660680383731 -0.09526013015997137 -0.07992791644485919 -0.06543557825436608
FixedParameters: 0 0 0
#Transform 61
Transform: MatrixOffsetTransformBase_double_3_3
Parameters: 0.9999987856284028 -0.000730048986326393 -0.0012968008826396294 0.0007224351082924399 0.9999847650681362 -0.005452814401741848 0.0013008318767424338 0.005451186689324275 0.9999845714719446 -0.07938276303484315 -0.13920597891785746 0.029025568228362886
FixedParameters: 0 0 0
#Transform 62
Transform: MatrixOffsetTransformBase_double_3_3
Parameters: 0.9999975971156959 -0.0017082899277684669 -0.001217997867360078 0.0016986754543837318 0.9999650961823766 -0.00814111722100802 0.0012322674194536754 0.008138875006922952 0.999965979455567 -0.06601232514390176 -0.06840773972092506 -0.04685329905093738
FixedParameters: 0 0 0
#Transform 63
Transform: MatrixOffsetTransformBase_double_3_3
Parameters: 0.9999975602150503 -0.0019750057782553414 -0.0012406238349147258 0.001966360991697374 0.9999749678322858 -0.006812620778842315 0.0012542662351526786 0.006809377101473418 0.9999758117532811 -0.06453556036535701 -0.1692925086977084 -0.021638450516320518
FixedParameters: 0 0 0
#Transform 64
Transform: MatrixOffsetTransformBase_double_3_3
Parameters: 0.9999986683005543 -0.0016802806108830233 -0.0007129135078512284 0.0016758987236762356 0.9999789367040992 -0.006284367751820896 0.0007233063510300203 0.006283630650687752 0.9999797534490824 -0.09201530244189371 -0.10976109801443101 -0.023062774706644973
FixedParameters: 0 0 0
#Transform 65
Transform: MatrixOffsetTransformBase_double_3_3
Parameters: 0.9999972848560342 -0.0018085080578623199 -0.001201622264320551 0.0017998001561992283 0.9999735420509871 -0.00711236045758902 0.0012150719612672922 0.007110639258028392 0.9999735945448025 -0.07663051954064315 -0.13406487830843616 -0.03597928382710336
FixedParameters: 0 0 0
#Transform 66
Transform: MatrixOffsetTransformBase_double_3_3
Parameters: 0.9999986008201162 -0.001557398266628433 -0.0009866692094525897 0.0015519180776143735 0.9999846985954645 -0.005305575156330095 0.000995440998112834 0.0053044254755057335 0.9999856157274646 -0.08713292764457492 -0.11635011303744136 0.001886060312855875
FixedParameters: 0 0 0
#Transform 67
Transform: MatrixOffsetTransformBase_double_3_3
Parameters: 0.999997789222929 -0.001714896098627727 -0.0011272031012354701 0.0017062562613310234 0.9999701718451414 -0.00749497115916499 0.001139638997040068 0.007493025340486945 0.9999712956368266 -0.06503390679704069 -0.09350656943742308 -0.04348111684659273
FixedParameters: 0 0 0
#Transform 68
Transform: MatrixOffsetTransformBase_double_3_3
Parameters: 0.9999988313849528 -0.0014506792041483574 -0.00103121066693221 0.0014436544060658155 0.9999732474295105 -0.007127514392300832 0.0010417396784038926 0.0071254803686545826 0.9999740086181915 -0.09632726097312627 -0.12819851954500905 -0.041092104396511786
FixedParameters: 0 0 0
#Transform 69
Transform: MatrixOffsetTransformBase_double_3_3
Parameters: 0.9999984657763741 -0.0017360600508997967 -0.0007211406238702122 0.001731368198448618 0.9999780062913495 -0.006421423413520075 0.0007327076296462652 0.006420575856150468 0.9999790000849728 -0.09295224693386217 -0.08866052885043985 -0.006775928967797995
FixedParameters: 0 0 0
#Transform 70
Transform: MatrixOffsetTransformBase_double_3_3
Parameters: 0.9999969892610024 -0.0020688457392162036 -0.0008544322222947406 0.002062588951355792 0.9999681907221959 -0.007667942823915003 0.0008700620341945614 0.007666053477312168 0.9999702309139521 -0.09373743840855298 -0.1389380376646443 -0.0636112330308265
FixedParameters: 0 0 0
#Transform 71
Transform: MatrixOffsetTransformBase_double_3_3
Parameters: 0.9999987265100962 -0.0017470070061967901 -0.00047017481709466966 0.0017447821079194653 0.9999841486333342 -0.005283972531335737 0.0004791787148885471 0.005283022151738051 0.9999857467250682 -0.062486032981851736 -0.12032013727151991 0.024714074479447845
FixedParameters: 0 0 0
#Transform 72
Transform: MatrixOffsetTransformBase_double_3_3
Parameters: 0.9999982389997378 -0.001474100014719419 -0.0007671351078248559 0.001468620187348831 0.9999768677128527 -0.00664115630912214 0.0007769703215853873 0.00663985026584725 0.9999781777297297 -0.05718227697292377 -0.07345761398158857 -0.005732159004963933
FixedParameters: 0 0 0
#Transform 73
Transform: MatrixOffsetTransformBase_double_3_3
Parameters: 0.9999980294614738 -0.00142429501363761 -0.0009699264283633581 0.0014176358626454512 0.9999715638515622 -0.007386402779914689 0.0009808180912747057 0.007384596719459763 0.9999723728243294 -0.030582689136366525 -0.11264697944355362 -0.028322065724964318
FixedParameters: 0 0 0
#Transform 74
Transform: MatrixOffsetTransformBase_double_3_3
Parameters: 0.9999983908018776 -0.0017231186379490578 -0.0008000699870386548 0.0017176844073651003 0.9999752180720332 -0.006787544108524293 0.0008116034195586419 0.006786444376562659 0.9999760449263615 -0.03598135410848613 -0.04818154071601555 0.013196521018414842
FixedParameters: 0 0 0
#Transform 75
Transform: MatrixOffsetTransformBase_double_3_3
Parameters: 0.9999976350095502 -0.0019833056302156807 -0.0006573808879513621 0.0019780900225831463 0.9999725949868871 -0.0071224800587075116 0.0006719224124873601 0.007121520097618433 0.999974592856472 -0.054558289826076134 -0.09918864082727907 -0.06240670054653208
FixedParameters: 0 0 0
#Transform 76
Transform: MatrixOffsetTransformBase_double_3_3
Parameters: 0.9999983094169353 -0.0017029176830672768 -0.0008889846043610751 0.0016976185298056981 0.9999768563209863 -0.006595682572721626 0.000899461283463403 0.006594314732633097 0.9999774640377145 -0.0449993093603922 -0.05553008252176994 0.003948288516056664
FixedParameters: 0 0 0
#Transform 77
Transform: MatrixOffsetTransformBase_double_3_3
Parameters: 0.9999991981966095 -0.00117276006630456 -0.0006528057300478542 0.0011678739362557455 0.9999661243807473 -0.008101782389172058 0.0006619319962557337 0.00810120962596432 0.9999668030630942 -0.07385236248893534 -0.07103681155042807 -0.029417046631706967
FixedParameters: 0 0 0
#Transform 78
Transform: MatrixOffsetTransformBase_double_3_3
Parameters: 0.9999989597459126 -0.0011164077132909058 -0.0008906279457413576 0.0011102381723338028 0.9999716114098185 -0.007368881630774066 0.0008990509027877384 0.007368113852505645 0.9999727572559887 -0.08220189480104523 -0.09441346024244979 0.001930677985583884
FixedParameters: 0 0 0
#Transform 79
Transform: MatrixOffsetTransformBase_double_3_3
Parameters: 0.9999998765526694 -0.0006712303142061991 -0.0008204751297021121 0.0006650046107937006 0.9999745489462578 -0.007080561710029687 0.0008251875199379432 0.007080428119774704 0.9999740594332531 -0.07427423346746309 -0.04494212855647106 0.023556683432857994
FixedParameters: 0 0 0
#Transform 80
Transform: MatrixOffsetTransformBase_double_3_3
Parameters: 0.9999991267640708 -0.0009288660137570936 -0.0010056010810977802 0.0009194822217608563 0.9999620813366245 -0.008614819060081907 0.001013409125092543 0.00861417784434007 0.9999626234107131 -0.06836090305536402 -0.056010641838156516 -0.060938914856876636
FixedParameters: 0 0 0
#Transform 81
Transform: MatrixOffsetTransformBase_double_3_3
Parameters: 0.9999988009488504 -0.0010809579753693495 -0.0010148917667045846 0.0010735094666200118 0.9999736812233947 -0.007162111637319543 0.0010233283308056038 0.007160881885108411 0.9999735442358292 -0.0669539448279437 -0.10017467200579233 0.0524737971481386
FixedParameters: 0 0 0
#Transform 82
Transform: MatrixOffsetTransformBase_double_3_3
Parameters: 0.9999988608842567 -0.0013510222454425605 -0.0005607033421050661 0.0013458953482725405 0.9999628810501231 -0.008510785050014513 0.0005719668364743767 0.008510223581434453 0.9999641198399157 -0.0856742356722151 -0.051676426572200285 -0.05305845418206445
FixedParameters: 0 0 0
#Transform 83
Transform: MatrixOffsetTransformBase_double_3_3
Parameters: 0.9999999159427521 -0.0006872902491625281 -0.0007817428533332738 0.00068217680349358 0.9999724932275922 -0.007351533010760941 0.0007869304840383287 0.0073504588687839795 0.9999723468836198 -0.06330196368168117 -0.12456588177144567 0.02467241648677998
FixedParameters: 0 0 0
#Transform 84
Transform: MatrixOffsetTransformBase_double_3_3
Parameters: 0.9999990548412541 0.0004976915881644039 -0.000835492645527983 -0.0005032919581936114 0.9999731971142134 -0.0072414371142002915 0.0008314265332737561 0.0072415642931910745 0.9999739776729132 -0.07816408921972595 -0.03873152213883202 0.03867633875097454
FixedParameters: 0 0 0
#Transform 85
Transform: MatrixOffsetTransformBase_double_3_3
Parameters: 0.9999999745589995 -0.0001334420106789503 -0.00008728253895682324 0.0001327759356004783 0.9999624994866284 -0.008688016085750733 0.00008847351486504054 0.008687992684266663 0.9999625094585166 -0.12279225925196613 -0.04876006698150093 -0.028710125809098486
FixedParameters: 0 0 0
#Transform 86
Transform: MatrixOffsetTransformBase_double_3_3
Parameters: 0.9999989936798259 0.0009546573773914219 -0.0003077352795063049 -0.0009573655787488337 0.9999703401018314 -0.007590691261149737 0.0003000314257399268 0.0075903063723372355 0.9999714205268412 -0.09535389284459939 -0.08093453926115046 0.04875944766129692
FixedParameters: 0 0 0
#Transform 87
Transform: MatrixOffsetTransformBase_double_3_3
Parameters: 0.9999992839825445 0.0006947090315307171 -0.00048383170358859006 -0.0006976391569799991 0.9999676646059782 -0.007982647650281283 0.0004781436622676331 0.007982351429461368 0.9999681767185435 -0.08197069728851147 -0.0026949272389629186 -0.029660916062312026
FixedParameters: 0 0 0
#Transform 88
Transform: MatrixOffsetTransformBase_double_3_3
Parameters: 0.9999997981649528 0.00025960746958011505 -0.001064979352367 -0.0002681366410793259 0.9999723823944705 -0.0074527178115018355 0.001063106673220798 0.007453279356562606 0.9999713197974517 -0.07477918248977744 -0.08005496636609166 0.023541303028821403
FixedParameters: 0 0 0
#Transform 89
Transform: MatrixOffsetTransformBase_double_3_3
Parameters: 0.9999994356658922 0.0002830586313777829 -0.0006955239044414223 -0.00028846946981355836 0.9999754968166851 -0.007029803431737244 0.000693958250578097 0.0070302004950842795 0.9999750957864163 -0.08036011810928301 -0.02465460799048458 0.022730134708680794
FixedParameters: 0 0 0
#Transform 90
Transform: MatrixOffsetTransformBase_double_3_3
Parameters: 0.9999992092369567 0.0007899432727252454 -0.00040785550694513967 -0.0007940531406403642 0.9999623063798302 -0.00866368423321616 0.0004008105494711519 0.008664324703904644 0.9999627701406026 -0.09838618969254753 -0.0354603546846306 -0.010848096716699729
FixedParameters: 0 0 0
#Transform 91
Transform: MatrixOffsetTransformBase_double_3_3
Parameters: 0.9999995751584526 0.0007130236487399386 -0.0009572458098866983 -0.0007211339644900351 0.999964390329968 -0.008364292946925811 0.0009512760196040554 0.008364695600265731 0.9999642527065 -0.0939306259060686 -0.042601328336346 0.07841252891479655
FixedParameters: 0 0 0
#Transform 92
Transform: MatrixOffsetTransformBase_double_3_3
Parameters: 0.9999996353931351 0.0005898343089208447 0.00013027873422853697 -0.0005880247330364924 0.9999635492730719 -0.008550084272211642 -0.00013625334671646936 0.008549927291860132 0.9999638783360114 -0.09916411100888922 0.0007213456239725247 -0.03193880524999315
FixedParameters: 0 0 0
#Transform 93
Transform: MatrixOffsetTransformBase_double_3_3
Parameters: 0.999999042410576 -0.00013370048784258135 -0.001393017045174943 0.0001202146611290854 0.9999515661983961 -0.009820043605989467 0.0013936831576840602 0.009819948620422042 0.9999506067443856 -0.08485002544841791 -0.0781528681693402 -0.08041968957526535
FixedParameters: 0 0 0
#Transform 94
Transform: MatrixOffsetTransformBase_double_3_3
Parameters: 0.9999990704105584 0.00009421917017868726 -0.0009594893189955082 -0.00010309855471869116 0.99996077866741 -0.00889990809797886 0.0009586718374536454 0.008900097338847182 0.9999598685206478 -0.06656148958626318 -0.051964891182834094 -0.04073207818468916
FixedParameters: 0 0 0
#Transform 95
Transform: MatrixOffsetTransformBase_double_3_3
Parameters: 0.999998464906565 -0.0008271618489046782 -0.0013605051836313206 0.0008112542624573635 0.9999357698801938 -0.011301005977218531 0.0013699921919511529 0.011299993791026058 0.9999352841122159 -0.08070608880636598 -0.040378114146705 -0.13632935669708957
FixedParameters: 0 0 0
#Transform 96
Transform: MatrixOffsetTransformBase_double_3_3
Parameters: 0.9999991276874227 0.0002629408281251171 -0.0008962630507926544 -0.0002709828601798036 0.9999630356400168 -0.008588742123500484 0.0008937380061480096 0.008588254063688003 0.9999625646630379 -0.06612378273905506 -0.09568230520649479 -0.030772538909630498
FixedParameters: 0 0 0
#Transform 97
Transform: MatrixOffsetTransformBase_double_3_3
Parameters: 0.9999992363557699 -0.0009897614403201606 -0.000885242512170161 0.0009805691937635492 0.9999432755824872 -0.010624896947578885 0.0008958181041585593 0.010624108177594821 0.9999431942475034 -0.07780685542070387 -0.050235495331847346 -0.10602464115470411
FixedParameters: 0 0 0
#Transform 98
Transform: MatrixOffsetTransformBase_double_3_3
Parameters: 1.0000000213905111 0.0008170779210885877 -0.0005576717408092254 -0.0008223930877818771 0.9999564077422108 -0.009322551444427882 0.0005497960590690995 0.009323459289169014 0.9999567730701651 -0.09387328342486967 -0.09357091621825475 -0.06064863112483465
FixedParameters: 0 0 0
#Transform 99
Transform: MatrixOffsetTransformBase_double_3_3
Parameters: 0.9999998472929961 0.0009118857698389177 -0.0005666966388088941 -0.0009168768011647877 0.9999591081974745 -0.009002488913855383 0.0005586328550609724 0.009003517907754638 0.9999596276844297 -0.09485408103027737 -0.04892281776393759 -0.05270365793623455
FixedParameters: 0 0 0
#Transform 100
Transform: MatrixOffsetTransformBase_double_3_3
Parameters: 0.9999996066174315 0.00020368684238193056 -0.0011627915404462167 -0.00021771936606538504 0.9999303801440634 -0.011813751857092866 0.0011600817952937676 0.011814241304245993 0.9999290755244498 -0.07472824848892401 -0.05385945571646289 -0.136611233253646
FixedParameters: 0 0 0
#Transform 101
Transform: MatrixOffsetTransformBase_double_3_3
Parameters: 0.9999995324690237 0.00028295840185006357 -0.0006225372399080054 -0.0002887839075209411 0.9999600065490171 -0.008994830013696609 0.0006197160041371744 0.008995185139845097 0.999959702441769 -0.055679742325466464 -0.06699135946850276 0.0013981691468814006
FixedParameters: 0 0 0
#Transform 102
Transform: MatrixOffsetTransformBase_double_3_3
Parameters: 0.99999995586798 -0.0008521663563138666 -0.0005631989060515837 0.0008466393071418564 0.9999398537192249 -0.010928483116328574 0.0005727882626961837 0.010927518171043898 0.9999402525731079 -0.058507752135312785 -0.007846772035563276 -0.11484565099011945
FixedParameters: 0 0 0
#Transform 103
Transform: MatrixOffsetTransformBase_double_3_3
Parameters: 0.9999993818447498 -0.0009414875100750268 -0.0008552108601475407 0.000933057157371428 0.9999489555447374 -0.010058806353530902 0.0008648287068785739 0.01005719415910937 0.9999490943680197 -0.06451437130398574 -0.14196575005449574 -0.022704712017571183
FixedParameters: 0 0 0
#Transform 104
Transform: MatrixOffsetTransformBase_double_3_3
Parameters: 0.999999786374824 0.0005430095919204657 -0.0009585687343371739 -0.0005528740487182257 0.9999522361537758 -0.009719345674123775 0.0009528209258471735 0.009720651845049735 0.9999525889249058 -0.06871002061994602 -0.06345925903333693 -0.013263978524776121
FixedParameters: 0 0 0
#Transform 105
Transform: MatrixOffsetTransformBase_double_3_3
Parameters: 0.9999998345573092 0.00015965637136336613 -0.0010673085265106381 -0.00017170827968390946 0.9999398588014763 -0.01100482649153274 0.0010661917808152425 0.01100517997353287 0.9999387482298788 -0.07653723514098942 -0.04137818523304304 -0.10312832495078794
FixedParameters: 0 0 0
#Transform 106
Transform: MatrixOffsetTransformBase_double_3_3
Parameters: 0.9999999457121727 0.0005713439105107544 -0.0008532390325077311 -0.000579504442480458 0.9999564500256829 -0.009338512842691993 0.0008475259928933003 0.009339491520513013 0.999956057954147 -0.059817558880837396 -0.11668567732775159 -0.0011372529157540612
FixedParameters: 0 0 0
#Transform 107
Transform: MatrixOffsetTransformBase_double_3_3
Parameters: 0.9999987321524269 -0.001211588401991789 -0.0008947990937638755 0.00120218733257727 0.999950154743326 -0.009926107466628378 0.0009065464676195304 0.009924899306525653 0.999950541276809 -0.04593469936642691 -0.010196185526098134 -0.05067543891605908
FixedParameters: 0 0 0
#Transform 108
Transform: MatrixOffsetTransformBase_double_3_3
Parameters: 0.9999982551594592 -0.0016685816473338757 -0.0009798264046701013 0.001658886148165131 0.9999449715267715 -0.01036968522249973 0.0009967699107694605 0.010368328453174078 0.9999462451876531 -0.022393231409594705 -0.061616342318970396 -0.058574033541020754
FixedParameters: 0 0 0
#Transform 109
Transform: MatrixOffsetTransformBase_double_3_3
Parameters: 0.999998312040019 -0.0017477013784816771 -0.000795941694568479 0.0017385015860564073 0.9999316552922315 -0.011551548464433237 0.0008158066773357634 0.011549446026781623 0.999932819564889 -0.032961263871342794 0.0026261740665773914 -0.09671650447815239
FixedParameters: 0 0 0
#Transform 110
Transform: MatrixOffsetTransformBase_double_3_3
Parameters: 0.9999986951251744 -0.00140371410684849 -0.0005782983457300977 0.001398007717616408 0.9999545142943023 -0.00946796783342474 0.0005920132575096304 0.009467035449193598 0.9999549095668123 -0.0055066831665016025 -0.08383895363880356 -0.00046053286595792997
FixedParameters: 0 0 0
#Transform 111
Transform: MatrixOffsetTransformBase_double_3_3
Parameters: 0.99999806708323 -0.0015903909689355244 -0.0006365486637227019 0.0015829866865864656 0.9999459443203597 -0.01027916797153726 0.0006522597616175132 0.010277830071703811 0.9999468219223989 -0.02837083220249781 -0.017701453848701476 -0.05117854652316112
FixedParameters: 0 0 0
#Transform 112
Transform: MatrixOffsetTransformBase_double_3_3
Parameters: 0.999997868199062 -0.001704040894164118 -0.0011080487360890336 0.0016925808207113534 0.9999440242076179 -0.010409926714137055 0.0011257146827811592 0.010408064827363367 0.9999451434238836 -0.022230567428678683 -0.09222064088751836 -0.046604836602540445
FixedParameters: 0 0 0
#Transform 113
Transform: MatrixOffsetTransformBase_double_3_3
Parameters: 0.99999932561822 0.0011528512286856016 -0.000587088214752773 -0.0011591678983173493 0.9999463728057396 -0.010302440657620635 0.0005756347012013936 0.010302560060042362 0.9999466640705574 -0.06417512673266401 -0.01757910986418665 0.002148063460978733
FixedParameters: 0 0 0
#Transform 114
Transform: MatrixOffsetTransformBase_double_3_3
Parameters: 0.9999999139212978 0.0002316908471742914 -0.001015962130068595 -0.00024348684918049218 0.9999399448943564 -0.010954634004123207 0.0010134169183670693 0.010955374988243574 0.9999399376114994 -0.06594195521606139 -0.005488217448274213 -0.10031206375290935
FixedParameters: 0 0 0
#Transform 115
Transform: MatrixOffsetTransformBase_double_3_3
Parameters: 0.9999999026097873 0.0008272470639214377 -0.0006429508218057985 -0.0008331862828422292 0.9999558410176412 -0.009345453433982187 0.0006347118071596995 0.009345548262039094 0.9999563809736844 -0.06568296468313406 -0.05868083384810063 0.07292826686149567
FixedParameters: 0 0 0
#Transform 116
Transform: MatrixOffsetTransformBase_double_3_3
Parameters: 0.9999992978319749 0.0006405857149682873 -0.0005396725941828574 -0.0006451005534951765 0.9999703728200887 -0.007694657908343186 0.0005353361939050102 0.007695348974986249 0.9999704971350171 -0.020632289570642115 -0.029905151542692465 0.02751170898702071
FixedParameters: 0 0 0
#Transform 117
Transform: MatrixOffsetTransformBase_double_3_3
Parameters: 0.9999995499903004 -0.0005558396024118546 0.00037558192295081614 0.0005580838931980289 0.9999793542092569 -0.006350788264614229 -0.0003722120519519752 0.006351204756559287 0.9999795246009417 0.025443918758739414 0.05109086403685126 0.333108368266835
FixedParameters: 0 0 0
#Transform 118
Transform: MatrixOffsetTransformBase_double_3_3
Parameters: 0.9999996125285802 0.000573203048710669 0.00024246085762350106 -0.0005722502127894791 0.9999864546961085 -0.005217142833673735 -0.0002452013406520074 0.005216863531301658 0.9999867232457562 -0.005196889745590738 0.027409186492519666 0.17108835172874137
FixedParameters: 0 0 0
#Transform 119
Transform: MatrixOffsetTransformBase_double_3_3
Parameters: 0.9999996982836594 0.0010990028446078055 0.00030744123631036525 -0.0010968032907817359 0.9999849146836444 -0.00547648916963174 -0.0003132569361385664 0.005476514800100238 0.9999847990047179 -0.0003066475491948495 0.0354349377553973 0.19637441169335546
FixedParameters: 0 0 0
#Transform 120
Transform: MatrixOffsetTransformBase_double_3_3
Parameters: 0.9999993825027972 0.0007393427871467441 -0.000265807699152981 -0.0007416948173537188 0.999968859566221 -0.00784780605604174 0.00026000247436135115 0.00784819542966679 0.9999693388010656 -0.010805606857658745 0.04945997147441972 0.10098069844040936
FixedParameters: 0 0 0
#Transform 121
Transform: MatrixOffsetTransformBase_double_3_3
Parameters: 0.9999996295691381 -0.0005316932364471902 0.0002960271639860109 0.0005335289615172772 0.9999848608104942 -0.005463842852315423 -0.0002930505517619306 0.005464156600481496 0.9999850577184113 0.03469899646725594 0.041317230716003905 0.19735714842084917
FixedParameters: 0 0 0
#Transform 122
Transform: MatrixOffsetTransformBase_double_3_3
Parameters: 0.999999561444569 -0.0011419350190468847 -0.00036724579346199276 0.0011386481892432768 0.9999660212359794 -0.00817256632251491 0.00037643905798955663 0.008172425390396018 0.9999659584855629 0.006089192481510963 0.11598756179910197 0.06728833013056601
FixedParameters: 0 0 0
#Transform 123
Transform: MatrixOffsetTransformBase_double_3_3
Parameters: 0.9999999372621006 -0.0009584211926467715 -0.00037960875692907647 0.0009559021040704452 0.9999731429206028 -0.007276370577486771 0.0003860753307051727 0.007275637680510136 0.9999739124999716 0.008360534785211371 0.0032710149458523574 0.13395416618986644
FixedParameters: 0 0 0
#Transform 124
Transform: MatrixOffsetTransformBase_double_3_3
Parameters: 1.0000000353753056 -0.0008182580061338344 0.0005432820208674112 0.0008216350121814397 0.9999777936016037 -0.006597556696997006 -0.0005380189804504516 0.006598443309989224 0.9999781735968982 0.02798574068701498 0.09277484007218106 0.1342018785073975
FixedParameters: 0 0 0
#Transform 125
Transform: MatrixOffsetTransformBase_double_3_3
Parameters: 0.9999986119968594 -0.0017491942193417096 -0.000573437421633016 0.0017442262285651364 0.9999669928527769 -0.007942161994021271 0.0005875089479201484 0.00794084122170094 0.9999684821783802 0.02700808717088421 -0.00890495929273527 0.13687173532092345
FixedParameters: 0 0 0
#Transform 126
Transform: MatrixOffsetTransformBase_double_3_3
Parameters: 0.9999991597098947 -0.0009063264067720829 0.0001402016569281285 0.0009064239416941306 0.9999727416494825 -0.007309877037220677 -0.00013375985879510356 0.007310125344292748 0.9999735443927261 0.01604554298803862 0.04715782526267276 0.1506806005684922
FixedParameters: 0 0 0
#Transform 127
Transform: MatrixOffsetTransformBase_double_3_3
Parameters: 0.9999991722651557 -0.0012337803077544429 -0.0005529667818538026 0.0012289713384951843 0.9999637413553412 -0.008469819789183333 0.0005631265967120069 0.008468186607640454 0.9999639802964034 0.006028373905238027 0.03396159186058867 0.085214154808952
FixedParameters: 0 0 0
#Transform 128
Transform: MatrixOffsetTransformBase_double_3_3
Parameters: 0.9999990772778016 -0.0009566696214185123 0.00008285318145995177 0.0009577956310164853 0.9999782815295787 -0.006541051460833974 -0.00007740118216055766 0.00654094604086683 0.999978225467505 -0.0004509801453593809 0.014435792444871254 0.17572922912793842
FixedParameters: 0 0 0
#Transform 129
Transform: MatrixOffsetTransformBase_double_3_3
Parameters: 0.999998664044439 -0.001821439117075518 -0.00013260304933046494 0.001820536392949237 0.999954400604045 -0.009394516678408613 0.0001494398671620054 0.00939348542757125 0.9999557649076795 -0.02302582703146072 0.04745695887176282 0.05080877446870602
FixedParameters: 0 0 0
#Transform 130
Transform: MatrixOffsetTransformBase_double_3_3
Parameters: 0.9999995732046343 -0.001163535648297247 -0.000271018525385408 0.0011611817434778009 0.9999706757596875 -0.00754832245537862 0.0002792511541610254 0.007547682829127128 0.9999719511336655 0.01154088420149435 0.0033487688127991078 0.19047385427113284
FixedParameters: 0 0 0
#Transform 131
Transform: MatrixOffsetTransformBase_double_3_3
Parameters: 0.9999991703835664 0.0008205608249496198 0.0003953072251140473 -0.0008174828309390013 0.9999686272206697 -0.00785532550092194 -0.00040170348875470554 0.007854672715597394 0.9999691391976648 -0.0036929713166671263 0.06773516796067724 0.1779528927211942
FixedParameters: 0 0 0
#Transform 132
Transform: MatrixOffsetTransformBase_double_3_3
Parameters: 0.9999995929124841 -0.0011588335032628571 -0.00025341548620129315 0.0011564904312285752 0.9999550225011989 -0.009421321732324336 0.00026380178348290787 0.009421688877256043 0.9999560369849565 -0.006179456367476632 0.07922219635506167 0.04984876088826695
FixedParameters: 0 0 0
#Transform 133
Transform: MatrixOffsetTransformBase_double_3_3
Parameters: 0.9999990627493307 -0.000851556602725323 0.00046089143717284605 0.0008545406064830896 0.9999719144167886 -0.007505740509135023 -0.00045463382460529596 0.0075062626820434075 0.9999714666230971 0.03580784346263499 0.09982698612294882 0.14749315672484897
FixedParameters: 0 0 0
#Transform 134
Transform: MatrixOffsetTransformBase_double_3_3
Parameters: 0.9999989159082004 -0.0014410961006979558 0.0000861391139079206 0.0014417353826050208 0.9999565257350013 -0.009240020196690471 -0.00007351194496857585 0.009239991498296449 0.9999576311315148 0.0037773879896434437 0.07916424641418018 0.04035715506589099
FixedParameters: 0 0 0
#Transform 135
Transform: MatrixOffsetTransformBase_double_3_3
Parameters: 0.999999321282546 -0.0008221495247423349 0.00005583217073798549 0.0008221419004007865 0.9999723155562676 -0.007348954038012875 -0.000049696771391885196 0.007349040792819811 0.9999729886854808 0.030283812427313705 0.06660006696391463 0.20340557342390753
FixedParameters: 0 0 0
#Transform 136
Transform: MatrixOffsetTransformBase_double_3_3
Parameters: 0.9999989243386881 -0.0010298028586598728 0.00012375700746499293 0.0010307582141381299 0.9999598173212336 -0.008950009867180003 -0.00011423759775960935 0.008949996247371902 0.9999598987111907 0.012074465236764809 0.09556818226118935 0.08988617708085656
FixedParameters: 0 0 0
#Transform 137
Transform: MatrixOffsetTransformBase_double_3_3
Parameters: 0.9999991554185226 -0.0008987763802229354 -0.00018984117381782998 0.0008980756024651813 0.9999712865248086 -0.00747717119511325 0.0001969361935451799 0.007476823696004178 0.9999720562875113 0.00012531073463151188 0.03863642840525472 0.13405727821671576
FixedParameters: 0 0 0
#Transform 138
Transform: MatrixOffsetTransformBase_double_3_3
Parameters: 0.9999993870056498 0.0005548452799508308 0.0005524956567525219 -0.0005503947974352259 0.9999676549077638 -0.00801031977618051 -0.0005567309082463098 0.00801067270533963 0.999967393859377 -0.01314172767426669 0.044702090586994814 0.1862030582569787
FixedParameters: 0 0 0
#Transform 139
Transform: MatrixOffsetTransformBase_double_3_3
Parameters: 0.9999997465864942 0.0004925437226679486 0.00010350716583994767 -0.0004915937842905353 0.9999424713093448 -0.010737058547934622 -0.00010885588575772579 0.010736954040262134 0.9999427021440501 -0.023050656744146636 0.06578630514847816 0.05901970282506852
FixedParameters: 0 0 0
#Transform 140
Transform: MatrixOffsetTransformBase_double_3_3
Parameters: 0.9999996464407686 0.0004390159034096188 0.0004008361094390288 -0.00043563251280383274 0.9999622441893704 -0.00863516974520695 -0.000404892410967195 0.008634817367293102 0.9999622731198213 -0.02269517819948419 0.02265967378963296 0.19620737375463193
FixedParameters: 0 0 0
#Transform 141
Transform: MatrixOffsetTransformBase_double_3_3
Parameters: 0.9999996588734186 0.0002992434164794418 0.0005020460336904766 -0.0002941699101703419 0.9999541334585472 -0.009580149812221161 -0.0005041040639897323 0.009579851268426365 0.9999539683772029 -0.015289741517605648 0.09064135998619349 0.06644940042659186
FixedParameters: 0 0 0
#Transform 142
Transform: MatrixOffsetTransformBase_double_3_3
Parameters: 0.99999906562771 -0.000966739368029263 -0.000009261536363398484 0.0009663131905283968 0.9999586315586123 -0.009024014058133703 0.00001765222650221829 0.0090239880368366 0.9999595655442738 -0.003645734905006748 0.02172869458229343 0.12385629326449532
FixedParameters: 0 0 0
#Transform 143
Transform: MatrixOffsetTransformBase_double_3_3
Parameters: 1.0000000755565857 -0.000942611937022321 0.00019061191379473585 0.000943917247552823 0.9999562102900664 -0.009320950582272655 -0.000181819674104152 0.009321043063614837 0.9999560994291846 0.01945385781624509 0.07468025289129798 0.17949023876499837
FixedParameters: 0 0 0
#Transform 144
Transform: MatrixOffsetTransformBase_double_3_3
Parameters: 0.999999138932137 0.0005957225321835243 0.0007114474398080262 -0.0005888822544648578 0.9999509730970441 -0.009883422163964803 -0.0007171537404699118 0.009882575972565241 0.9999508136630605 -0.028783801369414164 0.016360298168720533 0.0633610218733196
FixedParameters: 0 0 0
#Transform 145
Transform: MatrixOffsetTransformBase_double_3_3
Parameters: 0.9999997386241906 0.0009803999554623367 0.0005472891208690861 -0.0009763126788144087 0.9999656316868454 -0.00827066874895395 -0.0005557481546598964 0.008269330742643813 0.9999653187599253 -0.003073589194031001 0.05915552635677557 0.22088368423722216
FixedParameters: 0 0 0
#Transform 146
Transform: MatrixOffsetTransformBase_double_3_3
Parameters: 0.9999990175561383 -0.0009454385053781052 0.0002981171775358354 0.000948246915971814 0.9999459234526238 -0.010399855429587088 -0.0002880756924802613 0.010400151649800682 0.9999457681271164 0.002953816926734021 0.0940641666230988 -0.0614012972509812
FixedParameters: 0 0 0
#Transform 147
Transform: MatrixOffsetTransformBase_double_3_3
Parameters: 0.999999076270709 -0.0012795486528999276 0.0005343430221175006 0.0012855849858102182 0.9999468456910803 -0.010264442238040072 -0.0005215011642013161 0.01026457171437102 0.9999475048642802 0.028109931776555186 0.018150111538190572 0.012330028720342057
FixedParameters: 0 0 0
#Transform 148
Transform: MatrixOffsetTransformBase_double_3_3
Parameters: 0.9999993920666858 -0.001265653247930747 0.00007757804623717379 0.0012663827723607478 0.9999482947125296 -0.01005403031035726 -0.00006513963377286436 0.010053952171772185 0.9999489265082652 0.04037931747677703 -0.0875009206750974 0.07976016861844926
FixedParameters: 0 0 0
#Transform 149
Transform: MatrixOffsetTransformBase_double_3_3
Parameters: 0.9999993191304857 0.0004600483699900314 0.0006850435538083045 -0.0004531826307091601 0.9999459403791395 -0.010385311999764724 -0.0006895177142321813 0.01038468433037193 0.9999456764867681 -0.01747982035605844 0.03854204953601936 0.1758653177196976
FixedParameters: 0 0 0
#Transform 150
Transform: MatrixOffsetTransformBase_double_3_3
Parameters: 0.9999993726595702 0.0007857099245336144 -0.00010033835944548695 -0.0007866971959004818 0.999936415537979 -0.01126705104870103 0.00009154449143817438 0.01126694308480608 0.999936058511977 -0.008907582170891715 0.03563131108637663 -0.021788269557120543
FixedParameters: 0 0 0
#Transform 151
Transform: MatrixOffsetTransformBase_double_3_3
Parameters: 0.9999992274154821 0.0008376511519685495 0.0002660162486542409 -0.0008351801042483084 0.9999496775438433 -0.009981225939539928 -0.0002742595335346698 0.009980774026569925 0.9999503041490616 -0.017618380989006255 0.028826779980832384 0.11098627864272714
FixedParameters: 0 0 0
#Transform 152
Transform: MatrixOffsetTransformBase_double_3_3
Parameters: 0.9999999741461275 0.0009852328680081816 0.000234658224535577 -0.000982412796353257 0.999934364094729 -0.011387234315982458 -0.00024662803192698827 0.011386760790323677 0.9999352740956307 -0.012440749740477486 0.06615639482819802 -0.007952174352595875
FixedParameters: 0 0 0
#Transform 153
Transform: MatrixOffsetTransformBase_double_3_3
Parameters: 0.9999997386230886 0.00040589066090736785 0.0003108724106618056 -0.0004027136986809732 0.9999439181751578 -0.010579126059984553 -0.0003149389813427464 0.010578873028781383 0.9999439836980754 -0.021048131299892248 -0.000009292691800055763 0.10578753060870838
FixedParameters: 0 0 0
#Transform 154
Transform: MatrixOffsetTransformBase_double_3_3
Parameters: 0.9999996591934712 0.0011105207269590585 0.00032697789082091367 -0.001107414038302976 0.9999363890189876 -0.011241498661762675 -0.0003392299782830642 0.011240501012238849 0.9999365419476606 -0.02141312216841129 0.07670812635275581 0.14646630950649353
FixedParameters: 0 0 0
#Transform 155
Transform: MatrixOffsetTransformBase_double_3_3
Parameters: 0.9999993680693061 -0.0007947021993913396 -0.00003156605465406608 0.0007934541713315647 0.9999180553218272 -0.012740021048500763 0.000041755024736546276 0.012739962810082064 0.9999186845290484 -0.008862047577835597 0.021973108867769042 -0.10184753370624833
FixedParameters: 0 0 0
#Transform 156
Transform: MatrixOffsetTransformBase_double_3_3
Parameters: 0.9999985202959684 -0.0016942447038130622 -0.0007802743738571905 0.001682629704014282 0.9998889575365285 -0.01480948448322185 0.0008055225029634491 0.014807513911319181 0.9998899550102022 0.014140367494604789 -0.04151069483143033 -0.1708571463483679
FixedParameters: 0 0 0
#Transform 157
Transform: MatrixOffsetTransformBase_double_3_3
Parameters: 0.9999995057341893 -0.001215340330431696 -0.0001335244478538109 0.0012131683898477033 0.9999294457903863 -0.011793172844578925 0.000147893059036524 0.011792831107712537 0.9999309004239226 0.01813617920578281 -0.20306161286524116 -0.014933976710381103
FixedParameters: 0 0 0
#Transform 158
Transform: MatrixOffsetTransformBase_double_3_3
Parameters: 0.9999982917553609 -0.0015421604918091536 -0.0005741690336657714 0.0015339304576713379 0.9998994327492035 -0.014118050991529518 0.0005963333116327391 0.014116957709045239 0.9999002311378804 0.007286178096194362 -0.14156616038516745 -0.11486770325365114
FixedParameters: 0 0 0
#Transform 159
Transform: MatrixOffsetTransformBase_double_3_3
Parameters: 0.9999994312365796 -0.001248363286672749 0.0001000897347905935 0.0012496416724860424 0.99994248231556 -0.010627886005815032 -0.00008655946710646657 0.010628119132108649 0.999944033630391 -0.004788280901053099 -0.18310756046382437 0.0791068426150332
FixedParameters: 0 0 0
#Transform 160
Transform: MatrixOffsetTransformBase_double_3_3
Parameters: 0.9999986445582705 -0.0015345835000476053 -0.000012856147829773081 0.0015345188855365084 0.9999208714719968 -0.012480164660409812 0.00003193103099615835 0.01247983710297132 0.9999222599508102 0.00159743025427872 -0.06713948889445476 -0.07439067404787636
FixedParameters: 0 0 0
#Transform 161
Transform: MatrixOffsetTransformBase_double_3_3
Parameters: 0.9999986434311064 -0.0015344808403722958 -0.000047643659644478164 0.0015335897062065014 0.9999247790447396 -0.012205244172303523 0.00006586335604396015 0.012205777139456378 0.9999259043932011 0.0035206545282875368 -0.12400152180352109 -0.05833886935356247
FixedParameters: 0 0 0
#Transform 162
Transform: MatrixOffsetTransformBase_double_3_3
Parameters: 0.9999981402506628 -0.0016734825526875594 0.00024277902868358718 0.0016761961387250313 0.9999333274998908 -0.011394735568493825 -0.00022443710580587442 0.011395259279110823 0.9999351121432098 0.006752412985676415 -0.037155826705898676 -0.03865040781434459
FixedParameters: 0 0 0
#Transform 163
Transform: MatrixOffsetTransformBase_double_3_3
Parameters: 0.9999981343603398 -0.0016806700508254881 0.00019972880928838032 0.0016835864675108273 0.9999313163613951 -0.011610936263893326 -0.00017963302131840484 0.01161105678245676 0.9999321781563121 -0.003734667573425554 -0.04613944829155514 -0.08621807407739368
FixedParameters: 0 0 0
#Transform 164
Transform: MatrixOffsetTransformBase_double_3_3
Parameters: 0.9999992601174048 -0.001296894308995861 0.0002417439640631925 0.001298983132087654 0.9999479276046676 -0.010166831957571995 -0.00022810921487993057 0.010167182985985498 0.9999485911504141 0.01140393565125919 -0.005956044900912616 0.015924554648165667
FixedParameters: 0 0 0
#Transform 165
Transform: MatrixOffsetTransformBase_double_3_3
Parameters: 0.9999999493392181 0.000009057570622390571 0.0002249954737714932 -0.000005796619176952565 0.9999321563038576 -0.011655003130763078 -0.00022490754095084853 0.011654999780876432 0.9999321057212427 -0.051435541599786916 -0.0012476426738459168 -0.09032664781803135
FixedParameters: 0 0 0
#Transform 166
Transform: MatrixOffsetTransformBase_double_3_3
Parameters: 0.9999998610153952 0.00032617811866384247 0.00018136345946463602 -0.0003232020143299889 0.9999262372145762 -0.012110050660029376 -0.00018500088755747315 0.012109931690844414 0.9999263090504262 -0.04074958813095009 -0.059668791460381954 0.008425936607835638
FixedParameters: 0 0 0
#Transform 167
Transform: MatrixOffsetTransformBase_double_3_3
Parameters: 0.9999986937036063 -0.0014235161730402593 0.0005299731553539811 0.0014333763964032705 0.9998000843876874 -0.019969522321927974 -0.0005007533767962475 0.019970477152080293 0.9997999275300169 -0.04760232790954433 -0.2092885467921093 -0.4842907463727215
FixedParameters: 0 0 0
#Transform 168
Transform: MatrixOffsetTransformBase_double_3_3
Parameters: 0.9999972986073937 -0.002165844572338837 -0.0001023705657293018 0.0021637754875180317 0.9998479778647646 -0.017274524475961645 0.0001395710876113547 0.017274448954144123 0.9998504592693483 -0.03142379123288208 -0.31976372921320717 -0.5212282973901097
FixedParameters: 0 0 0
#Transform 169
Transform: MatrixOffsetTransformBase_double_3_3
Parameters: 0.9999989777355739 -0.0012839974083148462 0.0006110847601805118 0.0012901721107071073 0.9999515190451389 -0.009787352682140912 -0.0005982548375321872 0.009788650419387188 0.9999518440858862 0.04248496545712044 -0.46322709736094225 -0.0048827124587660364
FixedParameters: 0 0 0
#Transform 170
Transform: MatrixOffsetTransformBase_double_3_3
Parameters: 0.9999998556811299 0.00034470703007748464 0.0001598908458140238 -0.0003424800782987771 0.9999018739989481 -0.014035184301443876 -0.00016418713660131724 0.014034814116205552 0.9999009998379329 -0.02524646791903251 -0.392524206069254 -0.12205214805373998
FixedParameters: 0 0 0
#Transform 171
Transform: MatrixOffsetTransformBase_double_3_3
Parameters: 0.9999999746419713 -0.00001924336341019275 0.00015846034861395302 0.000020851699779186455 0.9998946226173463 -0.01450399123255637 -0.00015748712900765492 0.01450399755665685 0.9998945980233931 -0.03725403902500091 -0.26271358893234265 -0.09486544556537524
FixedParameters: 0 0 0
#Transform 172
Transform: MatrixOffsetTransformBase_double_3_3
Parameters: 0.9999989942310242 -0.0014059912276978405 -0.00017253444644943692 0.0014027537056045848 0.9998873918477984 -0.01492037712564638 0.00019297024042077738 0.014919604957251906 0.999888364848056 -0.021607871804107504 -0.22348753509659502 -0.17692724327520182
FixedParameters: 0 0 0
#Transform 173
Transform: MatrixOffsetTransformBase_double_3_3
Parameters: 0.9999990826508517 -0.0013829472316888134 0.00006555729596350896 0.0013840839010178607 0.999909339725734 -0.013406055716417328 -0.000046567808734799984 0.013405952024982362 0.9999102848258323 -0.00602268711766385 -0.15742414917571068 -0.09945653804713572
FixedParameters: 0 0 0
#Transform 174
Transform: MatrixOffsetTransformBase_double_3_3
Parameters: 0.9999985464534168 -0.0015560821153551502 0.0001811467455779019 0.0015577440419094206 0.9999217493066987 -0.012441874487627944 -0.00016223191130109542 0.012442150286116796 0.9999231779379996 0.0005234680940162661 -0.0392118305256588 -0.11142940388475608
FixedParameters: 0 0 0
#Transform 175
Transform: MatrixOffsetTransformBase_double_3_3
Parameters: 0.9999990908102244 -0.0017057433144619782 -0.00002056396679042739 0.001704838945933611 0.9999056706174024 -0.013616186201476643 0.00004380983025046545 0.013615817585364579 0.999907611772092 -0.014943335165057192 -0.10112400047283643 -0.17228489190891594
FixedParameters: 0 0 0
#Transform 176
Transform: MatrixOffsetTransformBase_double_3_3
Parameters: 0.999999003114441 -0.0013170192444417342 0.0005117380653153779 0.0013228326162405737 0.9999436093554337 -0.01051745634583795 -0.0004974599527491822 0.010518529628457424 0.9999441310287267 -0.019032903509383914 -0.04350895291140944 -0.07775381442260709
FixedParameters: 0 0 0
#Transform 177
Transform: MatrixOffsetTransformBase_double_3_3
Parameters: 0.9999983914009377 -0.0016112069913981264 0.0001151296937248225 0.0016122695173512807 0.9999067740955061 -0.013549962614490596 -0.00009240032803138962 0.013550038281845214 0.9999083951972615 -0.04253200344732022 -0.13042933958469405 -0.1493871266872162
FixedParameters: 0 0 0
#Transform 178
Transform: MatrixOffsetTransformBase_double_3_3
Parameters: 0.9999995516810392 0.00005452353306745866 0.0006670947100971484 -0.000045625114938010564 0.9999092921036825 -0.013442904762925895 -0.0006682578221738356 0.013443096700072474 0.9999098146891311 -0.1057056249416064 -0.2731496825965394 -0.15110023791217486
FixedParameters: 0 0 0
#Transform 179
Transform: MatrixOffsetTransformBase_double_3_3
Parameters: 0.9999979572154387 0.0016463337029828386 0.001154097677757363 -0.0016325765848127405 0.9999251856517185 -0.012140949976257392 -0.0011738402011252898 0.012139065130731305 0.9999260010213753 -0.12919526675455018 -0.27520356201617346 -0.07127764559251659
FixedParameters: 0 0 0
#Transform 180
Transform: MatrixOffsetTransformBase_double_3_3
Parameters: 0.9999997973726258 0.00011875982107747388 0.00043418182792800584 -0.00011082391888070744 0.9998361824971161 -0.018077033581479177 -0.0004362967040106777 0.018076933635935974 0.9998360061768741 -0.12479903312154761 -0.3391582277917138 -0.4386030738266129
FixedParameters: 0 0 0
#Transform 181
Transform: MatrixOffsetTransformBase_double_3_3
Parameters: 0.9999996295210128 -0.00017040749287167183 0.001158292950621795 0.0001917728863363636 0.9998279066302588 -0.01857479532778039 -0.0011547724585246931 0.018575214225359044 0.9998266016936145 -0.12347561013518771 -0.4027360019069448 -0.376758328164712
FixedParameters: 0 0 0
#Transform 182
Transform: MatrixOffsetTransformBase_double_3_3
Parameters: 0.9999983590136904 -0.0018994401091693006 0.0001811641536169148 0.0019029293399077777 0.9997817893608346 -0.020820964854952384 -0.00014190527841040286 0.0208210614845208 0.9997834462454598 -0.09719793440297053 -0.45627429465659475 -0.5886063071096146
FixedParameters: 0 0 0
#Transform 183
Transform: MatrixOffsetTransformBase_double_3_3
Parameters: 0.9999963466617411 -0.0024928828897909957 0.0006622704200134649 0.002503130627945241 0.9998674643742695 -0.016095775986873437 -0.0006228348635343931 0.016097244000852842 0.9998706529091352 -0.02992214864724474 -0.44222939625522883 -0.2571635616019563
FixedParameters: 0 0 0
#Transform 184
Transform: MatrixOffsetTransformBase_double_3_3
Parameters: 0.9999968124013268 -0.0022743145109283313 0.0010067285346017215 0.0022921018278907533 0.999849029435433 -0.01724510790628893 -0.0009671835609339355 0.01724690679355377 0.9998508885229467 -0.09594831301753004 -0.3477968250457195 -0.2660333040716978
FixedParameters: 0 0 0
#Transform 185
Transform: MatrixOffsetTransformBase_double_3_3
Parameters: 0.9999972567755439 -0.001981987015608613 0.0009026519191727923 0.0019966921259716853 0.999864146128089 -0.016391493029293325 -0.0008698307676013847 0.016393535769467782 0.9998656453172242 -0.08096326939561038 -0.25850870993149044 -0.24181011423321763
FixedParameters: 0 0 0
#Transform 186
Transform: MatrixOffsetTransformBase_double_3_3
Parameters: 0.999996395433039 -0.0025683679579054305 0.00008792239085744725 0.002569653187626792 0.9998354403722665 -0.017972250557545727 -0.00004183076677193638 0.017972773381910667 0.9998388798748153 -0.05230430332281344 -0.2994176671255815 -0.3219142252685572
FixedParameters: 0 0 0
#Transform 187
Transform: MatrixOffsetTransformBase_double_3_3
Parameters: 0.9999977667773184 -0.0022778526838896254 0.00020957912454250374 0.002281238955408823 0.999870046095561 -0.01595894674114043 -0.00017276888954223255 0.015959041914654193 0.9998723083967366 -0.045565652867708195 -0.2031037913222633 -0.20731710137518178
FixedParameters: 0 0 0
#Transform 188
Transform: MatrixOffsetTransformBase_double_3_3
Parameters: 0.9999978399441979 -0.00198574176480676 0.0004674144214433933 0.0019928136292506715 0.9998472327348413 -0.01733833378720777 -0.0004326054056955159 0.01733864072490572 0.9998493146677866 -0.054459503760625694 -0.165538861080762 -0.25919417651107324
FixedParameters: 0 0 0
#Transform 189
Transform: MatrixOffsetTransformBase_double_3_3
Parameters: 0.9999976172336753 -0.002052768562444552 0.0004103929854243751 0.0020602769564083464 0.9998245541390355 -0.018631465805600225 -0.0003721572717537921 0.018632557632204255 0.9998266987816185 -0.06295106865641742 -0.21700429169710844 -0.39250577964062927
FixedParameters: 0 0 0
#Transform 190
Transform: MatrixOffsetTransformBase_double_3_3
Parameters: 0.9999978507885422 -0.0022242124515445315 0.00044896333482052843 0.0022314063943233045 0.9998658244133852 -0.016248417610843405 -0.00041298378854251873 0.016248595598301607 0.9998679631201339 -0.053125785742210496 -0.17797603611747093 -0.2320314174750706
FixedParameters: 0 0 0
#Transform 191
Transform: MatrixOffsetTransformBase_double_3_3
Parameters: 0.9999964176107294 -0.002565349511561626 -0.000047002097880339774 0.0025637734667238662 0.999835247539667 -0.01797859313727275 0.0000927034584192627 0.017978424272750912 0.9998386635233543 -0.050105440229742726 -0.2751179111091915 -0.3627010329460205
FixedParameters: 0 0 0
#Transform 192
Transform: MatrixOffsetTransformBase_double_3_3
Parameters: 0.9999974795752811 -0.0019369809357010041 0.0008765062924456118 0.0019503574076334767 0.9998813063093145 -0.015287566650629192 -0.0008466312074597148 0.01528943248967743 0.9998826689662093 -0.06361897726009147 -0.2760316943419099 -0.1727935042324873
FixedParameters: 0 0 0
#Transform 193
Transform: MatrixOffsetTransformBase_double_3_3
Parameters: 0.9999983869331683 -0.0018713601181653786 0.00033273557244760854 0.0018772450760006615 0.9998410487195021 -0.017702532741809857 -0.0002989558104977057 0.0177034579914835 0.9998434962774758 -0.05057608678816905 -0.27760760512083493 -0.33322126488285164
FixedParameters: 0 0 0
#Transform 194
Transform: MatrixOffsetTransformBase_double_3_3
Parameters: 0.9999981885809158 -0.0018281337726266669 0.0006845974206195833 0.001839461669492177 0.999856311453408 -0.016856013478128554 -0.0006545742750843429 0.016856985843644853 0.9998575530389255 -0.05053098352580321 -0.36393726688788774 -0.28503944572815954
FixedParameters: 0 0 0
#Transform 195
Transform: MatrixOffsetTransformBase_double_3_3
Parameters: 0.9999989181653837 -0.0014584101641952015 0.0009767011008180349 0.001474854632241515 0.9998641634136091 -0.016446712365512484 -0.0009526641892986912 0.016448317475906013 0.9998646767361372 -0.06605291365747235 -0.308385415235918 -0.24745695180942562
FixedParameters: 0 0 0
#Transform 196
Transform: MatrixOffsetTransformBase_double_3_3
Parameters: 0.9999978634920632 -0.0019723444672422588 0.0004972323977123348 0.00198001055594003 0.9998610450652481 -0.016582323795324413 -0.0004638813968443151 0.016583705606913787 0.9998627877762343 -0.04829850160089677 -0.30979962702511443 -0.2905953243717647
FixedParameters: 0 0 0
#Transform 197
Transform: MatrixOffsetTransformBase_double_3_3
Parameters: 0.999998801423048 -0.0005527564024062066 0.0013756322633366681 0.0005749076337018381 0.9998734904948772 -0.015876077315356563 -0.0013670146199943364 0.0158769166856685 0.9998731524699432 -0.05260495542160015 -0.2018704473077264 -0.1639578226146483
FixedParameters: 0 0 0
#Transform 198
Transform: MatrixOffsetTransformBase_double_3_3
Parameters: 0.9999992018727264 -0.0006670818591526064 0.001163585030320132 0.0006873805360326461 0.9998432211877807 -0.017696197464172655 -0.0011510140412424748 0.017696799172105593 0.9998425991941983 -0.07155134275693342 -0.1693724618658905 -0.37744038318788853
FixedParameters: 0 0 0
#Transform 199
Transform: MatrixOffsetTransformBase_double_3_3
Parameters: 0.999997116577361 -0.0007442203820196439 0.0020808010469020675 0.0007718824054432022 0.9999075623564757 -0.013550132979278068 -0.002070611386971819 0.013551865886365255 0.9999062777243523 -0.07629333552871742 -0.13838131664316222 -0.0687488449311644
FixedParameters: 0 0 0
#Transform 200
Transform: MatrixOffsetTransformBase_double_3_3
Parameters: 0.9999970340134414 -0.00211685096052781 0.000695869833809923 0.0021283677479914864 0.9998655917461897 -0.016238797435090616 -0.000660842293121452 0.01624019383602647 0.9998679642543639 -0.06989775458866632 -0.09262159951651938 -0.22863301534070501
FixedParameters: 0 0 0
#Transform 201
Transform: MatrixOffsetTransformBase_double_3_3
Parameters: 0.9999970815355788 -0.0021677032429240043 0.0011035477577831638 0.0021846751424569894 0.999887168617308 -0.014857861366787087 -0.001071145421751961 0.014860144690902674 0.9998893080360906 -0.060540860223056825 -0.17918149693248608 -0.1540755693352054
FixedParameters: 0 0 0
#Transform 202
Transform: MatrixOffsetTransformBase_double_3_3
Parameters: 0.9999974640703229 0.0017168978657473891 0.00160912432415033 -0.001690814995268367 0.9998715273827641 -0.015933675668952207 -0.0016358395514712014 0.01593033701986106 0.9998722463164328 -0.1252729998022346 -0.14324004620951314 -0.12476240738220667
FixedParameters: 0 0 0
#Transform 203
Transform: MatrixOffsetTransformBase_double_3_3
Parameters: 0.9999978388332963 0.0016449290986276094 0.0012065998298917207 -0.00162281950886238 0.9998403672795343 -0.017811041657676538 -0.0012357624132695586 0.017808982657709457 0.9998410279461033 -0.15330851036921445 -0.24673763204918941 -0.18323140322897302
FixedParameters: 0 0 0
#Transform 204
Transform: MatrixOffsetTransformBase_double_3_3
Parameters: 0.9999971068569619 0.0017129396580357126 0.001719996948735697 -0.0016856743757935751 0.99987276869163 -0.015863857654806995 -0.0017470597271301183 0.01586015634153426 0.9998730994582102 -0.13046793532807044 -0.22301098705626998 -0.07988073005202523
FixedParameters: 0 0 0
#Transform 205
Transform: MatrixOffsetTransformBase_double_3_3
Parameters: 0.999997343940453 0.0015595745777512455 0.0014909083861413428 -0.0015372130979463814 0.9998845303472759 -0.015148381434686706 -0.0015145971690235897 0.015146625224918789 0.9998838931199377 -0.12690794077145995 -0.15956790993297432 -0.09919785526875557
FixedParameters: 0 0 0
#Transform 206
Transform: MatrixOffsetTransformBase_double_3_3
Parameters: 0.9999986103043065 0.0007126049575791713 0.0013720951456579215 -0.0006890719854886756 0.9998591568663601 -0.01674784150599465 -0.001383515709551719 0.016747134864005378 0.9998584566465977 -0.129353193331454 -0.21669605435998562 -0.23160145095656048
FixedParameters: 0 0 0
#Transform 207
Transform: MatrixOffsetTransformBase_double_3_3
Parameters: 0.999999956227156 0.00042481234217177003 0.0009287365895011235 -0.0004097495935096566 0.9998670856311677 -0.01630138478897486 -0.0009362875900279811 0.016300606481007965 0.9998663900886104 -0.0968127239187595 -0.22417546906756058 -0.0936751709613759
FixedParameters: 0 0 0
#Transform 208
Transform: MatrixOffsetTransformBase_double_3_3
Parameters: 0.9999988271382116 -0.000044546059038881575 0.0014734368389257484 0.00006789976490641061 0.9998691718300947 -0.016180789286906916 -0.001472450369315319 0.01618121373242158 0.9998679711722136 -0.10621953276712759 -0.13976167266767447 -0.1970781623866742
FixedParameters: 0 0 0
#Transform 209
Transform: MatrixOffsetTransformBase_double_3_3
Parameters: 0.9999987245681969 -0.0003447722246007929 0.0014686672370008236 0.0003687296162403274 0.9998601682155823 -0.016690318823430722 -0.0014625480526057966 0.01669065749246762 0.9998593720439484 -0.08508061223017194 -0.24195838872918785 -0.22524271769381699
FixedParameters: 0 0 0
#Transform 210
Transform: MatrixOffsetTransformBase_double_3_3
Parameters: 0.999998300541409 0.00009223237730926877 0.0019209981310489232 -0.0000637755056729818 0.9998873206647864 -0.014985867972285571 -0.001922525243881756 0.014985119840653954 0.9998858240060267 -0.09100845390224777 -0.1468405688121237 -0.10522723447161297
FixedParameters: 0 0 0
#Transform 211
Transform: MatrixOffsetTransformBase_double_3_3
Parameters: 0.9999997228856443 0.00008163517485508973 0.0011272495578393046 -0.00006200468019789761 0.999861036811736 -0.01667195757932617 -0.0011282864377540178 0.016672054383721796 0.9998607358938969 -0.06741830024847673 -0.1381633506665736 -0.243652452886451
FixedParameters: 0 0 0
#Transform 212
Transform: MatrixOffsetTransformBase_double_3_3
Parameters: 0.9999975200096415 0.0016534483040026946 0.0013211035766980015 -0.0016303067062225676 0.999846764459414 -0.017462258569774833 -0.0013501370346445472 0.017460770146663113 0.9998468999113591 -0.11748683902590074 -0.23594932730738094 -0.12848963467621388
FixedParameters: 0 0 0
#Transform 213
Transform: MatrixOffsetTransformBase_double_3_3
Parameters: 0.9999991327832172 0.00019873003582540996 0.0009096787702778563 -0.0001844408030009463 0.9998646509385584 -0.016471179114580195 -0.0009129105555098793 0.016470829897553538 0.9998638570913119 -0.11148956789590159 -0.16412402190741204 -0.1972618581330039
FixedParameters: 0 0 0
#Transform 214
Transform: MatrixOffsetTransformBase_double_3_3
Parameters: 0.9999996465148525 -0.00006956278731533417 0.0011615188502088762 0.00008777336923736893 0.9998837156132355 -0.015272909078932487 -0.0011598710509893725 0.015273091702069225 0.999882374464581 -0.10643370605451707 -0.23066132519508642 -0.180706795446838
FixedParameters: 0 0 0
#Transform 215
Transform: MatrixOffsetTransformBase_double_3_3
Parameters: 0.999998732098971 0.00017223424884272047 0.001495818973220983 -0.00015037947941451944 0.9998976621454817 -0.014294105128520557 -0.0014986811027038703 0.014293880871919476 0.999896412174852 -0.056401212509200604 -0.12675030506443363 -0.12668751753113838
FixedParameters: 0 0 0
#Transform 216
Transform: MatrixOffsetTransformBase_double_3_3
Parameters: 0.999999431133544 -0.00011213517991995095 0.0012477169722984796 0.00013152375412960645 0.9998794478950743 -0.015540843091673862 -0.0012454157708808053 0.015541146839777725 0.9998779086736583 -0.0744723711467401 -0.23180282443929912 -0.22398849235423768
FixedParameters: 0 0 0
#Transform 217
Transform: MatrixOffsetTransformBase_double_3_3
Parameters: 0.9999983502683704 -0.00045463944131071546 0.001563214071581051 0.00047717325616417685 0.9998978987238599 -0.014274125165060922 -0.0015560941275750736 0.014274871435016476 0.9998969078609964 -0.05951492577121087 -0.15413021671452043 -0.11933605807296033
FixedParameters: 0 0 0
#Transform 218
Transform: MatrixOffsetTransformBase_double_3_3
Parameters: 0.9999984986165148 -0.0007176905745396054 0.0014093415559365066 0.0007382433267627838 0.9998864288840034 -0.015029829221246654 -0.0013987266234080878 0.015031166395629125 0.999886212133543 -0.06235160361092085 -0.1250594503079725 -0.17616336696056578
FixedParameters: 0 0 0
#Transform 219
Transform: MatrixOffsetTransformBase_double_3_3
Parameters: 0.9999998424536244 0.00006395714332511948 0.001074124780432953 -0.00004747998866489614 0.9998856887339672 -0.015109931791470674 -0.0010747116866535163 0.0151100708646357 0.9998855032810947 -0.07069868855406014 -0.1871087019370492 -0.11905680813924846
FixedParameters: 0 0 0
#Transform 220
Transform: MatrixOffsetTransformBase_double_3_3
Parameters: 0.9999987555350951 0.0005438104937552388 0.001396222535831071 -0.0005237467911232331 0.999906216288797 -0.013661623745759757 -0.001403370415945681 0.013661354044528937 0.999905248757935 -0.06325206418776474 -0.06980434905966604 -0.10686702781632107
FixedParameters: 0 0 0
#Transform 221
Transform: MatrixOffsetTransformBase_double_3_3
Parameters: 0.9999988661706968 -0.0009207432096829385 0.0011340861238418405 0.0009379619901675875 0.999884078831857 -0.01516280582487596 -0.001119805203059477 0.01516419349127994 0.9998848972025853 -0.07948653830062824 -0.1429920352400842 -0.18484813317586202
FixedParameters: 0 0 0
#Transform 222
Transform: MatrixOffsetTransformBase_double_3_3
Parameters: 0.9999990797748028 -0.0005300508060973008 0.0012803303754956843 0.0005489871998190281 0.9998944038042211 -0.014531292060932607 -0.0012723449916168944 0.014531703417378847 0.9998933245515761 -0.056990526951935294 -0.11155698710025774 -0.08864817025137484
FixedParameters: 0 0 0
#Transform 223
Transform: MatrixOffsetTransformBase_double_3_3
Parameters: 0.9999995809480459 0.0004997881455418085 0.0010817719460698193 -0.00048291035109350477 0.999884299543425 -0.015181400948396123 -0.0010885234622497984 0.015180593325970923 0.999884329246496 -0.053503062033499305 -0.0987744552892309 -0.1843682476034445
FixedParameters: 0 0 0
#Transform 224
Transform: MatrixOffsetTransformBase_double_3_3
Parameters: 0.999999361892179 -0.0003413533737636257 0.0012336972380130734 0.00036033339782564017 0.9998889046814229 -0.014927555700476505 -0.001227943337714089 0.014927453468036742 0.9998877715496718 -0.06280220540486425 -0.1539583009505492 -0.13509035225214916
FixedParameters: 0 0 0
#Transform 225
Transform: MatrixOffsetTransformBase_double_3_3
Parameters: 0.9999988681560259 0.0003689776688409978 0.0014125082439179252 -0.00034861719621504764 0.9999010424037106 -0.01410540861718132 -0.0014180374152594434 0.014105617704208331 0.9998998751135963 -0.0439516177425503 -0.08928912104657627 -0.0894020005991365
FixedParameters: 0 0 0
#Transform 226
Transform: MatrixOffsetTransformBase_double_3_3
Parameters: 0.9999999743256643 3.616847302073678e-7 0.001012871451357725 0.000016126987220426814 0.9998707408311248 -0.01610099560056924 -0.0010125120379310042 0.016101011557102557 0.9998697152366083 -0.05218003701730822 -0.11776713686003859 -0.18605178495747055
FixedParameters: 0 0 0
#Transform 227
Transform: MatrixOffsetTransformBase_double_3_3
Parameters: 0.9999985994270366 0.00026094738895170866 0.001825450657439894 -0.0002362959362901669 0.999904550665622 -0.01379919431296217 -0.0018289187716825498 0.013798803342275276 0.999903205537766 -0.0667289937308908 -0.0649124499202145 -0.0881279277927689
FixedParameters: 0 0 0
#Transform 228
Transform: MatrixOffsetTransformBase_double_3_3
Parameters: 0.9999992014371538 -0.00041357929074736923 0.0012758446604708537 0.00043244232061385047 0.9998835428696667 -0.015272459299725122 -0.0012693656144654043 0.015273536001927185 0.9998821021625119 -0.06293079465123697 -0.12069314221290028 -0.1616930383246995
FixedParameters: 0 0 0
#Transform 229
Transform: MatrixOffsetTransformBase_double_3_3
Parameters: 0.9999987490952102 0.0007069104458634077 0.0013236635059318453 -0.0006877956034435212 0.9998980299629722 -0.01426580239371257 -0.0013330178797043165 0.01426420846613094 0.9998977175923403 -0.043747281407462424 -0.13305817403166031 -0.07998941742530974
FixedParameters: 0 0 0
#Transform 230
Transform: MatrixOffsetTransformBase_double_3_3
Parameters: 0.9999993496413385 0.0004455483200111371 0.0006717616452765206 -0.0004362542123904918 0.9999044770563389 -0.013836317601046658 -0.0006786923284886526 0.013836688067781114 0.9999039566519445 -0.03148201841462139 -0.027651308588446 -0.11263811247636113
FixedParameters: 0 0 0
#Transform 231
Transform: MatrixOffsetTransformBase_double_3_3
Parameters: 0.9999987456992983 0.00044284901225684364 0.0014347751686353235 -0.00042091979003243385 0.9998815181466612 -0.015372485091455987 -0.0014410858978605578 0.015371501789085529 0.9998806027983261 -0.07308330932340823 -0.1173014576555289 -0.10261847514343003
FixedParameters: 0 0 0
#Transform 232
Transform: MatrixOffsetTransformBase_double_3_3
Parameters: 0.9999952972192216 0.0013904929526309005 0.002787619681320354 -0.0013539720944656776 0.9999170972703532 -0.012787365687101537 -0.0028049922857026417 0.012783624031746543 0.9999142479045703 -0.07999356511449207 -0.00887473860976229 -0.009078561867298163
FixedParameters: 0 0 0
#Transform 233
Transform: MatrixOffsetTransformBase_double_3_3
Parameters: 0.9999989292502381 0.000043459271593504676 0.0010335309659634281 -0.000029109483178199798 0.999905239081019 -0.013775033401463549 -0.001034686232990719 0.01377495833900684 0.9999041709269442 -0.0591807475548336 0.02438015093679269 -0.11375905891092941
FixedParameters: 0 0 0
#Transform 234
Transform: MatrixOffsetTransformBase_double_3_3
Parameters: 0.9999985117092982 -0.0004243782543585812 0.001519183850254418 0.0004431358451976651 0.999922648175878 -0.012411192126802459 -0.0015139983787557409 0.012411800724979202 0.9999217609000736 -0.041461075280608384 -0.009200191807138935 -0.057930179090618594
FixedParameters: 0 0 0
#Transform 235
Transform: MatrixOffsetTransformBase_double_3_3
Parameters: 0.9999981023127925 -0.0004732918781241377 0.0016353580217737555 0.0004939152329130904 0.9999226769211887 -0.01240805852397081 -0.0016288074777846772 0.012408930039914598 0.9999214717113791 -0.020726360941750954 0.04909097963303566 -0.06823699598024291
FixedParameters: 0 0 0
#Transform 236
Transform: MatrixOffsetTransformBase_double_3_3
Parameters: 0.9999992852524194 -0.00036744004881819083 0.0012571769605178936 0.00038454706028232243 0.9999034681292203 -0.013901509795999162 -0.0012514438277207573 0.013901487134206705 0.9999022949209635 -0.04527885410695376 -0.040610782886659536 -0.09693207615528365
FixedParameters: 0 0 0
#Transform 237
Transform: MatrixOffsetTransformBase_double_3_3
Parameters: 0.9999989397548689 0.0003181503539158994 0.0013998352491099042 -0.0003000468491691303 0.9999147229034463 -0.013084314182029294 -0.0014034611718216207 0.013083706463171044 0.9999138196387755 -0.04918810500191739 0.01789933581035541 0.03495942868538293
FixedParameters: 0 0 0
#Transform 238
Transform: MatrixOffsetTransformBase_double_3_3
Parameters: 0.9999992242545448 0.0003977460751738678 0.0012717447017305868 -0.00037866431988497237 0.9998912056750274 -0.014719357154235085 -0.0012777190072110784 0.014718626189710385 0.9998906972395792 -0.04441930216607659 0.01673175306601138 -0.11997981495480303
FixedParameters: 0 0 0
#Transform 239
Transform: MatrixOffsetTransformBase_double_3_3
Parameters: 0.9999989672963558 -0.0002555938613148601 0.0009832555106752134 0.0002696379636862528 0.9999006595731368 -0.014115745166029342 -0.0009800928456653096 0.01411626078492595 0.999899764769649 -0.059261871063498006 -0.10725824720388744 -0.07792731115911522
FixedParameters: 0 0 0
#Transform 240
Transform: MatrixOffsetTransformBase_double_3_3
Parameters: 0.9999983600405751 0.0006122587389205065 0.0015049750760968046 -0.0005939078759471052 0.9999221271569521 -0.012436668547700577 -0.0015124084043360553 0.012436332299623196 0.9999218876429293 -0.04876352224910363 -0.0178134845635185 -0.04831752735162809
FixedParameters: 0 0 0
#Transform 241
Transform: MatrixOffsetTransformBase_double_3_3
Parameters: 0.9999997785205917 -0.00041735499680795507 0.0010237014039010531 0.00043258457838660024 0.9998837018315275 -0.01526355557630045 -0.0010167012025118557 0.0152634568012439 0.9998831003516861 -0.05442308977208654 -0.042705856884680315 -0.13992989870379802
FixedParameters: 0 0 0
#Transform 242
Transform: MatrixOffsetTransformBase_double_3_3
Parameters: 0.999998562182901 -0.0007042690154466165 0.001393246872256547 0.0007234674469554233 0.9999027628035629 -0.013948994553585226 -0.0013838690468026057 0.013950011203856708 0.9999016030271726 -0.060173267229615135 -0.006073607351424926 -0.01706493387229102
FixedParameters: 0 0 0
#Transform 243
Transform: MatrixOffsetTransformBase_double_3_3
Parameters: 0.9999993147118024 0.00022058736483898978 0.0012794947576437131 -0.00019943058999473835 0.9998727136917811 -0.01594513757758699 -0.0012825903711630663 0.015944858291103314 0.9998720824977532 -0.06290732991244852 -0.096328475709754 -0.07995955179757175
FixedParameters: 0 0 0
#Transform 244
Transform: MatrixOffsetTransformBase_double_3_3
Parameters: 0.9999990276528762 0.00036494029842010906 0.0016852610725090788 -0.0003445629754657237 0.9999336227011482 -0.011544471262197736 -0.001688988946118978 0.011543533013331636 0.9999318679519661 -0.06538292397266332 0.01969992833639367 0.14999523373487023
FixedParameters: 0 0 0
#Transform 245
Transform: MatrixOffsetTransformBase_double_3_3
Parameters: 0.9999985020559967 -0.0007763179617124184 0.0013765605178856436 0.0007951551110524096 0.99990096434237 -0.014040883152764264 -0.001366025174888996 0.014041106341407011 0.9999002188173612 -0.07153902177481086 0.048404402725466866 -0.12314172716821759
FixedParameters: 0 0 0
#Transform 246
Transform: MatrixOffsetTransformBase_double_3_3
Parameters: 0.999998921852003 -0.0005590752602640431 0.0016629821743378282 0.0005815639931114442 0.9999045959837923 -0.013781900672479502 -0.0016552948903677403 0.013783086121838761 0.999903393101676 -0.04655806189748546 -0.0194158457156135 -0.0530881389713187
FixedParameters: 0 0 0
#Transform 247
Transform: MatrixOffsetTransformBase_double_3_3
Parameters: 0.999998093804367 -0.001838646181844438 0.0007242624992646835 0.0018492255839038163 0.9998987432107034 -0.014094920881955797 -0.0006982633343500478 0.014096060494742269 0.999899964488383 -0.042847497506627974 -0.062275341155867636 -0.08646177028633417
FixedParameters: 0 0 0
#Transform 248
Transform: MatrixOffsetTransformBase_double_3_3
Parameters: 0.9999988491765005 -0.0003769481984459494 0.001417158379847533 0.00039427971969389447 0.9999274707375319 -0.012052315674049463 -0.0014127145206414844 0.012052699835427352 0.9999268420321592 -0.03493614654568944 0.024878283761665898 0.03660001507016375
FixedParameters: 0 0 0
#Transform 249
Transform: MatrixOffsetTransformBase_double_3_3
Parameters: 0.9999998185545813 -0.0004864973200895441 0.0009722808780594216 0.000501182746816799 0.9998819048064168 -0.015356514997613452 -0.0009642077575397303 0.015357471361402517 0.9998812111075078 -0.08387744163358946 -0.019705372530395948 -0.1349294217107797
FixedParameters: 0 0 0
#Transform 250
Transform: MatrixOffsetTransformBase_double_3_3
Parameters: 0.9999983098117964 -0.00024558752988639194 0.00162149899659966 0.00026483302945277823 0.999928090639908 -0.011993454825204433 -0.0016188454811687355 0.011994540631870373 0.9999264966130127 -0.0812836845106375 0.016334485611579908 -0.0106009401693683
FixedParameters: 0 0 0
#Transform 251
Transform: MatrixOffsetTransformBase_double_3_3
Parameters: 0.9999984051666699 -0.00014465021364819957 0.0016040408821563598 0.00016443339447776942 0.9999248813205747 -0.01224660226124212 -0.0016027328192871533 0.012246390739046792 0.999923558965418 -0.09481829885164927 0.05996715360889482 -0.0716134361476577
FixedParameters: 0 0 0
#Transform 252
Transform: MatrixOffsetTransformBase_double_3_3
Parameters: 0.9999992740784884 -0.0001969352960664013 0.0012989184403309829 0.00021487679331964405 0.9999063703599155 -0.01365959689250884 -0.0012960310899785934 0.013660390043690449 0.9999056951256496 -0.0823780674697474 -0.056514970051864566 -0.13512167339254688
FixedParameters: 0 0 0
#Transform 253
Transform: MatrixOffsetTransformBase_double_3_3
Parameters: 0.9999984546054651 0.00040834504668773523 0.00154262798037171 -0.00039071324725560125 0.9999315948210419 -0.011678497457506556 -0.00154650571521799 0.01167848795948992 0.9999300757556673 -0.07516019083385572 0.015282082867855706 -0.03341339384166986
FixedParameters: 0 0 0
#Transform 254
Transform: MatrixOffsetTransformBase_double_3_3
Parameters: 0.9999994351824488 -0.00011459943112089309 0.0012455410864000741 0.00013256423455545123 0.9999046354747727 -0.013796714223940063 -0.0012440081786979568 0.013797280710003301 0.9999040670910309 -0.08628810609626214 -0.06832791904565738 -0.15083404441351433
FixedParameters: 0 0 0
#Transform 255
Transform: MatrixOffsetTransformBase_double_3_3
Parameters: 0.9999987997769517 -0.00020880292632093284 0.0014684688057919153 0.0002248538151973041 0.9999340885967177 -0.01143452620132003 -0.001466248291748447 0.01143445543445415 0.9999332071182742 -0.08674006239577636 0.00255331662737035 0.015557180268174875
FixedParameters: 0 0 0
#Transform 256
Transform: MatrixOffsetTransformBase_double_3_3
Parameters: 0.9999993897799343 -0.0001325045976137885 0.0007697679520492729 0.00014520255544818472 0.9998659693424083 -0.016336743436198092 -0.00076763037028591 0.016336249804282943 0.9998666223850226 -0.12266225384627205 -0.05650065594154796 -0.25729724240969176
FixedParameters: 0 0 0
#Transform 257
Transform: MatrixOffsetTransformBase_double_3_3
Parameters: 0.9999987465486408 -0.00035390485845669466 0.0014590993286346414 0.00038354322570004245 0.9997881785154297 -0.02055530270352389 -0.0014510596439481795 0.020555668747389552 0.999787421699658 -0.11006159071956745 -0.2376445406269596 -0.5100515883722352
FixedParameters: 0 0 0
#Transform 258
Transform: MatrixOffsetTransformBase_double_3_3
Parameters: 0.999998587674489 -0.00022382207736095294 0.0015364241120079556 0.0002526295252125346 0.9998290138385579 -0.018487487283446832 -0.001533013924588825 0.018487511431717882 0.9998279397154648 -0.0700776196334516 -0.22587770900391035 -0.41364950171438863
FixedParameters: 0 0 0
#Transform 259
Transform: MatrixOffsetTransformBase_double_3_3
Parameters: 0.9999983378870494 0.000982172642428814 0.0013025911340286552 -0.0009670798680800454 0.9999299294190838 -0.011759155960394146 -0.0013143703037622678 0.011757830045059245 0.9999298742452055 -0.040988277066702494 -0.32947556578240267 -0.05884114898336179
FixedParameters: 0 0 0
#Transform 260
Transform: MatrixOffsetTransformBase_double_3_3
Parameters: 0.9999985524843401 -0.0006225478988400208 0.0014352988952631976 0.0006374117192841905 0.9999419921608929 -0.010792084477987268 -0.0014286654955967004 0.010792922834415408 0.9999405972056625 -0.048609718353532116 -0.13823029084827 -0.0837766657475214
FixedParameters: 0 0 0
#Transform 261
Transform: MatrixOffsetTransformBase_double_3_3
Parameters: 0.9999981903413998 0.00011693325504864963 0.0016722162951698892 -0.00009957842691764176 0.9999444674133267 -0.010561052552267414 -0.0016731449012891736 0.010560949200313918 0.9999426470904506 -0.03573128533628278 0.006520159068514886 -0.005438561900888317
FixedParameters: 0 0 0
#Transform 262
Transform: MatrixOffsetTransformBase_double_3_3
Parameters: 0.9999969515648591 0.0017092228030050303 0.0020320418301261575 -0.0016838905622245433 0.9999241491883882 -0.012183257954969426 -0.002052006378439194 0.01217974428060778 0.9999240129311737 -0.09771976866097987 0.06873184023112344 -0.09597295109618642
FixedParameters: 0 0 0
#Transform 263
Transform: MatrixOffsetTransformBase_double_3_3
Parameters: 0.9999997328263017 0.0003876596407792675 0.001057330486836003 -0.00037341942615426877 0.9999151973792005 -0.013025399289136111 -0.0010614507475852786 0.013024592969998139 0.9999142197986531 -0.123055232407566 0.06719225551776731 -0.21227327939287477
FixedParameters: 0 0 0
#Transform 264
Transform: MatrixOffsetTransformBase_double_3_3
Parameters: 0.9999999377696853 0.0004134585556339274 0.0009442547318986402 -0.00039972387931717706 0.9999049373148778 -0.013780378859730533 -0.000949798293234504 0.013779608706169885 0.9999042056947974 -0.0854179825840049 0.10164671002182502 -0.298514653694852
FixedParameters: 0 0 0
#Transform 265
Transform: MatrixOffsetTransformBase_double_3_3
Parameters: 0.9999995779546293 -0.000029834397470594428 0.001192179034158632 0.000042628820034421646 0.9999405725181022 -0.010882825832545157 -0.0011916764339098835 0.010883171017894225 0.9999401189941959 -0.023838220556285705 -0.04826232569661215 -0.13003484874830917
FixedParameters: 0 0 0
#Transform 266
Transform: MatrixOffsetTransformBase_double_3_3
Parameters: 0.9999971476589302 0.0001009310587727142 0.0022003385575633276 -0.00008217813006772223 0.9999630814717221 -0.008598939681304138 -0.0022014160436111744 0.008599054301995493 0.9999601777237246 -0.03267140718807582 0.07862972729657258 -0.009607094670826655
FixedParameters: 0 0 0
#Transform 267
Transform: MatrixOffsetTransformBase_double_3_3
Parameters: 0.9999975102493172 0.00018456617219908398 0.0021107520112948895 -0.00016867025742542155 0.9999693971323433 -0.007785986304399042 -0.0021122748564311646 0.007786016880177063 0.9999678675267903 -0.04073542365291871 0.07627157582244593 -0.025956508398152778
FixedParameters: 0 0 0
#Transform 268
Transform: MatrixOffsetTransformBase_double_3_3
Parameters: 0.9999983202894605 0.0005723410614056385 0.0015339914613835607 -0.0005574120718662584 0.9999539301022777 -0.009528607828447971 -0.001538832310706379 0.009527389654939544 0.9999538204009424 -0.05216367958900037 0.054795198951254065 0.0014719030042300574
FixedParameters: 0 0 0
#Transform 269
Transform: MatrixOffsetTransformBase_double_3_3
Parameters: 0.9999983727786289 0.0009396001806755512 0.0016564139451691955 -0.0009211291067641528 0.9999328708567342 -0.011508302095515413 -0.0016671544116446627 0.011506693418566152 0.9999326478526444 -0.11974860733090509 0.002271335029277566 -0.12234427914677326
FixedParameters: 0 0 0
#Transform 270
Transform: MatrixOffsetTransformBase_double_3_3
Parameters: 0.9999992228639866 0.0005726569402567692 0.0012039891381900845 -0.000556268504522327 0.9999038942772405 -0.01384955689903275 -0.001211326202449341 0.013848452291545563 0.9999037202928214 -0.11808113485649585 0.03899401253293888 -0.21933747002329085
FixedParameters: 0 0 0
#Transform 271
Transform: MatrixOffsetTransformBase_double_3_3
Parameters: 0.9999964484290399 0.0017474208568016131 0.0021210959959114934 -0.0017262150938195141 0.99995200445247 -0.009672514027399881 -0.0021379385725809534 0.00966949800860982 0.999951382651458 -0.11468368418019281 -0.07105422297269115 -0.030907821013300918
FixedParameters: 0 0 0
#Transform 272
Transform: MatrixOffsetTransformBase_double_3_3
Parameters: 0.9999990794102122 0.0006982982683127158 0.0006578660118130206 -0.0006895367162418894 0.9999193631020583 -0.012655451660929878 -0.0006673149779600103 0.01265453204312858 0.999919405565872 -0.11270506555005966 0.026249691994223667 -0.20302570490068206
FixedParameters: 0 0 0
#Transform 273
Transform: MatrixOffsetTransformBase_double_3_3
Parameters: 0.9999972115591894 0.0015339178265584394 0.0018532879211915815 -0.0015159575685217432 0.9999513559067079 -0.009733753367540066 -0.0018684637224578636 0.009731234372609948 0.9999504078991444 -0.13562276003887064 0.03932287577887905 -0.06177746595928113
FixedParameters: 0 0 0
#Transform 274
Transform: MatrixOffsetTransformBase_double_3_3
Parameters: 0.9999988733156602 0.0008414005938269585 0.0011906678755169357 -0.0008261808862317717 0.9999152880481863 -0.012967882191232849 -0.001202142710862481 0.012967111734714154 0.9999152589156021 -0.13504101854640282 0.051224416227071856 -0.18932246776282113
FixedParameters: 0 0 0
#Transform 275
Transform: MatrixOffsetTransformBase_double_3_3
Parameters: 0.9999978890191433 0.00147093742279995 0.0013951147288801297 -0.001455480642798053 0.9999391903299925 -0.010906957650559795 -0.0014119235531455416 0.010905040895398219 0.9999398097147723 -0.12595316117544542 0.026760379208695895 -0.10090569275838845
FixedParameters: 0 0 0
#Transform 276
Transform: MatrixOffsetTransformBase_double_3_3
Parameters: 0.9999976575017581 0.0015208392149585058 0.0017412224175746753 -0.0015006724111028347 0.9999366736283977 -0.011156563167783767 -0.0017573172021545587 0.011154434150425566 0.9999360854665909 -0.13461919858021076 0.09206927781569618 -0.11279629390372747
FixedParameters: 0 0 0
#Transform 277
Transform: MatrixOffsetTransformBase_double_3_3
Parameters: 0.9999987088069198 0.001019645449364638 0.0015002794324043608 -0.0010019067529324082 0.9999300692266353 -0.011750401869814658 -0.0015126295261718222 0.011748581117361476 0.9999295285229963 -0.15376414707542096 0.026732013963837176 -0.13788581001550426
FixedParameters: 0 0 0
#Transform 278
Transform: MatrixOffsetTransformBase_double_3_3
Parameters: 0.9999974625624964 0.0015282504003856817 0.0017893222559279979 -0.0015071570680206365 0.9999335287264852 -0.011422630658586744 -0.0018072390568456597 0.011419362609141268 0.9999330465620817 -0.15806899615373027 0.09022970456561552 -0.07692317382912961
FixedParameters: 0 0 0
#Transform 279
Transform: MatrixOffsetTransformBase_double_3_3
Parameters: 0.999998950001841 0.0010917084907485337 0.0013634195663350674 -0.0010717156695418328 0.9998974898444342 -0.014265370421366802 -0.0013786514690327764 0.014263628870861411 0.9998974872331858 -0.16550124825523937 0.00260176184170291 -0.22272321371782766
FixedParameters: 0 0 0
