#Insight Transform File V1.0
#Transform 0
Transform: MatrixOffsetTransformBase_double_3_3
Parameters: 0.999999701935313 0.00023406634843752209 0.0004934952564339324 -0.0002329344275283191 0.999997279875647 -0.002160113514365625 -0.0004935039784255273 0.002159883049587717 0.9999970908558291 -0.00228750996778615 -0.1808587899145948 -0.1456793590535881
FixedParameters: 0 0 0
#Transform 1
Transform: MatrixOffsetTransformBase_double_3_3
Parameters: 0.9999998187504084 0.00017221460833022649 -0.0003893482372699938 -0.00017378461193210865 0.9999978977438955 -0.002017932191297522 0.00038865000944704876 0.002018066785263392 0.9999977763519262 0.007667775881955663 -0.1410242144379339 -0.2964684801331856
FixedParameters: 0 0 0
#Transform 2
Transform: MatrixOffsetTransformBase_double_3_3
Parameters: 0.9999997529906501 7.937083670814335e-7 0.0004969991066831976 -2.0628983550045273e-7 0.9999984495906893 -0.0015969992235216027 -0.0004970007036819242 0.001596998726521999 0.9999982025818864 -0.006047370557965337 -0.1925885747086511 -0.29903532785918685
FixedParameters: 0 0 0
#Transform 3
Transform: MatrixOffsetTransformBase_double_3_3
Parameters: 0.9999998436512426 -0.00016944710035440874 0.00035726260555744784 0.00017055237174357625 0.999998574795944 -0.0015479384545258631 -0.0003567362858483204 0.0015480598344587823 0.9999984762469984 -0.017467322595223322 -0.19507906793106145 -0.2737791303732564
FixedParameters: 0 0 0
#Transform 4
Transform: MatrixOffsetTransformBase_double_3_3
Parameters: 0.9999999870040152 2.0246416861702396e-7 -0.00011399986694182814 2.0246416861702396e-7 0.9999988458190647 0.0017760014790967017 0.00011399986694182814 -0.0017760014790967015 0.9999988328230538 -0.01946933259148409 -0.2007178726787373 -0.14181937295786895
FixedParameters: 0 0 0
#Transform 5
Transform: MatrixOffsetTransformBase_double_3_3
Parameters: 0.9999991917692665 0.0013255087722406288 0.0002249124131702162 -0.0013264908306169765 0.9999964149080298 0.0021967020359926173 -0.0002220859619651434 -0.0021972947576162113 0.9999971232345802 -0.01874088386895778 -0.21043106207963547 -0.02660733198769094
FixedParameters: 0 0 0
#Transform 6
Transform: MatrixOffsetTransformBase_double_3_3
Parameters: 0.999998835497834 0.0013233747799956308 0.0006433532930962223 -0.0013246239842735021 0.9999958334545695 0.0025321492832383395 -0.0006396472222385937 -0.002532847978834444 0.9999961749103723 -0.02852458306854544 -0.13129978986125934 -0.32414941977371825
FixedParameters: 0 0 0
#Transform 7
Transform: MatrixOffsetTransformBase_double_3_3
Parameters: 0.9999993164895096 0.0010372801592076397 0.0007792952332300566 -0.0010387219158278413 0.9999970362325286 0.0022101929907604946 -0.0007777062245465116 -0.0022108091610255533 0.9999975076157315 -0.03351871895993952 -0.15788093515006096 -0.3327872492722008
FixedParameters: 0 0 0
#Transform 8
Transform: MatrixOffsetTransformBase_double_3_3
Parameters: 0.9999998761429004 0.0010600023285049704 -0.000015906717813377968 -0.001059999512502525 0.9999998686548939 0.00008801694843383068 0.00001609327797538663 -0.00008798302840437458 0.999999992000001 -0.03759786149437616 -0.15295815580255123 -0.30834937855276223
FixedParameters: 0 0 0
#Transform 9
Transform: MatrixOffsetTransformBase_double_3_3
Parameters: 0.9999988523139963 0.0010414687369957837 0.0010305280619259333 -0.0010415325880370441 0.99999970916055 -0.00045407414242213783 -0.001031473745537033 0.000453926567326775 0.9999997309215641 -0.03627081169550195 -0.153713935335702 -0.21686491217917592
FixedParameters: 0 0 0
#Transform 10
Transform: MatrixOffsetTransformBase_double_3_3
Parameters: 0.9999990160573272 0.0007757885951139788 0.0006180108784915937 -0.0007752108004669214 0.9999987716984764 -0.0012754795648806114 -0.0006189891798940039 0.0012755202708557463 0.9999989905563427 -0.030501817889174276 -0.16647878726239185 -0.2488410958833498
FixedParameters: 0 0 0
#Transform 11
Transform: MatrixOffsetTransformBase_double_3_3
Parameters: 0.9999997479270734 0.00042558492003271116 0.0002660667315154398 -0.00042541551604384357 0.9999980053071877 -0.0021941135978139495 -0.0002669338284584586 0.0021938868058288532 0.9999971153352464 -0.042427354791016114 -0.15349117659049227 -0.2597874867346235
FixedParameters: 0 0 0
#Transform 12
Transform: MatrixOffsetTransformBase_double_3_3
Parameters: 0.9999991560852516 0.0008709589645102499 0.00029215578888703875 -0.0008700412309849331 0.9999945689086244 -0.0032672552550638916 -0.00029484365249678375 0.00326674427032819 0.9999942405387943 -0.041278966398394346 -0.1373132186667334 -0.22114565415871823
FixedParameters: 0 0 0
#Transform 13
Transform: MatrixOffsetTransformBase_double_3_3
Parameters: 0.9999997249581257 0.0005045960854762248 0.00014392671675022761 -0.0005034038956853766 0.999991845590508 -0.004111072862774252 -0.0001460706223741117 0.004110926702799893 0.9999910785826427 -0.04960678798788365 -0.12560021197216997 -0.21764556528897572
FixedParameters: 0 0 0
#Transform 14
Transform: MatrixOffsetTransformBase_double_3_3
Parameters: 0.9999997247141955 0.00037265677049060325 0.0003693355795200458 -0.0003713445108973537 0.9999898269402635 -0.004476136995568118 -0.00037066574310774586 0.004475861713653444 0.999989828424263 -0.047578473602996496 -0.15705225337208617 -0.25242701815692214
FixedParameters: 0 0 0
#Transform 15
Transform: MatrixOffsetTransformBase_double_3_3
Parameters: 0.9999996382292476 0.0005719674352559382 0.00018605042634751444 -0.0005710320481893246 0.9999860373068196 -0.005161102957936057 -0.00018894948545465607 0.005160888644149912 0.9999863287645286 -0.06035171135015105 -0.14343142218885419 -0.27910874466734015
FixedParameters: 0 0 0
#Transform 16
Transform: MatrixOffsetTransformBase_double_3_3
Parameters: 0.9999997106951468 0.0005049016353238534 0.00018556501219712572 -0.0005041011519951572 0.999988445397521 -0.0048270969221134745 -0.00018743549196518637 0.004826908742036203 0.9999886651376113 -0.04791971425964903 -0.16893052812795872 -0.2466172603378567
FixedParameters: 0 0 0
#Transform 17
Transform: MatrixOffsetTransformBase_double_3_3
Parameters: 0.9999997028350343 0.0005054112904336381 0.00020454762955860085 -0.0005035861395981881 0.9999769524850852 -0.006840104423316755 -0.000208449766206796 0.006840896063245385 0.9999761643651562 -0.05454201251315283 -0.17333198887715184 -0.3771344337663294
FixedParameters: 0 0 0
#Transform 18
Transform: MatrixOffsetTransformBase_double_3_3
Parameters: 0.9999995380747675 0.000566608946309349 0.0003750878931313113 -0.0005643911950831255 0.999975793232052 -0.006920212478528222 -0.00037891450779620016 0.0069197860856769905 0.9999759708949901 -0.05568599928852791 -0.19739694048102763 -0.32772318454968286
FixedParameters: 0 0 0
#Transform 19
Transform: MatrixOffsetTransformBase_double_3_3
Parameters: 0.9999997392586735 0.000503328428865123 -0.00008697846595051995 -0.0005036712896402394 0.9999683513382609 -0.007898953070049054 0.00008302405154423422 0.007899038666992911 0.9999685976290993 -0.060884536358415176 -0.1899077331233343 -0.47152250157702724
FixedParameters: 0 0 0
#Transform 20
Transform: MatrixOffsetTransformBase_double_3_3
Parameters: 0.9999997310754668 0.0005049821457433335 0.00011786906306094151 -0.0005040169930458034 0.999966701015818 -0.008188059043939119 -0.00012213088972532504 0.008187937961977065 0.9999659411400561 -0.0543204314030703 -0.20414574114968786 -0.42485836876497274
FixedParameters: 0 0 0
#Transform 21
Transform: MatrixOffsetTransformBase_double_3_3
Parameters: 0.9999995324387047 0.0006267409005070922 -0.0002732408444196603 -0.000629256697151873 0.99996493197359 -0.00834683078546621 0.00026775683819397654 0.00834717053841824 0.9999652531925448 -0.06252702047007119 -0.17200690975613497 -0.48837087137547996
FixedParameters: 0 0 0
#Transform 22
Transform: MatrixOffsetTransformBase_double_3_3
Parameters: 0.9999994746231424 0.0011790614006486927 -0.00036756233881752036 -0.0011819417412789548 0.9999660034154391 -0.00809956877829136 0.00035843908898863477 0.00809942583730971 0.9999672652492769 -0.07200657912963493 -0.1940706267279353 -0.49611294151955576
FixedParameters: 0 0 0
#Transform 23
Transform: MatrixOffsetTransformBase_double_3_3
Parameters: 0.9999997901546891 0.0010798171693918704 0.00020881606788630252 -0.0010781824728447722 0.9999633802645032 -0.0085122297768625 -0.0002181853000219855 0.008511769034708301 0.999963498943543 -0.07083018692971166 -0.19486558457971626 -0.4978386620576458
FixedParameters: 0 0 0
#Transform 24
Transform: MatrixOffsetTransformBase_double_3_3
Parameters: 1.0000001123348758 0.0007620390578003511 0.0005541362356401848 -0.0007569625955500325 0.9999587541015422 -0.009037422451152237 -0.0005608637286223803 0.009036575590776837 0.9999590201416602 -0.07526358441076297 -0.17244340316133844 -0.5534816357610453
FixedParameters: 0 0 0
#Transform 25
Transform: MatrixOffsetTransformBase_double_3_3
Parameters: 1.000000136789215 0.000854551467090742 -0.0003642016959267683 -0.0008584474106731463 0.9999535357782872 -0.009577689932143113 0.0003557950655122711 0.009577306624987427 0.9999541397845325 -0.07691856422316334 -0.22294844263407754 -0.496687083897811
FixedParameters: 0 0 0
#Transform 26
Transform: MatrixOffsetTransformBase_double_3_3
Parameters: 0.999999277475602 0.0008499727204439022 -0.000006797935973187631 -0.0008500277643951023 0.9999571134659831 -0.009173992716658794 -7.981932923497318e-7 0.009173997816654272 0.9999578359723428 -0.06700361584033487 -0.1614903974252968 -0.5834385713579877
FixedParameters: 0 0 0
#Transform 27
Transform: MatrixOffsetTransformBase_double_3_3
Parameters: 0.9999984977879489 0.0015734266749508634 0.00016491144771798395 -0.0015715721935042218 0.9999642702407054 -0.008322273676372267 -0.0001780846088906649 0.008321734302242364 0.9999657136280531 -0.0842430584734899 -0.19116078487738264 -0.487293596281944
FixedParameters: 0 0 0
#Transform 28
Transform: MatrixOffsetTransformBase_double_3_3
Parameters: 0.999998961454729 0.0014109981252328648 0.00021846732898480313 -0.0014090073353059031 0.999960013710158 -0.00888831672690269 -0.00023053202154216997 0.008887683623925915 0.9999599514531602 -0.07760361598118948 -0.18978040240119753 -0.5262318561840829
FixedParameters: 0 0 0
#Transform 29
Transform: MatrixOffsetTransformBase_double_3_3
Parameters: 0.9999994163677226 0.0012486307641300619 -0.000155431415568196 -0.0012503666573314078 0.9999577143948621 -0.009149817326242036 0.00014356508435595756 0.009150190932500595 0.999958253326235 -0.06973688522515431 -0.20783691852446395 -0.4833748633063806
FixedParameters: 0 0 0
#Transform 30
Transform: MatrixOffsetTransformBase_double_3_3
Parameters: 0.9999981456329486 0.0016588568479227648 -0.00031975527009794706 -0.0016621433887036583 0.999947421836198 -0.010090480418803654 0.0003032438452466313 0.010090514936780348 0.9999490821340768 -0.08011343601931742 -0.2024809503410836 -0.5285488381529149
FixedParameters: 0 0 0
#Transform 31
Transform: MatrixOffsetTransformBase_double_3_3
Parameters: 0.9999982353872678 0.0016624705815792378 0.000039621519995866576 -0.0016615246934360975 0.9999501536099918 -0.009853084710052874 -0.00005637369453094861 0.00985292515802873 0.9999519136152581 -0.0772944020053501 -0.197474447041742 -0.5158806352255283
FixedParameters: 0 0 0
#Transform 32
Transform: MatrixOffsetTransformBase_double_3_3
Parameters: 0.9999981830545653 0.0016643606958333455 0.00021764871526951392 -0.0016616348935958344 0.999944404725338 -0.010432373862483297 -0.00023534648782622963 0.010431620506970411 0.9999451190648762 -0.07170856233415179 -0.2321073778227003 -0.520192762892961
FixedParameters: 0 0 0
#Transform 33
Transform: MatrixOffsetTransformBase_double_3_3
Parameters: 0.9999984984741489 0.0016707705892825386 0.0008428327709844308 -0.0016622369556185406 0.9999450989695391 -0.0103024100159979 -0.0008591686367697643 0.010300573551146228 0.9999461520528807 -0.07425367538132832 -0.21239973795519518 -0.5135851311976296
FixedParameters: 0 0 0
#Transform 34
Transform: MatrixOffsetTransformBase_double_3_3
Parameters: 0.9999992497932954 0.001250406917983011 0.0004314313226485074 -0.0012465962885072348 0.9999480538533384 -0.010069543989744838 -0.0004435742769780155 0.01006845151989513 0.9999494212351502 -0.061062181300840734 -0.1945279927365391 -0.5367412444309139
FixedParameters: 0 0 0
#Transform 35
Transform: MatrixOffsetTransformBase_double_3_3
Parameters: 0.9999980199591004 0.00169646442732345 0.0003180464976314878 -0.001693536045925324 0.9999429013844291 -0.0105935574216923 -0.000335959504949804 0.010593448854714615 0.9999436675592716 -0.07021606475787223 -0.19651884284769494 -0.5498652048901391
FixedParameters: 0 0 0
#Transform 36
Transform: MatrixOffsetTransformBase_double_3_3
Parameters: 0.9999981316769713 0.0012576951696232513 0.0011341628190887506 -0.0012463051581915045 0.9999462851566291 -0.010254422258107042 -0.0011468395232136698 0.010253566366976328 0.9999465519263582 -0.07105126040093523 -0.19537370509671348 -0.5449681481304083
FixedParameters: 0 0 0
#Transform 37
Transform: MatrixOffsetTransformBase_double_3_3
Parameters: 0.9999978580647864 0.0014323972234186314 0.0014458769749337032 -0.0014176009603415834 0.9999497785607834 -0.00991006760676268 -0.001460118334195376 0.009907926455475075 0.9999496979768101 -0.06725661722084908 -0.19472232577058435 -0.5792709731511394
FixedParameters: 0 0 0
#Transform 38
Transform: MatrixOffsetTransformBase_double_3_3
Parameters: 0.9999988590341926 0.0014509457932343564 0.00018858370590919474 -0.001449048433106635 0.9999490516853418 -0.009942274800152794 -0.00020341619127278094 0.009941706386713692 0.9999501158172917 -0.05604424564114652 -0.2519691689703194 -0.4754054523306479
FixedParameters: 0 0 0
#Transform 39
Transform: MatrixOffsetTransformBase_double_3_3
Parameters: 0.9999991031456612 0.0013693699645161807 0.00014889906281361366 -0.0013676292156235767 0.9999599623350761 -0.008841211022538003 -0.00016109735906103494 0.008840786781564176 0.9999608111390237 -0.05770302477849043 -0.18691924693909812 -0.562012823289777
FixedParameters: 0 0 0
#Transform 40
Transform: MatrixOffsetTransformBase_double_3_3
Parameters: 0.9999985142144039 0.0015729242945425484 -0.00010716847336545202 -0.001574084733077086 0.9999394703862063 -0.010910852544910614 0.0000908304508396019 0.01091116410705413 0.9999409365698816 -0.041861596972680104 -0.24638806329262763 -0.5732328176496111
FixedParameters: 0 0 0
#Transform 41
Transform: MatrixOffsetTransformBase_double_3_3
Parameters: 0.9999987197331945 0.001492620328591639 0.00023063201358862112 -0.0014893741609761204 0.9999383226095594 -0.010975349487026897 -0.0002473604273007189 0.010974636773550423 0.9999394886327028 -0.053132197399179404 -0.23074758796583694 -0.6131605099791813
FixedParameters: 0 0 0
#Transform 42
Transform: MatrixOffsetTransformBase_double_3_3
Parameters: 0.9999984516540429 0.0017951339825566881 0.0005710636803822928 -0.0017888659318257194 0.9999421345534449 -0.010567035778595078 -0.0005899350985615804 0.01056595520781385 0.9999440089200655 -0.05510644631664263 -0.2471813340123532 -0.5808323306584384
FixedParameters: 0 0 0
#Transform 43
Transform: MatrixOffsetTransformBase_double_3_3
Parameters: 0.9999983231869127 0.0015234767414359128 0.0005956927124390704 -0.0015175193258113887 0.9999416374834552 -0.010726924887118388 -0.0006123114269708172 0.010725088066617507 0.9999425846407134 -0.058922316754873805 -0.20288571731434502 -0.6515522713122124
FixedParameters: 0 0 0
#Transform 44
Transform: MatrixOffsetTransformBase_double_3_3
Parameters: 0.9999982642797716 0.0019196832152598828 0.0002273888892746741 -0.001916309432083679 0.9999344055075087 -0.011265459228481298 -0.00024960472101978793 0.01126554431951096 0.9999370274614227 -0.05327280858114136 -0.2582694543200006 -0.5642952841036077
FixedParameters: 0 0 0
#Transform 45
Transform: MatrixOffsetTransformBase_double_3_3
Parameters: 0.99999937165968 0.0011812089134263975 0.0004830889541945316 -0.0011747928962019404 0.9999194314424238 -0.01265657789742942 -0.0004979077080225989 0.012655422234208867 0.9999195785844519 -0.044368416398739896 -0.254699236570616 -0.6354949401492007
FixedParameters: 0 0 0
#Transform 46
Transform: MatrixOffsetTransformBase_double_3_3
Parameters: 0.9999970525883737 0.0022236363832939727 -0.00004529810711465267 -0.002224357499057008 0.9999376724768867 -0.0109259278536462 0.000020697779198531868 0.010926074637597968 0.9999406177109189 -0.0560115169901394 -0.24822490104861572 -0.4925142861566201
FixedParameters: 0 0 0
#Transform 47
Transform: MatrixOffsetTransformBase_double_3_3
Parameters: 0.9999980772391007 0.0011469784670537881 0.0012674879139313506 -0.0011330145861664202 0.9999392569906368 -0.01097545316752876 -0.0012805105081633544 0.010973548363226171 0.9999389335017552 -0.054992414974307735 -0.2145933110458884 -0.580236392490491
FixedParameters: 0 0 0
#Transform 48
Transform: MatrixOffsetTransformBase_double_3_3
Parameters: 0.9999974208818219 0.00176501850178748 0.001209797821553147 -0.0017509794985474676 0.9999328616557253 -0.011492152259408877 -0.0012302015591687764 0.011489862594554267 0.9999334638729501 -0.05518380261671041 -0.26412839474163263 -0.5554199216470863
FixedParameters: 0 0 0
#Transform 49
Transform: MatrixOffsetTransformBase_double_3_3
Parameters: 0.999997820387897 0.0015891851685720826 0.0012864638498065147 -0.0015738201935527 0.9999301590010405 -0.011720044121571165 -0.0013045323824216603 0.011717946309660776 0.9999299818591326 -0.054820294846877005 -0.22463332633832067 -0.6049261803168093
FixedParameters: 0 0 0
#Transform 50
Transform: MatrixOffsetTransformBase_double_3_3
Parameters: 0.9999977452197516 0.00185948843546955 0.00134077888319243 -0.0018435096611152126 0.9999322242896957 -0.011461502138937374 -0.0013622185527184217 0.011459497367140126 0.9999338258443325 -0.06983187091499587 -0.2198851880830972 -0.5922555588362997
FixedParameters: 0 0 0
#Transform 51
Transform: MatrixOffsetTransformBase_double_3_3
Parameters: 0.9999979095700775 0.0019960115660911837 0.00032633943487829677 -0.0019919905496043333 0.9999272406068208 -0.0118656645030075 -0.00034965876250427595 0.011864316512185237 0.9999291025411939 -0.05318250121126766 -0.26369985128734186 -0.5878954382616257
FixedParameters: 0 0 0
#Transform 52
Transform: MatrixOffsetTransformBase_double_3_3
Parameters: 0.9999979572760893 0.00176714118299352 0.0013854107590839028 -0.0017498529976498704 0.9999232015603069 -0.012277452428705043 -0.0014075870906556972 0.012274540752973486 0.9999233437113427 -0.053061267722696925 -0.2500574904399855 -0.6221880528838284
FixedParameters: 0 0 0
#Transform 53
Transform: MatrixOffsetTransformBase_double_3_3
Parameters: 0.9999983716029911 0.001848532313725874 -0.00046053370157869824 -0.0018534749488160578 0.9999244226166802 -0.012171168916562478 0.00043847305271283934 0.012171833036708959 0.9999256468949503 -0.05237366473596694 -0.25345160558356383 -0.5805436081033548
FixedParameters: 0 0 0
#Transform 54
Transform: MatrixOffsetTransformBase_double_3_3
Parameters: 0.9999984546936711 0.001804951404373979 0.0005361305096179182 -0.0017980503463193814 0.9999175974835983 -0.012694987386578701 -0.0005588706893881728 0.0126940146612891 0.9999195432521776 -0.05671822617540556 -0.24392732040300302 -0.6183249194476304
FixedParameters: 0 0 0
#Transform 55
Transform: MatrixOffsetTransformBase_double_3_3
Parameters: 0.9999984961642148 0.0018043698560474308 0.0004984961065862691 -0.0017976260043338207 0.9999206624858958 -0.012493919925338732 -0.0005214994658424256 0.012493082837001901 0.9999216461032917 -0.05715991086056249 -0.28303718773540254 -0.5806293479959237
FixedParameters: 0 0 0
#Transform 56
Transform: MatrixOffsetTransformBase_double_3_3
Parameters: 0.999997583462558 0.0019557904276368675 0.0007685390536797659 -0.0019462052540364697 0.9999199855664107 -0.012538530743741297 -0.0007934642930422208 0.0125374831573478 0.9999211821298601 -0.05429910000854932 -0.23855916912820874 -0.6178622577270829
FixedParameters: 0 0 0
#Transform 57
Transform: MatrixOffsetTransformBase_double_3_3
Parameters: 0.9999978309601512 0.0022735934921898565 0.00003398040823931559 -0.0022724102911021006 0.9999219215973653 -0.012325115281886997 -0.00006201209600977527 0.012324897073686392 0.9999240860293549 -0.04549098716081801 -0.2699028892229052 -0.517943613111683
FixedParameters: 0 0 0
#Transform 58
Transform: MatrixOffsetTransformBase_double_3_3
Parameters: 0.9999988735434675 0.0017276082278237426 0.0003753916540575244 -0.0017233867079909184 0.9999273463043564 -0.011944662756451306 -0.0003966135902442026 0.011944330618385783 0.99992817475652 -0.0466520478934882 -0.2299729899127101 -0.5443805914095918
FixedParameters: 0 0 0
#Transform 59
Transform: MatrixOffsetTransformBase_double_3_3
Parameters: 0.9999977079901959 0.0020346883804168766 0.0003892400145538674 -0.0020303122516379243 0.99992919629928 -0.011690805798492807 -0.00041276355686395205 0.011690175672100601 0.9999311666943793 -0.053816594155975395 -0.2659991087851523 -0.4927755375852172
FixedParameters: 0 0 0
#Transform 60
Transform: MatrixOffsetTransformBase_double_3_3
Parameters: 0.9999985157722613 0.0018626514184448494 -0.000118530903582773 -0.0018643537955393933 0.9999180669967936 -0.012627798460301756 0.00009546626530184731 0.012627197263268367 0.9999205283259301 -0.042707372369960694 -0.24743454562472778 -0.5802108757001179
FixedParameters: 0 0 0
#Transform 61
Transform: MatrixOffsetTransformBase_double_3_3
Parameters: 0.9999972826370495 0.0023861094283080353 0.00015546904757263549 -0.0023838995471535387 0.9999210037666826 -0.01238141633810955 -0.0001845312319064546 0.012381605405293882 0.9999236633272754 -0.04464012880087864 -0.2704069130147815 -0.5272640582317507
FixedParameters: 0 0 0
#Transform 62
Transform: MatrixOffsetTransformBase_double_3_3
Parameters: 0.9999983519437231 0.0018064235005908888 0.0006210179365011875 -0.0017975767451050195 0.9999096816898073 -0.013307141997202924 -0.0006449767332334223 0.013305860566842853 0.9999115283353264 -0.04737671505753838 -0.26969730330924335 -0.5679329703400384
FixedParameters: 0 0 0
#Transform 63
Transform: MatrixOffsetTransformBase_double_3_3
Parameters: 0.9999975397614824 0.0021017881241098702 0.00020521825332078206 -0.0020992031492191956 0.9999170056648885 -0.01275046162474955 -0.0002327852881548999 0.01275054156474617 0.9999183699768307 -0.04444419386182119 -0.2556480331414832 -0.519639885831495
FixedParameters: 0 0 0
#Transform 64
Transform: MatrixOffsetTransformBase_double_3_3
Parameters: 0.9999977103072843 0.002260637380423008 0.00042504792191732055 -0.0022543659766241686 0.9999154800036981 -0.01282299125204347 -0.0004539439852056344 0.01282200683376111 0.9999173833632442 -0.04188893364572266 -0.2530287465915677 -0.5360783443344417
FixedParameters: 0 0 0
#Transform 65
Transform: MatrixOffsetTransformBase_double_3_3
Parameters: 0.999998493318415 0.00180465133164183 0.0004995649658543002 -0.0017983555370557445 0.9999135130530061 -0.013009921274560776 -0.0005224384626167697 0.013008080057096923 0.999915497468506 -0.03677535086083594 -0.25222664809906803 -0.5428030783353677
FixedParameters: 0 0 0
#Transform 66
Transform: MatrixOffsetTransformBase_double_3_3
Parameters: 0.9999972217491621 0.0021510799697798946 0.0003888747206868049 -0.002145916834620512 0.9999179991860605 -0.012624867512529031 -0.0004161244092502481 0.01262413790064782 0.9999204534116609 -0.030512938232888587 -0.26303406791083717 -0.4984661978952545
FixedParameters: 0 0 0
#Transform 67
Transform: MatrixOffsetTransformBase_double_3_3
Parameters: 0.9999977501962838 0.002259999860823205 0.0003771811172078941 -0.0022550040458998908 0.9999159385620354 -0.012765889290308826 -0.0004058198106984343 0.012765121591705933 0.9999188818083469 -0.03683998038141567 -0.24229519646713982 -0.5409990305198136
FixedParameters: 0 0 0
#Transform 68
Transform: MatrixOffsetTransformBase_double_3_3
Parameters: 0.9999981390509003 0.0019291415171533508 0.00037334596597138374 -0.001923848179061155 0.9999089779201914 -0.0133157407573582 -0.00039965283545977093 0.013315251508442105 0.999911540091752 -0.03047609743374835 -0.26505427834882767 -0.49218535336787284
FixedParameters: 0 0 0
#Transform 69
Transform: MatrixOffsetTransformBase_double_3_3
Parameters: 0.9999973090891915 0.0023697419328557417 0.00027331265451821627 -0.0023662639486275194 0.9999134363555726 -0.012959686179611336 -0.0003036915562462867 0.012959319778481944 0.9999159607934641 -0.0383053319205402 -0.2457938778170643 -0.5395331253835991
FixedParameters: 0 0 0
#Transform 70
Transform: MatrixOffsetTransformBase_double_3_3
Parameters: 0.9999972075665324 0.0021728907568842656 0.0002659258195540099 -0.002169105255509887 0.9999013853969947 -0.013852605895840803 -0.0002960762956416577 0.01385238573199351 0.9999040199001674 -0.039298489766480316 -0.27671003317257714 -0.5212247549449671
FixedParameters: 0 0 0
#Transform 71
Transform: MatrixOffsetTransformBase_double_3_3
Parameters: 0.9999985289588063 0.0018596607674496552 -0.00010972021968362082 -0.001861342914104048 0.9999023984164095 -0.01382482148816494 0.00008427486278480757 0.013825182438305356 0.9999048506393633 -0.02321184209257865 -0.25554685522504883 -0.5870948703745995
FixedParameters: 0 0 0
#Transform 72
Transform: MatrixOffsetTransformBase_double_3_3
Parameters: 0.9999983744059078 0.001806380461744349 0.0006024340414247812 -0.0017976141857033736 0.9999059532547617 -0.013631112940460302 -0.0006275606618736394 0.013629896381760728 0.9999068223662616 -0.0386938570238442 -0.2987558910417363 -0.5147189109574555
FixedParameters: 0 0 0
#Transform 73
Transform: MatrixOffsetTransformBase_double_3_3
Parameters: 0.9999985242085949 0.001856400636828598 0.00016835781740183274 -0.0018545920956631475 0.9999101242675078 -0.013282333052104087 -0.0001936513387157531 0.013282661323134118 0.9999115345326369 -0.030950648605568176 -0.2673963927813787 -0.5577460094430933
FixedParameters: 0 0 0
#Transform 74
Transform: MatrixOffsetTransformBase_double_3_3
Parameters: 0.9999970920262148 0.0021667625509844235 0.00046115731356967 -0.0021622359123751067 0.9999464737541305 -0.010092018919563505 -0.00048284456932481013 0.010090975575345025 0.999948936147286 -0.0334995764533943 -0.1826965484433174 -0.6385612104061948
FixedParameters: 0 0 0
#Transform 75
Transform: MatrixOffsetTransformBase_double_3_3
Parameters: 0.9999983932288666 0.0018600608739909724 0.00038108827601458843 -0.0018559425761702723 0.9999158393323239 -0.012872736777781581 -0.00040492454534050135 0.012872276315466202 0.9999171371872129 -0.0418798015091113 -0.25716994083487066 -0.5609350090738161
FixedParameters: 0 0 0
#Transform 76
Transform: MatrixOffsetTransformBase_double_3_3
Parameters: 0.9999982850324266 0.0018066714044862504 0.0006711012154883652 -0.001798329022536805 0.9999173399166201 -0.012705227050033435 -0.0006939028256169635 0.012703766532217357 0.9999191232303957 -0.03645558451908926 -0.26853121878627917 -0.49503557591420133
FixedParameters: 0 0 0
#Transform 77
Transform: MatrixOffsetTransformBase_double_3_3
Parameters: 0.9999981538667948 0.0019479692909833278 0.00022680763846038613 -0.0019450282259239652 0.9999207373275552 -0.012428460117020573 -0.0002511936786610283 0.012428529651998333 0.999922469214001 -0.018535259136797322 -0.2574333597865319 -0.46025379672813926
FixedParameters: 0 0 0
#Transform 78
Transform: MatrixOffsetTransformBase_double_3_3
Parameters: 0.9999984386277636 0.0018564337963493352 0.0003406705510421674 -0.0018515760916785497 0.9999192619938304 -0.012581652159362343 -0.00036332470217041073 0.01258134689332019 0.999920575550012 -0.011286639129139076 -0.24135163995447328 -0.49943555770363446
FixedParameters: 0 0 0
#Transform 79
Transform: MatrixOffsetTransformBase_double_3_3
Parameters: 0.9999986410807907 0.0018025378804418643 0.0003301233124236731 -0.001798466229377874 0.999910869446741 -0.013262621718359095 -0.0003538819523024729 0.013261390115432288 0.9999119944255876 -0.016650961911224726 -0.27572191807361435 -0.4549232026935499
FixedParameters: 0 0 0
#Transform 80
Transform: MatrixOffsetTransformBase_double_3_3
Parameters: 0.9999986424467627 0.001802550254324873 0.00032790370087045466 -0.0017984486822625965 0.9999086183914984 -0.013384614617803573 -0.0003521016810372341 0.013383390217187945 0.9999107447325677 -0.0214014625871215 -0.24560267055022678 -0.5062170332859353
FixedParameters: 0 0 0
#Transform 81
Transform: MatrixOffsetTransformBase_double_3_3
Parameters: 0.9999978051631637 0.002005049275172838 0.00041796327650362315 -0.0019989496510188862 0.9998998840047995 -0.014003861985738162 -0.0004460360850074016 0.014003132171959044 0.9999017055752483 -0.017598464874780007 -0.27775788383453914 -0.48150269225075704
FixedParameters: 0 0 0
#Transform 82
Transform: MatrixOffsetTransformBase_double_3_3
Parameters: 0.9999977763026497 0.002013986482907345 0.00040959444038001527 -0.002008022415329233 0.9998984439183661 -0.014124857621483064 -0.0004374061477390831 0.014124154215296942 0.9999003088928595 -0.007878659696586965 -0.25990600926395757 -0.512810594914356
FixedParameters: 0 0 0
#Transform 83
Transform: MatrixOffsetTransformBase_double_3_3
Parameters: 0.9999974166917766 0.0020887316837745686 0.00046896070273579293 -0.0020822660019079184 0.999900749191623 -0.013925005725768509 -0.0004980426526423174 0.013923988944261253 0.9999028649305974 -0.011634487171662045 -0.28348796292337397 -0.45762846751922837
FixedParameters: 0 0 0
#Transform 84
Transform: MatrixOffsetTransformBase_double_3_3
Parameters: 0.9999982959834282 0.0019069289381684219 0.0002596141477182878 -0.0019030654025417434 0.9998947194062453 -0.014375513449120565 -0.0002873857228466821 0.014374471360490982 0.9998962738106927 -0.01269025273462887 -0.26901061774540835 -0.5327889862588506
FixedParameters: 0 0 0
#Transform 85
Transform: MatrixOffsetTransformBase_double_3_3
Parameters: 0.9999974218935989 0.002224251061250231 0.0007941689389532257 -0.002212738440641296 0.9999009696113634 -0.013896797471318141 -0.0008258284818777454 0.013895203329818416 0.9999032354550736 -0.024968157850764783 -0.27625433472839234 -0.4911930733545091
FixedParameters: 0 0 0
#Transform 86
Transform: MatrixOffsetTransformBase_double_3_3
Parameters: 0.9999976478051333 0.002303225187660402 -0.00021853973956821197 -0.0023057813936144854 0.9999034144409616 -0.013684533391642766 0.00018746479396973678 0.013684469069618762 0.9999066842131821 -0.014115156332323409 -0.28448080678633403 -0.46683569235885614
FixedParameters: 0 0 0
#Transform 87
Transform: MatrixOffsetTransformBase_double_3_3
Parameters: 0.9999974689237767 0.0023360778779242227 0.00027202465830614706 -0.0023319258903021535 0.9998979555409643 -0.014127682423566103 -0.00030497525805126127 0.014127335636263576 0.9999003201440273 -0.020373162167601322 -0.3008188822681319 -0.4832505498426798
FixedParameters: 0 0 0
#Transform 88
Transform: MatrixOffsetTransformBase_double_3_3
Parameters: 0.9999957389871056 0.0028420685477568083 0.00042852456347616563 -0.0028359253653055766 0.999904274156387 -0.013552274005447304 -0.0004674764763372778 0.013551730139407353 0.9999081337416709 -0.01872830852536822 -0.3124169784415045 -0.4640415494141763
FixedParameters: 0 0 0
#Transform 89
Transform: MatrixOffsetTransformBase_double_3_3
Parameters: 0.999997963863376 0.0022092698798919625 0.0003945654452437553 -0.002203729106791031 0.999915087873079 -0.012885907614988843 -0.00042343159381842975 0.012885102624247751 0.9999167894346456 0.0006696441687523702 -0.25416300045178275 -0.47726934749968564
FixedParameters: 0 0 0
#Transform 90
Transform: MatrixOffsetTransformBase_double_3_3
Parameters: 0.9999966240453976 0.0024408617847149422 0.0006485211726308144 -0.00243114547042464 0.999908368519844 -0.013330620679306815 -0.000680467974297361 0.013329383097397212 0.999910861320662 -0.004059945350846306 -0.3013802142557438 -0.42257659610795884
FixedParameters: 0 0 0
#Transform 91
Transform: MatrixOffsetTransformBase_double_3_3
Parameters: 0.9999980215789149 0.0018813760579008117 0.0006629694773906754 -0.0018716236203225498 0.9999021061735679 -0.013870263404482445 -0.0006890242542491022 0.013868726258021769 0.9999031706021944 -0.0005789317568059005 -0.27153161416325133 -0.5022268148157849
FixedParameters: 0 0 0
#Transform 92
Transform: MatrixOffsetTransformBase_double_3_3
Parameters: 0.9999977132816696 0.002217517587250518 0.0006066844508238179 -0.002209478279365021 0.9999034970762922 -0.013697373286709806 -0.0006373217441983908 0.013695619554516638 0.9999060099855689 0.00587367954339868 -0.27937065378260684 -0.4472693229079141
FixedParameters: 0 0 0
#Transform 93
Transform: MatrixOffsetTransformBase_double_3_3
Parameters: 0.9999970590177799 0.0022122173005931383 0.00021286127498770771 -0.0022097800604176723 0.9998987138980506 -0.01408550703678543 -0.000244148296403114 0.01408449654812728 0.9999005504484294 -0.0013137017516982041 -0.2894530095574197 -0.5096398099969548
FixedParameters: 0 0 0
#Transform 94
Transform: MatrixOffsetTransformBase_double_3_3
Parameters: 0.9999972902574173 0.002221289608263289 0.0008795783451763701 -0.0022097062653199384 0.999903486775091 -0.013733990242169997 -0.0009104322123346031 0.013732024294821836 0.9999055943805364 -0.011027042468128911 -0.28801591296328866 -0.4634444950744836
FixedParameters: 0 0 0
#Transform 95
Transform: MatrixOffsetTransformBase_double_3_3
Parameters: 0.9999971408824768 0.0020765045202408537 0.0007391230261191183 -0.0020664943494553044 0.9999003476635844 -0.01394155024446446 -0.0007678834360255508 0.013940428331833421 0.9999020711954814 -0.0015600700438795911 -0.2785748039484588 -0.5188654748281181
FixedParameters: 0 0 0
#Transform 96
Transform: MatrixOffsetTransformBase_double_3_3
Parameters: 0.9999971558763673 0.0022227913943055912 0.0009503682430604612 -0.0022092125744774386 0.9998953314606461 -0.0142751315761067 -0.0009816339342445073 0.014272850035479753 0.999897309172456 0.011434776032587024 -0.2863456359353336 -0.44264054707061007
FixedParameters: 0 0 0
#Transform 97
Transform: MatrixOffsetTransformBase_double_3_3
Parameters: 0.9999983142791581 0.0018019827691511307 0.0006624539585366892 -0.001792025368105919 0.9998895612927424 -0.014772213586614664 -0.0006885457342754994 0.014770785702464782 0.9998903343628236 0.0047785298941818155 -0.31836918631975664 -0.4780470304666835
FixedParameters: 0 0 0
#Transform 98
Transform: MatrixOffsetTransformBase_double_3_3
Parameters: 0.9999972857395527 0.002150870249052179 0.0010428862885088228 -0.002135130167679616 0.9998858440040335 -0.0149862782009234 -0.0010751157177953112 0.014983739063088811 0.9998873151710965 -0.008409151675095927 -0.29794221139515287 -0.4589985456345147
FixedParameters: 0 0 0
#Transform 99
Transform: MatrixOffsetTransformBase_double_3_3
Parameters: 0.9999981149182918 0.001803949981752327 0.0007943982001198869 -0.001792055528070381 0.999888877547661 -0.014795454832060169 -0.000820602231028338 0.014793550897630875 0.9998904584440175 0.0025366376399347246 -0.27364215571091677 -0.46091719037225687
FixedParameters: 0 0 0
#Transform 100
Transform: MatrixOffsetTransformBase_double_3_3
Parameters: 0.999997219405514 0.0020790062474140146 0.0006770087687090535 -0.002068993233102001 0.9998936098659378 -0.014460442829764523 -0.0007069899936375198 0.014458572261519422 0.999895432682177 -0.00781042489347783 -0.29127233286352805 -0.4718162191151549
FixedParameters: 0 0 0
#Transform 101
Transform: MatrixOffsetTransformBase_double_3_3
Parameters: 0.999997474399821 0.0021649081907345624 0.0009168280015423227 -0.0021500883715737714 0.9998860838260636 -0.014909012094814371 -0.0009491596574380622 0.01490698598538224 0.9998888683606574 -0.010728433223690104 -0.28421099995398436 -0.49016490491217724
FixedParameters: 0 0 0
#Transform 102
Transform: MatrixOffsetTransformBase_double_3_3
Parameters: 0.999996370087609 0.002393965379112366 0.0009480468181550559 -0.002379034908606207 0.9998775662233244 -0.015484305946368048 -0.000984951729575461 0.015481692559329673 0.9998793277776763 -0.017454322752726625 -0.2919223127537123 -0.5172450255423513
FixedParameters: 0 0 0
#Transform 103
Transform: MatrixOffsetTransformBase_double_3_3
Parameters: 0.9999982296734471 0.0018032088933323445 0.0007195190101467742 -0.0017927974711342523 0.9998810761664803 -0.01528730996525769 -0.0007464925617061576 0.015285673928012255 0.9998827718426982 -0.003972752874574326 -0.31142951825353293 -0.5134880258601413
FixedParameters: 0 0 0
#Transform 104
Transform: MatrixOffsetTransformBase_double_3_3
Parameters: 0.9999982074569458 0.0018036619502416345 0.0007339690885067233 -0.0017923370827834313 0.9998766882972988 -0.015591345475559987 -0.0007620359801206493 0.015589655497342382 0.9998783617595141 -0.015953347938207685 -0.2787066471670272 -0.6135643606381223
FixedParameters: 0 0 0
#Transform 105
Transform: MatrixOffsetTransformBase_double_3_3
Parameters: 0.9999976369380046 0.0021297494249506227 0.0009107894289877308 -0.0021122643252072986 0.999835078130203 -0.018011970247119865 -0.0009481985109965105 0.018010026989703835 0.9998377131207671 -0.01726295264985822 -0.35197684183950173 -0.6487648127139494
FixedParameters: 0 0 0
#Transform 106
Transform: MatrixOffsetTransformBase_double_3_3
Parameters: 0.9999977502928525 0.002137751290130989 0.0008242574512295648 -0.0021222537683500673 0.9998233112338543 -0.018658783773322432 -0.000863747571382375 0.0186571880079628 0.9998251361391218 -0.019316090406007902 -0.32383967694420335 -0.7284704994222011
FixedParameters: 0 0 0
#Transform 107
Transform: MatrixOffsetTransformBase_double_3_3
Parameters: 0.9999961542750199 0.0025729207313642402 0.00047492294909034236 -0.0025650750872449066 0.999868750922037 -0.01598927179527634 -0.0005160772167343352 0.015987725750041055 0.9998721055743777 -0.01832710191935405 -0.3053229661364867 -0.5746885011084402
FixedParameters: 0 0 0
#Transform 108
Transform: MatrixOffsetTransformBase_double_3_3
Parameters: 0.9999964864603914 0.0021968320540946486 0.0012987598501552709 -0.0021751638365997573 0.999860388262531 -0.016578877524659977 -0.0013352417405192274 0.016576119196615363 0.9998614325781693 -0.018416418233485388 -0.309313496455232 -0.5588082451448173
FixedParameters: 0 0 0
#Transform 109
Transform: MatrixOffsetTransformBase_double_3_3
Parameters: 0.9999956697478176 0.002435586615096412 0.0018432672473672048 -0.00240542002310051 0.9998626697813824 -0.016417508186138643 -0.0018827378522123701 0.01641248876214099 0.9998630580024597 -0.026848877081505407 -0.30821905472575395 -0.5558522636145113
FixedParameters: 0 0 0
#Transform 110
Transform: MatrixOffsetTransformBase_double_3_3
Parameters: 0.9999976051079539 0.0021670826148244534 0.0008359053049316475 -0.0021519175400586915 0.9998421772026111 -0.017639848913860234 -0.0008740941819692721 0.017638155877104898 0.9998441099294735 -0.016420819936001863 -0.3253268329532375 -0.6392684530427317
FixedParameters: 0 0 0
#Transform 111
Transform: MatrixOffsetTransformBase_double_3_3
Parameters: 0.9999958622503078 0.002649270109158391 0.0010569227549786237 -0.0026307297339499863 0.9998379877208055 -0.017834868901687957 -0.0011040887146681862 0.01783116338064837 0.9998407903071045 -0.021793359576932403 -0.3182187007258648 -0.6457421511328647
FixedParameters: 0 0 0
#Transform 112
Transform: MatrixOffsetTransformBase_double_3_3
Parameters: 0.9999969780077261 0.002433108166783566 0.0003158162343501002 -0.00242988905229984 0.9999199492020797 -0.012415802927781355 -0.0003461927744783788 0.01241419320003952 0.9999227520606303 -0.0166189369770251 -0.2763926234746066 -0.48114932006812694
FixedParameters: 0 0 0
#Transform 113
Transform: MatrixOffsetTransformBase_double_3_3
Parameters: 0.9999970388158311 0.001985758051228613 -0.0010083872710237906 -0.001993243949254103 0.9999717392435046 -0.007231009542720363 0.0009946107196575481 0.007232994567196785 0.9999736943969888 -0.02618997204558582 -0.18099047721591432 -0.48635383592090875
FixedParameters: 0 0 0
#Transform 114
Transform: MatrixOffsetTransformBase_double_3_3
Parameters: 0.9999960032307555 0.00273184473464447 -0.0007323569493763309 -0.0027371511570167257 0.999959589285201 -0.00853903015603035 0.0007086507607132936 0.00854097065916648 0.9999635477874786 -0.030886121450777182 -0.22757874464579686 -0.43472857526022324
FixedParameters: 0 0 0
#Transform 115
Transform: MatrixOffsetTransformBase_double_3_3
Parameters: 0.9999958341907982 0.00301854971899581 0.00023646322419713952 -0.00301545898873845 0.9999444700609023 -0.010120759323291813 -0.0002665320704296421 0.010120241736081248 0.9999485093635455 -0.049150532499908195 -0.2324568954370534 -0.48344331363186654
FixedParameters: 0 0 0
#Transform 116
Transform: MatrixOffsetTransformBase_double_3_3
Parameters: 0.9999943289171821 0.0032628576841062674 0.00015608871094440036 -0.0032611437854802076 0.999937811913513 -0.010702567387902553 -0.00019091401934617783 0.010702435433931344 0.9999424227895071 -0.056846696948753106 -0.2733749036098345 -0.47285488278359367
FixedParameters: 0 0 0
#Transform 117
Transform: MatrixOffsetTransformBase_double_3_3
Parameters: 0.9999944047143052 0.0034040880244618405 0.00008791463189919753 -0.0034029129832894335 0.9999411578574927 -0.010308358356484871 -0.00012308325805928346 0.0103076402003795 0.9999467308823103 -0.06021496855801445 -0.21599823064832435 -0.47754784558712515
FixedParameters: 0 0 0
#Transform 118
Transform: MatrixOffsetTransformBase_double_3_3
Parameters: 0.999995379853824 0.0030994152802524596 0.00012223676042320364 -0.0030975759766743035 0.9999423335231498 -0.010250429218061251 -0.00015475778764567722 0.010249570917791457 0.9999479153049043 -0.03963771659087456 -0.2623201128449608 -0.44728445030965247
FixedParameters: 0 0 0
#Transform 119
Transform: MatrixOffsetTransformBase_double_3_3
Parameters: 0.9999958595901528 0.003009884674743589 0.0002839305430598691 -0.0030071160053778342 0.9999485823908315 -0.009662898586603469 -0.0003130713004346899 0.009662102463210748 0.9999535445912794 -0.042541753637195256 -0.2234663896583271 -0.4398091810722633
FixedParameters: 0 0 0
#Transform 120
Transform: MatrixOffsetTransformBase_double_3_3
Parameters: 0.9999954965125937 0.003078822683243258 0.00016371140223770444 -0.00307617339580248 0.9999431986068924 -0.010165551076307212 -0.00019527871848975904 0.010164446238123395 0.9999486376537975 -0.0345059239920289 -0.2649886958285492 -0.4254499617571099
FixedParameters: 0 0 0
#Transform 121
Transform: MatrixOffsetTransformBase_double_3_3
Parameters: 0.9999955160151912 0.0029077774171395584 0.00016756037756522437 -0.0029062163094417436 0.9999478395594201 -0.009783528942195686 -0.00019644018997493954 0.009782470766400516 0.999952257294565 -0.03448786485884625 -0.23091170345142586 -0.4256865187004024
FixedParameters: 0 0 0
#Transform 122
Transform: MatrixOffsetTransformBase_double_3_3
Parameters: 0.999995424172503 0.002813887867252587 0.0008107629286394309 -0.0028051084947649362 0.9999382822393637 -0.01076331922393688 -0.000841236463447935 0.010760677787993635 0.9999414934730789 -0.017596154347302218 -0.2802625703356654 -0.40218354672994394
FixedParameters: 0 0 0
#Transform 123
Transform: MatrixOffsetTransformBase_double_3_3
Parameters: 0.9999969365717585 0.002601043293983184 0.0005459750551764869 -0.0025949614744945945 0.9999388872104608 -0.010787456017787422 -0.0005740260652668133 0.010786546165265525 0.9999413234188582 -0.019295571601844586 -0.2408548005892044 -0.4686741588330108
FixedParameters: 0 0 0
#Transform 124
Transform: MatrixOffsetTransformBase_double_3_3
Parameters: 0.9999948981302208 0.003319168106788419 0.00028641482035493754 -0.003316829777263017 0.9999403171289569 -0.01042500551840874 -0.00032159385225936227 0.010423988100180137 0.9999452341590617 -0.02229716413449978 -0.2644884329250772 -0.40112584625425995
FixedParameters: 0 0 0
#Transform 125
Transform: MatrixOffsetTransformBase_double_3_3
Parameters: 0.9999935148556793 0.003599538363058401 0.0007255658645888416 -0.0035924607270828145 0.9999423978185217 -0.010133680838777097 -0.0007624409357221379 0.010131329823792156 0.9999487758539066 -0.05439639550149877 -0.23031475835929882 -0.3810253510411883
FixedParameters: 0 0 0
#Transform 126
Transform: MatrixOffsetTransformBase_double_3_3
Parameters: 0.9999939700839968 0.0035653564762237818 0.0005652707186501058 -0.0035586467167947737 0.9999341075530127 -0.010873074617228163 -0.000603725378646508 0.010870910508734857 0.9999404541685267 -0.0421984189105018 -0.23400827526428714 -0.42765873660449927
FixedParameters: 0 0 0
#Transform 127
Transform: MatrixOffsetTransformBase_double_3_3
Parameters: 0.9999939775429294 0.0033545618462803538 0.0008765592939833994 -0.003347445277718901 0.9999587313751014 -0.008488984835879539 -0.0009044437472650635 0.008486016571062452 0.9999631678158281 -0.04164282107912243 -0.2392423740069347 -0.5108299640667582
FixedParameters: 0 0 0
#Transform 128
Transform: MatrixOffsetTransformBase_double_3_3
Parameters: 0.9999921006189515 0.0038596616007891883 0.00006988050734455668 -0.0038583348218648706 0.9999621964931962 -0.0078043249446634304 -0.00010011675383059684 0.007804668907384562 0.9999690814246143 -0.049710278791181395 -0.22336559929340183 -0.3997528540248254
FixedParameters: 0 0 0
#Transform 129
Transform: MatrixOffsetTransformBase_double_3_3
Parameters: 0.9999929749403497 0.0037802071456961334 0.0008575995794266173 -0.003771791990926576 0.9999488579903153 -0.009376301413453313 -0.0008933976037003103 0.009372689473123006 0.9999553500129089 -0.05821859585064715 -0.2529357230561544 -0.4634020482826031
FixedParameters: 0 0 0
#Transform 130
Transform: MatrixOffsetTransformBase_double_3_3
Parameters: 0.9999923092522924 0.0037961683259533983 0.0005259367650160272 -0.003791825496544337 0.9999472388519379 -0.009507057328796524 -0.0005620701328183298 0.00950492933704609 0.9999543377084336 -0.057943494051897915 -0.25891435477134905 -0.41362577836733294
FixedParameters: 0 0 0
#Transform 131
Transform: MatrixOffsetTransformBase_double_3_3
Parameters: 0.9999926037742283 0.003698539917930509 0.0008454785364283292 -0.0036904563979972328 0.999944614559561 -0.009887192025258972 -0.000882528219539151 0.009884807739573608 0.999950517745782 -0.056709652115742415 -0.2533307561430149 -0.5087075581917588
FixedParameters: 0 0 0
#Transform 132
Transform: MatrixOffsetTransformBase_double_3_3
Parameters: 0.9999928701893097 0.003844664448171928 0.0005891661265342347 -0.003839341165513931 0.9999492434561355 -0.009328336679514264 -0.0006248366677467983 0.009325672365182926 0.9999566363486043 -0.036169741553507606 -0.24603082362084194 -0.4265601783977644
FixedParameters: 0 0 0
#Transform 133
Transform: MatrixOffsetTransformBase_double_3_3
Parameters: 0.9999922365194002 0.0037145686305684617 0.0009814702575343835 -0.0037054246989143193 0.9999475237686508 -0.009578706577506193 -0.0010175297403963103 0.009574290093605225 0.9999532891959106 -0.04526517311549583 -0.23332492741597832 -0.5052630647637386
FixedParameters: 0 0 0
#Transform 134
Transform: MatrixOffsetTransformBase_double_3_3
Parameters: 0.9999927098615697 0.003737295852231404 0.001148884432972552 -0.0037267067411806375 0.9999464054902466 -0.009680362224398699 -0.0011851230307910504 0.00967565148348258 0.9999529717680993 -0.03808507310631626 -0.2548216960083778 -0.48005493949517586
FixedParameters: 0 0 0
#Transform 135
Transform: MatrixOffsetTransformBase_double_3_3
Parameters: 0.9999922914822329 0.0037483368012970236 0.0008124353155071783 -0.003739662324441362 0.9999423280963438 -0.010034111945819437 -0.0008495608400498603 0.010030889245987606 0.9999496554556878 -0.04143586223317186 -0.22621338596404428 -0.5079395428515454
FixedParameters: 0 0 0
#Transform 136
Transform: MatrixOffsetTransformBase_double_3_3
Parameters: 0.9999925729713938 0.0038112064005671967 0.0009499595760567732 -0.0038007979410999517 0.9999378504636197 -0.01052169831624375 -0.000990036581509701 0.010517314448256307 0.9999443956365729 -0.0562421356539744 -0.2652025304658281 -0.4656180224102684
FixedParameters: 0 0 0
#Transform 137
Transform: MatrixOffsetTransformBase_double_3_3
Parameters: 0.999993642166163 0.0034933036100066373 0.00039023814483130233 -0.0034897007072384224 0.9999389351481303 -0.010530436854840522 -0.00042676796789822656 0.010528584199417075 0.9999449592247586 -0.04130554621031024 -0.24935185667811766 -0.5191598830734279
FixedParameters: 0 0 0
#Transform 138
Transform: MatrixOffsetTransformBase_double_3_3
Parameters: 0.9999940805044614 0.0031744533194759178 0.0013576915945100287 -0.003159542602223894 0.9999393697208906 -0.010518346484408265 -0.0013913051030436225 0.01051464014233417 0.9999435106047388 -0.05936331110295612 -0.2790928715951395 -0.547159593088864
FixedParameters: 0 0 0
#Transform 139
Transform: MatrixOffsetTransformBase_double_3_3
Parameters: 0.9999950070524314 0.0030837880783954018 0.0006942736258813716 -0.0030762057146322065 0.9999356069074524 -0.010951191509280506 -0.000728727782349318 0.010948808527040648 0.9999395873568532 -0.028583747276229587 -0.3122029639317958 -0.5184059834170398
FixedParameters: 0 0 0
#Transform 140
Transform: MatrixOffsetTransformBase_double_3_3
Parameters: 0.9999936552172581 0.0033417000922596647 0.0010845925942421413 -0.003330295468320209 0.9999382102335526 -0.010615679311643743 -0.0011204113960519874 0.01061232319766156 0.9999431239235265 -0.04707382200633958 -0.30428337915718373 -0.47375030641619276
FixedParameters: 0 0 0
#Transform 141
Transform: MatrixOffsetTransformBase_double_3_3
Parameters: 0.9999934181905629 0.00333272988568008 0.001213987839631336 -0.0033252715833817993 0.9999750757099918 -0.006314082033858235 -0.0012350137097487208 0.006309929202464926 0.9999796586776332 -0.04678867872553383 -0.2292241873378913 -0.4459935987885757
FixedParameters: 0 0 0
#Transform 142
Transform: MatrixOffsetTransformBase_double_3_3
Parameters: 0.9999941418323831 0.0030281605618262875 0.001639550174766319 -0.003016834104971054 0.9999720917582924 -0.006767981632734768 -0.0016604481765837905 0.006763007245872628 0.9999755048501394 -0.03985766715143768 -0.21482164830388228 -0.47141039522527706
FixedParameters: 0 0 0
#Transform 143
Transform: MatrixOffsetTransformBase_double_3_3
Parameters: 0.9999920566558129 0.003328038411218387 0.0022065135121204726 -0.003310965029313976 0.9999650355867991 -0.00768136756080047 -0.0022314854069059057 0.007673635341937997 0.9999681308271443 -0.04246153413646425 -0.22323472325165028 -0.4797868240410139
FixedParameters: 0 0 0
#Transform 144
Transform: MatrixOffsetTransformBase_double_3_3
Parameters: 0.9999920898800041 0.0032667081358877478 0.002059735722789139 -0.003249296706852301 0.9999624122175347 -0.008063757419676859 -0.002085259025772887 0.008057252743916445 0.9999657316649226 -0.04332589551796673 -0.20729391069696135 -0.5326512425219789
FixedParameters: 0 0 0
#Transform 145
Transform: MatrixOffsetTransformBase_double_3_3
Parameters: 0.9999925692331127 0.00337556880945361 0.0017430695007523086 -0.003360430136321833 0.9999598976493028 -0.008294917530417592 -0.001770925569474606 0.008289082141523185 0.9999641541984963 -0.03555632367914541 -0.2645582354136877 -0.4963670175757642
FixedParameters: 0 0 0
#Transform 146
Transform: MatrixOffsetTransformBase_double_3_3
Parameters: 0.999993252534153 0.0029437772586324794 0.002020269857664864 -0.0029352235643999624 0.9999866015428621 -0.004333961328519876 -0.002032732021831361 0.0043280474375935775 0.9999891355361161 -0.03528585635666559 -0.14470284422952773 -0.5415757298167421
FixedParameters: 0 0 0
#Transform 147
Transform: MatrixOffsetTransformBase_double_3_3
Parameters: 0.9999918252830152 0.0030951444960008734 0.0025682162663523554 -0.0030918582469178944 0.9999949344750398 -0.0012269509923401158 -0.0025717830045277694 0.0012190503297364627 0.9999958993353579 -0.040007848332109575 -0.16715970486487208 -0.3597178801213943
FixedParameters: 0 0 0
#Transform 148
Transform: MatrixOffsetTransformBase_double_3_3
Parameters: 0.9999922098865242 0.0029951518584155007 0.002412760832918163 -0.0029818479955845047 0.9999805455121793 -0.005437235141144949 -0.0024282372260683582 0.005429767655485019 0.99998261786053 -0.03792134856719542 -0.18667824671229027 -0.5001181384262168
FixedParameters: 0 0 0
#Transform 149
Transform: MatrixOffsetTransformBase_double_3_3
Parameters: 0.9999908224837966 0.0033678600529318888 0.002799025283986324 -0.0033521376410666198 0.9999778156107354 -0.005652434186047626 -0.002817976953618527 0.0056425608247602154 0.9999802175745621 -0.04267444106076823 -0.2178636532792808 -0.4505144255170421
FixedParameters: 0 0 0
#Transform 150
Transform: MatrixOffsetTransformBase_double_3_3
Parameters: 0.9999924347509956 0.0029845382571563788 0.002378870907092389 -0.0029694592337399547 0.9999770670677627 -0.006092106181120414 -0.0023971222874926003 0.00608488785870807 0.9999782270980256 -0.04877619463879057 -0.21147853338767675 -0.5343097843866076
FixedParameters: 0 0 0
#Transform 151
Transform: MatrixOffsetTransformBase_double_3_3
Parameters: 0.9999902425589922 0.0031424693907816216 0.003143671948928104 -0.003121529848230993 0.9999740696820221 -0.0064948772291356744 -0.0031643259314439493 0.006485120271947185 0.9999739313900052 -0.046610746178672 -0.22089887730190583 -0.48228580538295773
FixedParameters: 0 0 0
#Transform 152
Transform: MatrixOffsetTransformBase_double_3_3
Parameters: 0.999992292623672 0.0027139391102655817 0.00288839471044761 -0.00269406308038416 0.9999723393637949 -0.0068848341945369415 -0.0029066077504226215 0.006877164260968588 0.9999722554557996 -0.039364768209210865 -0.19638696485843354 -0.5321871417697253
FixedParameters: 0 0 0
#Transform 153
Transform: MatrixOffsetTransformBase_double_3_3
Parameters: 0.9999897819075348 0.0033741498284106867 0.0029722775111139226 -0.0033538480723697174 0.9999710660861691 -0.006759031993856136 -0.002994719148367346 0.0067489586842708555 0.9999724813509869 -0.043435750261124895 -0.22330602135711786 -0.5021074363604612
FixedParameters: 0 0 0
#Transform 154
Transform: MatrixOffsetTransformBase_double_3_3
Parameters: 0.9999913919864928 0.0032299168194104846 0.00267835188820157 -0.0032110813396327206 0.9999701713428696 -0.007036660521390636 -0.002701648964689821 0.007028333941930947 0.9999713069117963 -0.05051568699767017 -0.21670005686894456 -0.5815911841788051
FixedParameters: 0 0 0
#Transform 155
Transform: MatrixOffsetTransformBase_double_3_3
Parameters: 0.9999891562041945 0.0033763854918735453 0.0032317447719908236 -0.0033526158942914267 0.9999687164992543 -0.007213914413642766 -0.003256251667715074 0.00720308513855518 0.999968512846215 -0.046622014276422874 -0.22921937236553447 -0.5114682827759935
FixedParameters: 0 0 0
#Transform 156
Transform: MatrixOffsetTransformBase_double_3_3
Parameters: 0.9999912724510246 0.003238301881674782 0.0024974457005026394 -0.0032206926324584825 0.9999683667674427 -0.007298107703092177 -0.0025215584601681463 0.007289898559525158 0.9999704989055899 -0.034546685440744795 -0.1989802502055511 -0.6049441664382016
FixedParameters: 0 0 0
#Transform 157
Transform: MatrixOffsetTransformBase_double_3_3
Parameters: 0.9999906934386438 0.00335299179640169 0.002839396759653494 -0.003332006734584301 0.999967649533765 -0.007365533228788319 -0.002864602601646613 0.007355467261599509 0.9999686879903004 -0.04019753103669643 -0.20770281314530337 -0.5395872747005797
FixedParameters: 0 0 0
#Transform 158
Transform: MatrixOffsetTransformBase_double_3_3
Parameters: 0.9999930978947661 0.0030717107624169833 0.0018613149081899724 -0.003056282231167373 0.9999603355566065 -0.008385745089102873 -0.0018876869754887171 0.00838025791808105 0.9999632100120942 -0.05476654279728166 -0.23916903973116632 -0.45341444729997704
FixedParameters: 0 0 0
#Transform 159
Transform: MatrixOffsetTransformBase_double_3_3
Parameters: 0.9999925695618821 0.002997635129818867 0.002333251601175645 -0.0029793653253882483 0.999963920623456 -0.007950006085790967 -0.0023567487485821595 0.007942989747850035 0.9999653527976274 -0.05852912543470268 -0.22004512668308962 -0.48089933201211466
FixedParameters: 0 0 0
#Transform 160
Transform: MatrixOffsetTransformBase_double_3_3
Parameters: 0.9999922423460766 0.0029422306876967603 0.0026647464086584968 -0.002920769857733138 0.9999644882690709 -0.007935847247028428 -0.0026882526442858147 0.00792815461953232 0.9999649183392104 -0.03834529181092705 -0.24025182326248284 -0.4680195423143658
FixedParameters: 0 0 0
#Transform 161
Transform: MatrixOffsetTransformBase_double_3_3
Parameters: 0.9999913466787783 0.0030853008394033103 0.0026713211927264216 -0.0030616995627391146 0.9999572179765229 -0.00868324534442573 -0.0026976752906687604 0.008675743347843342 0.999958457895297 -0.046067706986889334 -0.24042553235635467 -0.5004373388749457
FixedParameters: 0 0 0
#Transform 162
Transform: MatrixOffsetTransformBase_double_3_3
Parameters: 0.9999918392214717 0.003131388690914539 0.0027125099889072457 -0.0031096213399439297 0.9999646620547982 -0.007852508680569085 -0.002736493501623768 0.007844504722651862 0.9999659767314271 -0.03776236365804664 -0.228451001924455 -0.5105269801602503
FixedParameters: 0 0 0
#Transform 163
Transform: MatrixOffsetTransformBase_double_3_3
Parameters: 0.9999914489336069 0.003204010253679756 0.0025071197174712464 -0.0031819875549275174 0.9999565724259214 -0.008735045482877556 -0.0025348771537321473 0.008726946011220907 0.9999584123234806 -0.03290511473817048 -0.21878871005196743 -0.5364647336031538
FixedParameters: 0 0 0
#Transform 164
Transform: MatrixOffsetTransformBase_double_3_3
Parameters: 0.9999906826705387 0.0031657452610926442 0.0028800333711449136 -0.0031412565705547647 0.9999589253279825 -0.008556131369014999 -0.002906968943035482 0.008546881640901546 0.9999594975832988 -0.027087547966800685 -0.26534697021561726 -0.5114619682619406
FixedParameters: 0 0 0
#Transform 165
Transform: MatrixOffsetTransformBase_double_3_3
Parameters: 0.9999923711552011 0.003034639743523945 0.002534209465803356 -0.0030173637331768976 0.9999740709462406 -0.006543700467190843 -0.002553790141530727 0.006536303950760878 0.9999757557312496 -0.04796689266119358 -0.19206286118925675 -0.5556337086005811
FixedParameters: 0 0 0
#Transform 166
Transform: MatrixOffsetTransformBase_double_3_3
Parameters: 0.999991272514252 0.0031219553371231662 0.0028250133232796304 -0.0031010453014717956 0.9999677422723962 -0.007391822764721398 -0.0028479865593045795 0.007383170905348245 0.9999683780032029 -0.02058321071616831 -0.24404271576599967 -0.4418786286647105
FixedParameters: 0 0 0
#Transform 167
Transform: MatrixOffsetTransformBase_double_3_3
Parameters: 0.9999925811097019 0.0027476559835526307 0.002620480626847399 -0.0027263428921158535 0.9999628073012828 -0.008231204406072636 -0.0026435216200763694 0.008224796540843278 0.9999623710533351 -0.018635866846338445 -0.2407266082152688 -0.4699957324765478
FixedParameters: 0 0 0
#Transform 168
Transform: MatrixOffsetTransformBase_double_3_3
Parameters: 0.9999897964900238 0.0029151558288618125 0.003421727185021674 -0.002889848635805556 0.9999688600823229 -0.00733396370089814 -0.0034422728386910464 0.007324040565091867 0.9999675059092127 -0.02740763330706386 -0.23920232777967954 -0.4541786998144346
FixedParameters: 0 0 0
#Transform 169
Transform: MatrixOffsetTransformBase_double_3_3
Parameters: 0.9999930231539373 0.002717967956828242 0.0023643685679458127 -0.0026990337211759362 0.999964886414024 -0.007989439213074337 -0.0023856295841698286 0.007982573591387394 0.9999655817981948 -0.02977037355086054 -0.21308308028316958 -0.4971582905471337
FixedParameters: 0 0 0
#Transform 170
Transform: MatrixOffsetTransformBase_double_3_3
Parameters: 0.9999933074708297 0.0030568446884788455 0.0020852317072704847 -0.003057159523573855 0.9999956490125365 0.00007262562391658672 -0.0020847701001311834 -0.00007837336465111034 0.9999976470581394 -0.050015589424347695 -0.15506330743666297 -0.38373514784656493
FixedParameters: 0 0 0
#Transform 171
Transform: MatrixOffsetTransformBase_double_3_3
Parameters: 0.9999939761737773 0.0033140428249881656 0.0010183887292747234 -0.0033169565758402364 0.999992294076017 0.0019256322264823394 -0.0010126107455340776 -0.0019283660324670609 0.9999972554143597 -0.05249695049558056 -0.18372633324337073 -0.03747399365239801
FixedParameters: 0 0 0
#Transform 172
Transform: MatrixOffsetTransformBase_double_3_3
Parameters: 0.9999917867385091 0.003149840998380301 0.0025084516107725216 -0.0031511554268200256 0.9999948613321985 0.00045709903516154006 -0.0025065436915857717 -0.000465898845410621 0.9999964994415004 -0.05474165074441828 -0.18147527628435967 -0.15315399325371004
FixedParameters: 0 0 0
#Transform 173
Transform: MatrixOffsetTransformBase_double_3_3
Parameters: 0.9999902957221518 0.003085694576286812 0.0030302762532155685 -0.003084305898310085 0.9999951702460703 -0.000563351756558782 -0.0030317253031912827 0.0005546503947046081 0.9999955005100648 -0.0623586465685122 -0.20555979084413423 -0.15648436205141536
FixedParameters: 0 0 0
#Transform 174
Transform: MatrixOffsetTransformBase_double_3_3
Parameters: 0.9999912185345503 0.0029069490862096256 0.0030542996474699317 -0.002902053526277274 0.9999949442777819 -0.0016228789590749765 -0.003059701563705581 0.0016141207498289688 0.9999940351462374 -0.0548116443631983 -0.21469013010921856 -0.14736687590016118
FixedParameters: 0 0 0
#Transform 175
Transform: MatrixOffsetTransformBase_double_3_3
Parameters: 0.9999901621112057 0.0032810401843785847 0.0030121837883626823 -0.003271962187689787 0.9999902883842291 -0.0030008858302609004 -0.003021816723154717 0.0029911152824432653 0.999990921562347 -0.05056918877272665 -0.2121167829180024 -0.18909752895672227
FixedParameters: 0 0 0
#Transform 176
Transform: MatrixOffsetTransformBase_double_3_3
Parameters: 0.9999884612792688 0.0034886180142697726 0.0033719699385813227 -0.0034743830051349135 0.9999856379786469 -0.004035762968763025 -0.003386031105677898 0.00402423475422426 0.9999863411868019 -0.06399051890062424 -0.19205921539577275 -0.22122044440089894
FixedParameters: 0 0 0
#Transform 177
Transform: MatrixOffsetTransformBase_double_3_3
Parameters: 0.9999847640634648 0.003695031857027215 0.004193310290577089 -0.0036759741682253003 0.9999829047969964 -0.0045364847570458335 -0.004209693994705246 0.004521515079273964 0.9999808350544749 -0.06987612609039218 -0.16822904455584364 -0.28422609952095
FixedParameters: 0 0 0
#Transform 178
Transform: MatrixOffsetTransformBase_double_3_3
Parameters: 0.9999894552815413 0.0029402464230699203 0.0035915727475634564 -0.0029257573063332376 0.9999864408410526 -0.004242550685231638 -0.0036034301736193913 0.004232447530296297 0.9999841012812252 -0.041526742988551746 -0.19415286506541918 -0.2109347255716898
FixedParameters: 0 0 0
#Transform 179
Transform: MatrixOffsetTransformBase_double_3_3
Parameters: 0.9999782086075463 0.004081465975709816 0.005209147705131733 -0.004055538144173834 0.9999796419976915 -0.0048892295369390715 -0.005228848791381504 0.004868761812146542 0.9999739565660823 -0.05372247109335149 -0.18537069670658468 -0.33879286211978865
FixedParameters: 0 0 0
#Transform 180
Transform: MatrixOffsetTransformBase_double_3_3
Parameters: 0.9999849657343286 0.003192699879081775 0.004454366736315456 -0.003175300932244809 0.9999871168138028 -0.003975204592646479 -0.004466635258021016 0.0039607997984698095 0.9999823584947535 -0.058894176155732225 -0.19691613308698663 -0.2673470787544261
FixedParameters: 0 0 0
#Transform 181
Transform: MatrixOffsetTransformBase_double_3_3
Parameters: 0.999983025322676 0.0032996567268992207 0.004804478991802447 -0.0032743391844393408 0.9999807807793055 -0.005338825369095205 -0.004822522244820361 0.005322180933931463 0.9999744151634183 -0.05600718805136751 -0.1765896242710312 -0.37869767779116614
FixedParameters: 0 0 0
#Transform 182
Transform: MatrixOffsetTransformBase_double_3_3
Parameters: 0.9999853525556774 0.0032908669512313506 0.004221036750003302 -0.0032691291055329448 0.999981507017146 -0.005177872984591452 -0.004237955689542028 0.005163127101222844 0.9999773766577233 -0.05423802901354691 -0.2165980430787755 -0.31442113487585743
FixedParameters: 0 0 0
#Transform 183
Transform: MatrixOffsetTransformBase_double_3_3
Parameters: 0.9999764618191104 0.004090952091944291 0.005459160011580134 -0.004063041866392515 0.9999782549939251 -0.0051222979942406885 -0.005479835840913732 0.0050996989061783335 0.9999719612500853 -0.0647624237369655 -0.19069011023566418 -0.3595492601812822
FixedParameters: 0 0 0
#Transform 184
Transform: MatrixOffsetTransformBase_double_3_3
Parameters: 0.9999778221268956 0.0038721921905094264 0.005401774312740166 -0.00384180615420567 0.9999759162176293 -0.005772878385894177 -0.005424227093097605 0.005752121697883876 0.999968491811487 -0.07080194741314472 -0.22757476859608516 -0.3622144623545296
FixedParameters: 0 0 0
#Transform 185
Transform: MatrixOffsetTransformBase_double_3_3
Parameters: 0.9999835738524141 0.0030443511627720144 0.004915333347314717 -0.0030136556094538846 0.9999768478914003 -0.006169918143011048 -0.004933666464255338 0.006155084973159084 0.9999687717735808 -0.03365503035465167 -0.1975380125213917 -0.41387963379420967
FixedParameters: 0 0 0
#Transform 186
Transform: MatrixOffsetTransformBase_double_3_3
Parameters: 0.9999883646061303 0.003603926371258942 0.0032628573714318858 -0.003581075073627652 0.9999691068078563 -0.007004768681809881 -0.003288146108983834 0.006993233778452969 0.999970284000301 -0.08533764881359218 -0.20932945862368513 -0.2230599797394177
FixedParameters: 0 0 0
#Transform 187
Transform: MatrixOffsetTransformBase_double_3_3
Parameters: 0.9999844476741713 0.0038849653094651915 0.003931587567740281 -0.0038560328421596074 0.9999661347998509 -0.007348278746298378 -0.003960411591984751 0.0073327321205367045 0.9999655446395183 -0.09977972187603257 -0.1997464351778575 -0.22653935275164372
FixedParameters: 0 0 0
#Transform 188
Transform: MatrixOffsetTransformBase_double_3_3
Parameters: 0.9999794413566119 0.004094731863716264 0.004978968603106057 -0.004053266387531741 0.999956627548213 -0.008363350245496975 -0.005013030717757233 0.00834264171039665 0.9999522647736665 -0.07724104378786478 -0.2050874287513551 -0.29998545527951137
FixedParameters: 0 0 0
#Transform 189
Transform: MatrixOffsetTransformBase_double_3_3
Parameters: 0.9999795271071928 0.004475470027668342 0.004521185469030607 -0.004439526347956007 0.9999575672339794 -0.008045236343783102 -0.004556819374754039 0.008024770093516298 0.9999578339809699 -0.08532095633081838 -0.2080395673014408 -0.2899237100965877
FixedParameters: 0 0 0
#Transform 190
Transform: MatrixOffsetTransformBase_double_3_3
Parameters: 0.9999782035710573 0.004172291622412556 0.005038533552099275 -0.0041336988701785515 0.9999623473902477 -0.007586991627274765 -0.00507046550067363 0.007566007924497302 0.9999590466039121 -0.08904299065611099 -0.20475915274495549 -0.2856448999572052
FixedParameters: 0 0 0
#Transform 191
Transform: MatrixOffsetTransformBase_double_3_3
Parameters: 0.999984212245361 0.003928451125908851 0.004044645403635698 -0.003897556689576795 0.9999644218454298 -0.007508882378606771 -0.004073349548086004 0.0074931159394579765 0.9999632579334926 -0.08124790254760228 -0.22489163400484813 -0.25757601896945914
FixedParameters: 0 0 0
#Transform 192
Transform: MatrixOffsetTransformBase_double_3_3
Parameters: 0.9999862180448265 0.0033761222874921586 0.004047424254846767 -0.003343875784579567 0.9999631406108602 -0.007916648316126651 -0.004074580658458313 0.007903357775507432 0.9999609383594319 -0.040266528685549474 -0.1965959677001763 -0.2828553647954095
FixedParameters: 0 0 0
#Transform 193
Transform: MatrixOffsetTransformBase_double_3_3
Parameters: 0.9999888288643188 0.0028202077513774858 0.0039010550547548023 -0.0027907961306384535 0.9999683792522509 -0.007471978571253974 -0.003921950440303689 0.007461030696439769 0.9999649500985504 -0.053132678944720624 -0.21098547772855625 -0.21088745346271764
FixedParameters: 0 0 0
#Transform 194
Transform: MatrixOffsetTransformBase_double_3_3
Parameters: 0.9999844299081736 0.0029709698221434796 0.004662900907834676 -0.002936026586418987 0.9999672951346257 -0.007488802879000981 -0.004685098018590229 0.007475192973508522 0.9999611717340033 -0.04508221198690876 -0.19560284943581507 -0.3130428055957424
FixedParameters: 0 0 0
#Transform 195
Transform: MatrixOffsetTransformBase_double_3_3
Parameters: 0.9999826332360092 0.0035016679140586478 0.004701643851267362 -0.003465328341425356 0.999965634404164 -0.007573427308682875 -0.00472835040702161 0.0075565771698976264 0.9999605377271118 -0.05837598051134307 -0.22919119247882236 -0.29748448264126637
FixedParameters: 0 0 0
#Transform 196
Transform: MatrixOffsetTransformBase_double_3_3
Parameters: 0.9999803543832162 0.00366835530836171 0.005018871537369139 -0.0036236361328847626 0.9999540880404156 -0.008819348701734689 -0.005051115852613756 0.008800632459391186 0.999948029797073 -0.054138646092809495 -0.21709428579795542 -0.42880720582228093
FixedParameters: 0 0 0
#Transform 197
Transform: MatrixOffsetTransformBase_double_3_3
Parameters: 0.9999758320061263 0.0036214572980516513 0.006004408950744003 -0.0035775464158352187 0.9999664666767341 -0.007398661746886778 -0.006030592960432351 0.007376340626185154 0.9999542121686037 -0.033696052509895935 -0.21643580092394643 -0.3383423885900214
FixedParameters: 0 0 0
#Transform 198
Transform: MatrixOffsetTransformBase_double_3_3
Parameters: 0.9999827495273528 0.0029943173590294193 0.0051262300855557255 -0.002948681507973063 0.9999549694281 -0.009018276132482926 -0.005153784019684209 0.009003728205495387 0.9999463790903836 -0.038045515934953755 -0.22296980930244104 -0.4118898423934354
FixedParameters: 0 0 0
#Transform 199
Transform: MatrixOffsetTransformBase_double_3_3
Parameters: 0.9999800118893069 0.0030348981342656336 0.005456627282658361 -0.0029870938345520925 0.9999572463786824 -0.0087654687539059 -0.0054833634206010885 0.008748527497347823 0.9999463910100139 -0.03391227970709565 -0.24513732693739598 -0.3712491832653342
FixedParameters: 0 0 0
#Transform 200
Transform: MatrixOffsetTransformBase_double_3_3
Parameters: 0.9999814128362798 0.003115376684260807 0.005280759884927435 -0.0030666326142566504 0.9999539763303856 -0.00914437273336592 -0.005308240409863273 0.00912764111857479 0.9999444983354405 -0.029332763854355903 -0.21733521251462662 -0.4076637905088347
FixedParameters: 0 0 0
#Transform 201
Transform: MatrixOffsetTransformBase_double_3_3
Parameters: 0.9999870614259492 0.0028166587502921722 0.004243195416023193 -0.0027823428384981326 0.9999628037831635 -0.008151909077525239 -0.004265805924298559 0.008140087577041094 0.9999575399757289 -0.037322650752599884 -0.22000578998932951 -0.27804193418076295
FixedParameters: 0 0 0
#Transform 202
Transform: MatrixOffsetTransformBase_double_3_3
Parameters: 0.9999848070083162 0.0027291885035945172 0.004769303493976081 -0.002681812461362344 0.9999473291527005 -0.009872935014111166 -0.004795692820622927 0.009860056084116017 0.9999397760908084 -0.01501218948992289 -0.20874641289144336 -0.3962512166509242
FixedParameters: 0 0 0
#Transform 203
Transform: MatrixOffsetTransformBase_double_3_3
Parameters: 0.9999828336317617 0.00265608178083427 0.005206745381272143 -0.0026119161665487077 0.9999606913136508 -0.008454740187282586 -0.005229250599188113 0.00844125104852549 0.999950401218176 -0.004956014965657118 -0.22932476039343896 -0.37316796019408116
FixedParameters: 0 0 0
#Transform 204
Transform: MatrixOffsetTransformBase_double_3_3
Parameters: 0.9999862597566704 0.002315253069151204 0.004730551703900842 -0.0022727377689711215 0.9999572937709982 -0.008918872212535272 -0.004751445594057789 0.00890711994669689 0.9999490786605092 0.00642016060319861 -0.21851163026515508 -0.3600561296752005
FixedParameters: 0 0 0
#Transform 205
Transform: MatrixOffsetTransformBase_double_3_3
Parameters: 0.9999857415166856 0.0026466548271913814 0.004717526841126924 -0.002608354822052783 0.9999632719610706 -0.008180429118190051 -0.004738484925355059 0.008168582843321606 0.9999558213472352 0.006427386018231118 -0.21585943867286517 -0.29542408500218187
FixedParameters: 0 0 0
#Transform 206
Transform: MatrixOffsetTransformBase_double_3_3
Parameters: 0.9999774553308554 0.0030845014837726967 0.005918973654023503 -0.0030365031964454847 0.9999617678652852 -0.008186154188786947 -0.005943026490165103 0.008167849512289384 0.999948957052536 -0.004850143638094551 -0.2355461413125255 -0.3488912768467003
FixedParameters: 0 0 0
#Transform 207
Transform: MatrixOffsetTransformBase_double_3_3
Parameters: 0.9999847154012906 0.003009794788283212 0.00460709510041415 -0.0029762043564599914 0.9999684875509032 -0.0073248174806974905 -0.00462890155012217 0.007311173560142469 0.9999621194232448 -0.014839501660759424 -0.22235902081312986 -0.2777916712796582
FixedParameters: 0 0 0
#Transform 208
Transform: MatrixOffsetTransformBase_double_3_3
Parameters: 0.9999857819279574 0.002878511033534485 0.004575000110542474 -0.0028404933299709337 0.9999603452652206 -0.008401117256302996 -0.004599012331846087 0.008388883521581956 0.999954481093437 -0.022094437859124127 -0.21465017424937116 -0.33510794997354765
FixedParameters: 0 0 0
#Transform 209
Transform: MatrixOffsetTransformBase_double_3_3
Parameters: 0.9999825423169493 0.0029791987533132743 0.005057800155016446 -0.0029358002111150414 0.9999596691318987 -0.008526997198986572 -0.005083194343962162 0.008512004399609021 0.999950705526271 -0.022282291160820478 -0.23073093872550032 -0.32798371389638703
FixedParameters: 0 0 0
#Transform 210
Transform: MatrixOffsetTransformBase_double_3_3
Parameters: 0.9999826835336062 0.002748792596899395 0.005172963689343565 -0.002705203366110674 0.9999602096186672 -0.008454134658470126 -0.005196034816882472 0.008439857661037843 0.9999507665919952 -0.017134106409287142 -0.22652583719916208 -0.33761968082264104
FixedParameters: 0 0 0
#Transform 211
Transform: MatrixOffsetTransformBase_double_3_3
Parameters: 0.9999756229380241 0.0037276099861159027 0.005871925561689949 -0.003675385022818154 0.9999534706115638 -0.00894579783077369 -0.0059050697658978414 0.008923203891403775 0.9999424966138125 -0.041032379545853814 -0.22404780013985715 -0.35533335105067465
FixedParameters: 0 0 0
#Transform 212
Transform: MatrixOffsetTransformBase_double_3_3
Parameters: 0.9999767050082228 0.0035761258865417518 0.005874396753027958 -0.003521884292458775 0.999951991148291 -0.009197915068187512 -0.005906611853651556 0.009177102877297071 0.999940887823945 -0.026832001789813376 -0.23198008908228474 -0.3761555923945821
FixedParameters: 0 0 0
#Transform 213
Transform: MatrixOffsetTransformBase_double_3_3
Parameters: 0.9999752861735172 0.0037548042618627086 0.0059674796638762555 -0.003701187517594598 0.9999522609182854 -0.009002304262986541 -0.006001518686000727 0.008979682402530954 0.999941343936339 -0.03876973216338797 -0.22641212828803248 -0.37437644720895946
FixedParameters: 0 0 0
#Transform 214
Transform: MatrixOffsetTransformBase_double_3_3
Parameters: 0.9999772450968197 0.0032503842966082872 0.00584755491847696 -0.0031946203792890416 0.999950375754666 -0.00945589594013453 -0.005877439683648049 0.00943711085702699 0.9999383905745973 -0.04078396579143373 -0.23729397872726565 -0.4012593178656516
FixedParameters: 0 0 0
#Transform 215
Transform: MatrixOffsetTransformBase_double_3_3
Parameters: 0.999982414780938 0.002640712897800694 0.005349302762726497 -0.0025872924779902565 0.9999485346364211 -0.009837020885118525 -0.005374695738600758 0.009822987410134978 0.9999376158748753 -0.016542028854587443 -0.22962597249049566 -0.3836126349854254
FixedParameters: 0 0 0
#Transform 216
Transform: MatrixOffsetTransformBase_double_3_3
Parameters: 0.9999823123368736 0.0028586406078283293 0.0052458515253919315 -0.002812366276390952 0.9999562894421877 -0.008876907095755601 -0.005270151921694274 0.008862088102059651 0.9999466823786264 -0.01879888594021395 -0.25539989389184825 -0.3380037542866461
FixedParameters: 0 0 0
#Transform 217
Transform: MatrixOffsetTransformBase_double_3_3
Parameters: 0.9999830085632466 0.002868672840820588 0.004976073655569732 -0.002825321814719821 0.9999572422538288 -0.00876220226194727 -0.0050009259675756375 0.008747796978218016 0.999949462063836 -0.023979780686744334 -0.2181609736659027 -0.373755572152902
FixedParameters: 0 0 0
#Transform 218
Transform: MatrixOffsetTransformBase_double_3_3
Parameters: 0.9999798157340283 0.0034796740674907086 0.005392169203898599 -0.0034333302830869537 0.9999565473047964 -0.008640690183546395 -0.0054218405091205095 0.008622310482833942 0.9999482585292203 -0.038222908125192134 -0.2330199737794345 -0.33622905510783596
FixedParameters: 0 0 0
#Transform 219
Transform: MatrixOffsetTransformBase_double_3_3
Parameters: 0.9999840093241864 0.0026763242960920128 0.005082361305735416 -0.0026286809402878814 0.9999536852060342 -0.009295515328502856 -0.005106638296470093 0.009281488187255833 0.9999437664757883 -0.026676769672803857 -0.22381552110149983 -0.3993862690533092
FixedParameters: 0 0 0
#Transform 220
Transform: MatrixOffsetTransformBase_double_3_3
Parameters: 0.9999776076737661 0.0034020473013798105 0.005728411360327328 -0.003349951191157857 0.9999534979016308 -0.009070397561476103 -0.005759593178022324 0.009051612844021041 0.999942901043297 -0.040535215989791595 -0.2502122504643154 -0.35796984305157764
FixedParameters: 0 0 0
#Transform 221
Transform: MatrixOffsetTransformBase_double_3_3
Parameters: 0.9999739934562945 0.003411103602333757 0.006353571474315242 -0.0033498971453325937 0.9999485620417096 -0.00960253338329501 -0.006386425320779095 0.009581464265638842 0.9999334118839567 -0.03641131658270069 -0.22630612908589853 -0.43235511700324025
FixedParameters: 0 0 0
#Transform 222
Transform: MatrixOffsetTransformBase_double_3_3
Parameters: 0.9999752771967443 0.0034485583157260274 0.00615047246190008 -0.003398436555679647 0.9999616439666277 -0.008050098135453952 -0.006178520448853287 0.008028888625051201 0.9999483625203851 -0.024978357475688995 -0.23221990284581295 -0.35935489206470095
FixedParameters: 0 0 0
#Transform 223
Transform: MatrixOffsetTransformBase_double_3_3
Parameters: 0.9999792453770544 0.00318758888407192 0.005620946686563814 -0.0031334112137218866 0.9999496059007865 -0.009516808738553366 -0.005651048726757746 0.009499182412367572 0.9999388294585071 -0.022078551495980037 -0.22219721430160178 -0.41807880273624676
FixedParameters: 0 0 0
#Transform 224
Transform: MatrixOffsetTransformBase_double_3_3
Parameters: 0.9999805647812546 0.0028114279336250506 0.00552563151618498 -0.0027615778555118305 0.9999543316221411 -0.009112433482151046 -0.005550375250803007 0.009097569246186326 0.9999434260548353 -0.011271093372357655 -0.24514398269514004 -0.3550693419532678
FixedParameters: 0 0 0
#Transform 225
Transform: MatrixOffsetTransformBase_double_3_3
Parameters: 0.9999798516671411 0.0026531073813808445 0.005840164855110732 -0.002600896095140848 0.999955749529028 -0.009082377213559988 -0.005863843775011125 0.009066629834645777 0.9999414038888181 -0.01073980929383822 -0.20649820232411287 -0.40774040708151915
FixedParameters: 0 0 0
#Transform 226
Transform: MatrixOffsetTransformBase_double_3_3
Parameters: 0.9999774720160961 0.0030942236317566965 0.00599632052093051 -0.0030377754663482837 0.9999510991318397 -0.009363426150993151 -0.006024681144130867 0.009344568539524853 0.9999383724821985 0.0037137164968754632 -0.23710540281538783 -0.38771471130758073
FixedParameters: 0 0 0
#Transform 227
Transform: MatrixOffsetTransformBase_double_3_3
Parameters: 0.9999785878914913 0.0027447256386595132 0.005989543499814659 -0.0026842703922796904 0.9999453142744762 -0.010123297053819192 -0.006017459815378341 0.010106702872323143 0.9999306397125002 -0.009209257283870897 -0.2527344386992638 -0.4235437579654615
FixedParameters: 0 0 0
#Transform 228
Transform: MatrixOffsetTransformBase_double_3_3
Parameters: 0.9999810986139815 0.0026133936166764667 0.0055740251126738995 -0.002566602342725384 0.9999602775292235 -0.008493467560193306 -0.005595983788528103 0.008478536464932516 0.9999487927012537 0.0069137371915104495 -0.24563439104099416 -0.33234509014343416
FixedParameters: 0 0 0
#Transform 229
Transform: MatrixOffsetTransformBase_double_3_3
Parameters: 0.9999761445998406 0.0028137033876425707 0.006239918293619756 -0.002771295723813364 0.999972510781826 -0.006841452135952376 -0.006259081488149327 0.006824547865188568 0.9999572518561634 0.006552122123665072 -0.1938391438110898 -0.3432566907363821
FixedParameters: 0 0 0
#Transform 230
Transform: MatrixOffsetTransformBase_double_3_3
Parameters: 0.9999762934837204 0.0028749595281399505 0.006200074578418666 -0.002825032352421263 0.9999631775930485 -0.008052703048847806 -0.006222923772136914 0.008034296540324854 0.9999487165059228 0.013967585110478353 -0.22789213266315755 -0.3275402860552248
FixedParameters: 0 0 0
#Transform 231
Transform: MatrixOffsetTransformBase_double_3_3
Parameters: 0.9999735349522274 0.0028377781089066936 0.006738495168892492 -0.002774221521931015 0.9999519054264292 -0.009454947269666718 -0.006765505205381679 0.009436053694728512 0.9999321882112322 0.019625354648496796 -0.22553732407187965 -0.4272384678283174
FixedParameters: 0 0 0
#Transform 232
Transform: MatrixOffsetTransformBase_double_3_3
Parameters: 0.9999736109741479 0.0030068125104022046 0.006584122316361603 -0.0029441880858911734 0.9999513836095161 -0.009377630943084008 -0.006611873234156732 0.009358364874003237 0.9999347024060435 0.018694387015713687 -0.260638470129507 -0.3557624895171756
FixedParameters: 0 0 0
#Transform 233
Transform: MatrixOffsetTransformBase_double_3_3
Parameters: 0.999978645778693 0.0024115441738827522 0.006126900360829505 -0.0023514593121002365 0.9999502447207245 -0.00970661988351499 -0.006150100684873809 0.009692381191509334 0.9999342339817225 0.03588346096117334 -0.23444790343172883 -0.39422933823901474
FixedParameters: 0 0 0
#Transform 234
Transform: MatrixOffsetTransformBase_double_3_3
Parameters: 0.9999727844144585 0.0030106980069362845 0.006719696237842323 -0.002949304749928711 0.9999531558069729 -0.009173066443567824 -0.006746309621077211 0.009152936359172104 0.9999357016430979 0.012332276988445301 -0.23379327814490125 -0.3522054153298342
FixedParameters: 0 0 0
#Transform 235
Transform: MatrixOffsetTransformBase_double_3_3
Parameters: 0.9999776240440915 0.0023551739549701137 0.006231588665263339 -0.002294833166854804 0.9999506903176282 -0.009645513588971462 -0.006253409261157453 0.009631484947896984 0.9999341259992633 0.0435082590622784 -0.22456695629468015 -0.3788009949560234
FixedParameters: 0 0 0
#Transform 236
Transform: MatrixOffsetTransformBase_double_3_3
Parameters: 0.9999723808067895 0.0024306630553788777 0.00697943911798228 -0.0023563426464240454 0.999940257115124 -0.010685734327880015 -0.00700455449208413 0.01066926220030695 0.999918096103152 0.040529018298016695 -0.28477608098832263 -0.3643518527071876
FixedParameters: 0 0 0
#Transform 237
Transform: MatrixOffsetTransformBase_double_3_3
Parameters: 0.9999710882755537 0.002371308011008776 0.007231159550818222 -0.0022906940103365127 0.9999356723176684 -0.011093887270775654 -0.007256842500811273 0.011077114206514783 0.9999126282111885 0.048778213235507906 -0.25996787339583705 -0.40168836295370625
FixedParameters: 0 0 0
#Transform 238
Transform: MatrixOffsetTransformBase_double_3_3
Parameters: 0.9999700790685682 0.0029447052969377514 0.0071585244732458924 -0.0028672915924216513 0.9999372498939829 -0.010840847501592539 -0.007190474104030061 0.010820147473267644 0.9999152193739586 0.040137352857456676 -0.25373874927255713 -0.3626782760850631
FixedParameters: 0 0 0
#Transform 239
Transform: MatrixOffsetTransformBase_double_3_3
Parameters: 0.9999736424390755 0.0021404958570818457 0.006912068069105961 -0.002064508714000325 0.9999386879237782 -0.010910554887604751 -0.00693491926941671 0.010896440321118849 0.999916171763384 0.0472857016718109 -0.2561619087260567 -0.4000147606488156
FixedParameters: 0 0 0
#Transform 240
Transform: MatrixOffsetTransformBase_double_3_3
Parameters: 0.9999739833040228 0.0023949556233469724 0.006729101923286954 -0.002318044347820004 0.9999321841506925 -0.011420892306375482 -0.006755893836806861 0.011405113468780812 0.9999122741422516 0.05270262273084825 -0.27555708013024116 -0.369812059329675
FixedParameters: 0 0 0
#Transform 241
Transform: MatrixOffsetTransformBase_double_3_3
Parameters: 0.9999741375820783 0.0021299790823167287 0.006806481915356473 -0.002050023209365646 0.9999290557638401 -0.011736251835375763 -0.006830511459823044 0.011721749161733058 0.9999079299621007 0.07208001972128386 -0.27700494824881616 -0.38055537877416157
FixedParameters: 0 0 0
#Transform 242
Transform: MatrixOffsetTransformBase_double_3_3
Parameters: 0.9999720061125524 0.0024815927326424007 0.006988239617954312 -0.0024024089242570493 0.999932833029277 -0.011375104802886572 -0.007015756182528185 0.011357905459278199 0.9999107664226285 0.0691001286952968 -0.2721305431714427 -0.3841462073529982
FixedParameters: 0 0 0
#Transform 243
Transform: MatrixOffsetTransformBase_double_3_3
Parameters: 0.9999762803193559 0.002228431137460384 0.006461496520761239 -0.0021795598706668465 0.999969100670822 -0.007493255262267109 -0.0064784956118195645 0.007478734807321759 0.9999510964515287 0.06580365501920937 -0.20740027634941782 -0.2664912015534213
FixedParameters: 0 0 0
#Transform 244
Transform: MatrixOffsetTransformBase_double_3_3
Parameters: 0.9999807189784995 0.001522736594277332 0.00599658618108601 -0.001473258273408419 0.9999641046449896 -0.008289986638835293 -0.006009410172129567 0.008281001188212874 0.9999473117436467 0.06678512247314927 -0.21914960487151802 -0.30757462006943115
FixedParameters: 0 0 0
#Transform 245
Transform: MatrixOffsetTransformBase_double_3_3
Parameters: 0.9999824222925325 0.0017372372890992597 0.005706240781163258 -0.001687768149809989 0.9999618125380791 -0.008621783805704704 -0.005720754838595297 0.00861221451910123 0.9999461003134463 0.0606646335075709 -0.23542203926243133 -0.25345942402024946
FixedParameters: 0 0 0
#Transform 246
Transform: MatrixOffsetTransformBase_double_3_3
Parameters: 0.9999808498220233 0.002069096180099184 0.005819390743396647 -0.002015900282832582 0.999956851690061 -0.009114904711259055 -0.00583860211596492 0.009103092542754206 0.9999410453700617 0.04144596171889248 -0.18395266256131038 -0.3928047378912112
FixedParameters: 0 0 0
#Transform 247
Transform: MatrixOffsetTransformBase_double_3_3
Parameters: 0.9999802080981486 0.0019439780207121335 0.005917260864118277 -0.0018860222022517577 0.9999506321337129 -0.009788349000848934 -0.005935729099023822 0.009776649751610085 0.9999341749288171 0.05906879936216569 -0.247518587917682 -0.3664457785945814
FixedParameters: 0 0 0
#Transform 248
Transform: MatrixOffsetTransformBase_double_3_3
Parameters: 0.9999809356898122 0.001534179309511107 0.006058837735743813 -0.0014728197800924587 0.9999480387200819 -0.010089118286804496 -0.006074162885345014 0.010079875681632612 0.9999304955919593 0.08384507670326968 -0.2428413524212516 -0.3846590829274845
FixedParameters: 0 0 0
#Transform 249
Transform: MatrixOffsetTransformBase_double_3_3
Parameters: 0.9999809643366789 0.002044432783482722 0.00573176127648189 -0.001981559187095984 0.9999369398056217 -0.011051556676880736 -0.005754232174031842 0.011039434469531158 0.9999220087862034 0.06444259593793333 -0.2730411667286319 -0.40006767879197014
FixedParameters: 0 0 0
#Transform 250
Transform: MatrixOffsetTransformBase_double_3_3
Parameters: 0.9999784131155011 0.002049668764798712 0.006195062977167624 -0.0019793230764214554 0.9999333064215187 -0.011391505411114186 -0.0062189370868655355 0.011379496356781219 0.9999158362903985 0.060812551855860875 -0.26217344596342684 -0.4440329115989812
FixedParameters: 0 0 0
#Transform 251
Transform: MatrixOffsetTransformBase_double_3_3
Parameters: 0.9999793151953278 0.0015394218243872037 0.0061898579625824885 -0.0014725749051489702 0.9999418839628359 -0.010721341804190175 -0.006206137309189989 0.010711672715671713 0.9999237354013549 0.07628412700313447 -0.21909006836135347 -0.4009351260475853
FixedParameters: 0 0 0
#Transform 252
Transform: MatrixOffsetTransformBase_double_3_3
Parameters: 0.9999836461900716 0.0012230316911151574 0.0055549559872106824 -0.0011669627366216536 0.999948042829508 -0.010079638373109033 -0.00556703839654243 0.010072347157546863 0.9999335451583088 0.0772895460392391 -0.25929348796077534 -0.34131216249396346
FixedParameters: 0 0 0
#Transform 253
Transform: MatrixOffsetTransformBase_double_3_3
Parameters: 0.9999803052620947 0.001156648375341019 0.006112120121645464 -0.001091351862185317 0.9999430814781175 -0.01056987494907856 -0.0061238745055331376 0.0105631211704414 0.999925913587124 0.07411594672736044 -0.2088532328225483 -0.39962892513122483
FixedParameters: 0 0 0
#Transform 254
Transform: MatrixOffsetTransformBase_double_3_3
Parameters: 0.9999781266371344 0.0019202512224059567 0.0064172604286626845 -0.001852744174658466 0.9999439623979947 -0.010469125313446613 -0.006437738825933573 0.010456873435506867 0.9999242070651924 0.0670215755539516 -0.25269506313317436 -0.42973157046198196
FixedParameters: 0 0 0
#Transform 255
Transform: MatrixOffsetTransformBase_double_3_3
Parameters: 0.9999782461026172 0.002025412086810699 0.006296960349578866 -0.0019615925601708874 0.9999479491951837 -0.010059582656135197 -0.006317045147068941 0.010047435716928801 0.9999301436793593 0.06033900362605493 -0.23807175477566034 -0.43463473394469077
FixedParameters: 0 0 0
#Transform 256
Transform: MatrixOffsetTransformBase_double_3_3
Parameters: 0.999973628727089 0.0024176755424608065 0.006893620746289058 -0.0023473248474892303 0.9999445948439897 -0.010241450625822287 -0.006918385294814941 0.010225542226411626 0.9999235766330895 0.05933664485552015 -0.25552093871939974 -0.44309640720933885
FixedParameters: 0 0 0
#Transform 257
Transform: MatrixOffsetTransformBase_double_3_3
Parameters: 0.9999772551091567 0.0021266612680405214 0.006342002828519403 -0.002063339910059986 0.9999471867983052 -0.010027302071590954 -0.006362992333983732 0.010014684131340686 0.999929220278307 0.06388796136556607 -0.26158542786153305 -0.4158969271889532
FixedParameters: 0 0 0
#Transform 258
Transform: MatrixOffsetTransformBase_double_3_3
Parameters: 0.9999759621248789 0.002604301588384378 0.006423119550977942 -0.0025367027066957584 0.9999420705290678 -0.010463541308873526 -0.00644987340235614 0.010447449955660647 0.9999242481254775 0.05104829814429479 -0.25930725516522557 -0.46138909777288006
FixedParameters: 0 0 0
#Transform 259
Transform: MatrixOffsetTransformBase_double_3_3
Parameters: 0.9999772336538005 0.0021729469019762873 0.006328070752484131 -0.002108055875477193 0.9999454540602305 -0.010251576078531653 -0.006349931268379233 0.010238437792988669 0.9999278515434837 0.05681234631428822 -0.23894733449513694 -0.4020488926054355
FixedParameters: 0 0 0
#Transform 260
Transform: MatrixOffsetTransformBase_double_3_3
Parameters: 0.999984611332572 0.0020556023421684157 0.005114783613409456 -0.0020023987089641047 0.9999435198303738 -0.010462405432605721 -0.005136221647730043 0.010452605419173512 0.9999323651346053 0.06058779515295498 -0.23437893239783136 -0.46149024529808
FixedParameters: 0 0 0
#Transform 261
Transform: MatrixOffsetTransformBase_double_3_3
Parameters: 0.9999767725941675 0.002670878008597089 0.00633179614872448 -0.002603125223240077 0.999939647603273 -0.01070373507795699 -0.006360206512357283 0.0106872649077929 0.9999223283057913 0.04322957693041474 -0.257218309071618 -0.4437917114061207
FixedParameters: 0 0 0
#Transform 262
Transform: MatrixOffsetTransformBase_double_3_3
Parameters: 0.999979628680245 0.002147700022816577 0.005979540581879238 -0.0020872922180000582 0.9999468346629733 -0.010139687073640229 -0.006001455335724332 0.010126316426344862 0.9999304312598377 0.05876960284642507 -0.2242283100635234 -0.4535362778537291
FixedParameters: 0 0 0
#Transform 263
Transform: MatrixOffsetTransformBase_double_3_3
Parameters: 0.9999762432747793 0.0025694745903480655 0.006336625941847088 -0.002505518122142975 0.9999466172445294 -0.01000510722345432 -0.006362362527821264 0.009988882366818158 0.999929738785351 0.05227824752428489 -0.2369244243901676 -0.41795354289118336
FixedParameters: 0 0 0
#Transform 264
Transform: MatrixOffsetTransformBase_double_3_3
Parameters: 0.9999763257043279 0.002066190946597037 0.006588490739701573 -0.00199281440239715 0.9999368986707875 -0.01109639614486261 -0.006610504974261977 0.011082607618127181 0.9999164624777692 0.06847779947533184 -0.20906876154323584 -0.5290462990682414
FixedParameters: 0 0 0
#Transform 265
Transform: MatrixOffsetTransformBase_double_3_3
Parameters: 0.9999769274521592 0.002163660832984972 0.006433989605080324 -0.002094346463624138 0.9999396603126639 -0.010814725829493237 -0.00645600986173645 0.01080028187875098 0.9999206534313715 0.060660716999265674 -0.2738858923800507 -0.3926462528263528
FixedParameters: 0 0 0
#Transform 266
Transform: MatrixOffsetTransformBase_double_3_3
Parameters: 0.9999758588874444 0.002009521896023435 0.0066407761117024235 -0.0019384754751229703 0.9999404821270289 -0.010759135275374353 -0.006662228714805551 0.01074587408221979 0.9999201346801888 0.07041774732967099 -0.22678062855669623 -0.44762053110959243
FixedParameters: 0 0 0
#Transform 267
Transform: MatrixOffsetTransformBase_double_3_3
Parameters: 0.9999788209534783 0.0021647183459818174 0.006123140052720434 -0.0020962823720387385 0.9999350042525083 -0.011207077265679287 -0.006146867400368417 0.011193934924889253 0.9999189036486401 0.06759230619599066 -0.24392334117658265 -0.38784943276243666
FixedParameters: 0 0 0
#Transform 268
Transform: MatrixOffsetTransformBase_double_3_3
Parameters: 0.9999826322760269 0.0011182720512273071 0.005840983256430238 -0.0010477269518835504 0.9999274123030164 -0.012020331134455732 -0.005854013240264296 0.012013664885005803 0.9999103904613141 0.07886311816405112 -0.2676590042922271 -0.45268735319403675
FixedParameters: 0 0 0
#Transform 269
Transform: MatrixOffsetTransformBase_double_3_3
Parameters: 0.9999791100890469 0.002172737852298277 0.006014350937740323 -0.0021082636384387897 0.9999415303602721 -0.010583892713084457 -0.006036634941410428 0.010571096573035801 0.9999258042825019 0.07558336474446037 -0.24002069386564528 -0.41633361230822175
FixedParameters: 0 0 0
#Transform 270
Transform: MatrixOffsetTransformBase_double_3_3
Parameters: 0.9999797153109116 0.002221931051798397 0.005945694297315831 -0.0021530747801097997 0.9999303785968667 -0.011575034924817616 -0.005970308724344709 0.011561967519394938 0.9999156646496429 0.06860584038123818 -0.2614758404918973 -0.3906106486924159
FixedParameters: 0 0 0
#Transform 271
Transform: MatrixOffsetTransformBase_double_3_3
Parameters: 0.9999819526115532 0.0018608526362543353 0.005619935032953277 -0.0017961430496689942 0.9999319865863924 -0.01152329391461332 -0.005641058096802202 0.01151270233121041 0.9999176262946927 0.059119078294855854 -0.24157221515814342 -0.438439779659177
FixedParameters: 0 0 0
#Transform 272
Transform: MatrixOffsetTransformBase_double_3_3
Parameters: 0.9999817213010426 0.003047582251676624 0.0052905629448203205 -0.002986416803584897 0.9999306353185802 -0.011421013825379703 -0.005325431862834724 0.011404984022017622 0.9999205619569538 0.018183200748637773 -0.2963434259070823 -0.4425569976701098
FixedParameters: 0 0 0
#Transform 273
Transform: MatrixOffsetTransformBase_double_3_3
Parameters: 0.9999820373057415 0.0027596127912935414 0.005324162213756589 -0.0027213907770430217 0.9999700924600382 -0.007245616675558078 -0.005343837317678928 0.007231380366679258 0.9999591507879744 0.01945710882307594 -0.18643684047913212 -0.3358445281486411
FixedParameters: 0 0 0
#Transform 274
Transform: MatrixOffsetTransformBase_double_3_3
Parameters: 0.9999831998224092 0.0025278833660161188 0.005139019194098792 -0.0024911161188447173 0.9999713711219627 -0.007170921426251516 -0.005156978579740207 0.0071580830749375605 0.999961166388303 0.022548283775449818 -0.2297660032201918 -0.28931459287571215
FixedParameters: 0 0 0
#Transform 275
Transform: MatrixOffsetTransformBase_double_3_3
Parameters: 0.999986922961291 0.001795437132437485 0.004884120798055789 -0.0017595674932053406 0.9999723421210992 -0.007249691819602251 -0.004896879077473628 0.007241305735041077 0.9999615842285309 0.06519394597876271 -0.224683275125102 -0.2884026739161101
FixedParameters: 0 0 0
#Transform 276
Transform: MatrixOffsetTransformBase_double_3_3
Parameters: 0.9999874491496685 0.001905936720589624 0.004681326736610204 -0.0018720599878194859 0.9999720347218632 -0.007242855006456009 -0.0046956743073598975 0.007234141515000708 0.9999626206463712 0.05548942354576525 -0.22453811120026046 -0.23881716207968395
FixedParameters: 0 0 0
#Transform 277
Transform: MatrixOffsetTransformBase_double_3_3
Parameters: 0.9999880889447151 0.0019235471508529222 0.004383286126466914 -0.0018914529475246916 0.9999727218291767 -0.007190372469823857 -0.004396701225080266 0.007181624319640779 0.9999640880219307 0.05235342428176182 -0.19466509590529313 -0.25013278284235696
FixedParameters: 0 0 0
#Transform 278
Transform: MatrixOffsetTransformBase_double_3_3
Parameters: 0.9999895793468369 0.00204512812928508 0.004029345392553551 -0.0020158651176898053 0.9999718054235861 -0.00722019430585724 -0.00404465006901982 0.007211799769989453 0.9999656307666257 0.05704526690685441 -0.19351219577963263 -0.2481013161546315
FixedParameters: 0 0 0
#Transform 279
Transform: MatrixOffsetTransformBase_double_3_3
Parameters: 0.9999904822053977 0.0019990603144955316 0.0038104401400116637 -0.0019729315039788906 0.9999744402315364 -0.006831581849248546 -0.003824559384129359 0.006823418508336841 0.9999698109411534 0.05180542415841671 -0.2124952004393066 -0.20382610956593794
FixedParameters: 0 0 0
