#Insight Transform File V1.0
#Transform 0
Transform: MatrixOffsetTransformBase_double_3_3
Parameters: 0.9999995462202342 0.00020383939476179724 -0.0006420506685220808 -0.00020416039459607147 0.9999998958840537 -0.00024986890299768275 0.0006419486685747413 0.0002501308388624505 0.9999995253362448 0.04218702411002084 -0.06904123323813849 -0.3159069423216181
FixedParameters: 0 0 0
#Transform 1
Transform: MatrixOffsetTransformBase_double_3_3
Parameters: 0.9999995194832836 -0.00017422199819543173 -0.0006709420100918806 0.0001737777964575454 0.9999998601630824 -0.00033111655861540334 0.0006710571980239107 0.00033088305075319117 0.9999994401983302 0.03500767889754286 -0.08233341958113272 -0.30834530031054896
FixedParameters: 0 0 0
#Transform 2
Transform: MatrixOffsetTransformBase_double_3_3
Parameters: 0.9999993968251308 0.000050627957797781254 -0.0007750238339592193 -0.00005037195801117638 0.9999997670498223 -0.00047996084991645604 0.0007749753539996309 0.000480039124851208 0.9999991689753208 0.03837864712524208 -0.07520606040019118 -0.3077852492410358
FixedParameters: 0 0 0
#Transform 3
Transform: MatrixOffsetTransformBase_double_3_3
Parameters: 1.0000000032963106 -0.0005612327122526837 -0.0008254868538849576 0.0005587662965200851 0.999996385579769 -0.0027024631434163318 0.0008275130993083469 0.0027015374617660624 0.9999960160765096 0.05022063939019006 -0.06895604024259683 -0.3333554289087175
FixedParameters: 0 0 0
#Transform 4
Transform: MatrixOffsetTransformBase_double_3_3
Parameters: 1.0000000816820431 -0.00036123990865536744 -0.0008872865219695879 0.00035675734933190067 0.9999880846885009 -0.0047733175653125555 0.0008897139086862689 0.004773679619419451 0.9999884241326011 0.03489955324545235 -0.05557270277854798 -0.4549210195854414
FixedParameters: 0 0 0
#Transform 5
Transform: MatrixOffsetTransformBase_double_3_3
Parameters: 0.9999997322585824 -0.00011560585581775622 -0.0011199382772998923 0.00011539401472463561 0.9999996939785656 -0.0005411296168685125 0.0011200632483548264 0.000540870896754785 0.9999994529174596 0.05103750289936215 -0.08003676960656492 -0.32798924990545686
FixedParameters: 0 0 0
#Transform 6
Transform: MatrixOffsetTransformBase_double_3_3
Parameters: 0.9999998039262656 -0.0005641044027241297 -0.0009369462701427279 0.0005588962605449057 0.9999851072109379 -0.005438525953387293 0.0009400537538463222 0.00543847200937508 0.99998454170681 0.030628961274786093 -0.047412476410428894 -0.4514034767848756
FixedParameters: 0 0 0
#Transform 7
Transform: MatrixOffsetTransformBase_double_3_3
Parameters: 0.999999225547156 0.000005183346972343298 -0.0008800305989633061 -0.000008816504850171106 0.9999901902934336 -0.00433699306670902 0.0008799698809987722 0.004337005386701824 0.9999904159383018 0.03400430032793622 -0.07591726580812974 -0.41100425923384876
FixedParameters: 0 0 0
#Transform 8
Transform: MatrixOffsetTransformBase_double_3_3
Parameters: 0.9999997740821019 -0.0004728432850686726 -0.0010012615368024606 0.0004671590451257305 0.999982819061255 -0.0058274679813069205 0.0010037394403416627 0.005827525621296202 0.9999820349484008 0.036224870412283394 -0.06395088810556615 -0.4157998046743643
FixedParameters: 0 0 0
#Transform 9
Transform: MatrixOffsetTransformBase_double_3_3
Parameters: 0.9999991829292701 -0.0004548524612571761 -0.0007811944431931559 0.0004501477975267389 0.9999803424573542 -0.006201355046552246 0.000783806404488313 0.006200646876743347 0.9999809349031944 0.03450953685366187 -0.09877111694687812 -0.38785919806356617
FixedParameters: 0 0 0
#Transform 10
Transform: MatrixOffsetTransformBase_double_3_3
Parameters: 0.9999997524291117 -0.0004954754591596988 -0.0010013089795910507 0.0004895260795780408 0.9999849347031535 -0.005461491134964841 0.0010036881094237576 0.005460503665034277 0.999984172249207 0.0521749310712778 -0.06195017374520262 -0.4632637164257005
FixedParameters: 0 0 0
#Transform 11
Transform: MatrixOffsetTransformBase_double_3_3
Parameters: 0.9999992427775641 -0.0007855021133626861 -0.0010672443985539895 0.0007794929186309816 0.9999814330854317 -0.006079838265062149 0.0010727581111429079 0.006078163700579579 0.9999809004832783 0.04048821724117602 -0.06609267107553762 -0.4100547859262349
FixedParameters: 0 0 0
#Transform 12
Transform: MatrixOffsetTransformBase_double_3_3
Parameters: 0.9999998587812498 -0.0008642581144321482 -0.0006281840734610428 0.0008597439348838286 0.9999767411573207 -0.006746543343998914 0.0006338151813924582 0.00674645548696878 0.9999770860454389 0.043633720735456905 -0.07399984127626169 -0.4355266930612771
FixedParameters: 0 0 0
#Transform 13
Transform: MatrixOffsetTransformBase_double_3_3
Parameters: 0.9999987760031805 -0.0010550439898104362 -0.0010540077668860887 0.001046954756207474 0.9999700813569669 -0.007604104913550605 0.0010619905515995504 0.007602880965821124 0.9999700665939824 0.045529942220554176 -0.07460244692073559 -0.41598040470495334
FixedParameters: 0 0 0
#Transform 14
Transform: MatrixOffsetTransformBase_double_3_3
Parameters: 0.9999987503570928 -0.0010581729133904557 -0.0014599681052382004 0.0010468366315262228 0.9999706591545613 -0.007631541831779336 0.0014670316448921535 0.007630461110220281 0.9999696250680264 0.046677909373016746 -0.09571089879241867 -0.4275833784114269
FixedParameters: 0 0 0
#Transform 15
Transform: MatrixOffsetTransformBase_double_3_3
Parameters: 0.999999184084558 -0.0010539663518096666 -0.0008393262989973306 0.0010470291377187714 0.9999657254561197 -0.008256885644186413 0.0008486734891198027 0.00825611237117628 0.9999651166751118 0.0419097084482587 -0.07184501572754698 -0.4173680049329249
FixedParameters: 0 0 0
#Transform 16
Transform: MatrixOffsetTransformBase_double_3_3
Parameters: 0.9999998424685222 -0.0006261320784589231 -0.0008749401589959108 0.000618868084019785 0.9999665551636747 -0.00812754100658234 0.0008800590638959782 0.008127448500602217 0.999966172657757 0.04761725784965165 -0.0968720939586234 -0.4387926184832196
FixedParameters: 0 0 0
#Transform 17
Transform: MatrixOffsetTransformBase_double_3_3
Parameters: 0.9999980683428134 -0.001058095582888442 -0.001346352249719824 0.001046905132669987 0.9999653965917736 -0.008216421864221437 0.0013546461851759249 0.008214579012008864 0.9999656804866525 0.05401136053424693 -0.06046770798886314 -0.42526206181898374
FixedParameters: 0 0 0
#Transform 18
Transform: MatrixOffsetTransformBase_double_3_3
Parameters: 0.9999993876400978 -0.0008242690615657731 -0.0009660057798306359 0.0008157319950084886 0.9999635908907952 -0.008528798775902555 0.0009729927873788947 0.008528208766518481 0.9999633233566212 0.044045501804717446 -0.08209815866688075 -0.43422728937532895
FixedParameters: 0 0 0
#Transform 19
Transform: MatrixOffsetTransformBase_double_3_3
Parameters: 0.9999989334380102 -0.0006469006863488336 -0.0016275446297483907 0.0006331037581635609 0.9999628878266885 -0.008527041467623198 0.0016324587738829107 0.00852595502337237 0.9999626404826314 0.033121084685859614 -0.06903071838323172 -0.4683804487942922
FixedParameters: 0 0 0
#Transform 20
Transform: MatrixOffsetTransformBase_double_3_3
Parameters: 1.0000001159366014 -0.000646058332124347 -0.0006833233265340596 0.0006399453920728994 0.9999606426228119 -0.00882843778452292 0.0006886770154549131 0.008828555569543178 0.999960585475802 0.033932362182270026 -0.10649719944265712 -0.42817235958375477
FixedParameters: 0 0 0
#Transform 21
Transform: MatrixOffsetTransformBase_double_3_3
Parameters: 0.9999992786158848 -0.0010540972183717898 -0.0007815171900969351 0.001046907269815296 0.9999584170530884 -0.009026822875709505 0.0007904822782970389 0.009026171453840288 0.999958902819991 0.03782673649320145 -0.07314396866124184 -0.43407103971387073
FixedParameters: 0 0 0
#Transform 22
Transform: MatrixOffsetTransformBase_double_3_3
Parameters: 0.9999990659440002 -0.0009062339674199036 -0.0010549830247077023 0.0008977666266788572 0.9999696803455466 -0.007778958749606434 0.001062015663645428 0.0077780491860971485 0.9999693735233749 0.0471608141120754 -0.09625998555667081 -0.42091475858877914
FixedParameters: 0 0 0
#Transform 23
Transform: MatrixOffsetTransformBase_double_3_3
Parameters: 0.999997972913341 -0.0010585651661355797 -0.0013802057355155452 0.0010474269250568238 0.9999641173174579 -0.00835345590824701 0.0013897974378330109 0.008352539048981374 0.9999643078803052 0.04448393271965756 -0.08078869773187591 -0.40463335517547705
FixedParameters: 0 0 0
#Transform 24
Transform: MatrixOffsetTransformBase_double_3_3
Parameters: 0.9999990804349373 -0.001303819280074766 -0.0011045134804109052 0.0012941862956811253 0.9999601034529751 -0.00884444528455202 0.0011154893879746935 0.008842561440910545 0.9999605587653718 0.05133562747948872 -0.12330287099817383 -0.42558428657336833
FixedParameters: 0 0 0
#Transform 25
Transform: MatrixOffsetTransformBase_double_3_3
Parameters: 0.9999987749445957 -0.0010565461314963561 -0.001052502296564039 0.0010474483313980142 0.9999583597512548 -0.009030106654694866 0.0010625007309791534 0.009028881629624178 0.9999583481442637 0.060836907822064745 -0.07009426683973174 -0.4354440196749465
FixedParameters: 0 0 0
#Transform 26
Transform: MatrixOffsetTransformBase_double_3_3
Parameters: 0.999999497107286 -0.0006177438880058151 -0.0010592485669950126 0.0006122576672970398 0.9999896184054082 -0.004472652990334549 0.001061749775229963 0.004472348568184244 0.9999898719675335 0.037229477291177204 -0.053941828695187155 -0.5231308178791494
FixedParameters: 0 0 0
#Transform 27
Transform: MatrixOffsetTransformBase_double_3_3
Parameters: 0.9999983213750827 0.00013260402809769461 -0.0016315063783790488 -0.00015039009279479147 0.9999431917938183 -0.010666767563532086 0.0016294875613214745 0.010667229003316679 0.9999415532135831 -0.0146469421617752 -0.05496192646839404 -0.5450441429125306
FixedParameters: 0 0 0
#Transform 28
Transform: MatrixOffsetTransformBase_double_3_3
Parameters: 0.9999974656535183 -0.0001753977929038755 -0.0023459694223588413 0.0001606012248484962 0.9999813208543645 -0.006136397316578065 0.0023470311382238654 0.006135608884935697 0.9999788429563456 0.014195005796779014 -0.04902710031937829 -0.46243042068752516
FixedParameters: 0 0 0
#Transform 29
Transform: MatrixOffsetTransformBase_double_3_3
Parameters: 0.999997437493553 -0.000737833095725097 -0.002240168720960299 0.000723168945242099 0.9999777208486262 -0.006614634933492438 0.0022448318985238995 0.006613358597885587 0.9999752256173949 0.028486878332714127 -0.060820993715068994 -0.4436362369021083
FixedParameters: 0 0 0
#Transform 30
Transform: MatrixOffsetTransformBase_double_3_3
Parameters: 0.9999989292937393 -0.0004406164349168488 -0.0013696301766330887 0.0004303811579420098 0.9999698785828108 -0.007741597732969115 0.0013733731186238874 0.007741403138969593 0.9999691872018126 0.031673156687617166 -0.06536193965460768 -0.4470968238577768
FixedParameters: 0 0 0
#Transform 31
Transform: MatrixOffsetTransformBase_double_3_3
Parameters: 0.9999988323146488 -0.0006450063256913219 -0.0016586220226608363 0.000630991243072745 0.9999645182766509 -0.008431062807824527 0.0016643795320230338 0.008429942695975872 0.9999631646926253 0.027731568817472407 -0.08250068108694109 -0.459344191785263
FixedParameters: 0 0 0
#Transform 32
Transform: MatrixOffsetTransformBase_double_3_3
Parameters: 0.999998529204911 -0.0005703218470222973 -0.0014642592788992202 0.0005586713883398455 0.9999640949003168 -0.008401821515101578 0.0014697447130996974 0.008401165245795424 0.9999632614331981 0.030261017521567624 -0.061698227979661624 -0.4397562044370744
FixedParameters: 0 0 0
#Transform 33
Transform: MatrixOffsetTransformBase_double_3_3
Parameters: 0.9999972521447539 -0.0010629498123660586 -0.0019021735540896837 0.001047049665117973 0.9999638957154081 -0.008367008478883145 0.0019108261386944956 0.008364985689378204 0.9999633739507936 0.034252638671375735 -0.025638987776119393 -0.5261966715144979
FixedParameters: 0 0 0
#Transform 34
Transform: MatrixOffsetTransformBase_double_3_3
Parameters: 0.9999983395615657 -0.0007219724807870952 -0.0014621822575404434 0.0007080196194636435 0.9999545990406307 -0.009534045839583945 0.0014698154413408386 0.00953294941718717 0.9999529610705317 0.03813610407311785 -0.08733188314590734 -0.4694856583498961
FixedParameters: 0 0 0
#Transform 35
Transform: MatrixOffsetTransformBase_double_3_3
Parameters: 0.9999978652898313 -0.0006270268878912097 -0.0019346225649091646 0.0006069795956797528 0.9999468144307462 -0.010335196963555544 0.001940375726256828 0.010333806016471487 0.9999444411236029 0.03516820373403107 -0.054256956027955994 -0.530418946589478
FixedParameters: 0 0 0
#Transform 36
Transform: MatrixOffsetTransformBase_double_3_3
Parameters: 0.9999989142285428 -0.0007539665203634929 -0.0012315581292751683 0.0007400282957686589 0.9999357138997769 -0.01130192576304273 0.0012404430909292526 0.011301079121885112 0.9999357441787826 0.038792281191661004 -0.12007619046060825 -0.49756040391940815
FixedParameters: 0 0 0
#Transform 37
Transform: MatrixOffsetTransformBase_double_3_3
Parameters: 0.999998320958444 -0.000724485866130193 -0.0017757803743078907 0.0007045123929386588 0.999933027919625 -0.011509268765684111 0.0017842272831201727 0.011508725057760563 0.9999323699317174 0.033423999272883975 -0.08868672431651703 -0.5479198121535376
FixedParameters: 0 0 0
#Transform 38
Transform: MatrixOffsetTransformBase_double_3_3
Parameters: 0.9999985615999974 -0.0006382814682819509 -0.0014253859561005509 0.0006207227106630974 0.9999263939717746 -0.012091894325337183 0.0014326097424182736 0.01209109514585519 0.9999257481441933 0.027401329177479283 -0.11836370763921877 -0.501981141031905
FixedParameters: 0 0 0
#Transform 39
Transform: MatrixOffsetTransformBase_double_3_3
Parameters: 0.9999986477906682 -0.0007514483343843952 -0.001669382591642687 0.0007315465906086791 0.9999324442941695 -0.011619244400852363 0.0016786141375687812 0.011618761778542546 0.9999311917633655 0.036210791799007325 -0.10146482979645555 -0.5122399184819955
FixedParameters: 0 0 0
#Transform 40
Transform: MatrixOffsetTransformBase_double_3_3
Parameters: 0.9999987529123601 -0.0005946188770040205 -0.0017009329300078212 0.0005743803214608024 0.9999263275527874 -0.01209699717445566 0.0017080742630223628 0.01209600453803664 0.9999257637705495 0.035684902290029186 -0.08274933159034958 -0.5681072354497019
FixedParameters: 0 0 0
#Transform 41
Transform: MatrixOffsetTransformBase_double_3_3
Parameters: 0.9999975807981524 -0.001069357712832326 -0.0018099743724498828 0.0010466410625480727 0.9999233879348102 -0.01230891294826775 0.001823019098554148 0.0123070690889492 0.9999222075468865 0.024967329461532017 -0.11636410959425803 -0.5382786601743135
FixedParameters: 0 0 0
#Transform 42
Transform: MatrixOffsetTransformBase_double_3_3
Parameters: 0.9999983773177099 -0.0005971480907785328 -0.0018075161232178115 0.0005738588275001434 0.9999183347583163 -0.012780058698520414 0.0018144815856001582 0.012778937923458892 0.9999163977292098 0.03920412508060167 -0.11520310654709931 -0.5579418421068567
FixedParameters: 0 0 0
#Transform 43
Transform: MatrixOffsetTransformBase_double_3_3
Parameters: 0.9999975019239241 -0.0010707550300539652 -0.0018303071778742676 0.0010472352432853648 0.9999156864753864 -0.01293094014214097 0.0018446940239456632 0.012929048158446659 0.9999144314472524 0.028214946671880625 -0.12171746975184305 -0.5442178657777959
FixedParameters: 0 0 0
#Transform 44
Transform: MatrixOffsetTransformBase_double_3_3
Parameters: 0.9999986707856666 -0.0010138919330924343 -0.0015168920598326936 0.000994108564051583 0.9999145254194794 -0.013056527976860317 0.0015301096485324512 0.013055468654643942 0.9999132123252112 0.03249709437083936 -0.1383928357456199 -0.5385317396993088
FixedParameters: 0 0 0
#Transform 45
Transform: MatrixOffsetTransformBase_double_3_3
Parameters: 0.9999988188095206 -0.0009168665412760003 -0.0015296872541094735 0.0008961314091944178 0.999907617176803 -0.013585403934332498 0.001542318011997009 0.013584619035345217 0.9999070795461267 0.03793681397887383 -0.1233546651310462 -0.5461094575551897
FixedParameters: 0 0 0
#Transform 46
Transform: MatrixOffsetTransformBase_double_3_3
Parameters: 0.9999984929532717 -0.0010683507762284069 -0.0015383908225449514 0.0010466542790737005 0.9999040871273308 -0.01381364062863907 0.0015526057204738632 0.01381137173505428 0.9999038168071419 0.03621192276362706 -0.14558184051375633 -0.5587648719439642
FixedParameters: 0 0 0
#Transform 47
Transform: MatrixOffsetTransformBase_double_3_3
Parameters: 0.9999981979234971 -0.0010671965081903794 -0.0016319695002722271 0.0010468026682452108 0.9999229466460479 -0.012326721465354634 0.0016450276626326287 0.01232525754343531 0.9999223791534668 0.027882378815604625 -0.09160455124127509 -0.5287226620536103
FixedParameters: 0 0 0
#Transform 48
Transform: MatrixOffsetTransformBase_double_3_3
Parameters: 0.9999986422141339 -0.0009267703763099845 -0.0015804345423064143 0.0009052241592125318 0.9999059409129927 -0.013719455067761495 0.0015935689178521377 0.013718547547378314 0.9999042613142836 0.047931146856825535 -0.15145468620001168 -0.5599013163860462
FixedParameters: 0 0 0
#Transform 49
Transform: MatrixOffsetTransformBase_double_3_3
Parameters: 0.9999984296667237 -0.0010693525379453705 -0.001557889776976001 0.0010466442913094596 0.9998969945850189 -0.014279646463740898 0.0015731046170319174 0.014277333699796446 0.9998966630921702 0.030799606037149374 -0.14452193777424327 -0.5693360854833998
FixedParameters: 0 0 0
#Transform 50
Transform: MatrixOffsetTransformBase_double_3_3
Parameters: 0.9999982110622971 -0.001070388799969486 -0.0016258413954091892 0.0010466094823271058 0.9998968636815113 -0.014318730031411963 0.0016411541723986664 0.014317271735127264 0.9998963157034044 0.04784307981475422 -0.15105563032284408 -0.5796249707485828
FixedParameters: 0 0 0
#Transform 51
Transform: MatrixOffsetTransformBase_double_3_3
Parameters: 0.9999984520149043 -0.0010696894246901435 -0.0015505898806385046 0.0010473195433658477 0.9998938889916459 -0.014560653222129053 0.001565414072480264 0.014558354749068242 0.9998925819810426 0.04150762627079985 -0.15222908275657687 -0.5796584286666473
FixedParameters: 0 0 0
#Transform 52
Transform: MatrixOffsetTransformBase_double_3_3
Parameters: 0.9999987898689366 -0.000893011997294324 -0.0015535537215668126 0.0008709959860865616 0.9999000774732337 -0.014112379323250664 0.0015654477262424622 0.014110628219120607 0.9998994232758116 0.03709027243229457 -0.16020777312873236 -0.5549464861805973
FixedParameters: 0 0 0
#Transform 53
Transform: MatrixOffsetTransformBase_double_3_3
Parameters: 0.9999986042190867 -0.0010522589721023282 -0.0015127572259345595 0.00102973786285057 0.9998925896456576 -0.014640582242159372 0.0015282383002320355 0.014638416393558139 0.9998913613413165 0.03481692171989437 -0.14230951229201594 -0.5794890661386916
FixedParameters: 0 0 0
#Transform 54
Transform: MatrixOffsetTransformBase_double_3_3
Parameters: 0.9999992197331256 -0.0008731842261831273 -0.0010088961987983205 0.0008588146142827034 0.9999019537735685 -0.013974876289629413 0.0010211012148643812 0.01397411822468742 0.9999016734915901 0.03446157749822021 -0.17925062600534147 -0.5442737046209061
FixedParameters: 0 0 0
#Transform 55
Transform: MatrixOffsetTransformBase_double_3_3
Parameters: 0.9999973692875832 -0.0013234795198873942 -0.001696181656291732 0.0012995095404715403 0.9998963033428828 -0.014352247597830048 0.001715827558009008 0.014350772528250615 0.9998961128618079 0.04517713224488773 -0.1324520112432026 -0.6135380799635328
FixedParameters: 0 0 0
#Transform 56
Transform: MatrixOffsetTransformBase_double_3_3
Parameters: 0.9999988293351159 -0.0008699465122929791 -0.0011890750611932065 0.0008520543752130051 0.9998869308029023 -0.015011023246337407 0.0012019246137871331 0.015009964477865248 0.9998862428652453 0.04151438575476618 -0.1835893371542312 -0.5901938076416542
FixedParameters: 0 0 0
#Transform 57
Transform: MatrixOffsetTransformBase_double_3_3
Parameters: 0.9999979249180654 -0.0013998542286591182 -0.0017650310420045255 0.0013731457469529917 0.9998843288210494 -0.015125457696157538 0.001785972339694454 0.015122533944642363 0.9998840987280089 0.04716457586854972 -0.15885507273588928 -0.6241369072499481
FixedParameters: 0 0 0
#Transform 58
Transform: MatrixOffsetTransformBase_double_3_3
Parameters: 0.999998899494271 -0.000967505721697056 -0.001471079530513787 0.0009464950344906639 0.9998933848301469 -0.014550411295028591 0.0014849287712864394 0.01454858224666241 0.9998931161210928 0.055596248220794564 -0.1838792786249286 -0.5702523726863973
FixedParameters: 0 0 0
#Transform 59
Transform: MatrixOffsetTransformBase_double_3_3
Parameters: 0.9999989249269519 -0.0007089053584076649 -0.0012539538068333388 0.0006890938132662448 0.9998747449812613 -0.015803883587944736 0.0012650484865925678 0.01580312269582408 0.9998746471712456 0.04261762996549123 -0.16825810521218898 -0.6188121183363506
FixedParameters: 0 0 0
#Transform 60
Transform: MatrixOffsetTransformBase_double_3_3
Parameters: 0.9999989602545946 -0.0010322860461277276 -0.0009872595400925673 0.0010167168886755621 0.9998809915674015 -0.01536100439603336 0.0010027350846382175 0.015359965521070815 0.9998810511503422 0.03262495477157756 -0.18370532128400896 -0.580585887644645
FixedParameters: 0 0 0
#Transform 61
Transform: MatrixOffsetTransformBase_double_3_3
Parameters: 0.9999981973775065 -0.0011553536426019656 -0.0015710919357417629 0.0011316484019399512 0.9998901134156551 -0.014784813718608677 0.0015879048471407775 0.014783201201611312 0.9998899261255393 0.03754602037957966 -0.1352773314958 -0.6073019428515067
FixedParameters: 0 0 0
#Transform 62
Transform: MatrixOffsetTransformBase_double_3_3
Parameters: 0.999998378308904 -0.0010529252608770402 -0.0012300481095120503 0.0010340736427696714 0.9998822201552128 -0.015287291973504345 0.0012459529115405339 0.015285708114999427 0.9998827763760386 0.04789584136530323 -0.18106291910898165 -0.5637703934479958
FixedParameters: 0 0 0
#Transform 63
Transform: MatrixOffsetTransformBase_double_3_3
Parameters: 0.999997652629375 -0.0015446677441084296 -0.0017204252866349651 0.0015183242536428027 0.9998806647008126 -0.015395658508258952 0.0017445799116493832 0.015392351542066446 0.9998800085863776 0.033222137162084664 -0.13969208222478358 -0.623488770755074
FixedParameters: 0 0 0
#Transform 64
Transform: MatrixOffsetTransformBase_double_3_3
Parameters: 0.9999987039889731 -0.001108729193552602 -0.0010323611377131092 0.0010932610343316147 0.9998853565830426 -0.015114152352385057 0.0010496429174290014 0.015112859941032383 0.9998854851030774 0.04670518105437793 -0.16930682712670375 -0.5796133517294777
FixedParameters: 0 0 0
#Transform 65
Transform: MatrixOffsetTransformBase_double_3_3
Parameters: 0.9999971166798337 -0.0015468848320215538 -0.0018684586087714468 0.0015181220723767313 0.9998806613210766 -0.015362882790787567 0.001891544508696897 0.015360120233437495 0.999880475408053 0.04834473641358272 -0.16191269357283034 -0.6158495834434916
FixedParameters: 0 0 0
#Transform 66
Transform: MatrixOffsetTransformBase_double_3_3
Parameters: 0.9999977691302971 -0.0014870931292122111 -0.001421222912096897 0.0014639102313560417 0.9998691767924545 -0.01611411847628473 0.0014447755449986182 0.016111889413010106 0.9998693004154696 0.049102019660253404 -0.185007414473489 -0.5835976880888154
FixedParameters: 0 0 0
#Transform 67
Transform: MatrixOffsetTransformBase_double_3_3
Parameters: 0.9999980036958506 -0.0015439631365559926 -0.0016165959638778378 0.0015180464622252413 0.9998715878399927 -0.01594048486330082 0.0016404044063443766 0.015937498065493196 0.9998712797760125 0.05210744349535901 -0.1821159885164434 -0.641355639137771
FixedParameters: 0 0 0
#Transform 68
Transform: MatrixOffsetTransformBase_double_3_3
Parameters: 0.9999982168899493 -0.0015368227717009381 -0.001192122386047205 0.0015181785576404282 0.9998762920751723 -0.015632835265290742 0.0012158811133013482 0.01563115681355537 0.9998771757690329 0.04878904833785214 -0.1749839233915651 -0.5995906522709475
FixedParameters: 0 0 0
#Transform 69
Transform: MatrixOffsetTransformBase_double_3_3
Parameters: 0.9999974272488409 -0.0015467680604939157 -0.0017834510663115332 0.0015182400136146813 0.9998710259414683 -0.01602076177050522 0.001807552599640744 0.016017258191695378 0.9998701506227662 0.04965603692379261 -0.20948900178602514 -0.6279110355678483
FixedParameters: 0 0 0
#Transform 70
Transform: MatrixOffsetTransformBase_double_3_3
Parameters: 0.999997806507221 -0.0015447845092964626 -0.001675697988897859 0.0015182265553773256 0.9998728448366015 -0.015869578850680535 0.001699304874825981 0.01586640969469019 0.9998723426466032 0.050963276423402704 -0.18473610499508197 -0.6235727220883263
FixedParameters: 0 0 0
#Transform 71
Transform: MatrixOffsetTransformBase_double_3_3
Parameters: 0.9999991382929618 -0.0011588971728384708 -0.000720200490357758 0.0011471072984930797 0.9998668159264151 -0.016304844823519387 0.0007388012246357388 0.016304162481325775 0.9998666132203577 0.04711127063782783 -0.2269392197591884 -0.5996693796649737
FixedParameters: 0 0 0
#Transform 72
Transform: MatrixOffsetTransformBase_double_3_3
Parameters: 0.9999982032632632 -0.0015384130340359806 -0.001196198910404334 0.0015175906899208686 0.9998566593992898 -0.016882849010551006 0.0012217925334623919 0.0168801540440184 0.9998565325732648 0.06293819361606268 -0.18669239300477614 -0.6456184584295244
FixedParameters: 0 0 0
#Transform 73
Transform: MatrixOffsetTransformBase_double_3_3
Parameters: 0.9999982558536389 -0.0014348251760345771 -0.0012982810054472415 0.001413180715138759 0.9998604967341033 -0.016657876761255217 0.0013217235417466494 0.016656145611903865 0.9998608084333467 0.061054973150334035 -0.1983095077741126 -0.6175633113678032
FixedParameters: 0 0 0
#Transform 74
Transform: MatrixOffsetTransformBase_double_3_3
Parameters: 0.9999977744980881 -0.0014397303356450126 -0.0014671341359385032 0.0014152719790279653 0.9998594172043134 -0.016720117443902033 0.0014908702953896928 0.016717894594391536 0.999859267507279 0.07168757519428937 -0.17258815961237417 -0.6375912329842777
FixedParameters: 0 0 0
#Transform 75
Transform: MatrixOffsetTransformBase_double_3_3
Parameters: 0.9999982772612632 -0.0015374412918862789 -0.0011657944930714675 0.0015185704271692868 0.9998624787629076 -0.016498800265166775 0.00119021442729335 0.016496200034930186 0.9998634259319937 0.05890090103707735 -0.20713910389171986 -0.5968708183481937
FixedParameters: 0 0 0
#Transform 76
Transform: MatrixOffsetTransformBase_double_3_3
Parameters: 0.9999977071738557 -0.001541773917848778 -0.0013839640008731493 0.0015182248873156063 0.9998540592864036 -0.01701814201864328 0.0014100398436781305 0.01701586688239854 0.9998544486024454 0.06393198102722408 -0.16693921120734956 -0.6430613544365684
FixedParameters: 0 0 0
#Transform 77
Transform: MatrixOffsetTransformBase_double_3_3
Parameters: 0.9999979405221109 -0.001540129593380166 -0.0012992103128037647 0.0015178726726900631 0.9998562133821298 -0.016865998201510368 0.001324787209806815 0.016863985816532964 0.9998568299268166 0.06622618634126809 -0.18930289866682415 -0.6163918172224214
FixedParameters: 0 0 0
#Transform 78
Transform: MatrixOffsetTransformBase_double_3_3
Parameters: 0.9999982425404865 -0.0015386198971294566 -0.0011785580803728996 0.0015183735225489023 0.9998493508969252 -0.017300818684063184 0.0012054481254876752 0.017299174463178465 0.999849266405931 0.06293285636043322 -0.1792016771383942 -0.6562069858410808
FixedParameters: 0 0 0
#Transform 79
Transform: MatrixOffsetTransformBase_double_3_3
Parameters: 0.9999976078621301 -0.0017721021514295352 -0.0011188275900760032 0.001753893684268954 0.9998705787057027 -0.01597898926266249 0.0011471696280910529 0.015976994050069384 0.9998714033021212 0.06314115227752382 -0.1879370662813642 -0.5894569561961731
FixedParameters: 0 0 0
#Transform 80
Transform: MatrixOffsetTransformBase_double_3_3
Parameters: 0.9999968268485051 -0.0015463580175524981 -0.0016681508713667686 0.0015176404032890296 0.9998560690830455 -0.016870572418564257 0.0016938412139215972 0.01686742146894923 0.9998565903166511 0.06078890810807991 -0.16583179756416655 -0.6265235718140758
FixedParameters: 0 0 0
#Transform 81
Transform: MatrixOffsetTransformBase_double_3_3
Parameters: 0.9999970705291761 -0.0019041685266195602 -0.0015177372599703622 0.001877826110029958 0.9998523757199376 -0.0170609004078612 0.0015502610326983174 0.017058098394798483 0.9998535985319651 0.050278636474800464 -0.18707097443217435 -0.6245414570719987
FixedParameters: 0 0 0
#Transform 82
Transform: MatrixOffsetTransformBase_double_3_3
Parameters: 0.9999969216453658 -0.001629560492625533 -0.0018498171871326177 0.0015974365355522705 0.9998462591698525 -0.017469004975240596 0.0018781891650149016 0.017465989376890836 0.9998453879800403 0.05722848075217257 -0.16800738908108315 -0.6688920773016207
FixedParameters: 0 0 0
#Transform 83
Transform: MatrixOffsetTransformBase_double_3_3
Parameters: 0.9999976209102381 -0.001542834798184231 -0.0014133599079891592 0.0015181556709150796 0.9998476827432825 -0.017406180954135236 0.0014406421493373949 0.01740481257661933 0.999846988859528 0.052411289759135116 -0.20506262254208707 -0.6226923226744958
FixedParameters: 0 0 0
#Transform 84
Transform: MatrixOffsetTransformBase_double_3_3
Parameters: 0.999998303822198 -0.0015388797036235032 -0.001152637626473195 0.0015181311661071637 0.9998381918100807 -0.017901777214307954 0.0011793655079856081 0.01790021245457068 0.9998391686519166 0.06529766214947585 -0.18364521500642184 -0.6563857515868108
FixedParameters: 0 0 0
#Transform 85
Transform: MatrixOffsetTransformBase_double_3_3
Parameters: 0.9999985122863825 -0.0016051185513245273 -0.0009537633634516665 0.0015888785072104045 0.999842682966143 -0.017685554916389224 0.0009822521107026052 0.01768346286882868 0.9998432964686006 0.06213927790587093 -0.202416136963123 -0.6364486651409464
FixedParameters: 0 0 0
#Transform 86
Transform: MatrixOffsetTransformBase_double_3_3
Parameters: 0.999998555537304 -0.0015369232157715152 -0.0010405854081197206 0.0015180878255878032 0.9998375454593476 -0.017947613421985538 0.0010674180597781298 0.017946393181455363 0.9998387679058786 0.06967570115310195 -0.17943642555711392 -0.6553879932703239
FixedParameters: 0 0 0
#Transform 87
Transform: MatrixOffsetTransformBase_double_3_3
Parameters: 0.9999970541166542 -0.0015465317288160755 -0.0015978678783373807 0.0015184639171062022 0.9998421592624785 -0.017706470713820997 0.0016251379863965463 0.01770353107210819 0.9998419108585872 0.04338528211022208 -0.1948647696455481 -0.6217955005632234
FixedParameters: 0 0 0
#Transform 88
Transform: MatrixOffsetTransformBase_double_3_3
Parameters: 0.9999985518107678 -0.001536359514477835 -0.001043468956592929 0.001517649701589076 0.9998478585259044 -0.017372621674128657 0.0010695271859366001 0.01737139487521797 0.9998490741648068 0.05984871361985711 -0.1639269882213057 -0.6542334797938736
FixedParameters: 0 0 0
#Transform 89
Transform: MatrixOffsetTransformBase_double_3_3
Parameters: 0.9999968447088269 -0.0017984440203665198 -0.0017085318401493326 0.0017695494460830796 0.9998530860104908 -0.017081079168011597 0.001739475984665676 0.017077927476653456 0.999852296493401 0.05545614065117377 -0.2044064378466004 -0.6292146058469115
FixedParameters: 0 0 0
#Transform 90
Transform: MatrixOffsetTransformBase_double_3_3
Parameters: 0.9999986397930348 -0.001536176219754244 -0.0010006375712030865 0.0015178376068459994 0.9998386230498529 -0.01791755383378825 0.0010273606590986163 0.01791645682113572 0.9998389267000336 0.050084810114427114 -0.17377935825574298 -0.6388034514261562
FixedParameters: 0 0 0
#Transform 91
Transform: MatrixOffsetTransformBase_double_3_3
Parameters: 0.999998238951009 -0.001538955984736791 -0.0011801628883935295 0.0015180453510664686 0.9998444088064344 -0.017557822184183045 0.0012068373039729806 0.017555173369224807 0.9998453207484199 0.06415729456246311 -0.19953563502294003 -0.6261791408377633
FixedParameters: 0 0 0
#Transform 92
Transform: MatrixOffsetTransformBase_double_3_3
Parameters: 0.9999990274058593 -0.0014298546566954104 -0.0009640351565704662 0.0014111483012006001 0.9998320880385954 -0.01827238060493239 0.0009899502970266906 0.018271604722828908 0.9998321514286038 0.061535920163819924 -0.1835976977941698 -0.6824607603302866
FixedParameters: 0 0 0
#Transform 93
Transform: MatrixOffsetTransformBase_double_3_3
Parameters: 0.9999973009709692 -0.0015458020330152515 -0.0015192195325818656 0.001518183434097253 0.999834819422972 -0.01813436387995395 0.0015477835679420713 0.01813166485269154 0.9998348148109699 0.05854108265326374 -0.20918067627087567 -0.6360416119103718
FixedParameters: 0 0 0
#Transform 94
Transform: MatrixOffsetTransformBase_double_3_3
Parameters: 0.9999976648962721 -0.0015429405702693506 -0.0013979554774916352 0.001518057045037754 0.9998424392371607 -0.017670153661856248 0.0014250445355028795 0.017667832720140456 0.999842789360967 0.056673292891346705 -0.19157611127238283 -0.6557151417342055
FixedParameters: 0 0 0
#Transform 95
Transform: MatrixOffsetTransformBase_double_3_3
Parameters: 0.9999982472765779 -0.0015393211434608259 -0.0011766196231220826 0.001517691924660705 0.9998388692493644 -0.017910825253329946 0.0012033750622448746 0.017909187124587715 0.9998387895493281 0.055490644357931274 -0.2003647925940868 -0.6363427662751207
FixedParameters: 0 0 0
#Transform 96
Transform: MatrixOffsetTransformBase_double_3_3
Parameters: 0.9999985413160322 -0.001537665856519535 -0.0010456510163632427 0.0015183278834825262 0.9998263841771902 -0.01855461953896651 0.0010743569118403366 0.018553379894643614 0.9998275954575057 0.062146672732524166 -0.18819288484031915 -0.6686673268928018
FixedParameters: 0 0 0
#Transform 97
Transform: MatrixOffsetTransformBase_double_3_3
Parameters: 0.9999988658006547 -0.0015347762763748207 -0.0008824438693956733 0.0015182325339984472 0.9998237057278451 -0.018707359137032527 0.0009105599236363226 0.01870562187420302 0.9998242323577934 0.054178611446261016 -0.19593940508973162 -0.648292141821301
FixedParameters: 0 0 0
#Transform 98
Transform: MatrixOffsetTransformBase_double_3_3
Parameters: 0.9999976067973937 -0.0015795662765694433 -0.00137812965833658 0.0015524352560196434 0.9998168871480536 -0.019070184076665594 0.00140785928074748 0.019067820806791914 0.9998173991110263 0.05500841075395613 -0.18330948883985343 -0.7037624497144179
FixedParameters: 0 0 0
#Transform 99
Transform: MatrixOffsetTransformBase_double_3_3
Parameters: 0.999997314682663 -0.0016653875391004053 -0.0013828211958675993 0.0016386062813609726 0.9998201995356543 -0.018870302298231955 0.0014141699231516487 0.018867681249214834 0.9998209729080693 0.06270843878753851 -0.18740118542959294 -0.6500266486914512
FixedParameters: 0 0 0
#Transform 100
Transform: MatrixOffsetTransformBase_double_3_3
Parameters: 0.9999975825906109 -0.0016249934867460607 -0.0013329258353212547 0.0015990039181743509 0.999812840579547 -0.019276178376030895 0.0013640742590064472 0.01927383040497925 0.9998136207425643 0.07662599334375386 -0.18637268267319484 -0.7018370660580757
FixedParameters: 0 0 0
#Transform 101
Transform: MatrixOffsetTransformBase_double_3_3
Parameters: 0.9999980696392423 -0.001601471241899966 -0.0011684931225827498 0.0015785398186273596 0.9998027190772879 -0.019817889053161366 0.0011995175524220191 0.019816123544601435 0.9998028454353279 0.05884083737915091 -0.19544222412766032 -0.6725731985673775
FixedParameters: 0 0 0
#Transform 102
Transform: MatrixOffsetTransformBase_double_3_3
Parameters: 0.9999979267755349 -0.0015673137030667794 -0.0012714148946119776 0.001541675670586976 0.999805597248939 -0.019671999727556882 0.0013025779067641797 0.019669998065675567 0.9998053574209533 0.06161779508214238 -0.20342669094314658 -0.710495022091493
FixedParameters: 0 0 0
#Transform 103
Transform: MatrixOffsetTransformBase_double_3_3
Parameters: 0.999997784861325 -0.001542532534571705 -0.0013553867723442926 0.0015154757402978038 0.999811739362946 -0.01936309428143122 0.001384601460321022 0.01936090442773279 0.9998112003620202 0.06297798262247056 -0.18904888661131736 -0.6815058917798638
FixedParameters: 0 0 0
#Transform 104
Transform: MatrixOffsetTransformBase_double_3_3
Parameters: 0.9999980108252494 -0.001637991729096776 -0.0011427299385874772 0.0016150026953022489 0.9998017691079756 -0.019838873580057162 0.0011752692928960618 0.019837102982074237 0.9998020714548019 0.06441058463087757 -0.20007738129709196 -0.7078775590742765
FixedParameters: 0 0 0
#Transform 105
Transform: MatrixOffsetTransformBase_double_3_3
Parameters: 0.9999972381340759 -0.001824225389462188 -0.0011968663863068695 0.0018007697885695435 0.9997991307235512 -0.019939203459076564 0.0012331506737653188 0.019937798628562136 0.999800939821926 0.06356214158199691 -0.18727778143981766 -0.693703452285618
FixedParameters: 0 0 0
#Transform 106
Transform: MatrixOffsetTransformBase_double_3_3
Parameters: 0.9999974910777424 -0.0018212534667143925 -0.001091286363941055 0.001800749514871679 0.9998141971618769 -0.019170993452144954 0.0011257265654034563 0.019168978078224548 0.9998152482967922 0.07104595600084451 -0.20281385520189588 -0.6833222691949317
FixedParameters: 0 0 0
#Transform 107
Transform: MatrixOffsetTransformBase_double_3_3
Parameters: 0.9999971191060762 -0.0018314214834194266 -0.001589503538911929 0.0018005896211194328 0.9998075600013802 -0.01954891791816158 0.0016245070541172095 0.019546080709225998 0.9998072754793863 0.06944493476012781 -0.16951765809494646 -0.6840732175542428
FixedParameters: 0 0 0
#Transform 108
Transform: MatrixOffsetTransformBase_double_3_3
Parameters: 0.9999976419001093 -0.0016853480291067048 -0.0012323731697555683 0.0016606569200963226 0.9998079923855622 -0.019499081483108503 0.0012646197864851119 0.019496903603342452 0.9998092326898593 0.06508427322111743 -0.21606813258915736 -0.6809314901779402
FixedParameters: 0 0 0
#Transform 109
Transform: MatrixOffsetTransformBase_double_3_3
Parameters: 0.9999981147034946 -0.0014910793787844758 -0.0012894440504486332 0.0014649284740889691 0.999798994806899 -0.019995932525264045 0.0013185538440148607 0.019993077508423888 0.9997994789310416 0.06163197124550379 -0.19244772794871778 -0.6985141013346663
FixedParameters: 0 0 0
#Transform 110
Transform: MatrixOffsetTransformBase_double_3_3
Parameters: 0.9999976177323053 -0.0015519026872417951 -0.0014047757720440208 0.001524091240326835 0.9998054742645246 -0.01965117716312316 0.0014352250035282361 0.01964880882040776 0.9998058233373354 0.06208766843228375 -0.21051331211073432 -0.6909051766595837
FixedParameters: 0 0 0
#Transform 111
Transform: MatrixOffsetTransformBase_double_3_3
Parameters: 0.9999976154261659 -0.0017421033324132148 -0.0011616394662518372 0.0017178873768261432 0.9997892917129237 -0.02043804226551113 0.001197358856692683 0.020435960771718536 0.9997908935547644 0.06315715098850205 -0.18588011357284984 -0.7165464044032603
FixedParameters: 0 0 0
#Transform 112
Transform: MatrixOffsetTransformBase_double_3_3
Parameters: 0.9999964847640925 -0.0018351982901105635 -0.0017732814548178408 0.001800787047276802 0.9998055535764329 -0.019651269137920167 0.0018097339283535655 0.019647754603711546 0.9998056492104658 0.04633038376807974 -0.20227953450364566 -0.6789198190302272
FixedParameters: 0 0 0
#Transform 113
Transform: MatrixOffsetTransformBase_double_3_3
Parameters: 0.9999973763880889 -0.0016717280040645314 -0.0013524241426929834 0.0016442777220634019 0.9997931458858809 -0.02025126213996682 0.0013855801505372129 0.02024872205781739 0.9997940207812436 0.05790946411387665 -0.18496901086743378 -0.706878790084545
FixedParameters: 0 0 0
#Transform 114
Transform: MatrixOffsetTransformBase_double_3_3
Parameters: 0.9999977390464417 -0.0018280507438690828 -0.001385754523822312 0.0017999640107526158 0.9997985081712144 -0.01998055023566518 0.0014212458199239638 0.01997745781200082 0.9997998291019253 0.042124880581056345 -0.19969728021985134 -0.6839475666724155
FixedParameters: 0 0 0
#Transform 115
Transform: MatrixOffsetTransformBase_double_3_3
Parameters: 0.9999972922850844 -0.0018243602954841705 -0.0011739795236424143 0.0018006378360526148 0.9997894288335983 -0.020427148930472174 0.0012110333568291492 0.020425825650786864 0.9997902921207407 0.056436870817222484 -0.17698635079781866 -0.7176749938719809
FixedParameters: 0 0 0
#Transform 116
Transform: MatrixOffsetTransformBase_double_3_3
Parameters: 0.9999971898709853 -0.0016048158878996257 -0.001494577855671117 0.001574172690965569 0.9997904328338585 -0.020397392694418787 0.0015274234307317705 0.020394588727803916 0.9997906762386515 0.05428488284573518 -0.20144428708356088 -0.6957609769634274
FixedParameters: 0 0 0
#Transform 117
Transform: MatrixOffsetTransformBase_double_3_3
Parameters: 0.9999974695849244 -0.0017589703109150692 -0.0015607807220666386 0.0017280261595074935 0.9998057620258374 -0.019626752065620177 0.0015952214924242513 0.019624249042940103 0.9998063117829867 0.07106080589409203 -0.17571718143184967 -0.7310840616348031
FixedParameters: 0 0 0
#Transform 118
Transform: MatrixOffsetTransformBase_double_3_3
Parameters: 0.9999978617078084 -0.0018739310191450656 -0.0012757168992746117 0.001848082951033062 0.9997972148530895 -0.020033391255279257 0.0013122836884568812 0.02003057448857474 0.9997980039327268 0.05141651568810346 -0.20380170465494984 -0.6697329377475256
FixedParameters: 0 0 0
#Transform 119
Transform: MatrixOffsetTransformBase_double_3_3
Parameters: 0.9999968088124207 -0.001758914757910575 -0.0020243299186791827 0.0017170918432076903 0.9997877608209457 -0.020524553578915944 0.002059673844555225 0.02052045481649499 0.9997876115798575 0.05921343044713012 -0.1730904909985327 -0.7870269466753115
FixedParameters: 0 0 0
#Transform 120
Transform: MatrixOffsetTransformBase_double_3_3
Parameters: 0.9999975111381343 -0.001819698498966984 -0.0010847978062066505 0.0017972956107286618 0.9997865590161344 -0.020570987347395757 0.001122207375556793 0.02056899555970818 0.9997876121874406 0.05506492814188846 -0.19583785853967584 -0.7205609097124182
FixedParameters: 0 0 0
#Transform 121
Transform: MatrixOffsetTransformBase_double_3_3
Parameters: 0.9999972015624693 -0.0016619783582490135 -0.001426926350723628 0.001633020221024344 0.9997972987364994 -0.020074390691072 0.0014600752828491255 0.020072633873694363 0.999797929362635 0.06605648425664867 -0.17854545421653256 -0.7356591646071564
FixedParameters: 0 0 0
#Transform 122
Transform: MatrixOffsetTransformBase_double_3_3
Parameters: 0.9999969821306358 -0.001746425449384025 -0.0014031393397399823 0.0017165755911097865 0.9997842581755904 -0.02070645532143714 0.0014388485325533005 0.02070353387466134 0.9997842371426063 0.06906941021306068 -0.2029012057399484 -0.6822196868024974
FixedParameters: 0 0 0
#Transform 123
Transform: MatrixOffsetTransformBase_double_3_3
Parameters: 0.9999970233501909 -0.0019125970023573116 -0.0015231486608291577 0.0018804080433698538 0.9997889071893592 -0.02048193591617295 0.0015618395322479464 0.020479084598668183 0.9997891247384741 0.0759386861573006 -0.19168108083448487 -0.7291159300947498
FixedParameters: 0 0 0
#Transform 124
Transform: MatrixOffsetTransformBase_double_3_3
Parameters: 0.9999977619051013 -0.0017397999163266328 -0.001100762334595389 0.001717214255068051 0.9997904203971519 -0.02038591895591213 0.0011352407979854098 0.02038405361345998 0.9997911583785394 0.05896744068488147 -0.20323017015603284 -0.6790932862224679
FixedParameters: 0 0 0
#Transform 125
Transform: MatrixOffsetTransformBase_double_3_3
Parameters: 0.9999970393467572 -0.0017524253284782593 -0.0017002324619062395 0.0017165794921457857 0.9997859053325792 -0.020617978667864408 0.0017357588552535733 0.020615018287002126 0.9997859623165765 0.07484129474157442 -0.16820285513061606 -0.7551507908887913
FixedParameters: 0 0 0
#Transform 126
Transform: MatrixOffsetTransformBase_double_3_3
Parameters: 0.999997093189178 -0.0017454711854059677 -0.001364338555513738 0.0017165364462728865 0.99978674185856 -0.020597398345449408 0.001399651378574004 0.020595613351749645 0.9997868284255453 0.059197359166844876 -0.18933874435752784 -0.6830139809872975
FixedParameters: 0 0 0
#Transform 127
Transform: MatrixOffsetTransformBase_double_3_3
Parameters: 0.9999981124039645 -0.0013527163201885668 -0.0014346479410426388 0.00132127768598892 0.9997748058242818 -0.02119895055113646 0.0014633377713012823 0.021197075499812437 0.9997744937630615 0.06810122963076992 -0.18500970211105994 -0.7647582092112515
FixedParameters: 0 0 0
#Transform 128
Transform: MatrixOffsetTransformBase_double_3_3
Parameters: 0.9999975071851397 -0.001743138447481196 -0.0012060692874133552 0.0017168610034135258 0.9997703879504842 -0.0213451214810736 0.0012429280223002473 0.021342884226323255 0.9997718816233175 0.07737697734091853 -0.21538160902008485 -0.7223135877547548
FixedParameters: 0 0 0
#Transform 129
Transform: MatrixOffsetTransformBase_double_3_3
Parameters: 0.9999969684380378 -0.0017539562763442442 -0.0017190887485954134 0.0017170466732630899 0.9997726715356983 -0.02126803010502882 0.001755913285621068 0.021264998547050922 0.9997726645896938 0.05688782865053099 -0.19802523972194308 -0.7541711321072171
FixedParameters: 0 0 0
#Transform 130
Transform: MatrixOffsetTransformBase_double_3_3
Parameters: 0.9999977523044472 -0.001740951671021776 -0.001103077242235885 0.0017170513411197564 0.9997710067346085 -0.02135395803071527 0.001139924477835501 0.021352079434308155 0.9997717386141569 0.06401106854598027 -0.196983329409548 -0.7068364671347922
FixedParameters: 0 0 0
#Transform 131
Transform: MatrixOffsetTransformBase_double_3_3
Parameters: 0.9999971869040474 -0.0017522045650766257 -0.0016565369052773085 0.0017168058057219818 0.9997771646948004 -0.021019889638119373 0.0016924583252975946 0.02101708014291667 0.9997773692706696 0.07848943517117846 -0.17421466019709442 -0.774364435252636
FixedParameters: 0 0 0
#Transform 132
Transform: MatrixOffsetTransformBase_double_3_3
Parameters: 0.9999973769234818 -0.0018220072624283191 -0.0015173724750319265 0.0017899819476637025 0.9997816971989856 -0.020833777719823608 0.001555627628890569 0.020831227279966332 0.9997815980919522 0.06589815387316378 -0.20083006759814737 -0.6996751630552183
FixedParameters: 0 0 0
#Transform 133
Transform: MatrixOffsetTransformBase_double_3_3
Parameters: 0.9999975082559253 -0.0017416113886278917 -0.001208272900427131 0.0017163928942554127 0.9997968030982165 -0.02008010987116753 0.0012427131873536518 0.020077871669732014 0.9997972908528758 0.0773040656744115 -0.18200547440918058 -0.7443532518066149
FixedParameters: 0 0 0
#Transform 134
Transform: MatrixOffsetTransformBase_double_3_3
Parameters: 0.9999976845046206 -0.0016508325087223857 -0.001260877301101847 0.0016251650510130864 0.9997944260615172 -0.020221091787930353 0.001294124838248703 0.020218906265380844 0.9997944772045068 0.07690695221130284 -0.17983793061823405 -0.6937688330651071
FixedParameters: 0 0 0
#Transform 135
Transform: MatrixOffsetTransformBase_double_3_3
Parameters: 0.9999977586111383 -0.0017475886402318873 -0.00147961107705668 0.001716423852139664 0.9997896934040547 -0.020428594664486755 0.0015143778107776459 0.020425408509046027 0.9997904523183978 0.07600193677201617 -0.20220837297975436 -0.7154738266293634
FixedParameters: 0 0 0
#Transform 136
Transform: MatrixOffsetTransformBase_double_3_3
Parameters: 0.9999970294758483 -0.002011007871114389 -0.0013878806996280206 0.001981989746258401 0.9997858757677263 -0.020594809711624997 0.0014291193581599572 0.020592184967909384 0.9997868781206177 0.07668613935595658 -0.19140783979723608 -0.7067599470379804
FixedParameters: 0 0 0
#Transform 137
Transform: MatrixOffsetTransformBase_double_3_3
Parameters: 0.9999975998178797 -0.001748934693702791 -0.00153025368648078 0.0017170712391535111 0.999785539365603 -0.020626680006958203 0.0015657494265486566 0.020624314053620404 0.9997861464186897 0.061203183656303395 -0.1884073052009967 -0.7066925678585534
FixedParameters: 0 0 0
#Transform 138
Transform: MatrixOffsetTransformBase_double_3_3
Parameters: 0.9999972061560277 -0.0017453786147291009 -0.0013223545399354006 0.0017166289070342847 0.9997749950860116 -0.021166333319681936 0.001358636167122159 0.021163691986158736 0.999775194655051 0.07667778769550182 -0.19123320349021355 -0.6939737710450657
FixedParameters: 0 0 0
#Transform 139
Transform: MatrixOffsetTransformBase_double_3_3
Parameters: 0.999997902218018 -0.0015887307463276943 -0.0012548791722144846 0.001561265997292773 0.9997775453507843 -0.021023001797822474 0.0012881058218371466 0.021020996139965973 0.9997784093667227 0.07698439620770614 -0.200488472105107 -0.7186766373629325
FixedParameters: 0 0 0
#Transform 140
Transform: MatrixOffsetTransformBase_double_3_3
Parameters: 0.9999976783710559 -0.001741282082339483 -0.001135609326744828 0.00171670947873757 0.9997771528925264 -0.021043994601475154 0.0011723840661627613 0.021042003633831505 0.9997778107994088 0.07762234784473776 -0.17161842882411804 -0.7001682449436686
FixedParameters: 0 0 0
#Transform 141
Transform: MatrixOffsetTransformBase_double_3_3
Parameters: 0.999997009999741 -0.001797234507982457 -0.001326574128372005 0.0017687549698340939 0.999778359311409 -0.020987399667255234 0.0013644184292944386 0.020984601093518112 0.9997787281782425 0.07681896565834734 -0.21373933635616993 -0.7024777181408695
FixedParameters: 0 0 0
#Transform 142
Transform: MatrixOffsetTransformBase_double_3_3
Parameters: 0.9999969262096394 -0.0019338456293346857 -0.0015273060810621823 0.0019011394575524406 0.9997729619689993 -0.02122195962956592 0.0015686958100695832 0.021219022381842784 0.9997732426018775 0.07591245895001464 -0.19625495143858984 -0.7025657132592613
FixedParameters: 0 0 0
#Transform 143
Transform: MatrixOffsetTransformBase_double_3_3
Parameters: 0.9999975593579226 -0.001743189035553859 -0.0011843401243151741 0.0017168162251583604 0.9997612348641439 -0.021766081792476976 0.0012216560863851369 0.02176391891493662 0.9997627807468156 0.06915664076942107 -0.21583632718696322 -0.7188910864459785
FixedParameters: 0 0 0
#Transform 144
Transform: MatrixOffsetTransformBase_double_3_3
Parameters: 0.9999968102572299 -0.0021429097444353833 -0.001263827229764859 0.0021150846045311644 0.9997621500841051 -0.02168673129184055 0.0013101750092857972 0.021684250594097232 0.9997640266911546 0.08082823899481184 -0.1804036472779842 -0.7177186000601097
FixedParameters: 0 0 0
#Transform 145
Transform: MatrixOffsetTransformBase_double_3_3
Parameters: 0.9999980192928454 -0.0016950071889497262 -0.0014515592472802016 0.0016639858000553113 0.9997758976509153 -0.021101472741315394 0.001487443739763686 0.021099536137886142 0.9997765590074034 0.07485206051318016 -0.19961914537321945 -0.7182222778216243
FixedParameters: 0 0 0
#Transform 146
Transform: MatrixOffsetTransformBase_double_3_3
Parameters: 0.999997123885097 -0.0021810814602392483 -0.0014554702839788846 0.0021499094738772124 0.9997762941742796 -0.021024191864551758 0.0015015309989467361 0.021021787767292462 0.9997777978724418 0.08056647612436052 -0.1770833043529194 -0.6995637011631004
FixedParameters: 0 0 0
#Transform 147
Transform: MatrixOffsetTransformBase_double_3_3
Parameters: 0.9999974485863482 -0.0017437507672521278 -0.0012288911398121933 0.0017172442190409207 0.9997681494466782 -0.02144415629172037 0.0012661139216616395 0.021441838191663894 0.999769587980093 0.07583651088029342 -0.20497673455459164 -0.6998322111525113
FixedParameters: 0 0 0
#Transform 148
Transform: MatrixOffsetTransformBase_double_3_3
Parameters: 0.9999973299361331 -0.0019933090917399203 -0.0013026790765703108 0.0019646856894055182 0.9997698826141974 -0.021382640599881767 0.001345314852733779 0.021379399610220586 0.999771046328512 0.08296692950602846 -0.1865423855584396 -0.7216699882153108
FixedParameters: 0 0 0
#Transform 149
Transform: MatrixOffsetTransformBase_double_3_3
Parameters: 0.9999974595279186 -0.001990033247974253 -0.0012571983264885631 0.001962974067721687 0.9997748251765548 -0.021148546779522798 0.0012988039760794578 0.02114649426707635 0.9997760987080729 0.07154611525393761 -0.20919676826765965 -0.6888904639288143
FixedParameters: 0 0 0
#Transform 150
Transform: MatrixOffsetTransformBase_double_3_3
Parameters: 0.9999974405975259 -0.001751386098982741 -0.0015786686107835091 0.0017166073411235539 0.9997666345545514 -0.021525766816649142 0.0016163242518792073 0.02152322604844027 0.9997670893575886 0.08957850427358949 -0.17417003557289945 -0.7864241612341942
FixedParameters: 0 0 0
#Transform 151
Transform: MatrixOffsetTransformBase_double_3_3
Parameters: 0.9999969360731435 -0.0017474042260368459 -0.0014183395949723529 0.0017166004594882727 0.9997741402139256 -0.02116248001859941 0.0014546513674335406 0.021160503423425056 0.9997750766220608 0.07272594872245008 -0.20147260726034233 -0.6960125286490921
FixedParameters: 0 0 0
#Transform 152
Transform: MatrixOffsetTransformBase_double_3_3
Parameters: 0.9999960742634537 -0.0020670747101807427 -0.001628656441389187 0.002032914104183074 0.9997842250938945 -0.020654381723952755 0.001671340751144459 0.02065061600282702 0.999785705245158 0.07608318467482889 -0.18644224852339164 -0.7238416549718778
FixedParameters: 0 0 0
#Transform 153
Transform: MatrixOffsetTransformBase_double_3_3
Parameters: 0.9999974393727842 -0.001640233492772344 -0.0016945906763680258 0.001604777305038549 0.9997864973976085 -0.02058876329719258 0.0017274027542402834 0.020585210502722287 0.9997862023657355 0.06517930200411115 -0.19321392043138985 -0.703863444580648
FixedParameters: 0 0 0
#Transform 154
Transform: MatrixOffsetTransformBase_double_3_3
Parameters: 0.9999972778933891 -0.0019042116917143811 -0.0014478448781502385 0.0018727866945501637 0.9997724150459698 -0.021260774901551364 0.0014881511866218216 0.021258229635890104 0.9997728266170767 0.06884524261400315 -0.18989780941437573 -0.7232731736250173
FixedParameters: 0 0 0
#Transform 155
Transform: MatrixOffsetTransformBase_double_3_3
Parameters: 0.999997201062334 -0.0018320069994480481 -0.001201245000075069 0.0018059991613923495 0.999771799366518 -0.02130423567479955 0.0012397561150035482 0.02130279498235331 0.9997726187207718 0.06254138190919889 -0.20533660657569897 -0.7038634763156182
FixedParameters: 0 0 0
#Transform 156
Transform: MatrixOffsetTransformBase_double_3_3
Parameters: 0.9999969453096349 -0.001908523561381148 -0.001552678507484923 0.0018754697798653768 0.9997711877454124 -0.02131297099160015 0.001593330422820537 0.021310018071447438 0.9997712931943822 0.07396095811407122 -0.18944892761373922 -0.7087523266952189
FixedParameters: 0 0 0
#Transform 157
Transform: MatrixOffsetTransformBase_double_3_3
Parameters: 0.9999969789435068 -0.001747366082030293 -0.0014029949433745977 0.001716632704967207 0.9997706975256694 -0.021361466055272588 0.0014399945114116578 0.0213585414212182 0.9997706768066764 0.07066028906383792 -0.19834388894555843 -0.7032393828246057
FixedParameters: 0 0 0
#Transform 158
Transform: MatrixOffsetTransformBase_double_3_3
Parameters: 0.9999979529883716 -0.0019813528980583543 -0.0010594385234451208 0.001957656905191974 0.9997642464649641 -0.021607119948853105 0.0011015546887623389 0.021604863358675366 0.9997659582480989 0.07457558092784211 -0.1920583098602151 -0.7179477995357928
FixedParameters: 0 0 0
#Transform 159
Transform: MatrixOffsetTransformBase_double_3_3
Parameters: 0.9999976352712819 -0.0017496884623118337 -0.0015181268137286494 0.0017163168913278686 0.9997725104846601 -0.021271659064871974 0.001554858856214493 0.021269332954524576 0.9997721530306066 0.0702707680934509 -0.2007769796005192 -0.719131231332554
FixedParameters: 0 0 0
#Transform 160
Transform: MatrixOffsetTransformBase_double_3_3
Parameters: 0.999996612097386 -0.0019616287172270455 -0.0018815382876698808 0.001923382900213843 0.9997914838721322 -0.020316685100946936 0.0019204704555935914 0.02031329892038845 0.9997916433971115 0.06396472828512856 -0.18735220641467265 -0.6824147064622395
FixedParameters: 0 0 0
#Transform 161
Transform: MatrixOffsetTransformBase_double_3_3
Parameters: 0.9999971913991086 -0.0017452398862453614 -0.0013276744523089167 0.0017167528119552428 0.99977875182422 -0.020982336960575932 0.0013643186921094173 0.020979676600735617 0.9997789365992089 0.0777857087044822 -0.19751343694298384 -0.7232375272274822
FixedParameters: 0 0 0
#Transform 162
Transform: MatrixOffsetTransformBase_double_3_3
Parameters: 0.9999967416971479 -0.0021658576159489457 -0.0012516337707711908 0.0021391326387828805 0.9997751818082558 -0.021075736750573254 0.0012973695935191722 0.021073249412674657 0.999777191040366 0.07023774538676264 -0.1813235666249966 -0.7047044680206227
FixedParameters: 0 0 0
#Transform 163
Transform: MatrixOffsetTransformBase_double_3_3
Parameters: 0.9999975035260826 -0.001742836172279478 -0.0012075376457868396 0.001717154430627582 0.9997768010823241 -0.021076132423651073 0.001244465246789449 0.021073889990982943 0.9997772910634701 0.09136428637410177 -0.1973027049788385 -0.7020967253942274
FixedParameters: 0 0 0
#Transform 164
Transform: MatrixOffsetTransformBase_double_3_3
Parameters: 0.9999969987285492 -0.001961608524454634 -0.0014676758380883573 0.0019293833424307372 0.9997722166343826 -0.02123689546274825 0.001509312522119233 0.02123410306474618 0.9997737861523838 0.08023355203121696 -0.19648574782156913 -0.683973356329517
FixedParameters: 0 0 0
#Transform 165
Transform: MatrixOffsetTransformBase_double_3_3
Parameters: 0.9999971506562179 -0.0018711713474563992 -0.0011613923274885318 0.0018458361097442079 0.9997714623829658 -0.021309205897106196 0.0012006033511384677 0.021306815615944653 0.9997725218900372 0.09162303619348222 -0.19905947496478404 -0.687768709295554
FixedParameters: 0 0 0
#Transform 166
Transform: MatrixOffsetTransformBase_double_3_3
Parameters: 0.999997558174038 -0.001743015185033761 -0.0011845954521696072 0.0017169745597709386 0.999764613993486 -0.021619068665676998 0.0012224024216105798 0.02161690407248387 0.9997651586560313 0.08145535590863062 -0.17574045002677963 -0.7168740347896403
FixedParameters: 0 0 0
#Transform 167
Transform: MatrixOffsetTransformBase_double_3_3
Parameters: 0.9999976171073036 -0.0017423761222017267 -0.0011607827093661968 0.001716618766649322 0.9997671022649556 -0.021515037669047662 0.0011982082705448058 0.021512957312649184 0.9997677024027822 0.07502562841825977 -0.19631755727637312 -0.6953042958816553
FixedParameters: 0 0 0
#Transform 168
Transform: MatrixOffsetTransformBase_double_3_3
Parameters: 0.9999976503743463 -0.0017498961295061121 -0.0015127648003405126 0.0017171212406375226 0.9997676148241008 -0.021479653881200638 0.0015492396352102744 0.02147734526757595 0.9997682759742798 0.07360423832713536 -0.18081145527126807 -0.7469290988758246
FixedParameters: 0 0 0
#Transform 169
Transform: MatrixOffsetTransformBase_double_3_3
Parameters: 0.9999972935403526 -0.0017453387115368177 -0.0012884702736465274 0.001716648018692499 0.9997630770285666 -0.021677256802472348 0.00132652306656644 0.0216757297144387 0.9997643639787521 0.07667517450512662 -0.20603671925553613 -0.6876542482102224
FixedParameters: 0 0 0
#Transform 170
Transform: MatrixOffsetTransformBase_double_3_3
Parameters: 0.9999976854367907 -0.0017506695054936513 -0.001500589754009777 0.0017163443936228943 0.999753266634728 -0.02215264801404048 0.0015383969732151047 0.022149379254910218 0.9997539628853949 0.0778961898787145 -0.18601834399764527 -0.7836182917811669
FixedParameters: 0 0 0
#Transform 171
Transform: MatrixOffsetTransformBase_double_3_3
Parameters: 0.9999972634017704 -0.001752488999046856 -0.0016327184894479887 0.0017165043276964201 0.9997671818794075 -0.02148984964438758 0.001670270711942458 0.021487119935878148 0.999767462953254 0.07260609376973548 -0.2118021951366984 -0.6972379879950665
FixedParameters: 0 0 0
#Transform 172
Transform: MatrixOffsetTransformBase_double_3_3
Parameters: 0.9999957516859771 -0.0022529859289230503 -0.0014737611805030802 0.0022200064022197042 0.9997553878342109 -0.022014346397544002 0.001523235105054123 0.022010642792721715 0.9997561445975613 0.06821172266100461 -0.19611972093640873 -0.7548581042031515
FixedParameters: 0 0 0
#Transform 173
Transform: MatrixOffsetTransformBase_double_3_3
Parameters: 0.9999968973713329 -0.00225364201304468 -0.001422578874262256 0.002223372280847389 0.9997731968427042 -0.021185230889725196 0.00146942835121081 0.021181756391358195 0.9997741171528014 0.06305083844191017 -0.18123534519332907 -0.6807272727018443
FixedParameters: 0 0 0
#Transform 174
Transform: MatrixOffsetTransformBase_double_3_3
Parameters: 0.9999969341772258 -0.0020524210087372605 -0.0016886857194839898 0.0020165759551159603 0.9997715014185365 -0.021292482889352256 0.0017323287445913853 0.021289522051648916 0.9997717149226593 0.07925634781688018 -0.18811954252899454 -0.7253779495784727
FixedParameters: 0 0 0
#Transform 175
Transform: MatrixOffsetTransformBase_double_3_3
Parameters: 0.9999964247480646 -0.002133953158539801 -0.0017384243922575957 0.002096055636871798 0.999765198292685 -0.021548722961645103 0.0017835790466279975 0.021545273041311187 0.9997665705648178 0.06884774510280067 -0.1961584745258449 -0.6776305489612042
FixedParameters: 0 0 0
#Transform 176
Transform: MatrixOffsetTransformBase_double_3_3
Parameters: 0.9999976595527442 -0.0017503461106941143 -0.001509168019041522 0.0017166593037244266 0.9997608684464321 -0.021820653435878294 0.0015468236651283239 0.021817355225118913 0.999760538776256 0.0898936049601673 -0.17754463360826378 -0.7536632197678301
FixedParameters: 0 0 0
#Transform 177
Transform: MatrixOffsetTransformBase_double_3_3
Parameters: 0.9999973987607605 -0.0018810018542472346 -0.0010311052851857388 0.0018579994782469721 0.9997590622601195 -0.021872971739349194 0.0010718945954129393 0.02187103970543317 0.999760451928059 0.07887978993177569 -0.21198408693118154 -0.687067707277123
FixedParameters: 0 0 0
#Transform 178
Transform: MatrixOffsetTransformBase_double_3_3
Parameters: 0.9999969423094729 -0.0017549026741421534 -0.0017252764546867297 0.0017170828094762924 0.999762801430004 -0.021730045354457165 0.001763726698830392 0.02172698773613962 0.9997627718269815 0.08880389637197084 -0.18685788203396214 -0.713681698449065
FixedParameters: 0 0 0
#Transform 179
Transform: MatrixOffsetTransformBase_double_3_3
Parameters: 0.9999972860701486 -0.0018833841248737438 -0.0014724928004565313 0.0018506273934070219 0.999762936880352 -0.021692777595693644 0.0015124986148135333 0.021690203936442665 0.9997631951802769 0.08423531619419578 -0.19804486099874907 -0.6802418073348662
FixedParameters: 0 0 0
#Transform 180
Transform: MatrixOffsetTransformBase_double_3_3
Parameters: 0.9999964162298965 -0.00219261805470429 -0.0016658729737781823 0.002156379552129682 0.9997625395936338 -0.02167366309565742 0.0017131356998770374 0.02167031457571315 0.9997634138473581 0.07167052516142292 -0.17158824423648866 -0.7070137047379177
FixedParameters: 0 0 0
#Transform 181
Transform: MatrixOffsetTransformBase_double_3_3
Parameters: 0.9999960982867272 -0.002209027559034845 -0.0014219125807173418 0.0021779693688303656 0.999767452390459 -0.021465166953773165 0.0014690839226518023 0.021461824809903343 0.9997681746799987 0.07557000792968438 -0.20080965684188357 -0.6616985727999207
FixedParameters: 0 0 0
#Transform 182
Transform: MatrixOffsetTransformBase_double_3_3
Parameters: 0.9999969507519196 -0.0017599909065193493 -0.001987752458643585 0.0017170063054295533 0.9997689358085651 -0.02142549779614828 0.002025252373745659 0.021422520381440647 0.9997689320245616 0.06992980811936889 -0.17945780305993253 -0.7016926627643016
FixedParameters: 0 0 0
#Transform 183
Transform: MatrixOffsetTransformBase_double_3_3
Parameters: 0.9999963598391913 -0.0023455752872597597 -0.0014619881150825917 0.002313422201657823 0.999757014030818 -0.021899457556280963 0.0015130209489276937 0.02189552644106321 0.9997592283263774 0.06668200550244308 -0.19234837081462786 -0.6679143221656574
FixedParameters: 0 0 0
#Transform 184
Transform: MatrixOffsetTransformBase_double_3_3
Parameters: 0.9999969510417681 -0.0017546685113169662 -0.0017234689767849593 0.0017163193061004378 0.9997645730535274 -0.0216200139172667 0.001761515523141838 0.02161696500768056 0.9997645487075386 0.08024618975724707 -0.1814443819410485 -0.7111498423941214
FixedParameters: 0 0 0
#Transform 185
Transform: MatrixOffsetTransformBase_double_3_3
Parameters: 0.9999951964436558 -0.0022850786901095345 -0.0018923044496203833 0.002242901663607305 0.9997561438951694 -0.02194933798193983 0.0019426924297427843 0.021944654499438058 0.9997575929433965 0.07836987895274206 -0.1756928073604911 -0.6989985400424246
FixedParameters: 0 0 0
#Transform 186
Transform: MatrixOffsetTransformBase_double_3_3
Parameters: 0.9999974355752584 -0.001744797333576427 -0.001232561448096436 0.0017171915813351355 0.9997519244991951 -0.022205159204479016 0.0012714411230852422 0.022202824245981086 0.9997523535229191 0.09127969139639447 -0.19273303854794221 -0.716293969423063
FixedParameters: 0 0 0
#Transform 187
Transform: MatrixOffsetTransformBase_double_3_3
Parameters: 0.9999969764361811 -0.0023099793703646684 -0.0012990757342919745 0.002280021953391519 0.9997408885692172 -0.02262403332654821 0.0013509264771687614 0.022620950784139386 0.9997434004245502 0.09149199990409329 -0.17993285356006083 -0.7228016365435224
FixedParameters: 0 0 0
#Transform 188
Transform: MatrixOffsetTransformBase_double_3_3
Parameters: 0.9999964868975815 -0.0022505641790153694 -0.0015650600402385524 0.002214439378276708 0.999747825669663 -0.022365550950509506 0.0016149257850619242 0.022361450712290638 0.9997482819527989 0.07801830758464234 -0.2122877521237001 -0.714797096984384
FixedParameters: 0 0 0
#Transform 189
Transform: MatrixOffsetTransformBase_double_3_3
Parameters: 0.9999968492074692 -0.0022559077429145985 -0.001435551573479871 0.0022230826497725365 0.9997435656363469 -0.022526272029012404 0.0014864516804092064 0.022522727371485255 0.9997454468331574 0.07028358232707888 -0.17926986149358015 -0.7030641422078503
FixedParameters: 0 0 0
#Transform 190
Transform: MatrixOffsetTransformBase_double_3_3
Parameters: 0.9999956390145827 -0.0023592255755634103 -0.001671982560304601 0.002319772199383926 0.9997305367384479 -0.02308697121463525 0.00172601186037814 0.023083020526019175 0.999732123749892 0.07979107325459722 -0.21442696135078165 -0.7474801787293472
FixedParameters: 0 0 0
#Transform 191
Transform: MatrixOffsetTransformBase_double_3_3
Parameters: 0.9999959720744707 -0.002377133362153719 -0.001837279398245532 0.0023338780045996117 0.9997176934813696 -0.02365941202455543 0.001892745908635865 0.023655624719953958 0.9997187639206702 0.08880832576745945 -0.18324474155664916 -0.7293667123762759
FixedParameters: 0 0 0
#Transform 192
Transform: MatrixOffsetTransformBase_double_3_3
Parameters: 0.999995208297111 -0.0024413313883708317 -0.0016829434361456408 0.0024006673899137076 0.9997198916045571 -0.023564152205927266 0.0017400467349790233 0.023559863967089974 0.9997208240335217 0.07612735072345345 -0.19465963567520816 -0.7452495368927003
FixedParameters: 0 0 0
#Transform 193
Transform: MatrixOffsetTransformBase_double_3_3
Parameters: 0.9999955996628822 -0.002523725432223557 -0.0017406272976403952 0.0024812672220105992 0.999705707115563 -0.02412543887719235 0.001801383197288111 0.02412157370498813 0.9997078336247756 0.08941794243052925 -0.1809613379205075 -0.7759283699225108
FixedParameters: 0 0 0
#Transform 194
Transform: MatrixOffsetTransformBase_double_3_3
Parameters: 0.9999953669215106 -0.0022538679143730956 -0.002134531824183725 0.0022011444647978148 0.9997091695929512 -0.023997797571428375 0.002187447537662644 0.023993168916748228 0.999709461506805 0.08307292357397955 -0.2149567748019905 -0.7475069619218289
FixedParameters: 0 0 0
#Transform 195
Transform: MatrixOffsetTransformBase_double_3_3
Parameters: 0.9999942484787253 -0.0026940880199275456 -0.0021196290754053725 0.0026429050767648784 0.999715043017282 -0.023746748374594256 0.002183366306758876 0.023740264179913224 0.9997155353114854 0.09744306204794384 -0.18071541014268178 -0.7577932933073299
FixedParameters: 0 0 0
#Transform 196
Transform: MatrixOffsetTransformBase_double_3_3
Parameters: 0.9999948992065848 -0.0023360417058486864 -0.002154883752385493 0.0022829559536511673 0.9997023537016612 -0.024297057714933325 0.0022111169014326793 0.024291972925945086 0.9997029220849951 0.08725212831920715 -0.24026108010667713 -0.7440055951864224
FixedParameters: 0 0 0
#Transform 197
Transform: MatrixOffsetTransformBase_double_3_3
Parameters: 0.9999947668029575 -0.0024072438100105334 -0.002106756063573541 0.0023547498683434273 0.9996981188068136 -0.024459078013248772 0.0021652355365801537 0.02445390485054818 0.9996982256417661 0.09057466222459709 -0.1733154572770843 -0.7786468772767705
FixedParameters: 0 0 0
#Transform 198
Transform: MatrixOffsetTransformBase_double_3_3
Parameters: 0.9999958741923877 -0.0023098313396782426 -0.0019466238257385712 0.0022621622912882087 0.9997039561418066 -0.024224529127283387 0.0020023855546832214 0.024220500364024657 0.9997052834692097 0.0708738371246227 -0.209911710180549 -0.7435230818161216
FixedParameters: 0 0 0
#Transform 199
Transform: MatrixOffsetTransformBase_double_3_3
Parameters: 0.9999945658350227 -0.002730530473053878 -0.0019945103562640483 0.0026834854081021486 0.9997215505444341 -0.023455490144006743 0.0020575029263180692 0.02345051980579318 0.9997227741779791 0.08823238088682217 -0.17697509989955051 -0.7532520728005636
FixedParameters: 0 0 0
#Transform 200
Transform: MatrixOffsetTransformBase_double_3_3
Parameters: 0.9999951807014008 -0.002278796885407931 -0.0019043598845954193 0.0022322113950419714 0.9997040951825664 -0.0242243522713647 0.001958643945064153 0.024220637964727454 0.9997044519783397 0.07336185143925888 -0.20506632768423572 -0.7352571762688456
FixedParameters: 0 0 0
#Transform 201
Transform: MatrixOffsetTransformBase_double_3_3
Parameters: 0.9999947825311686 -0.0025375432079264024 -0.001943982543714738 0.002488482975305877 0.9996828526952974 -0.025076967189739893 0.002006027454705493 0.025072039214978904 0.9996832676482773 0.09598673369680455 -0.1805906757191309 -0.7898658527981581
FixedParameters: 0 0 0
#Transform 202
Transform: MatrixOffsetTransformBase_double_3_3
Parameters: 0.9999950856752889 -0.0025835831729560496 -0.0014969336794175359 0.0025454155073401236 0.9996949073971454 -0.024586920593675357 0.0015600494693240846 0.024583079737324105 0.9996961484066126 0.0692138137849696 -0.2182252371952984 -0.7150631962572618
FixedParameters: 0 0 0
#Transform 203
Transform: MatrixOffsetTransformBase_double_3_3
Parameters: 0.9999960169036944 -0.002304250561149716 -0.0019165796020927741 0.0022567434605504934 0.9997023415422657 -0.024299435618252173 0.0019724170383561513 0.024295565434085252 0.9997027613515007 0.08846908980095236 -0.1935678087540822 -0.783790945989935
FixedParameters: 0 0 0
#Transform 204
Transform: MatrixOffsetTransformBase_double_3_3
Parameters: 0.99999554502003 -0.0021032177544528913 -0.0022433752821340225 0.002048793930432827 0.9997124205428923 -0.023901709290471633 0.0022926205547248936 0.023897291178252306 0.999711586390662 0.06740971245906735 -0.2173397736260796 -0.7207025108048981
FixedParameters: 0 0 0
#Transform 205
Transform: MatrixOffsetTransformBase_double_3_3
Parameters: 0.99999409818768 -0.0024776579739404342 -0.0021824685387519306 0.002423350128914652 0.9996918838026028 -0.024701409669496764 0.002242534751948687 0.02469556451041364 0.9996919937754913 0.07703164256251682 -0.18444853274456818 -0.7784914865100632
FixedParameters: 0 0 0
#Transform 206
Transform: MatrixOffsetTransformBase_double_3_3
Parameters: 0.9999954049351208 -0.0024592774140500587 -0.0018830566574520823 0.002412703145586276 0.9997047004656225 -0.024194679604255392 0.0019429398627647432 0.024190358104758572 0.9997059753109491 0.06740574338118677 -0.19813787899198587 -0.7192933204757423
FixedParameters: 0 0 0
#Transform 207
Transform: MatrixOffsetTransformBase_double_3_3
Parameters: 0.9999959741876498 -0.0023181452094685746 -0.0019112148745835157 0.0022708627482952814 0.9997017429427943 -0.02431043755094609 0.0019667833856119323 0.024306538139014268 0.9997022481887856 0.08847926953535534 -0.1878498504917019 -0.7944284222519684
FixedParameters: 0 0 0
#Transform 208
Transform: MatrixOffsetTransformBase_double_3_3
Parameters: 0.9999951604186611 -0.0021016118685955078 -0.002102697970796332 0.0020493794209375427 0.9996927159407379 -0.024718433422526238 0.002154309910339563 0.0247135966506319 0.9996924930766969 0.07134931173426651 -0.21239320772305348 -0.7474488695816461
FixedParameters: 0 0 0
#Transform 209
Transform: MatrixOffsetTransformBase_double_3_3
Parameters: 0.9999939513812288 -0.0022846010633729387 -0.0027978066479839876 0.002214397088090045 0.9996858888355367 -0.024982369077474257 0.0028542050728223556 0.024975652867420164 0.9996839623248001 0.09186223399254345 -0.213123414774941 -0.7915950255175801
FixedParameters: 0 0 0
#Transform 210
Transform: MatrixOffsetTransformBase_double_3_3
Parameters: 0.9999959308460481 -0.0023103750306115276 -0.0019315675351822784 0.0022626390152851073 0.9996925749465869 -0.024682464324977702 0.001987446757346734 0.024677502116295134 0.9996929636054838 0.07203994647153422 -0.20953963262137165 -0.727856320727426
FixedParameters: 0 0 0
#Transform 211
Transform: MatrixOffsetTransformBase_double_3_3
Parameters: 0.9999962330495256 -0.001998991384786036 -0.0019417876563283666 0.001951004613946861 0.9997002582533284 -0.02440988996910322 0.0019902137713400233 0.02440612309962438 0.9997002937223424 0.06737016515100436 -0.20543332463149966 -0.787773497034479
FixedParameters: 0 0 0
#Transform 212
Transform: MatrixOffsetTransformBase_double_3_3
Parameters: 0.9999935062901529 -0.0022356923540253664 -0.002738092941358568 0.002167308602839445 0.9996978888471411 -0.024481074720793305 0.002791886043599762 0.024474898585472936 0.9996960898265043 0.0921457479386305 -0.18441763997262228 -0.7458998986192711
FixedParameters: 0 0 0
#Transform 213
Transform: MatrixOffsetTransformBase_double_3_3
Parameters: 0.9999956732928685 -0.0020980962650536308 -0.001981263937740627 0.0020489074265500535 0.9996981222650344 -0.024466143155827926 0.0020317315490874215 0.024461820938737815 0.9996983956747871 0.059667419807297506 -0.2109131360610661 -0.7380375652103766
FixedParameters: 0 0 0
#Transform 214
Transform: MatrixOffsetTransformBase_double_3_3
Parameters: 0.9999949319433249 -0.0020523172895128873 -0.0024201141556345358 0.001991684482793353 0.9996934302178149 -0.024667931585131104 0.002469876860320511 0.024663042482814652 0.9996925403973032 0.06818949047313083 -0.18767342959766609 -0.8101942269539819
FixedParameters: 0 0 0
#Transform 215
Transform: MatrixOffsetTransformBase_double_3_3
Parameters: 0.9999947498311424 -0.00219695761316735 -0.0023286503782216084 0.0021390327412900063 0.9996948740056794 -0.02460609362996061 0.0023823474279544388 0.02460087862348284 0.9996940257112524 0.06760705912623166 -0.212457791580988 -0.7212623298513705
FixedParameters: 0 0 0
#Transform 216
Transform: MatrixOffsetTransformBase_double_3_3
Parameters: 0.9999949709616242 -0.0020299197591289015 -0.0024303891894778035 0.0019690660970031726 0.9996904431948883 -0.024810920614123957 0.0024806137442149045 0.0248060995481334 0.9996894113794622 0.05059385759163604 -0.2071769821764633 -0.7479634081620361
FixedParameters: 0 0 0
#Transform 217
Transform: MatrixOffsetTransformBase_double_3_3
Parameters: 0.9999942164034235 -0.002123645269618337 -0.0025050174654705068 0.002061356048135601 0.9997012675834807 -0.024359301287173275 0.0025559669355038105 0.02435470955980113 0.9997002424246207 0.05572974493874483 -0.23422494041913922 -0.6971317949096374
FixedParameters: 0 0 0
