#Insight Transform File V1.0
#Transform 0
Transform: MatrixOffsetTransformBase_double_3_3
Parameters: 0.9999986279333357 -0.0012336109632052053 -0.0009221006377245996 0.0012336100364849724 0.999999552971865 -0.0000011431359823455 0.0009221018667776393 -1.431363530618457e-7 1.000000074961296 -0.012434971280598006 0.028596420281417068 -0.4237658002974598
FixedParameters: 0 0 0
#Transform 1
Transform: MatrixOffsetTransformBase_double_3_3
Parameters: 0.9999983075174209 -0.0018617344950536052 -0.0004752539641567399 0.0018604664407906508 0.9999934940551289 -0.00301897028316582 0.00048135357534664236 0.003018029159974109 0.999995590721236 0.026780223548911408 0.04095586731433798 -0.4473397282468028
FixedParameters: 0 0 0
#Transform 2
Transform: MatrixOffsetTransformBase_double_3_3
Parameters: 0.9999984226269042 -0.0013639716488565475 -0.0008472896689024668 0.0013628158981792706 0.9999988095139004 -0.0006381613381895301 0.0008480308073716863 0.0006368387034941525 0.9999998002999365 -0.025736345323082332 -0.004400460577002718 -0.37134758569443704
FixedParameters: 0 0 0
#Transform 3
Transform: MatrixOffsetTransformBase_double_3_3
Parameters: 0.9999985031963023 -0.0015568550471904668 -0.00026881752759866763 0.0015565561662108523 0.9999930823472882 -0.0034005037019617795 0.00027327164333349466 0.0034004990533114954 0.9999942939578961 0.020897800127158916 0.052844006833908 -0.4929667780810689
FixedParameters: 0 0 0
#Transform 4
Transform: MatrixOffsetTransformBase_double_3_3
Parameters: 1.000000091062707 -0.0007727456540315558 -0.000557739886808644 0.0007723763849259824 0.9999989074142148 -0.0012234314010302616 0.0005595545912778096 0.0012225682241538277 0.9999991921889592 -0.13129334889748634 0.01229827937835637 -0.32891228497815916
FixedParameters: 0 0 0
#Transform 5
Transform: MatrixOffsetTransformBase_double_3_3
Parameters: 0.9999979327790187 -0.0017509580852873056 0.000017649407907234554 0.0017515987951771067 0.9999936735834135 -0.00304204916310509 -0.000013052691224668618 0.0030419534008434973 0.9999957516026912 0.0165375207092211 0.0664438877598883 -0.5480212749412487
FixedParameters: 0 0 0
#Transform 6
Transform: MatrixOffsetTransformBase_double_3_3
Parameters: 0.9999987883423195 -0.0017268657777159545 -0.00047753623721588927 0.0017267411900688662 0.9999961846768357 -0.001975907138166824 0.00048121732889830446 0.0019750907813832624 0.9999977984552135 -0.025046107178624766 0.04373710767187333 -0.33545951340259705
FixedParameters: 0 0 0
#Transform 7
Transform: MatrixOffsetTransformBase_double_3_3
Parameters: 0.9999990934548196 -0.001369695432370591 -0.00017389083405191461 0.0013693786337728028 0.9999948012545476 -0.0028843148569119015 0.00017772661787616555 0.0028836837709362295 0.999995657249823 0.01305253432893494 0.05523796002003678 -0.5249911219639642
FixedParameters: 0 0 0
#Transform 8
Transform: MatrixOffsetTransformBase_double_3_3
Parameters: 0.999998178655933 -0.0018672060865901111 -0.000579288074408844 0.0018646836680722737 0.9999924050889796 -0.0034902417078618714 0.00058617747924761 0.0034887566920850377 0.9999934202548653 -0.018525611507683948 0.03444557586198016 -0.3943114730947741
FixedParameters: 0 0 0
#Transform 9
Transform: MatrixOffsetTransformBase_double_3_3
Parameters: 1.0000000845608987 -0.0006449056648347017 -0.0007070121692157558 0.0006428477247453628 0.9999959843459738 -0.0027574555992531252 0.0007084181807981 0.002756544238741998 0.9999958980848166 -0.1150265496102918 0.00886714661254473 -0.4271041119091592
FixedParameters: 0 0 0
#Transform 10
Transform: MatrixOffsetTransformBase_double_3_3
Parameters: 0.9999981963459892 -0.0016719842192900517 0.00009133063556628491 0.001672138904992594 0.9999925635997419 -0.003410926703984893 -0.00008590690605954999 0.003411073525771968 0.9999943628193887 0.01695256606500095 0.0631127747904543 -0.4916816492831657
FixedParameters: 0 0 0
#Transform 11
Transform: MatrixOffsetTransformBase_double_3_3
Parameters: 0.999999258058602 -0.0007047139053522123 0.0004951566739795803 0.0007061360537869986 0.9999967475444774 -0.0025986535863579963 -0.0004934092613134436 0.0025993509504975837 0.9999970008753273 -0.12007174462227965 0.034278566833251034 -0.25702383085157976
FixedParameters: 0 0 0
#Transform 12
Transform: MatrixOffsetTransformBase_double_3_3
Parameters: 0.9999978638963015 -0.0020327937116390925 -0.00005761650056242891 0.0020328341977506673 0.9999914307203104 -0.0035252722079062992 0.0000648926146553879 0.003524724102570237 0.9999935818363119 0.006515961617409971 0.06989643012627766 -0.5336112689908248
FixedParameters: 0 0 0
#Transform 13
Transform: MatrixOffsetTransformBase_double_3_3
Parameters: 0.9999998994896934 -0.0010139363169616392 -0.00027044092952692656 0.0010125255026888567 0.9999966680310967 -0.0023192808862916026 0.0002731469408193529 0.002319718864211978 0.9999974712813503 -0.11864816504360931 0.01033117530728589 -0.3361580257933241
FixedParameters: 0 0 0
#Transform 14
Transform: MatrixOffsetTransformBase_double_3_3
Parameters: 0.9999978286772645 -0.0020409061278560217 -0.00007323304104488285 0.0020410068349143787 0.9999932324431029 -0.002931303133578367 0.00007913906678644641 0.0029306930809479964 0.9999954146687683 -0.018507751351791057 0.0632663606483419 -0.5672811649420879
FixedParameters: 0 0 0
#Transform 15
Transform: MatrixOffsetTransformBase_double_3_3
Parameters: 0.9999978510031424 -0.002012759848516779 -0.00031158166813147767 0.0020118804038547575 0.999991156988473 -0.00372278999753968 0.00031943319938129174 0.003722209879307159 0.999992979877882 -0.02284583472966517 0.01461932535006838 -0.4246549823850643
FixedParameters: 0 0 0
#Transform 16
Transform: MatrixOffsetTransformBase_double_3_3
Parameters: 0.9999992974433398 -0.0006725705471806371 -0.0005006722278020968 0.0006713455209615551 0.999997271836473 -0.0020683355509242968 0.0005013820976278456 0.002067662214167723 0.9999974723529768 -0.11786542231975261 0.009718438552411612 -0.36217035310215806
FixedParameters: 0 0 0
#Transform 17
Transform: MatrixOffsetTransformBase_double_3_3
Parameters: 0.9999987552422374 -0.0017998771405726306 -0.00006814635655710163 0.0017999392658279033 0.9999921606169673 -0.003405202212292846 0.00007434567920714897 0.003404796208320751 0.9999944064947438 0.0114015831587011 0.06142746826662915 -0.5584215288570107
FixedParameters: 0 0 0
#Transform 18
Transform: MatrixOffsetTransformBase_double_3_3
Parameters: 0.9999980618925566 -0.002077306357820024 -0.0007896889775368121 0.0020751603842479116 0.9999951773854037 -0.0023778050955677726 0.0007944235214144237 0.0023761945458981165 0.9999965842199131 -0.12979074169101068 0.03406286299558303 -0.3484951379494703
FixedParameters: 0 0 0
#Transform 19
Transform: MatrixOffsetTransformBase_double_3_3
Parameters: 0.999998470886654 -0.0018739947768058405 -0.00013054600172441504 0.0018736326301357924 0.999993016058215 -0.0033964081178933375 0.00013721676970240878 0.0033965960700449577 0.9999943823031732 -0.020143261363429588 0.053539253239407 -0.5903311973030441
FixedParameters: 0 0 0
#Transform 20
Transform: MatrixOffsetTransformBase_double_3_3
Parameters: 0.9999975293656281 -0.002078102356324152 -0.0003897124510359539 0.0020766510690133576 0.9999910734357559 -0.0037079784190266335 0.00039798808812753684 0.003708020508751353 0.999992957280926 -0.03672572431709398 0.028020925920671402 -0.44845222902357307
FixedParameters: 0 0 0
#Transform 21
Transform: MatrixOffsetTransformBase_double_3_3
Parameters: 0.9999995556196136 -0.0005972246300503428 -0.00029690962104612293 0.0005957653674213998 0.9999925891288611 -0.003749176679803637 0.00029831561532720657 0.003748821634467381 0.9999928563931908 -0.14057953412599034 0.019458160512641598 -0.38677729418839135
FixedParameters: 0 0 0
#Transform 22
Transform: MatrixOffsetTransformBase_double_3_3
Parameters: 0.9999976600312107 -0.00207225449268188 -0.0002151502587131843 0.0020712152702814465 0.9999918377884716 -0.0034546079161330845 0.0002224086510955919 0.003454391095660328 0.9999939550085563 -0.006375066559229481 0.06425274714838736 -0.5788084506477276
FixedParameters: 0 0 0
#Transform 23
Transform: MatrixOffsetTransformBase_double_3_3
Parameters: 0.9999998828402245 -0.000342066818275584 0.000012254420349386643 0.0003421059064879038 0.999998084041375 -0.0016729944700270422 -0.00001110979966868959 0.0016730024647394898 0.9999982009422628 -0.15539455028074656 0.009148251638748661 -0.29206268758433396
FixedParameters: 0 0 0
#Transform 24
Transform: MatrixOffsetTransformBase_double_3_3
Parameters: 0.9999996202915228 -0.000596115263997768 -0.00015548203641344065 0.0005957460330171995 0.999992590379727 -0.0038800962940801764 0.0001580371280954523 0.003879909462747577 0.9999929209735494 -0.18059751684427283 0.014983204349775292 -0.3337901547604929
FixedParameters: 0 0 0
#Transform 25
Transform: MatrixOffsetTransformBase_double_3_3
Parameters: 0.9999997059776196 -0.0004881148426096712 -0.00023631276602086617 0.0004871866285403454 0.9999927445964317 -0.0037441150602565143 0.00023789495553741235 0.0037438838164277066 0.9999929262130891 -0.1765195052780939 0.035498433500805504 -0.3897989074147006
FixedParameters: 0 0 0
#Transform 26
Transform: MatrixOffsetTransformBase_double_3_3
Parameters: 0.9999992824732483 -0.0013107684434964656 -0.000008157641367049107 0.001310226461490161 0.9999899926837119 -0.004276088513874218 0.000013381950708405963 0.00427591075479708 0.9999907212578165 -0.10128462441601016 0.0785540248392067 -0.540248600519277
FixedParameters: 0 0 0
#Transform 27
Transform: MatrixOffsetTransformBase_double_3_3
Parameters: 0.9999989085699813 -0.0007887426119191113 0.0006849271199117181 0.0007911851637024934 0.9999936764478529 -0.00340945375095833 -0.0006823819404760416 0.003409545127570593 0.9999939826713843 -0.1446243938104601 -0.01319034722827439 -0.4186967307210523
FixedParameters: 0 0 0
#Transform 28
Transform: MatrixOffsetTransformBase_double_3_3
Parameters: 0.9999988266880876 -0.0017802495550964877 0.00006664615382936839 0.0017802272200257807 0.9999925488983854 -0.0033579619087558132 -0.00006067314818305072 0.003358039036295876 0.9999947253770763 -0.03026677543310541 0.06753071897469454 -0.6028507421910803
FixedParameters: 0 0 0
#Transform 29
Transform: MatrixOffsetTransformBase_double_3_3
Parameters: 0.9999984665065168 -0.001429958489070407 0.0006984562784579475 0.0014326851907433679 0.9999945216827582 -0.0028890703553093727 -0.0006940984155233361 0.0028899252694312427 0.9999952463705999 -0.0766760059611471 -0.03928229939364769 -0.5103846947455679
FixedParameters: 0 0 0
#Transform 30
Transform: MatrixOffsetTransformBase_double_3_3
Parameters: 0.9999992930577528 -0.0003250763060921619 0.0007754256865190772 0.0003265244153778715 0.9999977454732918 -0.0022687487353226093 -0.0007747944315167043 0.002269253801269522 0.9999972508416941 -0.09892346260330953 -0.040567330272452296 -0.5519996988498832
FixedParameters: 0 0 0
#Transform 31
Transform: MatrixOffsetTransformBase_double_3_3
Parameters: 0.9999983793764373 -0.0018908626097319727 0.00021587731546850712 0.001890939548328131 0.9999908816525975 -0.00394075104975071 -0.00020887567463008795 0.003941255150753456 0.9999924345888802 -0.01605500701404594 0.019730953476866375 -0.569167556479016
FixedParameters: 0 0 0
#Transform 32
Transform: MatrixOffsetTransformBase_double_3_3
Parameters: 0.9999996916672902 -0.0008006917070753878 0.0008169712892770767 0.0008035419471009499 0.9999949028962333 -0.003062339807690287 -0.0008139027256499211 0.0030626592108204953 0.9999950309113915 -0.13436980476922145 -0.008576218104849431 -0.4333961696693933
FixedParameters: 0 0 0
#Transform 33
Transform: MatrixOffsetTransformBase_double_3_3
Parameters: 0.9999984192096089 -0.0015201271984225584 0.000519182079829048 0.0015219083091943463 0.9999943066141965 -0.0030492841818801214 -0.0005148163172234545 0.0030497186283575395 0.9999955136311804 -0.08999730841762243 0.037129583079959616 -0.6035379023267495
FixedParameters: 0 0 0
#Transform 34
Transform: MatrixOffsetTransformBase_double_3_3
Parameters: 0.9999991611457131 -0.0007366368206345357 0.0011385398977229073 0.0007410071303765036 0.9999931324379279 -0.003774157326823846 -0.0011356541515221003 0.0037748488057207097 0.9999925348699285 -0.08286808736187368 0.02178273437199607 -0.48742648111242204
FixedParameters: 0 0 0
#Transform 35
Transform: MatrixOffsetTransformBase_double_3_3
Parameters: 0.9999998099015743 -0.00043458227594098174 0.000035147005895094255 0.0004347368257927973 0.9999945415682104 -0.0033569871705249194 -0.0000332258769200934 0.003357016893835635 0.9999947293573453 -0.16080770954721402 0.02947781454524545 -0.39455835188890376
FixedParameters: 0 0 0
#Transform 36
Transform: MatrixOffsetTransformBase_double_3_3
Parameters: 0.9999984197796103 -0.0016063210791615115 -0.000029488688110372406 0.001605619717453205 0.999991602421538 -0.0038482014708121765 0.00003586517309115555 0.0038477974458524244 0.9999922030257317 -0.009626377849642154 0.07695819977003282 -0.5806046741342641
FixedParameters: 0 0 0
#Transform 37
Transform: MatrixOffsetTransformBase_double_3_3
Parameters: 0.9999982230123521 -0.0016573973604891454 0.0010144051097368558 0.0016612253587423562 0.9999919929443856 -0.0036283906160508583 -0.0010091154886066021 0.003630609993628159 0.9999928834137438 -0.06673544399845355 0.021565458231663115 -0.49934303737356345
FixedParameters: 0 0 0
#Transform 38
Transform: MatrixOffsetTransformBase_double_3_3
Parameters: 0.9999991957711174 -0.0007395073010765683 0.0005075047583134703 0.0007407184862033657 0.9999939804108307 -0.0033866258684048245 -0.0005053328196062348 0.003387375488741462 0.999994271747203 -0.15428264500582145 0.018091090385908615 -0.4542520893723321
FixedParameters: 0 0 0
#Transform 39
Transform: MatrixOffsetTransformBase_double_3_3
Parameters: 0.9999976482788085 -0.002082515040677136 -0.00011359651484148695 0.002082928970918686 0.9999894366806426 -0.004149397705069668 0.00012275159647345458 0.0041486063921060135 0.9999917829938654 -0.002444649691710765 0.04709022890271797 -0.6452363008564959
FixedParameters: 0 0 0
#Transform 40
Transform: MatrixOffsetTransformBase_double_3_3
Parameters: 0.9999987442589829 -0.000789084539623963 0.0016229226490636452 0.0007942281182772552 0.9999940449455246 -0.0034997115178907467 -0.0016199219285911721 0.0035012899935681907 0.99999219221292 -0.08599604148776052 -0.0026406664240568034 -0.4890021771854691
FixedParameters: 0 0 0
#Transform 41
Transform: MatrixOffsetTransformBase_double_3_3
Parameters: 0.9999994676347295 -0.0010490370926941198 0.0006567032417285788 0.0010516394348998124 0.9999953705739772 -0.0029183855498965405 -0.0006534879341702739 0.0029196121670025665 0.9999950559029319 -0.0696137183697374 0.007425683082217915 -0.6306634895394012
FixedParameters: 0 0 0
#Transform 42
Transform: MatrixOffsetTransformBase_double_3_3
Parameters: 0.9999989777603634 -0.001209045748422467 0.0007481350534094701 0.0012118495155060808 0.99999344467604 -0.0034651659479879443 -0.0007445813896458076 0.003465834521417105 0.9999935136180382 -0.07877101142139509 0.0057430785359713354 -0.5112180514276901
FixedParameters: 0 0 0
#Transform 43
Transform: MatrixOffsetTransformBase_double_3_3
Parameters: 0.9999994932358252 -0.0005500157570100428 0.001097287595171933 0.0005536690448026448 0.9999950199637013 -0.0030983880791011914 -0.0010956372574269907 0.0030986094787729263 0.9999942718219913 -0.1082213392216147 -0.019524452256973746 -0.5339522116275077
FixedParameters: 0 0 0
#Transform 44
Transform: MatrixOffsetTransformBase_double_3_3
Parameters: 0.999998390897539 -0.0017473081075096934 0.0007460160647431291 0.0017502370797206114 0.9999885672035752 -0.004391770929871849 -0.0007384055626274463 0.004393228572923916 0.9999902353627635 -0.08618149287158872 0.037535171654681676 -0.5627640405316185
FixedParameters: 0 0 0
#Transform 45
Transform: MatrixOffsetTransformBase_double_3_3
Parameters: 0.9999989202757852 -0.0009436780805345169 0.0004355407692955246 0.0009445542595603091 0.9999926930517711 -0.0036525853915936324 -0.0004324827626160018 0.003652416156439936 0.9999935456096779 -0.1556460092105425 -0.007027444783133774 -0.43835920429532393
FixedParameters: 0 0 0
#Transform 46
Transform: MatrixOffsetTransformBase_double_3_3
Parameters: 0.9999974777706832 -0.0021263565157773165 -0.000009781669868161124 0.0021266535964517817 0.9999909437436605 -0.0036871848147034397 0.000017412249354144258 0.003687816679685693 0.9999933385859862 -0.038318150492472114 0.04311206462554651 -0.6382375576362875
FixedParameters: 0 0 0
#Transform 47
Transform: MatrixOffsetTransformBase_double_3_3
Parameters: 0.9999968728074696 -0.002009857872297702 0.0010430821349645609 0.002013620721317672 0.999989362699942 -0.004052973544370925 -0.0010354456200408124 0.004055027979327164 0.9999916400921613 -0.0891764717158594 0.006482287281912136 -0.5032669660327684
FixedParameters: 0 0 0
#Transform 48
Transform: MatrixOffsetTransformBase_double_3_3
Parameters: 0.9999992786719155 -0.0008924273781522109 0.0009618316588093229 0.0008956108801691593 0.9999940203535668 -0.003332135929630678 -0.0009586396250531709 0.0033328641209483673 0.9999940471344482 -0.09234978708720121 0.019021027329969797 -0.5571730189156483
FixedParameters: 0 0 0
#Transform 49
Transform: MatrixOffsetTransformBase_double_3_3
Parameters: 0.9999973842061506 -0.00213444966036978 0.00024331901688968792 0.0021356906035932257 0.999989327331968 -0.004003632151327374 -0.0002351980972476809 0.004003366002077305 0.9999920006919871 -0.006997757279791017 0.014862262541669224 -0.588468589948846
FixedParameters: 0 0 0
#Transform 50
Transform: MatrixOffsetTransformBase_double_3_3
Parameters: 0.9999988280300685 -0.0009836929180935786 0.0014846449230788083 0.0009884566746164363 0.9999934051398295 -0.003387451633626956 -0.0014815771104082418 0.003388548585216644 0.9999934657175388 -0.09492364480124138 -0.03095837370450738 -0.4771379526298887
FixedParameters: 0 0 0
#Transform 51
Transform: MatrixOffsetTransformBase_double_3_3
Parameters: 0.9999971129053512 -0.0021991254128897754 0.00022459791499235791 0.002200258537746287 0.9999892686945062 -0.0041077388524170255 -0.0002154998226329426 0.0041082583380269155 0.9999910927107726 -0.002514820189844613 0.04501635005495075 -0.626639656290763
FixedParameters: 0 0 0
#Transform 52
Transform: MatrixOffsetTransformBase_double_3_3
Parameters: 0.9999986917950623 -0.0006950160038956116 0.001680839193316728 0.0007010503692457887 0.9999931611501831 -0.00364374751414058 -0.0016782928950917438 0.0036452530926777416 0.999991965771924 -0.085209948316745 -0.01003537093704665 -0.4659934818499778
FixedParameters: 0 0 0
#Transform 53
Transform: MatrixOffsetTransformBase_double_3_3
Parameters: 0.99999852717917 -0.0007834822283264922 0.0013636365265999207 0.0007876626630072305 0.9999933570947627 -0.003446843754670359 -0.00136083743603204 0.0034471560602258033 0.9999934063822268 -0.07736429394404354 0.008911683177998952 -0.5169163496910301
FixedParameters: 0 0 0
#Transform 54
Transform: MatrixOffsetTransformBase_double_3_3
Parameters: 0.9999984276141104 -0.001889787941298018 -0.000023518883324003258 0.0018899568286981745 0.9999890876475659 -0.004172131470854129 0.00003123748239263521 0.00417286721643155 0.9999915202773662 -0.005956683461491252 0.05589995662290903 -0.5423411211898639
FixedParameters: 0 0 0
#Transform 55
Transform: MatrixOffsetTransformBase_double_3_3
Parameters: 0.9999986211780337 -0.000818343994906831 0.0013076676464912668 0.0008234706201031307 0.9999915871501871 -0.003957848046841059 -0.0013037851526837118 0.003959152603267027 0.9999916944395592 -0.11645513916998596 -0.023052594658594217 -0.4388874583016502
FixedParameters: 0 0 0
#Transform 56
Transform: MatrixOffsetTransformBase_double_3_3
Parameters: 0.9999985396532328 -0.0018293199718882902 0.0003355188909360254 0.0018311024777704213 0.9999926119847417 -0.003467542005205562 -0.00032980480537387653 0.003468460628070269 0.9999938735182933 -0.01459087140423776 0.058406295642384976 -0.6314528710390448
FixedParameters: 0 0 0
#Transform 57
Transform: MatrixOffsetTransformBase_double_3_3
Parameters: 0.9999981296218294 -0.0016312622893054512 0.0011001708042000847 0.0016354930868089908 0.9999905506138783 -0.0039522696282331266 -0.0010929404584966514 0.003953724783186993 0.9999913264599236 -0.07127125252428357 -0.0015399197795176178 -0.48869115280976416
FixedParameters: 0 0 0
#Transform 58
Transform: MatrixOffsetTransformBase_double_3_3
Parameters: 0.9999994960948171 -0.0009597650319314742 0.00076312874282947 0.0009624259915960861 0.9999913475538943 -0.003956261289685431 -0.0007602845639691167 0.003956736688161072 0.9999918406302347 -0.13350607186949048 0.015040997133468181 -0.44831415681267117
FixedParameters: 0 0 0
#Transform 59
Transform: MatrixOffsetTransformBase_double_3_3
Parameters: 0.9999978497773705 -0.0019927943501270116 0.0004229213180332368 0.0019946442246988466 0.9999889989926485 -0.004116234021756385 -0.0004144094448216416 0.00411676514683651 0.9999919594655061 -0.005891684377061779 0.051801022553249254 -0.6295509659496474
FixedParameters: 0 0 0
#Transform 60
Transform: MatrixOffsetTransformBase_double_3_3
Parameters: 0.999997299605334 -0.001591585856073324 0.001472420875195828 0.001597075258532432 0.9999906319426847 -0.004081721460073434 -0.00146593193180796 0.00408427914828928 0.9999903257040494 -0.08071311386406421 -0.010109843410276653 -0.43767709747655204
FixedParameters: 0 0 0
#Transform 61
Transform: MatrixOffsetTransformBase_double_3_3
Parameters: 0.9999980838225294 -0.001116852907012548 0.0012918460772767236 0.0011209996404484327 0.9999930191533327 -0.003684549515035357 -0.0012882105937887833 0.0036854589083955974 0.9999929060765581 -0.0790279530464062 0.01063178733384973 -0.561215257914526
FixedParameters: 0 0 0
#Transform 62
Transform: MatrixOffsetTransformBase_double_3_3
Parameters: 0.9999978576625469 -0.002198617602731249 0.0005555769218258421 0.0022012924432167087 0.9999851289015776 -0.004993936179569017 -0.0005444204921812034 0.004995068319805257 0.9999878383027598 -0.005779143284627253 0.01460488787094505 -0.57558800799832
FixedParameters: 0 0 0
#Transform 63
Transform: MatrixOffsetTransformBase_double_3_3
Parameters: 0.9999975302495313 -0.0010672109703847895 0.001824979676048052 0.0010744574675493849 0.9999916692588905 -0.0040039649753892265 -0.001820863327999659 0.004006041115606665 0.999990780751991 -0.09771041655515944 -0.017955853939071176 -0.4515855462370979
FixedParameters: 0 0 0
#Transform 64
Transform: MatrixOffsetTransformBase_double_3_3
Parameters: 0.9999971137560782 -0.0021997732635965763 0.00021627067005505112 0.0022008857544968037 0.9999877783340165 -0.004400685123956569 -0.0002068751076757292 0.004401317126086879 0.9999905975751847 0.01655837997070364 0.021457883195182603 -0.6788280370631554
FixedParameters: 0 0 0
#Transform 65
Transform: MatrixOffsetTransformBase_double_3_3
Parameters: 0.9999979631887127 -0.0021189280988859515 0.0007404657624239088 0.0021217073991054852 0.9999882205334637 -0.004380585136163559 -0.0007306350421256443 0.004382416532172001 0.9999903473306733 0.002765262991857753 -0.033814787285365355 -0.5122684445242811
FixedParameters: 0 0 0
#Transform 66
Transform: MatrixOffsetTransformBase_double_3_3
Parameters: 0.9999986205284814 -0.0009294891815318036 0.001586448590050386 0.0009351723184336378 0.9999912448428988 -0.004090510319754326 -0.0015822841169270006 0.004091487132498031 0.9999899029659284 -0.06769095383752699 -0.018074640529576413 -0.5304253013671882
FixedParameters: 0 0 0
#Transform 67
Transform: MatrixOffsetTransformBase_double_3_3
Parameters: 0.9999969758379976 -0.0023182000650847244 0.0008068276662228853 0.0023217104530598174 0.999987045843369 -0.004524356857286624 -0.0007955765360048042 0.004526637034007533 0.9999889694506741 -0.010906328897561934 0.03340930117630592 -0.5996751985389182
FixedParameters: 0 0 0
#Transform 68
Transform: MatrixOffsetTransformBase_double_3_3
Parameters: 0.999997462477122 -0.0015515239924396324 0.0014591912619178206 0.0015578664846482367 0.9999908627471688 -0.004068800203664388 -0.0014531413869721312 0.004071200975886563 0.9999904697504685 -0.09122009448731205 -0.0026444380914938392 -0.47073745334539296
FixedParameters: 0 0 0
#Transform 69
Transform: MatrixOffsetTransformBase_double_3_3
Parameters: 0.9999983212776568 -0.001876514307618704 0.0003966182805086457 0.0018781419464126057 0.9999896214692028 -0.004103409375005265 -0.00038911160849258876 0.004104585390553445 0.9999910140254604 0.0033668631456009734 0.03232052772690963 -0.6395063913026178
FixedParameters: 0 0 0
#Transform 70
Transform: MatrixOffsetTransformBase_double_3_3
Parameters: 0.9999970794465175 -0.002283727462995851 0.0013051426051766163 0.002290184449524895 0.9999879967915827 -0.004304158554890858 -0.001295121453938436 0.004306839948281266 0.9999900077646965 -0.059634762190498236 0.011777538733653614 -0.5140619053192523
FixedParameters: 0 0 0
#Transform 71
Transform: MatrixOffsetTransformBase_double_3_3
Parameters: 0.9999975578633888 -0.002085267206359071 0.00030776542573246804 0.0020858545666777445 0.9999917453826221 -0.003589589927274678 -0.0003006935480721276 0.003590410308238756 0.9999930361685687 -0.02653110242219725 0.006971003666677689 -0.5992652450762961
FixedParameters: 0 0 0
#Transform 72
Transform: MatrixOffsetTransformBase_double_3_3
Parameters: 0.9999973540004892 -0.0020941726378976722 0.0005090185567295855 0.0020969640547845825 0.9999872949128733 -0.004497084486660932 -0.0005000656864234568 0.004497911286070647 0.9999896038426634 0.0007803399294630253 0.009284760023788863 -0.5665993096889537
FixedParameters: 0 0 0
#Transform 73
Transform: MatrixOffsetTransformBase_double_3_3
Parameters: 0.9999977586519285 -0.0011172048813526997 0.0017303537115815736 0.0011239916473367204 0.9999922967265575 -0.003780979279147542 -0.0017254163333699996 0.003783023856911677 0.9999918547331271 -0.07553195709914462 0.0015507460956740715 -0.5275828786257506
FixedParameters: 0 0 0
#Transform 74
Transform: MatrixOffsetTransformBase_double_3_3
Parameters: 0.9999972296905701 -0.0021758770179382066 0.00018877447407031846 0.0021767557049981196 0.9999868708303082 -0.004623750723651787 -0.00017961681491772288 0.0046242534002460395 0.9999895958095637 -0.006570428034521569 0.024904878335405556 -0.5881803252396196
FixedParameters: 0 0 0
#Transform 75
Transform: MatrixOffsetTransformBase_double_3_3
Parameters: 0.9999979359818414 -0.0011894511698226902 0.0016276406220411513 0.0011965813191762242 0.9999893566302177 -0.004479049791171058 -0.001622409399662593 0.004480949669362008 0.9999884383118972 -0.08250573200712097 -0.020447194518652623 -0.4581824508334762
FixedParameters: 0 0 0
#Transform 76
Transform: MatrixOffsetTransformBase_double_3_3
Parameters: 0.9999974830767842 -0.002345913419087025 0.00011950797488575836 0.0023460929486239118 0.99998732672399 -0.00437688159386132 -0.00010993998596028503 0.004377120815703836 0.9999908398481212 0.006881180558053757 0.03938637329852668 -0.6625135263935675
FixedParameters: 0 0 0
#Transform 77
Transform: MatrixOffsetTransformBase_double_3_3
Parameters: 0.9999974381844349 -0.0019476171771459691 0.0013297515172000065 0.00195359957681103 0.9999887445257097 -0.004390552386685606 -0.001321217052812225 0.004393446842879192 0.9999891140946342 -0.06887567374046455 -0.010549996088471403 -0.49963407738603394
FixedParameters: 0 0 0
#Transform 78
Transform: MatrixOffsetTransformBase_double_3_3
Parameters: 0.999998043888451 -0.001116447182854966 0.0013070659688378396 0.0011221445796796871 0.9999918151567447 -0.00385353206126246 -0.0013031232949526294 0.0038554648996469015 0.9999915142705339 -0.08075045377769641 0.0031652037497167385 -0.5623852971320247
FixedParameters: 0 0 0
#Transform 79
Transform: MatrixOffsetTransformBase_double_3_3
Parameters: 0.9999964547017759 -0.002455016128012114 0.0007199381993683779 0.0024588596497915516 0.9999813182254398 -0.005526461969125859 -0.0007065121688280665 0.0055285293483514075 0.9999840294453971 -0.016973163626175847 0.021323409907026303 -0.5516320123589651
FixedParameters: 0 0 0
#Transform 80
Transform: MatrixOffsetTransformBase_double_3_3
Parameters: 0.9999982689373257 -0.0007437632407004571 0.0017827018181608071 0.0007513605701654611 0.9999895114869181 -0.004455585232197745 -0.001779427674940567 0.004457408945175642 0.9999880364579664 -0.11883648458936591 -0.012477013594420328 -0.4421358708803069
FixedParameters: 0 0 0
#Transform 81
Transform: MatrixOffsetTransformBase_double_3_3
Parameters: 0.999997060570884 -0.002428111052875049 0.00020850021376063064 0.0024290965013006502 0.9999872378059712 -0.00445473187824677 -0.00019783026192029212 0.004455270100307121 0.9999901284502207 0.003218878119852775 0.05110159283481153 -0.6377531176442659
FixedParameters: 0 0 0
#Transform 82
Transform: MatrixOffsetTransformBase_double_3_3
Parameters: 0.9999970570375469 -0.0013370453753604504 0.0017767459786678613 0.0013456188265436582 0.9999860019863235 -0.005095602627441173 -0.0017693791640404773 0.005097392935776823 0.9999851060478777 -0.07304317716595676 -0.04369017451243451 -0.4688190516284294
FixedParameters: 0 0 0
#Transform 83
Transform: MatrixOffsetTransformBase_double_3_3
Parameters: 0.9999974992687891 -0.0012453848108181355 0.0017174595352741485 0.0012535430625205326 0.999988628650241 -0.004544771682377907 -0.001711557597301573 0.004547228174453605 0.9999885381273149 -0.08207476382330015 -0.010136040623294207 -0.5339803541458821
FixedParameters: 0 0 0
#Transform 84
Transform: MatrixOffsetTransformBase_double_3_3
Parameters: 0.9999963098651171 -0.0026664208128383575 0.0007616983780509936 0.0026704305012702854 0.9999818054402388 -0.005382206239753662 -0.0007477000286767534 0.005384796638718908 0.9999855397337168 -0.0052345781558784665 0.020227179895528025 -0.6144225431072101
FixedParameters: 0 0 0
#Transform 85
Transform: MatrixOffsetTransformBase_double_3_3
Parameters: 0.9999963555523811 -0.0011367298968647831 0.0023132630023887492 0.0011481995802834883 0.9999868652958873 -0.004967199565106883 -0.0023080646324795434 0.004970800876656939 0.9999851079458344 -0.07373643964115217 -0.03446451961414709 -0.47653703999807817
FixedParameters: 0 0 0
#Transform 86
Transform: MatrixOffsetTransformBase_double_3_3
Parameters: 0.9999968480183574 -0.0024693700838604956 0.00023160278060271834 0.002470822843233827 0.9999819121388347 -0.0055646744788209745 -0.00021807094885005672 0.005565336628819431 0.9999849967933476 0.006755258963465849 0.011127181157931432 -0.7031348673265541
FixedParameters: 0 0 0
#Transform 87
Transform: MatrixOffsetTransformBase_double_3_3
Parameters: 0.9999968261860829 -0.002364033635861029 0.0012587928531189205 0.002370396320472728 0.9999852728320741 -0.004886168924347137 -0.0012472444860821285 0.004888835961943672 0.9999877776467601 -0.048196291359388965 -0.024048126979380413 -0.5103829930257575
FixedParameters: 0 0 0
#Transform 88
Transform: MatrixOffsetTransformBase_double_3_3
Parameters: 0.9999977284280105 -0.0018616932092931186 0.0008974588907129256 0.0018658455168918885 0.9999886579352388 -0.004333404208871003 -0.0008890543273537029 0.004335595593707275 0.9999904944967534 -0.061599374238213045 -0.008307401281541615 -0.5337853077885768
FixedParameters: 0 0 0
#Transform 89
Transform: MatrixOffsetTransformBase_double_3_3
Parameters: 0.9999953667799072 -0.0028760966052251632 0.0006012041684416396 0.0028790368685623867 0.9999825270720594 -0.005100577231894554 -0.0005866548080396121 0.005101419754648437 0.9999867988707479 0.021873056423771686 0.021452682727044703 -0.6219742961785926
FixedParameters: 0 0 0
#Transform 90
Transform: MatrixOffsetTransformBase_double_3_3
Parameters: 0.9999976249086443 -0.0011453808045443284 0.002016096885093839 0.001155243411437065 0.999987071369102 -0.0050375974863708095 -0.0020097384242772787 0.00503941175819532 0.9999857801384524 -0.0777484969816129 -0.03202851775472482 -0.4476287696904251
FixedParameters: 0 0 0
#Transform 91
Transform: MatrixOffsetTransformBase_double_3_3
Parameters: 0.9999976243283208 -0.0020733227798830516 0.00027891534336492755 0.00207429925190499 0.9999845654960773 -0.005110580572974241 -0.00026861075390540714 0.005111416981550307 0.9999868138044559 0.00919152799608014 0.023065314508528445 -0.7095268843174694
FixedParameters: 0 0 0
#Transform 92
Transform: MatrixOffsetTransformBase_double_3_3
Parameters: 0.999996480227752 -0.002363175164536903 0.0009672210717615521 0.0023680205258295593 0.9999845931752195 -0.005062939646161585 -0.0009549284169100202 0.005065060604088095 0.9999865984468561 0.012452024730009725 -0.031056202891761586 -0.5084898042462669
FixedParameters: 0 0 0
#Transform 93
Transform: MatrixOffsetTransformBase_double_3_3
Parameters: 0.9999972190770204 -0.001457347669204989 0.0016297057786061513 0.0014649524711569896 0.9999898971062293 -0.0043366151106280365 -0.0016235591921157143 0.004339391141971155 0.9999896852338587 -0.07645540981468457 0.0009667530846257932 -0.5134691753550129
FixedParameters: 0 0 0
#Transform 94
Transform: MatrixOffsetTransformBase_double_3_3
Parameters: 0.9999972251577897 -0.0022698829499752556 0.0007883617906747311 0.0022746313784501493 0.9999817088653562 -0.005570367155582914 -0.000775780274935218 0.005572633504477176 0.9999844324930353 0.010140948970189356 0.017181548144321823 -0.6695923463050093
FixedParameters: 0 0 0
#Transform 95
Transform: MatrixOffsetTransformBase_double_3_3
Parameters: 0.9999973593459328 -0.0012251457999591648 0.002034813297961212 0.001234073637334572 0.999988949731675 -0.0045144146391489365 -0.002029015695390129 0.004517583625355856 0.9999876208448268 -0.07114844012387778 -0.030771859274480562 -0.47690813368396334
FixedParameters: 0 0 0
#Transform 96
Transform: MatrixOffsetTransformBase_double_3_3
Parameters: 0.9999982783104916 -0.001867526303116545 0.0004829453560371573 0.0018702427485018283 0.9999881035462554 -0.004507248268254535 -0.0004739997703849153 0.0045077488798712095 0.9999895394204724 0.009813428840729443 -0.007541704044044195 -0.661379197898313
FixedParameters: 0 0 0
#Transform 97
Transform: MatrixOffsetTransformBase_double_3_3
Parameters: 0.99999529011321 -0.002760223445906709 0.001044406877758961 0.0027658079720908808 0.9999828888877189 -0.005120412874490374 -0.0010297657486464135 0.0051225794964197685 0.9999859412821431 -0.019746415861092714 -0.01963196339485762 -0.531323071479548
FixedParameters: 0 0 0
#Transform 98
Transform: MatrixOffsetTransformBase_double_3_3
Parameters: 0.9999986156771009 -0.0012380598688748218 0.0013613437822979602 0.0012432288619251954 0.9999903080888102 -0.004242304764118382 -0.0013553516715640978 0.004243697725813164 0.99999030128721 -0.06177697576345054 -0.003243439864476727 -0.6221974791653793
FixedParameters: 0 0 0
#Transform 99
Transform: MatrixOffsetTransformBase_double_3_3
Parameters: 0.9999961216184583 -0.0025117516886736637 0.0007549156410586828 0.0025150708394715104 0.9999848673435017 -0.004862330682930238 -0.0007432084967934485 0.00486366999825609 0.9999879563726553 0.00034447340921417435 0.007611909879983614 -0.5994497066764524
FixedParameters: 0 0 0
#Transform 100
Transform: MatrixOffsetTransformBase_double_3_3
Parameters: 0.9999972432050759 -0.0011680732380919918 0.0018418397680447663 0.0011767439488504568 0.9999887924332043 -0.004647826871425592 -0.0018363231029700083 0.004649172946608951 0.9999872333836948 -0.07659474021313883 -0.03072808389234183 -0.5437104761287515
FixedParameters: 0 0 0
#Transform 101
Transform: MatrixOffsetTransformBase_double_3_3
Parameters: 0.9999957932761171 -0.002751850492934301 0.0007960830785746358 0.0027564504980942374 0.9999806780086343 -0.00552804318123043 -0.0007803602246122622 0.005529958875194474 0.9999849749818132 0.00567777050733298 0.02765713715074014 -0.6302797796563198
FixedParameters: 0 0 0
#Transform 102
Transform: MatrixOffsetTransformBase_double_3_3
Parameters: 0.9999981911207445 -0.001021603989416034 0.001662800030391893 0.0010291579484392969 0.9999876491528117 -0.00481121157615845 -0.001658314988474398 0.0048127890326651185 0.9999872309649112 -0.07660755133478858 -0.03732932485223728 -0.452908333354884
FixedParameters: 0 0 0
#Transform 103
Transform: MatrixOffsetTransformBase_double_3_3
Parameters: 0.9999983444354685 -0.0018257306404493082 0.0005683492251985289 0.001827967060815463 0.9999898060358648 -0.004215114385238833 -0.0005597773212354483 0.004215887490296832 0.9999909973209558 -0.02868959886164646 0.00923552498674951 -0.6318014325472063
FixedParameters: 0 0 0
#Transform 104
Transform: MatrixOffsetTransformBase_double_3_3
Parameters: 0.9999971044049838 -0.0021138449401562733 0.00155761888085453 0.0021223203686226927 0.9999835264151961 -0.005266769212185829 -0.001546741838666072 0.0052702287619617455 0.9999850633348797 -0.046580395095588756 0.003418753878776215 -0.5222865156331551
FixedParameters: 0 0 0
#Transform 105
Transform: MatrixOffsetTransformBase_double_3_3
Parameters: 0.9999960128873222 -0.0013007012783244232 0.0023010147278734756 0.0013120602449357126 0.9999874653328993 -0.00475383061644663 -0.0022948201582782143 0.004757167384348962 0.9999863176687284 -0.06307409585386381 -0.0024571888508688744 -0.5593684445356075
FixedParameters: 0 0 0
#Transform 106
Transform: MatrixOffsetTransformBase_double_3_3
Parameters: 0.9999975414240118 -0.002214368942198 0.0007450385294014857 0.0022182509932653005 0.9999833603709668 -0.005256503624898462 -0.0007334751359653482 0.005258492676496668 0.9999858980026415 0.0028052124671660295 0.019818009636296097 -0.5891131152348663
FixedParameters: 0 0 0
#Transform 107
Transform: MatrixOffsetTransformBase_double_3_3
Parameters: 0.9999976957111065 -0.0006780054617037246 0.001961206999532959 0.0006870362478263869 0.9999888247169528 -0.00465150836981143 -0.001957172838999858 0.004653493088687413 0.9999875791943142 -0.07575111717298455 -0.022936107365893577 -0.47678378621476725
FixedParameters: 0 0 0
#Transform 108
Transform: MatrixOffsetTransformBase_double_3_3
Parameters: 0.9999977048579813 -0.002112621687998109 0.0009124001582873836 0.0021173278820354243 0.9999838033245243 -0.005249219232192223 -0.0009008618714710292 0.005250777689237263 0.9999857760967664 0.00934267875608441 0.02484468376766813 -0.6578408777500471
FixedParameters: 0 0 0
#Transform 109
Transform: MatrixOffsetTransformBase_double_3_3
Parameters: 0.9999970018335476 -0.0018436053666049301 0.0016117920719303568 0.0018517290679087334 0.9999872246351517 -0.004596011686741758 -0.0016033274574401106 0.004598985938045627 0.9999885029104164 -0.06726146459718052 -0.01926830841924243 -0.49149792271794013
FixedParameters: 0 0 0
#Transform 110
Transform: MatrixOffsetTransformBase_double_3_3
Parameters: 0.9999983934156831 -0.0017889137457456589 0.0006382638866759528 0.0017910194291014198 0.9999880210018343 -0.004548006729866758 -0.0006307302098251272 0.004548990375458639 0.9999889944713752 0.00845251354932941 -0.00014030181635860117 -0.6636360778293806
FixedParameters: 0 0 0
#Transform 111
Transform: MatrixOffsetTransformBase_double_3_3
Parameters: 0.9999966438384199 -0.002320366492298257 0.000985483381941327 0.002325838078220761 0.9999830651591919 -0.005325865508834696 -0.0009733963328002714 0.00532813965013601 0.9999858243011419 0.008284788389246955 -0.02421264180725302 -0.5591928377894817
FixedParameters: 0 0 0
#Transform 112
Transform: MatrixOffsetTransformBase_double_3_3
Parameters: 0.999998693551808 -0.0015011429371292833 0.0010257020063427409 0.0015059778099307233 0.9999884296959336 -0.0046065326165158765 -0.0010195241948424123 0.004608469468605977 0.9999888054733248 -0.04726398120487829 -0.014606409519714703 -0.6117125638936614
FixedParameters: 0 0 0
#Transform 113
Transform: MatrixOffsetTransformBase_double_3_3
Parameters: 0.9999979778865483 -0.002027633479505854 0.000953771748581913 0.002033652845730465 0.9999816873277033 -0.005752220934664404 -0.0009420712338357253 0.005754782934708186 0.9999830843811132 0.027159974427334532 -0.02021943375368096 -0.6554076924493302
FixedParameters: 0 0 0
#Transform 114
Transform: MatrixOffsetTransformBase_double_3_3
Parameters: 0.9999972836852793 -0.0015592033250928993 0.001511239001537387 0.0015664677445216017 0.9999894641870196 -0.004234630152267313 -0.0015046039905506937 0.0042373659442741934 0.9999899319195532 -0.06998472522219856 -0.04195684625852891 -0.4991981983948932
FixedParameters: 0 0 0
#Transform 115
Transform: MatrixOffsetTransformBase_double_3_3
Parameters: 0.9999978080714785 -0.001950293864593786 0.0006241357959775988 0.0019528577991117944 0.9999851715387933 -0.005091935582916374 -0.0006140057675329926 0.0050930641050423164 0.9999867690311391 0.02887737160634174 -0.008434096518257661 -0.7172650899543527
FixedParameters: 0 0 0
#Transform 116
Transform: MatrixOffsetTransformBase_double_3_3
Parameters: 0.9999969192021417 -0.0023915336212534323 0.0006007031530097303 0.0023947764653502028 0.999983895910516 -0.005222799530752331 -0.0005885151130067633 0.005224208181809367 0.9999864528918747 0.006669414650048111 -0.03371520956059726 -0.541204841168522
FixedParameters: 0 0 0
#Transform 117
Transform: MatrixOffsetTransformBase_double_3_3
Parameters: 0.9999973876806398 -0.000927398497684175 0.00193716708480516 0.0009367046988901972 0.9999877451495695 -0.004820107903418705 -0.0019324913013165552 0.004821886681321802 0.9999861581515458 -0.04867470952181918 -0.010321806481982776 -0.5436051234372172
FixedParameters: 0 0 0
#Transform 118
Transform: MatrixOffsetTransformBase_double_3_3
Parameters: 0.9999973327612129 -0.002001734231911118 0.0008128211113735161 0.0020065961130599557 0.9999793665015586 -0.006043453026928991 -0.0008002588061163762 0.0060455476577704476 0.9999818935426689 0.035825652700481214 0.02290815884884978 -0.6607061063901085
FixedParameters: 0 0 0
#Transform 119
Transform: MatrixOffsetTransformBase_double_3_3
Parameters: 0.999997355155522 -0.0014869865412632567 0.0015599402048946524 0.0014950460950720287 0.9999863764730812 -0.005023670381920989 -0.0015524080097568966 0.005026333474656294 0.9999864770356823 -0.072708040515721 -0.02886892138705832 -0.47083290582482107
FixedParameters: 0 0 0
#Transform 120
Transform: MatrixOffsetTransformBase_double_3_3
Parameters: 0.9999984624264573 -0.0017775652081063404 0.000614166944450626 0.0017810325581153845 0.9999854971609277 -0.005031989310343488 -0.0006050811069636474 0.005034009206877951 0.9999873027298224 0.01976633976192943 -0.012543341792863316 -0.6935254099231258
FixedParameters: 0 0 0
#Transform 121
Transform: MatrixOffsetTransformBase_double_3_3
Parameters: 0.999997301952229 -0.002180088026140148 0.0009719313954721201 0.0021852856788792184 0.9999839168416544 -0.0052170343983389544 -0.0009608168245039861 0.005219965198682411 0.9999859191800946 -0.0037190872182151224 -0.013425022168377154 -0.5011498613250609
FixedParameters: 0 0 0
#Transform 122
Transform: MatrixOffsetTransformBase_double_3_3
Parameters: 0.9999965530623172 -0.0010107627936179818 0.0023293948929788374 0.0010220449557034438 0.9999868200434238 -0.005091473554262038 -0.0023241261034066154 0.005093536254169709 0.9999848654369449 -0.06867641018456538 0.001161767447740658 -0.47480471609853225
FixedParameters: 0 0 0
#Transform 123
Transform: MatrixOffsetTransformBase_double_3_3
Parameters: 0.9999973746416273 -0.001994886874271278 0.0008030142555045695 0.0019997641855891255 0.9999832164178836 -0.005449550559662467 -0.000791985327568347 0.0054514485051615075 0.999984741818307 0.02344166632936151 0.010551577923266109 -0.6951734586459963
FixedParameters: 0 0 0
#Transform 124
Transform: MatrixOffsetTransformBase_double_3_3
Parameters: 0.999996651998596 -0.0014368527825568398 0.0020697238469575803 0.0014474592910936456 0.9999854305124865 -0.005123926504218071 -0.0020621678822906513 0.005127068661809675 0.9999846795820613 -0.060188163377972614 -0.014592680295692162 -0.475911614254656
FixedParameters: 0 0 0
#Transform 125
Transform: MatrixOffsetTransformBase_double_3_3
Parameters: 0.9999971860591311 -0.0022306992631790207 0.0009151399435488425 0.002235491132175772 0.9999830904146384 -0.005362109864367276 -0.0009038510648392185 0.005363895298870713 0.9999855715817216 0.025915910449072044 -0.012274296110376781 -0.6963414861583175
FixedParameters: 0 0 0
#Transform 126
Transform: MatrixOffsetTransformBase_double_3_3
Parameters: 0.9999971081181438 -0.0022724828902628284 0.0008533863263126549 0.002277390029688342 0.9999807378854385 -0.005829292700848587 -0.0008395215240292684 0.005831706644417914 0.9999823800983334 0.027898245119672538 -0.014649202813089346 -0.5850887336736008
FixedParameters: 0 0 0
#Transform 127
Transform: MatrixOffsetTransformBase_double_3_3
Parameters: 0.9999981487191536 -0.0009736435816580476 0.001703788593366084 0.0009816930259917015 0.9999894856563999 -0.004525258372805471 -0.0016993987840806031 0.004527746367620766 0.9999886843879542 -0.06526041780836067 -0.02262894868118792 -0.5032660114137713
FixedParameters: 0 0 0
#Transform 128
Transform: MatrixOffsetTransformBase_double_3_3
Parameters: 0.9999970465900038 -0.0020484658356914997 0.000870135563365088 0.002053484779383252 0.999981776501255 -0.005731369496901215 -0.0008582892661932192 0.005732637910364921 0.9999835577772753 0.027785731563824356 -0.0019878386409004634 -0.7144793812295092
FixedParameters: 0 0 0
#Transform 129
Transform: MatrixOffsetTransformBase_double_3_3
Parameters: 0.9999975128246035 -0.001032447415159854 0.0021031069489624286 0.0010424475513248392 0.999987320880722 -0.004842659117956505 -0.0020972922174444537 0.004845338411181538 0.9999862629444491 -0.05497641938879383 -0.030464911010383844 -0.4891028325675393
FixedParameters: 0 0 0
#Transform 130
Transform: MatrixOffsetTransformBase_double_3_3
Parameters: 0.999997962838674 -0.0020865850507247184 0.0008265203554494526 0.0020910694773008842 0.9999853756732144 -0.005009424504423668 -0.0008153370687088266 0.005010577509302408 0.9999873865771538 0.017196515359856335 -0.013523657029324454 -0.7219030653654386
FixedParameters: 0 0 0
#Transform 131
Transform: MatrixOffsetTransformBase_double_3_3
Parameters: 0.9999973577461377 -0.0020281876143301773 0.0007271135723767694 0.0020320081457202875 0.9999838030237511 -0.005289677042852048 -0.0007163770387481799 0.005291319675346934 0.9999855755025336 0.006443482867155126 -0.02264151816260096 -0.5537441458380954
FixedParameters: 0 0 0
#Transform 132
Transform: MatrixOffsetTransformBase_double_3_3
Parameters: 0.9999971338810686 -0.0006132314202958185 0.0023433149716817455 0.0006251246635507845 0.9999892280464877 -0.004716392040645917 -0.0023397153708940854 0.00471761325749058 0.9999864053191834 -0.07911035990191806 0.015373191343769577 -0.48682989808170873
FixedParameters: 0 0 0
#Transform 133
Transform: MatrixOffsetTransformBase_double_3_3
Parameters: 0.9999970328545198 -0.0023306468722967357 0.0007312268100578477 0.0023347794393214568 0.9999816850294416 -0.005636529564738882 -0.0007186608951011495 0.0056384744129349545 0.9999837843904157 0.014309813147818318 0.00650704924825618 -0.7241579142993118
FixedParameters: 0 0 0
#Transform 134
Transform: MatrixOffsetTransformBase_double_3_3
Parameters: 0.9999977610801922 -0.0017546264879297964 0.00146967889807668 0.0017625908938005061 0.9999839849974491 -0.00535547981508154 -0.0014602857798750935 0.005357516720443656 0.9999843914300689 -0.07011475725357741 -0.019484053127158063 -0.4932498193057029
FixedParameters: 0 0 0
#Transform 135
Transform: MatrixOffsetTransformBase_double_3_3
Parameters: 0.9999972799841943 -0.0011520882580102775 0.0018422390750566452 0.0011616617296409857 0.9999857603289014 -0.00516478027302901 -0.0018355956056810155 0.005166218377555404 0.9999851544630067 -0.06586625525729062 -0.0017269407703537354 -0.5828783649679963
FixedParameters: 0 0 0
#Transform 136
Transform: MatrixOffsetTransformBase_double_3_3
Parameters: 0.9999970742224533 -0.0022987524165091846 0.000801400047658951 0.002303023032490133 0.9999803152763829 -0.005855388850127721 -0.0007881101727496242 0.005857608814851284 0.9999821610856406 0.011498402440111022 0.019992365089734676 -0.6062867790450923
FixedParameters: 0 0 0
#Transform 137
Transform: MatrixOffsetTransformBase_double_3_3
Parameters: 0.9999982273723799 -0.0009718683656985936 0.0016819272212989828 0.0009797843924538106 0.9999875189450583 -0.00484227913986128 -0.0016768604214766325 0.004844717543080065 0.9999867891398455 -0.07816647973645274 -0.02462245581688194 -0.49300180423564655
FixedParameters: 0 0 0
#Transform 138
Transform: MatrixOffsetTransformBase_double_3_3
Parameters: 0.9999982739433112 -0.0018736941943009505 0.0004643692196355779 0.0018759772826336676 0.9999825573186315 -0.005553279196252092 -0.00045436433806768443 0.0055537138635957245 0.9999840334059966 0.023750241479859824 -0.0004757034026141582 -0.7027067995370544
FixedParameters: 0 0 0
#Transform 139
Transform: MatrixOffsetTransformBase_double_3_3
Parameters: 0.9999955360931767 -0.0024782176235658283 0.0015237883854110658 0.002486206765287223 0.9999845879141653 -0.004898363731538485 -0.0015109763762992453 0.004902631399778021 0.9999869180125602 -0.0323214437757855 -0.030538751651192797 -0.5252757732649513
FixedParameters: 0 0 0
#Transform 140
Transform: MatrixOffsetTransformBase_double_3_3
Parameters: 0.9999971550129877 -0.002167052962645797 0.0003853053224441655 0.002169224966341054 0.9999835631277146 -0.005358400707107552 -0.0003739582687777367 0.00535959831279495 0.9999851536466979 0.02345988304948321 -0.02232863465492585 -0.7387682464985232
FixedParameters: 0 0 0
#Transform 141
Transform: MatrixOffsetTransformBase_double_3_3
Parameters: 0.999997644894727 -0.0021145786396505103 0.0009401444538789405 0.0021191520494844305 0.9999852271998252 -0.005019165627675071 -0.000929557979210648 0.005021835745152761 0.9999870064625009 0.014160201367843683 -0.0359742774089824 -0.5778981224470812
FixedParameters: 0 0 0
#Transform 142
Transform: MatrixOffsetTransformBase_double_3_3
Parameters: 0.9999978456314065 -0.0017537336005654938 0.0010382688290692089 0.001759082313520892 0.9999863244017066 -0.004840244692461512 -0.001029937932232656 0.004841750292047531 0.9999876503689148 -0.04179649144951725 -0.003046704563558933 -0.559476918294294
FixedParameters: 0 0 0
#Transform 143
Transform: MatrixOffsetTransformBase_double_3_3
Parameters: 0.9999978612781288 -0.0019909341170097536 0.00041717951980037207 0.0019934945806542813 0.9999837384402391 -0.005317327025160398 -0.0004068842271221984 0.005318669688976707 0.9999855601491182 0.005053205746591516 0.023781941327712275 -0.6849790497051913
FixedParameters: 0 0 0
#Transform 144
Transform: MatrixOffsetTransformBase_double_3_3
Parameters: 0.9999969495211358 -0.001877926822312394 0.0012349136866141362 0.0018831396840136936 0.999989048110091 -0.00438682481658742 -0.0012260126151331175 0.004389176123482025 0.9999893920848976 -0.06615109122570573 0.0010253880773234414 -0.5310038658885787
FixedParameters: 0 0 0
#Transform 145
Transform: MatrixOffsetTransformBase_double_3_3
Parameters: 0.9999970752043694 -0.002015608420923123 0.000928130712845194 0.0020202758008270897 0.9999874790832524 -0.004511276214221274 -0.000918668406284558 0.004513715157429224 0.9999888705904061 0.0012629728639836912 0.02301281792779264 -0.6553894682125332
FixedParameters: 0 0 0
#Transform 146
Transform: MatrixOffsetTransformBase_double_3_3
Parameters: 0.9999977693494079 -0.0020255583356994923 0.0003597796426767872 0.0020267760641305426 0.9999811385325946 -0.005808433438083155 -0.0003480556793479063 0.005809568577095137 0.999983141202454 0.011716823380794494 0.017397613598973294 -0.6298086323210441
FixedParameters: 0 0 0
#Transform 147
Transform: MatrixOffsetTransformBase_double_3_3
Parameters: 0.9999970540155555 -0.001755030598052038 0.0013657657381760514 0.0017616740972072613 0.9999885135116169 -0.004489664594477583 -0.0013575764673519138 0.004491337423286612 0.9999892110613079 -0.050315995089107446 -0.028980360525210358 -0.532710523931371
FixedParameters: 0 0 0
#Transform 148
Transform: MatrixOffsetTransformBase_double_3_3
Parameters: 0.9999976193551067 -0.002191993189125058 0.0007582404085084973 0.002196575076328253 0.9999818023079066 -0.005681568536924336 -0.0007460406261664825 0.00568343203359753 0.9999832348233931 0.04859421365350158 -0.0013135365701231194 -0.7186855544995581
FixedParameters: 0 0 0
#Transform 149
Transform: MatrixOffsetTransformBase_double_3_3
Parameters: 0.9999976405333082 -0.001991777330653817 0.00117957129147837 0.001997198368510073 0.9999884626125334 -0.004288718816662748 -0.001171133245684742 0.004291280254013957 0.9999903695061954 0.008793822591997014 -0.04609488663176364 -0.5424596028205855
FixedParameters: 0 0 0
#Transform 150
Transform: MatrixOffsetTransformBase_double_3_3
Parameters: 0.9999984131238021 -0.0017545249872798956 0.0007128671599216408 0.0017580951583628314 0.9999852190071858 -0.005157897789571375 -0.0007044941090833338 0.005159099311987658 0.999985973485473 0.019777943693640054 -0.03256034651963091 -0.6378914804316764
FixedParameters: 0 0 0
#Transform 151
Transform: MatrixOffsetTransformBase_double_3_3
Parameters: 0.9999970783085923 -0.002105624699141836 0.0006986349511659876 0.0021093221381500815 0.9999824911307523 -0.005474681314016641 -0.0006872971014331012 0.005476314335707111 0.9999846244778516 0.04243222408956626 -0.012160144235167536 -0.5918832764121333
FixedParameters: 0 0 0
#Transform 152
Transform: MatrixOffsetTransformBase_double_3_3
Parameters: 0.9999975681122736 -0.0012036441320189115 0.0017270444633594732 0.0012115681025377878 0.9999895717021772 -0.004450906022152923 -0.0017217501398601885 0.004453093327254493 0.9999883555647118 -0.05899224589906282 -0.016917164039014665 -0.5202524986201809
FixedParameters: 0 0 0
#Transform 153
Transform: MatrixOffsetTransformBase_double_3_3
Parameters: 0.999997682808764 -0.002110012150702735 0.0009298281146771259 0.0021153192331756737 0.9999819382741825 -0.005516180022257941 -0.0009181830799748964 0.005517807712003525 0.9999838694806537 0.04434504532390804 0.012159531482581087 -0.7208612049597889
FixedParameters: 0 0 0
#Transform 154
Transform: MatrixOffsetTransformBase_double_3_3
Parameters: 0.9999967433623921 -0.0021742575543458992 0.0012364621986986279 0.0021803688337121343 0.9999855834215856 -0.004840449111493797 -0.0012259732748654318 0.004842545312165866 0.9999872793755721 0.015933958154931815 -0.020143250106116284 -0.5316889338182449
FixedParameters: 0 0 0
#Transform 155
Transform: MatrixOffsetTransformBase_double_3_3
Parameters: 0.9999984877720817 -0.0017586908161301832 0.0006481178056398083 0.0017617501073710449 0.999984494223565 -0.005226936065977572 -0.0006384642910591301 0.005228062465260738 0.9999863396223944 0.02282652222960735 -0.0073940851868457 -0.663088112044008
FixedParameters: 0 0 0
#Transform 156
Transform: MatrixOffsetTransformBase_double_3_3
Parameters: 0.9999962866674197 -0.0023463487172566268 0.0010980898940845104 0.0023531588249022977 0.9999822438930843 -0.005390570079612633 -0.0010854134202695214 0.00539342425366289 0.9999848949567784 0.020706498666655193 -0.008281682834734738 -0.5670839675858161
FixedParameters: 0 0 0
#Transform 157
Transform: MatrixOffsetTransformBase_double_3_3
Parameters: 0.9999979684918391 -0.001874005654508073 0.0012327469336138987 0.0018793145500174324 0.9999883955191702 -0.004462760516558056 -0.001224591790589285 0.004465245088100617 0.9999897181069529 -0.032344281215500814 -0.0006635813593618423 -0.5357403388938877
FixedParameters: 0 0 0
#Transform 158
Transform: MatrixOffsetTransformBase_double_3_3
Parameters: 0.9999973964485482 -0.0022018907174360643 0.0008690470730753145 0.0022072196955846926 0.9999794305052981 -0.005967239913545211 -0.0008553945226762491 0.0059697537639138015 0.9999817192624321 0.05026065094453713 -0.0012690044094796349 -0.6960695497007521
FixedParameters: 0 0 0
#Transform 159
Transform: MatrixOffsetTransformBase_double_3_3
Parameters: 0.9999951569334308 -0.0022607756767462463 0.002175374401622485 0.0022727163410025705 0.9999838302442257 -0.0052561307581793365 -0.002162751248326799 0.005260870972310455 0.9999840225172963 -0.03944660943029987 -0.04615859900864905 -0.4986724729786971
FixedParameters: 0 0 0
#Transform 160
Transform: MatrixOffsetTransformBase_double_3_3
Parameters: 0.9999976369823438 -0.0019695917643097163 0.0006959614156431861 0.0019729202695346775 0.9999848390892756 -0.005116780099645835 -0.0006855323767518113 0.00511821557843975 0.9999864199026685 0.03478146457116793 -0.010632025010153257 -0.7212488933240024
FixedParameters: 0 0 0
#Transform 161
Transform: MatrixOffsetTransformBase_double_3_3
Parameters: 0.9999968056882121 -0.0022747946120301767 0.0010102884075078448 0.0022793764639806847 0.9999861335873265 -0.00463784695924524 -0.0009988334009107948 0.004640145359070466 0.9999886311965693 0.024912819725074087 -0.029842994162720515 -0.5441863108479765
FixedParameters: 0 0 0
#Transform 162
Transform: MatrixOffsetTransformBase_double_3_3
Parameters: 0.9999972537471747 -0.0014674300333507224 0.0016099913241943565 0.0014748979651562698 0.9999876853929145 -0.0046816182670174206 -0.0016036664237612341 0.004683379851807071 0.9999877164582781 -0.055558346550725446 -0.01205056147067296 -0.5307931103045291
FixedParameters: 0 0 0
#Transform 163
Transform: MatrixOffsetTransformBase_double_3_3
Parameters: 0.9999967518779443 -0.0026433155033283493 0.0005113525142229296 0.0026460421687805975 0.9999794436083423 -0.005875966340807559 -0.0004960716645648647 0.005878032547668138 0.9999822292967857 0.02177305809280483 -0.012318013900440405 -0.7166401626797523
FixedParameters: 0 0 0
#Transform 164
Transform: MatrixOffsetTransformBase_double_3_3
Parameters: 0.9999952318596533 -0.0020165893445715905 0.00216776694265895 0.0020284785716245123 0.9999839213319363 -0.005259602913341391 -0.002157698045331745 0.0052643963787885745 0.9999839327387041 -0.06632580456937376 -0.03291992881628403 -0.47828451535121985
FixedParameters: 0 0 0
#Transform 165
Transform: MatrixOffsetTransformBase_double_3_3
Parameters: 0.9999971145730412 -0.002173915914005664 0.000398713454406313 0.0021765124449224173 0.999981360727969 -0.005728363382837401 -0.00038568303561196287 0.005728632276717965 0.9999831218269786 0.023491981874428802 -0.00047771069596080906 -0.7231745728548162
FixedParameters: 0 0 0
#Transform 166
Transform: MatrixOffsetTransformBase_double_3_3
Parameters: 0.9999962851806271 -0.0023232229119763623 0.0011475812993202578 0.002329748822171839 0.9999824888833722 -0.005469556258027433 -0.0011347131804696358 0.0054724399262553874 0.9999839320877987 0.024909410137254895 -0.016991244851240594 -0.5450612473880057
FixedParameters: 0 0 0
#Transform 167
Transform: MatrixOffsetTransformBase_double_3_3
Parameters: 0.999996630158871 -0.0021907815092566526 0.0016033561725196446 0.002199004977010404 0.9999847869787417 -0.0050145513409126236 -0.0015917788170205578 0.005018448582235796 0.9999865122267951 0.004653766476266696 -0.015250975994106852 -0.5991038394017778
FixedParameters: 0 0 0
#Transform 168
Transform: MatrixOffsetTransformBase_double_3_3
Parameters: 0.9999953117756609 -0.0025571212509550058 0.0014659611484312495 0.002565561934608148 0.9999810320142571 -0.005669473825251278 -0.0014513404829255055 0.005673531243465313 0.9999829472511873 0.045529703910901276 -0.0038305097089619267 -0.6738720833130145
FixedParameters: 0 0 0
#Transform 169
Transform: MatrixOffsetTransformBase_double_3_3
Parameters: 0.999996985919807 -0.0021636238214885234 0.0011546502864708608 0.002169245179127555 0.999985404853357 -0.004972649776143284 -0.0011436925789058397 0.004975352446628847 0.9999870993229965 0.01972960145532454 -0.030734408199720065 -0.5420445316045885
FixedParameters: 0 0 0
#Transform 170
Transform: MatrixOffsetTransformBase_double_3_3
Parameters: 0.9999961551829786 -0.0024719216845090217 0.000855623130129374 0.0024777765171851507 0.9999791865175068 -0.005875038644018504 -0.0008412712445445237 0.005876961675749928 0.9999829131977056 0.04419513450986301 -0.005353634992005141 -0.7254963305852442
FixedParameters: 0 0 0
#Transform 171
Transform: MatrixOffsetTransformBase_double_3_3
Parameters: 0.9999967967613151 -0.002431127075078633 0.0011378437302088141 0.002437018148973132 0.9999802528843036 -0.0057133844165371955 -0.00112353272846004 0.005716612246981334 0.999983220795254 0.01579192718857314 -0.02667654130895869 -0.5045530474297522
FixedParameters: 0 0 0
#Transform 172
Transform: MatrixOffsetTransformBase_double_3_3
Parameters: 0.9999965089542041 -0.0014290000136019424 0.0021087812820874447 0.001441414213053206 0.9999837181892379 -0.005475885144353904 -0.002101283334074588 0.005479110791332079 0.9999827842272776 -0.03895346614952189 -0.000258857693495429 -0.5869827416738076
FixedParameters: 0 0 0
#Transform 173
Transform: MatrixOffsetTransformBase_double_3_3
Parameters: 0.9999970069593437 -0.0023250223979433848 0.0012597758567062843 0.0023333236203793586 0.9999760983477214 -0.006579297869412165 -0.0012445490294703007 0.006582704836555334 0.9999772883826546 0.04649896996681946 0.001835178302286522 -0.6795974828978757
FixedParameters: 0 0 0
#Transform 174
Transform: MatrixOffsetTransformBase_double_3_3
Parameters: 0.9999956563509668 -0.002393120932890412 0.0019016563338083946 0.002404260665232421 0.9999795077042443 -0.005865506983307678 -0.0018877129914967494 0.005870492053572138 0.999981281050896 -0.04908831082742893 -0.026137168119973353 -0.470872644982137
FixedParameters: 0 0 0
#Transform 175
Transform: MatrixOffsetTransformBase_double_3_3
Parameters: 0.9999961147529618 -0.002570831782150311 0.0011285378597415802 0.002578608189841475 0.9999769101855949 -0.00626132104813619 -0.0011128663886522622 0.006263677239619014 0.9999797658420477 0.025816689369250412 0.002746017828684444 -0.7380860589421161
FixedParameters: 0 0 0
#Transform 176
Transform: MatrixOffsetTransformBase_double_3_3
Parameters: 0.9999965489634137 -0.002465125525086556 0.001172531389362206 0.0024720918820443304 0.9999792453721756 -0.006039341665991682 -0.0011572132394610955 0.006042666844955913 0.999981315376329 0.025868361220474867 -0.03663983800946369 -0.5510940839962615
FixedParameters: 0 0 0
#Transform 177
Transform: MatrixOffsetTransformBase_double_3_3
Parameters: 0.9999964723026025 -0.0022100195434027153 0.0016265361341223055 0.0022185020335598583 0.9999815020770293 -0.005686544895714435 -0.0016136328456833882 0.005690454210323215 0.9999822515208788 -0.025312306906101867 -0.005805196044349259 -0.592837273439315
FixedParameters: 0 0 0
#Transform 178
Transform: MatrixOffsetTransformBase_double_3_3
Parameters: 0.9999955030236335 -0.0027443892741351263 0.0014015731620917273 0.002754338722176348 0.999971513496576 -0.006975377115596482 -0.0013825491225021454 0.006979616929126686 0.9999746171399115 0.039054179067818495 -0.008418447474582536 -0.6637751218845978
FixedParameters: 0 0 0
#Transform 179
Transform: MatrixOffsetTransformBase_double_3_3
Parameters: 0.999995171751784 -0.0017798117223536724 0.0023793692638999792 0.0017932219117908765 0.9999817045291942 -0.005725659990331894 -0.0023688970244296424 0.005730337460173401 0.9999808465861212 -0.05573718785916526 -0.03972882316649873 -0.4852258651106496
FixedParameters: 0 0 0
#Transform 180
Transform: MatrixOffsetTransformBase_double_3_3
Parameters: 0.9999973320419309 -0.0021573406318875833 0.0010066223619707086 0.0021638928085912436 0.9999775434222781 -0.006293974996901416 -0.0009930056020217935 0.0062960189017362 0.9999795337106879 0.0410627028963404 -0.0019682927202637757 -0.7350081101254631
FixedParameters: 0 0 0
#Transform 181
Transform: MatrixOffsetTransformBase_double_3_3
Parameters: 0.9999957721886328 -0.0025642868611795737 0.0012858899698790882 0.0025715047925639616 0.9999788816661233 -0.006021929168813153 -0.0012703843001526448 0.006025078614868701 0.999981324563811 0.025014455819686532 -0.0473447135341587 -0.5455417062461407
FixedParameters: 0 0 0
#Transform 182
Transform: MatrixOffsetTransformBase_double_3_3
Parameters: 0.9999960721932848 -0.0022668755412956947 0.0016699809704722576 0.0022764550158085716 0.9999815095688537 -0.005568272773303656 -0.0016570379538329157 0.005571726168191793 0.999983512226441 -0.0558962165500958 -0.022591031303718978 -0.5357799321912466
FixedParameters: 0 0 0
#Transform 183
Transform: MatrixOffsetTransformBase_double_3_3
Parameters: 0.9999964109552686 -0.0023971646869871866 0.0009183095615187698 0.0024028067861766654 0.9999758880482718 -0.006494024810391047 -0.0009027134466928145 0.0064959691818883974 0.9999781518673054 0.028556110132342383 0.0035007547931797944 -0.6995348813977529
FixedParameters: 0 0 0
#Transform 184
Transform: MatrixOffsetTransformBase_double_3_3
Parameters: 0.9999942802654531 -0.0028265045111251696 0.0016531257223103462 0.0028358370375973175 0.9999782178806611 -0.005951546843998873 -0.0016356890829384472 0.005956454526494445 0.9999811613262133 0.0019414582889112353 -0.04151582889132044 -0.5023828723660415
FixedParameters: 0 0 0
#Transform 185
Transform: MatrixOffsetTransformBase_double_3_3
Parameters: 0.9999972917910044 -0.0020824044529586614 0.0006105829020582036 0.0020857529211009518 0.9999796481355497 -0.005992882834678734 -0.0005973420762089408 0.005994112452179512 0.9999817988693553 0.02682196717523766 0.00010838351364839127 -0.6694583228045303
FixedParameters: 0 0 0
#Transform 186
Transform: MatrixOffsetTransformBase_double_3_3
Parameters: 0.9999945380981276 -0.0027898151352046883 0.001636070672129922 0.0028009174980783117 0.999973912365416 -0.006627652730674755 -0.001618272525799802 0.006632346315120621 0.9999767107429659 0.047246793554876376 -0.015395987331118022 -0.6110531989324102
FixedParameters: 0 0 0
#Transform 187
Transform: MatrixOffsetTransformBase_double_3_3
Parameters: 0.9999963573570525 -0.002133307351334966 0.0014467033085430927 0.002140669327595711 0.9999821447520841 -0.005660058094684922 -0.001434869539336708 0.005662950702669381 0.9999831067706595 0.03021279236037344 -0.022577216549336754 -0.5174805999771763
FixedParameters: 0 0 0
#Transform 188
Transform: MatrixOffsetTransformBase_double_3_3
Parameters: 0.9999959049845469 -0.0025101553611225746 0.001340002052140665 0.0025182922980899044 0.9999758155353563 -0.0065268614930864 -0.0013235257408517242 0.006530143410697867 0.9999778457119365 0.04655520835225957 -0.004294187376103764 -0.7485507482500822
FixedParameters: 0 0 0
#Transform 189
Transform: MatrixOffsetTransformBase_double_3_3
Parameters: 0.9999957235553341 -0.0023403566763785465 0.001949192965570772 0.00235157738843509 0.9999803352168712 -0.005723487120110601 -0.0019355398338331048 0.005727507359241352 0.9999818249804991 0.050016386445406624 -0.049535201427175934 -0.528800652853846
FixedParameters: 0 0 0
#Transform 190
Transform: MatrixOffsetTransformBase_double_3_3
Parameters: 0.9999971117679709 -0.0018254830833441536 0.0012470842439566536 0.0018325449885243938 0.9999823293438395 -0.005581788393911907 -0.0012371804628788308 0.0055842051520615665 0.999983442120216 0.03438927272448211 -0.0254503305912408 -0.5991953469320634
FixedParameters: 0 0 0
#Transform 191
Transform: MatrixOffsetTransformBase_double_3_3
Parameters: 0.999995023602331 -0.0028407354408701746 0.0009521517498845049 0.002846885654189346 0.9999737684810326 -0.006699605720161053 -0.0009336101487659182 0.006701404133188038 0.9999774604457266 0.04450132713074595 -0.013802321101678672 -0.6926034819604467
FixedParameters: 0 0 0
#Transform 192
Transform: MatrixOffsetTransformBase_double_3_3
Parameters: 0.9999956437612774 -0.0023325382646572175 0.001707280873303008 0.002342614539975228 0.9999800363103719 -0.00593015607505204 -0.0016938305456283443 0.005933852426045036 0.9999812293865309 0.034685823543938454 -0.03594967017964734 -0.48609675874787683
FixedParameters: 0 0 0
#Transform 193
Transform: MatrixOffsetTransformBase_double_3_3
Parameters: 0.9999966193169267 -0.0022009090728529884 0.0012400777250382625 0.002207491664342543 0.9999799102038908 -0.005920418169714073 -0.001227406658575402 0.005923580477140186 0.9999815682262904 0.04978320569519212 -0.00040696811848306425 -0.7437331881124436
FixedParameters: 0 0 0
#Transform 194
Transform: MatrixOffsetTransformBase_double_3_3
Parameters: 0.9999958486573334 -0.002607379343544846 0.0015340912059171388 0.002616471777473489 0.9999791099450593 -0.005983224485023031 -0.0015181786348084235 0.0059877820067825716 0.9999810854474112 0.018695166837431998 -0.012610912673480357 -0.5517509947185886
FixedParameters: 0 0 0
#Transform 195
Transform: MatrixOffsetTransformBase_double_3_3
Parameters: 0.9999963894922418 -0.0024138525473480867 0.001334818051934808 0.0024226848831791453 0.9999788739337037 -0.006001922576887975 -0.0013202894976040022 0.006005078082568435 0.9999814307435083 0.02311054455672945 -0.029543187561884565 -0.6280855946016004
FixedParameters: 0 0 0
#Transform 196
Transform: MatrixOffsetTransformBase_double_3_3
Parameters: 0.9999955902895374 -0.0026045950971002848 0.001274929420358804 0.0026132182485846143 0.9999741353924969 -0.006692903760690025 -0.001257422792917125 0.0066960956548743344 0.9999768210476943 0.03709927750834652 -0.022431314177651984 -0.6675212822092931
FixedParameters: 0 0 0
#Transform 197
Transform: MatrixOffsetTransformBase_double_3_3
Parameters: 0.9999951187378159 -0.0023423761807293726 0.0018419662974230588 0.002353642288954928 0.9999788072400759 -0.006110820011345108 -0.0018284643978488879 0.006115184226433035 0.9999795730695348 -0.05021589470335641 -0.039593418838634875 -0.4780304532395263
FixedParameters: 0 0 0
#Transform 198
Transform: MatrixOffsetTransformBase_double_3_3
Parameters: 0.9999968736344693 -0.0021137449617748515 0.0012873014504588855 0.0021220953627495453 0.9999795718515135 -0.005974414587013269 -0.001274503471744036 0.005976575015921595 0.9999808878981646 0.029386961246032683 -0.008267442728580932 -0.7356299479555588
FixedParameters: 0 0 0
#Transform 199
Transform: MatrixOffsetTransformBase_double_3_3
Parameters: 0.9999957048992566 -0.00257044670627509 0.0016398178201856794 0.0025815122897124405 0.999972938722064 -0.00686192735578546 -0.0016216538204675492 0.006866074868108474 0.9999755358411285 -0.007081245683679072 -0.030823229683875297 -0.560235971600548
FixedParameters: 0 0 0
#Transform 200
Transform: MatrixOffsetTransformBase_double_3_3
Parameters: 0.9999955040969046 -0.0016746260632561666 0.0025866535906090607 0.001689674830510661 0.9999824222102686 -0.005775558980425297 -0.002577135482746534 0.005779451094964458 0.9999803221007656 -0.06997466245405803 -0.017972951895458777 -0.48760162394503936
FixedParameters: 0 0 0
#Transform 201
Transform: MatrixOffsetTransformBase_double_3_3
Parameters: 0.9999954581472963 -0.002718080024362391 0.0010744023313821703 0.0027255936330335207 0.9999713123090614 -0.007006311904096327 -0.0010547491540886112 0.007009681087790029 0.9999749203437818 0.033711749066455354 0.011091821532829726 -0.7067576002738178
FixedParameters: 0 0 0
#Transform 202
Transform: MatrixOffsetTransformBase_double_3_3
Parameters: 0.9999946995913517 -0.0024131907752881336 0.0021158942636594854 0.0024262680155076547 0.9999780272995722 -0.006221020465291993 -0.0021008307530574833 0.0062259810789794395 0.9999782074282201 -0.0013036514459372484 -0.022551028688965857 -0.48939865140501126
FixedParameters: 0 0 0
#Transform 203
Transform: MatrixOffsetTransformBase_double_3_3
Parameters: 0.9999963136357843 -0.002173308739514177 0.0017213065787117271 0.0021838345103798633 0.9999781899188473 -0.006303394764864398 -0.001708042477772312 0.006306611838430953 0.9999786166826573 0.038741180187770397 -0.007741337975772922 -0.7382179722104212
FixedParameters: 0 0 0
#Transform 204
Transform: MatrixOffsetTransformBase_double_3_3
Parameters: 0.9999952914348116 -0.002802195278527159 0.0013617166682053869 0.0028106044123629736 0.9999793932916528 -0.005784481077069303 -0.0013457401519944327 0.005788514967106265 0.9999819302786032 0.011671882452077398 -0.027041229047298998 -0.5726532473185131
FixedParameters: 0 0 0
#Transform 205
Transform: MatrixOffsetTransformBase_double_3_3
Parameters: 0.999996077261001 -0.002481845179238971 0.0016619393965588778 0.0024920311772599125 0.999979607742032 -0.0058260145304097205 -0.0016473068102886735 0.005830979182314178 0.9999815260026976 -0.012971414185457775 -0.024910456257416058 -0.5498349664600681
FixedParameters: 0 0 0
#Transform 206
Transform: MatrixOffsetTransformBase_double_3_3
Parameters: 0.9999958564107031 -0.002500732004660035 0.00137462248676875 0.0025105729820583495 0.9999722344214413 -0.007015782678956625 -0.0013568046630909303 0.007019211923090976 0.9999741300016325 0.041591897111601384 -0.0049131458676470174 -0.6839996640810426
FixedParameters: 0 0 0
#Transform 207
Transform: MatrixOffsetTransformBase_double_3_3
Parameters: 0.9999951762854239 -0.002535151795750892 0.0015480129504629925 0.0025440987491542684 0.9999797166204608 -0.0058792950478977896 -0.0015334941586313004 0.005883706141119882 0.9999812748226049 0.012221451239184944 -0.01734478451110988 -0.5040940711432143
FixedParameters: 0 0 0
#Transform 208
Transform: MatrixOffsetTransformBase_double_3_3
Parameters: 0.9999953184977952 -0.0024495174958878425 0.0016374085811499007 0.0024599308203649833 0.9999752635592174 -0.006666209722277397 -0.001621869057554553 0.006670795585962466 0.9999761159373004 0.04735127336381595 0.013097092837753621 -0.7292558809465106
FixedParameters: 0 0 0
#Transform 209
Transform: MatrixOffsetTransformBase_double_3_3
Parameters: 0.9999949130263882 -0.0026020064562444533 0.002077936421416357 0.002614285512307914 0.9999778108406645 -0.006161726069162252 -0.002061832610454349 0.0061672804686624255 0.9999790990921094 -0.029226102960521416 -0.02464149916247038 -0.46508411019897267
FixedParameters: 0 0 0
#Transform 210
Transform: MatrixOffsetTransformBase_double_3_3
Parameters: 0.999995613986833 -0.0020095575043348785 0.002312131618056951 0.0020239661622047096 0.9999803994035242 -0.005927320905190464 -0.0023002782525628424 0.005931679365206138 0.9999798958580789 -0.03044288060775102 -0.016299698341441626 -0.6078807379215903
FixedParameters: 0 0 0
#Transform 211
Transform: MatrixOffsetTransformBase_double_3_3
Parameters: 0.9999950799577532 -0.0026127169398670125 0.0014477165441227307 0.002621185425584937 0.9999752884168966 -0.006526441271576325 -0.001430821101903191 0.006530559490782822 0.9999775478128354 0.034926111587154196 0.003606965513654359 -0.6549701961126857
FixedParameters: 0 0 0
#Transform 212
Transform: MatrixOffsetTransformBase_double_3_3
Parameters: 0.9999954817164014 -0.0022533882584231573 0.001854347391025485 0.0022652655876935993 0.9999794609721385 -0.005924874615655246 -0.0018408508273920518 0.005929118825065527 0.9999807613585837 -0.007548599498235831 -0.027840605934073892 -0.4802609100791244
FixedParameters: 0 0 0
#Transform 213
Transform: MatrixOffsetTransformBase_double_3_3
Parameters: 0.9999964020885209 -0.0021684475731567933 0.001376510324179684 0.002177376985135422 0.9999787200938629 -0.006189158243565654 -0.0013630429416735446 0.006191845790007977 0.9999800365284764 0.03914407316582924 -0.0003116194143331086 -0.7575314044403143
FixedParameters: 0 0 0
#Transform 214
Transform: MatrixOffsetTransformBase_double_3_3
Parameters: 0.9999953605414542 -0.0025828435936940484 0.0017228432335996066 0.002594715322185032 0.9999742027610721 -0.006763766837289048 -0.0017050109397180053 0.006768237296764651 0.9999755989720562 -0.008616225167386915 -0.020587666989470677 -0.523889000971522
FixedParameters: 0 0 0
#Transform 215
Transform: MatrixOffsetTransformBase_double_3_3
Parameters: 0.9999967112933784 -0.0011284567655425262 0.002452788279890703 0.0011436819486476135 0.9999799952271534 -0.006283125173710366 -0.002445361664493042 0.006285873150850191 0.9999767252726792 -0.042392063337146624 -0.006068929200466755 -0.6038718294011431
FixedParameters: 0 0 0
#Transform 216
Transform: MatrixOffsetTransformBase_double_3_3
Parameters: 0.999995461403696 -0.0026633508971395914 0.001563515440666962 0.0026746485596090136 0.9999695369931456 -0.007348056527251193 -0.0015444716512967398 0.007351948244975856 0.9999718776585594 0.030723507910849435 0.002188038504755241 -0.6959823903084725
FixedParameters: 0 0 0
#Transform 217
Transform: MatrixOffsetTransformBase_double_3_3
Parameters: 0.9999948834455389 -0.002208850331585229 0.0024972590685120705 0.00222413204951116 0.9999784768402612 -0.006093441512042774 -0.002484143386415601 0.006098550344099313 0.9999780833260548 -0.04935216119558561 -0.03122166426553008 -0.4642304723716535
FixedParameters: 0 0 0
#Transform 218
Transform: MatrixOffsetTransformBase_double_3_3
Parameters: 0.9999965413383363 -0.0021978730182309527 0.0012761755103241742 0.002205129656200606 0.9999797517283272 -0.006018346780488626 -0.0012631048963311147 0.006021660492040309 0.999981307992721 0.021230148344713484 -0.010075182994299325 -0.7568583000761038
FixedParameters: 0 0 0
#Transform 219
Transform: MatrixOffsetTransformBase_double_3_3
Parameters: 0.9999955119565633 -0.002477148028527479 0.0018307910112255155 0.0024895559159805467 0.9999755928372626 -0.0064675903725309875 -0.0018138636917932967 0.006471398612444043 0.9999772092559741 0.03044728246761963 -0.02316150234980796 -0.5832278494547012
FixedParameters: 0 0 0
#Transform 220
Transform: MatrixOffsetTransformBase_double_3_3
Parameters: 0.9999969668916863 -0.0021247975315864536 0.0015867749775483337 0.002134166427320778 0.9999806471551664 -0.0057936912251345535 -0.001574455491233016 0.005797307278765693 0.9999821434224111 0.025292793002549274 0.004644556862473337 -0.5819772388319961
FixedParameters: 0 0 0
#Transform 221
Transform: MatrixOffsetTransformBase_double_3_3
Parameters: 0.9999959800001762 -0.002647836917792033 0.0010037243915103143 0.002654874301825613 0.9999741404960585 -0.006755652396843642 -0.0009864651418530369 0.00675835352217094 0.999976524140983 0.026786533993515604 0.017351437255655355 -0.7207183981294207
FixedParameters: 0 0 0
#Transform 222
Transform: MatrixOffsetTransformBase_double_3_3
Parameters: 0.9999954486088409 -0.002314249299458455 0.002048732599662001 0.00232671699790376 0.9999780358475812 -0.0062583846782823666 -0.002033735521388547 0.006262615243472436 0.9999780240862427 -0.023350875760343115 -0.015836809055940648 -0.5109070890305532
FixedParameters: 0 0 0
#Transform 223
Transform: MatrixOffsetTransformBase_double_3_3
Parameters: 0.9999961662126647 -0.0024226449432478564 0.0014015129212094192 0.0024320691129852113 0.9999749559647966 -0.006699826255552668 -0.0013853309607270606 0.0067031761421322 0.9999763888430597 0.03546332628079085 0.024309173128415296 -0.74040251326862
FixedParameters: 0 0 0
#Transform 224
Transform: MatrixOffsetTransformBase_double_3_3
Parameters: 0.9999956182017811 -0.0022095343401335953 0.00187132864406594 0.002220365010677282 0.9999792307753869 -0.0061259992552874926 -0.001857317738043736 0.006130004024038099 0.9999792817760359 -0.01985657095058002 -0.001740261410674293 -0.5122703578893351
FixedParameters: 0 0 0
#Transform 225
Transform: MatrixOffsetTransformBase_double_3_3
Parameters: 0.99999723887629 -0.001182803792341126 0.002088605761614906 0.0011952248906945202 0.9999815378452944 -0.005990436175915825 -0.002081434203717605 0.005993566495939795 0.9999798921392331 -0.038213903897059254 -0.0014840525019650386 -0.6117435451467088
FixedParameters: 0 0 0
#Transform 226
Transform: MatrixOffsetTransformBase_double_3_3
Parameters: 0.9999952427130266 -0.0025958320918561205 0.001421225869186252 0.002604994341458285 0.9999755051743743 -0.006516534527716139 -0.0014036761587921194 0.006520465673278547 0.9999777547639361 0.024291204802153743 0.03484468613895331 -0.6693079821514232
FixedParameters: 0 0 0
#Transform 227
Transform: MatrixOffsetTransformBase_double_3_3
Parameters: 0.9999955258431933 -0.0020696346382199065 0.002278691893301432 0.0020822674579073397 0.9999812095691604 -0.005843335620145121 -0.0022664083021827703 0.005848666572163083 0.9999799640837764 0.01836872084233221 -0.009711778882717681 -0.497791560297415
FixedParameters: 0 0 0
#Transform 228
Transform: MatrixOffsetTransformBase_double_3_3
Parameters: 0.9999962097047026 -0.0022200746618741105 0.0013646774307911978 0.0022277864905519877 0.9999806231405302 -0.005766113815565313 -0.001351460468258397 0.005769877809154708 0.999982046298423 0.03258824696288798 0.03554511292334439 -0.7003333412066013
FixedParameters: 0 0 0
#Transform 229
Transform: MatrixOffsetTransformBase_double_3_3
Parameters: 0.9999952166765688 -0.002763793567019609 0.001464267449558247 0.00277357841414776 0.9999746314192051 -0.006590182674625397 -0.00144610853186808 0.0065948258334431464 0.9999776619321354 0.015698176156263344 -0.005345309999626124 -0.5715540325203818
FixedParameters: 0 0 0
#Transform 230
Transform: MatrixOffsetTransformBase_double_3_3
Parameters: 0.9999957012739262 -0.002476200100556305 0.0017791325459938366 0.0024870426080875357 0.9999793658543787 -0.005927730927118596 -0.0017649803658843371 0.005932272078630077 0.9999810048198408 -0.0038424905742147075 0.007788217419445687 -0.5134833667877956
FixedParameters: 0 0 0
#Transform 231
Transform: MatrixOffsetTransformBase_double_3_3
Parameters: 0.999995861695092 -0.002607881864454879 0.0015290698716638248 0.002619009331172293 0.9999686113429306 -0.007435230164736226 -0.0015093881793880955 0.007439756273546622 0.9999706158581695 0.049024350112063075 0.02568880073614821 -0.70581821217867
FixedParameters: 0 0 0
#Transform 232
Transform: MatrixOffsetTransformBase_double_3_3
Parameters: 0.9999965963986678 -0.00118416642468715 0.0024501252568593077 0.0011987099100848313 0.999980513669205 -0.006150922111718526 -0.0024423172395249813 0.006154084029291171 0.9999783753226527 -0.01895153397458671 -0.012912585376895436 -0.4865862014240179
FixedParameters: 0 0 0
#Transform 233
Transform: MatrixOffsetTransformBase_double_3_3
Parameters: 0.9999980528357709 -0.0018502202626347944 0.00123465961899337 0.0018568551093695678 0.9999805634361496 -0.005901783650701278 -0.0012242179272976164 0.005904214271164346 0.9999817979004039 0.05119649748463928 0.00944327401421674 -0.7152503521108002
FixedParameters: 0 0 0
#Transform 234
Transform: MatrixOffsetTransformBase_double_3_3
Parameters: 0.9999958046534418 -0.0026042899918293063 0.0015539112150947812 0.002614791923840137 0.9999716195559892 -0.007087172290005744 -0.0015351093375099933 0.007090829704690008 0.9999736757474222 0.0480362358588593 -0.015165173723474368 -0.6018942372266594
FixedParameters: 0 0 0
#Transform 235
Transform: MatrixOffsetTransformBase_double_3_3
Parameters: 0.9999969720272462 -0.0011983652628293458 0.0018953324520619617 0.001209751245795695 0.9999805165918563 -0.00606662873633694 -0.0018878737700097554 0.006068367260960231 0.9999798255769599 -0.0432585727135546 -0.0008551816481201513 -0.5042025641702708
FixedParameters: 0 0 0
#Transform 236
Transform: MatrixOffsetTransformBase_double_3_3
Parameters: 0.999996708814788 -0.002034594248998364 0.0014667501237543956 0.002045017936859397 0.9999731805395402 -0.007029083471797565 -0.001452350979711812 0.007031922159903295 0.9999746709982685 0.05155349760991612 0.00021748045712399744 -0.7496597227020061
FixedParameters: 0 0 0
#Transform 237
Transform: MatrixOffsetTransformBase_double_3_3
Parameters: 0.99999548820464 -0.0021030493401754057 0.002255994041653358 0.0021175665873844718 0.9999759373098288 -0.006578231142892285 -0.0022421258822572605 0.006583768668900647 0.9999759306304868 -0.02956541377375288 -0.028488107494368364 -0.5046216546815003
FixedParameters: 0 0 0
#Transform 238
Transform: MatrixOffsetTransformBase_double_3_3
Parameters: 0.9999968057836707 -0.001842006393501519 0.0019497421731292381 0.0018538783645835283 0.9999799967017138 -0.0061044603799395025 -0.0019383163221152004 0.006107540810352252 0.9999792417736802 0.042702324193356844 0.002652868758502791 -0.6206235021256816
FixedParameters: 0 0 0
#Transform 239
Transform: MatrixOffsetTransformBase_double_3_3
Parameters: 0.9999952425017256 -0.002598084579442328 0.0014168916649747107 0.002608553342719488 0.9999686046489052 -0.007439538346232996 -0.0013974147508988423 0.007443450142129104 0.99997088431839 0.04512280416625458 -0.009685656397579123 -0.6092793533885441
FixedParameters: 0 0 0
#Transform 240
Transform: MatrixOffsetTransformBase_double_3_3
Parameters: 0.9999966722646157 -0.0019671278003988283 0.0015679802370036976 0.00197677705785701 0.9999785115891027 -0.0062729811239786715 -0.001555522523035634 0.006276024795544413 0.9999794210384186 0.037785846812553814 0.00011869028554656325 -0.5109814948705775
FixedParameters: 0 0 0
#Transform 241
Transform: MatrixOffsetTransformBase_double_3_3
Parameters: 0.9999969028148277 -0.0019794802408732827 0.0014764748895958037 0.001989342434006673 0.9999729674568831 -0.007130217847280268 -0.0014623788319059563 0.007132784488398589 0.9999732173086866 0.08029648392667355 0.006102971949161429 -0.7614809027745792
FixedParameters: 0 0 0
#Transform 242
Transform: MatrixOffsetTransformBase_double_3_3
Parameters: 0.9999946198976438 -0.0021505444894859885 0.002399369199927428 0.0021669659449512816 0.9999726917406266 -0.007016805692484682 -0.002383817283946475 0.007022187808083266 0.9999723799725561 0.05699117687152011 -0.03212989352162765 -0.5451867716297869
FixedParameters: 0 0 0
#Transform 243
Transform: MatrixOffsetTransformBase_double_3_3
Parameters: 0.9999970319185423 -0.0019571652963083063 0.001462603069341367 0.001966581291183977 0.9999756780529454 -0.0066501999041981286 -0.0014487925335857404 0.006652795970757783 0.9999768678779027 0.05507783422109469 -0.03402300515838874 -0.7054720449362151
FixedParameters: 0 0 0
#Transform 244
Transform: MatrixOffsetTransformBase_double_3_3
Parameters: 0.9999954954673874 -0.002484705744803912 0.0018249229989156545 0.002498008143524249 0.9999716412597195 -0.00705259260389382 -0.0018068965038348028 0.007056398057392832 0.9999733208585395 0.06264353063740202 -0.016296772347232036 -0.6143533068816822
FixedParameters: 0 0 0
#Transform 245
Transform: MatrixOffsetTransformBase_double_3_3
Parameters: 0.9999964236185747 -0.0018002912819397514 0.0018266014683577093 0.0018118695522526648 0.9999780404136802 -0.006437771074823698 -0.0018144821317343106 0.006441231450912854 0.9999774478721145 0.02121374647370544 -0.015909708687388502 -0.5588685459339615
FixedParameters: 0 0 0
#Transform 246
Transform: MatrixOffsetTransformBase_double_3_3
Parameters: 0.9999954286122614 -0.0023484360322761984 0.001748247449278422 0.002362045196264274 0.9999668772249612 -0.007761026586240255 -0.001729726133775516 0.0077649641120404456 0.9999680210473753 0.04931982778934696 -0.0027932662348604254 -0.6716573465315605
FixedParameters: 0 0 0
#Transform 247
Transform: MatrixOffsetTransformBase_double_3_3
Parameters: 0.9999953591364324 -0.0016247479845140787 0.002449576903198322 0.0016409015210787023 0.99997716352487 -0.006545910214177636 -0.002439034703607423 0.006550087084784689 0.9999754419167265 -0.027746580507297836 -0.01511642050937212 -0.4795802707746759
FixedParameters: 0 0 0
#Transform 248
Transform: MatrixOffsetTransformBase_double_3_3
Parameters: 0.9999972907468733 -0.0022097765719421786 0.0009087319843222747 0.0022166472112942056 0.9999714595357405 -0.00724815453462678 -0.0008922222184304815 0.007250852673034935 0.9999737191277086 0.04190754901684102 0.005678412473088201 -0.7354960963783981
FixedParameters: 0 0 0
#Transform 249
Transform: MatrixOffsetTransformBase_double_3_3
Parameters: 0.9999953422893756 -0.0021654347836141054 0.001991938564522072 0.0021802826585279986 0.9999712385346066 -0.007327815344396207 -0.001976061397483002 0.00733218330061064 0.9999706442890527 -0.03271306755979708 -0.020825636315947804 -0.5046907725476757
FixedParameters: 0 0 0
#Transform 250
Transform: MatrixOffsetTransformBase_double_3_3
Parameters: 0.9999966882042484 -0.0018935286911937414 0.0019302684007307062 0.0019066683097535245 0.9999749586152681 -0.006795328527674893 -0.0019174970719884601 0.0067996734973675005 0.9999753163264719 -0.05009767749734806 -0.009869832638074172 -0.5445247494959204
FixedParameters: 0 0 0
#Transform 251
Transform: MatrixOffsetTransformBase_double_3_3
Parameters: 0.9999956015411051 -0.002602631849654389 0.0012743363796550572 0.0026124191887920392 0.99996748953794 -0.0076449129642254116 -0.0012547998979823601 0.007648092995220165 0.9999701720782244 0.031940501728726645 -0.009681675911267007 -0.6739405739677693
FixedParameters: 0 0 0
#Transform 252
Transform: MatrixOffsetTransformBase_double_3_3
Parameters: 0.9999960986742078 -0.0016674197607286752 0.00226302506368402 0.0016835571962840966 0.9999747428937399 -0.0068651191956348445 -0.002250930102860244 0.006868876906448412 0.9999740431311787 -0.09122579535878117 -0.003647729257437504 -0.4430215418235406
FixedParameters: 0 0 0
#Transform 253
Transform: MatrixOffsetTransformBase_double_3_3
Parameters: 0.9999966972754482 -0.0025474677003557568 0.0009016113338920215 0.0025540915985017417 0.9999699777706118 -0.00730293691903372 -0.0008829206188084764 0.007305062825317954 0.9999730210567438 0.00008226630350804953 0.003642558398098572 -0.7296597746333902
FixedParameters: 0 0 0
#Transform 254
Transform: MatrixOffsetTransformBase_double_3_3
Parameters: 0.9999955999015033 -0.0025623913414685646 0.0013541416121865457 0.0025724015400321754 0.9999710740494633 -0.0072157594457366026 -0.0013354273704041576 0.0072192498767895685 0.9999733395968325 0.014234964911935322 -0.005775580566265148 -0.5646485002844202
FixedParameters: 0 0 0
