#Insight Transform File V1.0
#Transform 0
Transform: MatrixOffsetTransformBase_double_3_3
Parameters: 0.9999991402508391 -0.0009258833678965103 0.000050095878115535825 0.0009259706892396139 0.9999984013115071 -0.0016540288164142575 -0.00004803009759865351 0.0016539701407787127 0.9999982675041308 0.022864266773680697 -0.10285170677295241 -0.1279169409392722
FixedParameters: 0 0 0
#Transform 1
Transform: MatrixOffsetTransformBase_double_3_3
Parameters: 0.9999993060326418 -0.0008048423466178871 0.00021611300420333162 0.00080430629855097 0.9999983504278899 -0.001414826174787609 -0.00021575545220996035 0.0014151736469866782 0.999998951152306 -0.03863896910527842 -0.125398155017578 -0.08325594273215131
FixedParameters: 0 0 0
#Transform 2
Transform: MatrixOffsetTransformBase_double_3_3
Parameters: 0.999999704493591 -0.00015478985140865182 0.0005212870207078707 0.00015494216843926233 0.999999759401753 -0.0011029200940196743 -0.0005208704081430575 0.001103081490251706 0.9999995118713618 -0.034243979998478835 -0.07568860082832884 -0.039828705454056035
FixedParameters: 0 0 0
#Transform 3
Transform: MatrixOffsetTransformBase_double_3_3
Parameters: 0.9999998569335937 -0.0003758695645559017 0.00004212972464205111 0.00037597793797251503 0.9999970494214536 -0.0021929823840786677 -0.00004147810834909667 0.0021930138170520447 0.999997189010948 0.03190491066131074 -0.06288334958834696 -0.20872434656043026
FixedParameters: 0 0 0
#Transform 4
Transform: MatrixOffsetTransformBase_double_3_3
Parameters: 0.9999993393948036 -0.0006392205223311856 0.0005017707051266779 0.0006401972116625881 0.9999980992111338 -0.0021177546227550276 -0.0005009802901079783 0.002118246559518158 0.9999972683219581 -0.04446974413841076 -0.09337502027631217 -0.0708332629561852
FixedParameters: 0 0 0
#Transform 5
Transform: MatrixOffsetTransformBase_double_3_3
Parameters: 0.999999852535294 -0.000018650943988338886 0.0003835583057289788 0.000019944962749132773 0.9999981536525413 -0.0016869909217297058 -0.0003834931946912278 0.001687005726423857 0.999998006946568 -0.014412054461431012 -0.08207808445926901 -0.2454994533909911
FixedParameters: 0 0 0
#Transform 6
Transform: MatrixOffsetTransformBase_double_3_3
Parameters: 0.9999993401240701 -0.0007539577747278951 0.00030283349923745353 0.000753942751114188 0.9999979271620819 -0.001871772607334496 -0.00030193010125237465 0.0018722285716630538 0.9999984041844439 0.0160265616688946 -0.06978917338777535 -0.21069417147344893
FixedParameters: 0 0 0
#Transform 7
Transform: MatrixOffsetTransformBase_double_3_3
Parameters: 0.9999990898275275 -0.000804976784224436 0.0005124224092160959 0.0008058778439256992 0.9999975535362471 -0.0019295819613915771 -0.0005102364703670075 0.0019294168862967892 0.9999980903444129 -0.06892373349265313 -0.14739556840559942 -0.07844424354014734
FixedParameters: 0 0 0
#Transform 8
Transform: MatrixOffsetTransformBase_double_3_3
Parameters: 0.9999991679498512 -0.0013168346601175518 -0.000314293578204767 0.0013150698007178714 0.9999921357463314 -0.0037684967136978192 0.0003191510376257477 0.0037685023523211097 0.9999926289088281 0.0018807338018973496 -0.0787465188547003 -0.49265772328865864
FixedParameters: 0 0 0
#Transform 9
Transform: MatrixOffsetTransformBase_double_3_3
Parameters: 0.9999998625503321 -0.0010514361784586235 0.00017814625081391717 0.0010518904590931593 0.9999979116934902 -0.001703881921564121 -0.0001765576069149602 0.0017031166613244025 0.999998147029318 0.0012351217545045756 -0.16129055698380057 -0.12976142031570248
FixedParameters: 0 0 0
#Transform 10
Transform: MatrixOffsetTransformBase_double_3_3
Parameters: 0.9999991220930327 -0.00034519140564712246 0.0008710494747781102 0.00034616139971448666 0.9999988354706876 -0.00174470014135647 -0.0008706902923410879 0.0017453022225951825 0.9999981965622842 -0.039440698776758154 -0.1054668584996108 -0.18466002251211933
FixedParameters: 0 0 0
#Transform 11
Transform: MatrixOffsetTransformBase_double_3_3
Parameters: 0.999999827935739 -0.0010801021424282217 0.0000662909546657402 0.0010812048601032125 0.9999979888701623 -0.0019590053693804704 -0.00006412630316876076 0.0019589967734175845 0.9999981636898462 0.013123755023826789 -0.0753472967525397 -0.1866162956596753
FixedParameters: 0 0 0
#Transform 12
Transform: MatrixOffsetTransformBase_double_3_3
Parameters: 0.999999451159367 -0.00011114238783360169 0.0007326802176178299 0.00011165288063625837 0.9999980691031655 -0.0017098435551320679 -0.000732149280167671 0.0017101562714054858 0.9999985338516557 -0.033616378912824985 -0.11646579859333883 -0.0580683635114525
FixedParameters: 0 0 0
#Transform 13
Transform: MatrixOffsetTransformBase_double_3_3
Parameters: 0.9999993991060155 -0.0007663018049389612 0.00011644587685564537 0.0007666497676181435 0.9999977843771658 -0.002149986304696719 -0.00011514440072518217 0.0021500142806809563 0.9999973697156795 -0.03265578737244823 -0.05763672537803188 -0.19367988820685866
FixedParameters: 0 0 0
#Transform 14
Transform: MatrixOffsetTransformBase_double_3_3
Parameters: 0.9999991057317554 -0.0008989720883669002 0.00029425486656917024 0.0008991160618179076 0.9999972647120863 -0.002201804912738803 -0.0002922157651012341 0.0022011938871802084 0.9999971478042392 0.006086381454053935 -0.06295753592169717 -0.15586316193574135
FixedParameters: 0 0 0
#Transform 15
Transform: MatrixOffsetTransformBase_double_3_3
Parameters: 0.9999996239588493 -0.00045058001207674803 0.0004165328075332052 0.00045058028903259616 0.9999993593702108 -0.0011988129920167956 -0.00041537733861811806 0.0011991878358676433 0.999999389384395 -0.055618954692405964 -0.07413029653804415 -0.038784102991073155
FixedParameters: 0 0 0
#Transform 16
Transform: MatrixOffsetTransformBase_double_3_3
Parameters: 0.9999991376309847 -0.0008960614122289488 0.00024308977399869233 0.000896561423326305 0.9999984063744721 -0.0013377823347075213 -0.00024268561667483365 0.0013382177428991893 0.9999991507659657 0.01522844086871089 -0.053417589421471234 -0.3368961056079769
FixedParameters: 0 0 0
#Transform 17
Transform: MatrixOffsetTransformBase_double_3_3
Parameters: 0.9999991498556069 -0.0008845234420124375 0.00026166938436887616 0.0008843827427729321 0.9999979478059274 -0.0017877644000304227 -0.0002594296693194769 0.0017872365330094536 0.9999988117293558 -0.005995025498748419 -0.10232559890577875 -0.12840594286724638
FixedParameters: 0 0 0
#Transform 18
Transform: MatrixOffsetTransformBase_double_3_3
Parameters: 0.9999997751231766 -0.00012832548453775276 0.00045620908666247587 0.00012895535291172265 0.9999984323114876 -0.001864936522977645 -0.0004566515947943087 0.0018640651990953633 0.9999983900820504 -0.029617378890279156 -0.1228098846130905 -0.1265132684176251
FixedParameters: 0 0 0
#Transform 19
Transform: MatrixOffsetTransformBase_double_3_3
Parameters: 0.9999994479489381 -0.0007407435837287848 0.000057862704220391524 0.0007408471986666173 0.9999980144940126 -0.0015609564498477863 -0.00005654712739870644 0.0015610412062056767 0.999998560013159 0.032156775715080244 -0.06589582010683159 -0.31239073647246585
FixedParameters: 0 0 0
#Transform 20
Transform: MatrixOffsetTransformBase_double_3_3
Parameters: 0.9999990574600226 -0.0009640802308064515 0.00011423071855412996 0.000964383962100138 0.9999982623486682 -0.0016739649352387337 -0.00011199965555616542 0.0016740335411092183 0.9999981905566149 -0.06362104483933706 -0.15293708359395453 -0.0683148002146936
FixedParameters: 0 0 0
#Transform 21
Transform: MatrixOffsetTransformBase_double_3_3
Parameters: 0.9999993882759427 -0.0007088565120363412 0.0003301071185676605 0.0007097083941261366 0.9999985200753955 -0.0014057657517450306 -0.000329109802998331 0.0014062333252227721 0.9999989145272795 0.009293899100143221 -0.08606025792425953 -0.3292281540615676
FixedParameters: 0 0 0
#Transform 22
Transform: MatrixOffsetTransformBase_double_3_3
Parameters: 0.9999989646856604 -0.001285364790493354 0.000619224515664915 0.0012861777909605355 0.9999977525822673 -0.001585273482344371 -0.0006170667283334168 0.0015857247823772291 0.9999981844801467 0.012678355339133418 -0.09930352020208488 -0.25028198934290913
FixedParameters: 0 0 0
#Transform 23
Transform: MatrixOffsetTransformBase_double_3_3
Parameters: 0.9999997527020369 -0.0010105066340734081 0.0004758381634601091 0.0010109368924721138 0.9999982172103999 -0.0016595941298686578 -0.0004744019613704452 0.0016604050255031866 0.9999980242876834 -0.038053602412261966 -0.14194877192673516 -0.08074765697671182
FixedParameters: 0 0 0
#Transform 24
Transform: MatrixOffsetTransformBase_double_3_3
Parameters: 0.9999997835577202 -0.0003723655460984206 -0.0002794511312324387 0.0003716267239922279 0.9999994502687908 -0.001188104550104957 0.0002793378076445515 0.001187896684273243 0.9999995105984238 0.031860248845063666 -0.05572441535801431 -0.34021708525426675
FixedParameters: 0 0 0
#Transform 25
Transform: MatrixOffsetTransformBase_double_3_3
Parameters: 0.9999996686398385 -0.0010066197517793775 0.0005640490561853808 0.0010076095682196558 0.9999973104337255 -0.001897426793810969 -0.0005621464480481101 0.0018975722487454272 0.9999981571866876 -0.00745560432140735 -0.08946790394674053 -0.1581175959547494
FixedParameters: 0 0 0
#Transform 26
Transform: MatrixOffsetTransformBase_double_3_3
Parameters: 0.9999993126704674 -0.0008129511715076109 0.00016198664606136026 0.0008134197987982415 0.9999976676604356 -0.0019158688658064832 -0.00016086488942448134 0.0019161314068465995 0.9999983028894506 -0.0053245194500561865 -0.08883724673832205 -0.089871779041232
FixedParameters: 0 0 0
#Transform 27
Transform: MatrixOffsetTransformBase_double_3_3
Parameters: 0.9999997019037641 -0.00031880659114492894 -0.0004429154590551225 0.0003184710428053956 0.999998639453367 -0.001503140665551267 0.0004437983084701488 0.0015028581257869739 0.9999985444313977 0.020131997068276064 -0.04853970759373283 -0.3028211357848818
FixedParameters: 0 0 0
#Transform 28
Transform: MatrixOffsetTransformBase_double_3_3
Parameters: 0.9999995912350104 -0.00028587407301701884 0.0005716827152540928 0.00028702595710967363 0.9999980581965113 -0.0019458307075588266 -0.000571490345999973 0.001945169415601633 0.9999979630901216 -0.031159629639375908 -0.12070810550106614 -0.08250767298039818
FixedParameters: 0 0 0
#Transform 29
Transform: MatrixOffsetTransformBase_double_3_3
Parameters: 0.9999991091878769 -0.0008959283594209143 0.0002964742280538774 0.0008967985184603095 0.999998634100339 -0.0015988095974813904 -0.00029460484412695216 0.0015991898870434812 0.9999983614819621 0.005495709820749539 -0.0699324744288532 -0.27337505344860347
FixedParameters: 0 0 0
#Transform 30
Transform: MatrixOffsetTransformBase_double_3_3
Parameters: 0.9999997954379879 -0.0010786847453292227 0.0002021940358130994 0.0010792532582965398 0.9999982669940081 -0.0016008572473883848 -0.0001997363641914009 0.0016011413852286271 0.9999984020392886 0.02324374863474077 -0.0726842712174971 -0.2653686962615325
FixedParameters: 0 0 0
#Transform 31
Transform: MatrixOffsetTransformBase_double_3_3
Parameters: 0.9999995060649834 -0.00026907362902171925 0.0006495010873376833 0.0002701144346094548 0.9999984624124337 -0.0015698238294109684 -0.0006485795839994116 0.001570173786843529 0.9999981138528689 -0.043232766510385545 -0.15196679889112374 -0.06388605243921575
FixedParameters: 0 0 0
#Transform 32
Transform: MatrixOffsetTransformBase_double_3_3
Parameters: 0.9999992304881103 -0.0008717601399648411 0.00010191666655800137 0.0008709800091733635 0.9999981555708377 -0.0014439111087049122 -0.00010032235758010784 0.0014440873350717587 0.99999890464458 -0.00937214877539816 -0.09289239404542116 -0.25887861016100544
FixedParameters: 0 0 0
#Transform 33
Transform: MatrixOffsetTransformBase_double_3_3
Parameters: 0.9999992135382797 -0.0008861457639673135 0.00001924869238938926 0.0008871393668686931 0.9999972934521885 -0.0019799830800664026 -0.00001680974967374978 0.0019800150547477496 0.9999980792805299 -0.030220558000010556 -0.10855518792756413 -0.12250332564970279
FixedParameters: 0 0 0
#Transform 34
Transform: MatrixOffsetTransformBase_double_3_3
Parameters: 0.9999993912895648 -0.0007671849190757144 0.00014431922302516576 0.0007666267220801236 0.9999982005787614 -0.0017918907732396294 -0.00014249283804295678 0.0017921107329608443 0.9999987681740417 0.001932158286365393 -0.09355593663931927 -0.24879886289807018
FixedParameters: 0 0 0
#Transform 35
Transform: MatrixOffsetTransformBase_double_3_3
Parameters: 0.9999991697371071 -0.0009097935125054081 0.000050562766259317805 0.0009098504569151122 0.9999984218875708 -0.0013229543248857584 -0.0000491525640048734 0.0013230450498679935 0.9999992471900326 0.0062669461090933964 -0.08001497435785154 -0.25711909879976247
FixedParameters: 0 0 0
#Transform 36
Transform: MatrixOffsetTransformBase_double_3_3
Parameters: 0.9999996671417368 -0.00007816237240347354 0.0005717256953768738 0.00007957701471992661 0.9999975416683878 -0.002109953548492416 -0.0005713178864421035 0.0021100437029666214 0.9999972212686736 -0.02385535088569668 -0.10088884533479359 -0.11599064891365174
FixedParameters: 0 0 0
#Transform 37
Transform: MatrixOffsetTransformBase_double_3_3
Parameters: 0.9999998526926615 -0.0010335619437506422 0.00028081391330483636 0.0010343000953286462 0.9999988141476593 -0.0014527856123311839 -0.0002788064972687777 0.001453214688415333 0.9999988161231248 0.013504125353449581 -0.055380399863992125 -0.3196915482480449
FixedParameters: 0 0 0
#Transform 38
Transform: MatrixOffsetTransformBase_double_3_3
Parameters: 0.9999998314048584 -0.00031017360693402427 0.0002696614606106001 0.00031023042881185234 0.9999980660812332 -0.00195891665953625 -0.00026837110927234784 0.001959083560858388 0.9999980899535054 -0.033657381595176616 -0.12876563759719772 -0.06254609856618742
FixedParameters: 0 0 0
#Transform 39
Transform: MatrixOffsetTransformBase_double_3_3
Parameters: 0.9999993155927788 -0.0007787204947867871 0.00027992706527303407 0.0007787994974263933 0.999997565479173 -0.002195857149052821 -0.0002784261420134959 0.0021961424399501855 0.9999971052693917 0.008047203237296685 -0.060532623006665176 -0.24688993031755047
FixedParameters: 0 0 0
#Transform 40
Transform: MatrixOffsetTransformBase_double_3_3
Parameters: 0.9999982926415529 -0.0019013956775655195 -0.0003039074901169707 0.0018996187765553411 0.9999853318331556 -0.005012667091654488 0.0003138355869037193 0.005012332284576093 0.9999877101370116 -0.014496655539758763 0.021447619160696263 -0.4549125608736091
FixedParameters: 0 0 0
#Transform 41
Transform: MatrixOffsetTransformBase_double_3_3
Parameters: 0.9999988066300943 -0.0017628157313108372 0.0002924636701993377 0.0017634724751783581 0.9999979590730964 -0.0013856366640285778 -0.0002895706073333441 0.0013863638069489814 0.9999990055595177 -0.0010636174553724231 -0.1661372200248934 -0.24470435699753068
FixedParameters: 0 0 0
#Transform 42
Transform: MatrixOffsetTransformBase_double_3_3
Parameters: 0.999998322060599 -0.00146884521084465 0.0007211984693811772 0.0014704998161066084 0.9999967656528764 -0.0019980106316537377 -0.0007182407614902984 0.0019989878515729864 0.9999975683928736 -0.043542907939666975 -0.18728320124868958 -0.06408497375197442
FixedParameters: 0 0 0
#Transform 43
Transform: MatrixOffsetTransformBase_double_3_3
Parameters: 0.9999997807199551 -0.0009231254969685294 0.0006058200860822421 0.0009243564722463263 0.9999972087326608 -0.0019654346520718013 -0.0006041082526783919 0.001965563559725547 0.9999978456006203 0.028915464323787887 -0.11188975502302867 -0.31099061260653116
FixedParameters: 0 0 0
#Transform 44
Transform: MatrixOffsetTransformBase_double_3_3
Parameters: 0.999998997632558 -0.0012069204102749522 0.000738700900881078 0.001208265691896702 0.9999976125282402 -0.0016891037653125468 -0.0007365398352555814 0.0016898965036283853 0.9999986762766309 0.0186356355659143 -0.10793196649451886 -0.1443815187107731
FixedParameters: 0 0 0
#Transform 45
Transform: MatrixOffsetTransformBase_double_3_3
Parameters: 0.9999994930419207 -0.001106302219606088 0.0005318438746745556 0.0011073065088486687 0.9999972992666241 -0.0020964814981165314 -0.0005301196211014555 0.0020965185956405147 0.9999974031377983 0.0070251266297276516 -0.07507081468916965 -0.10570979776508693
FixedParameters: 0 0 0
#Transform 46
Transform: MatrixOffsetTransformBase_double_3_3
Parameters: 0.9999992062147026 -0.0013385633386632525 -0.000041384676736586144 0.0013386122369295813 0.9999873953019708 -0.0047831363489273665 0.0000471357343778053 0.004783857083798901 0.9999880469179575 0.017177735066866262 -0.031094104839709757 -0.4298858089589288
FixedParameters: 0 0 0
#Transform 47
Transform: MatrixOffsetTransformBase_double_3_3
Parameters: 0.9999995092318381 -0.0011233449190562253 0.0004783791086530406 0.0011244377455692592 0.9999968457459284 -0.002425539562242257 -0.0004758425605925523 0.0024264624731663853 0.9999968925074545 0.01522173392179127 -0.08003610422937868 -0.12883842262498035
FixedParameters: 0 0 0
#Transform 48
Transform: MatrixOffsetTransformBase_double_3_3
Parameters: 0.9999990331562412 -0.0008891836764805226 0.0004200142382456367 0.000890008624867116 0.9999966672821213 -0.0023536272615823084 -0.0004177454064171425 0.0023543725339599947 0.9999972832244525 0.010050712770123482 -0.06562963127309729 -0.12907007138997528
FixedParameters: 0 0 0
#Transform 49
Transform: MatrixOffsetTransformBase_double_3_3
Parameters: 0.999998959312575 -0.0014167612116235489 0.00018559077861919984 0.0014168104674972255 0.9999902261670751 -0.004093812796718638 -0.0001798982225404661 0.004094181086820442 0.9999912113412858 0.024347077638154246 -0.05979225604821181 -0.42379454453140397
FixedParameters: 0 0 0
#Transform 50
Transform: MatrixOffsetTransformBase_double_3_3
Parameters: 0.9999991081119463 -0.0013613131916965376 0.0010192384518367072 0.0013637735007462433 0.9999967753620844 -0.002298683071166832 -0.0010158137075699815 0.002300317633857407 0.9999967573259659 -0.04334665698515039 -0.13813004512114446 -0.09272955577522168
FixedParameters: 0 0 0
#Transform 51
Transform: MatrixOffsetTransformBase_double_3_3
Parameters: 0.9999982285335047 -0.0012622133154575295 0.0010853585108883909 0.0012643039891421031 0.9999973736150012 -0.0019866990062340772 -0.0010831786532613087 0.0019883001462874667 0.9999969545945442 0.019942520501572858 -0.1077676624552737 -0.2559987229113858
FixedParameters: 0 0 0
#Transform 52
Transform: MatrixOffsetTransformBase_double_3_3
Parameters: 0.9999990766792805 -0.001203159367827792 0.0006902480769911713 0.001204342910437151 0.9999963671984772 -0.002470240063764395 -0.0006871419344920139 0.0024707598122982316 0.9999965027162248 0.0413262370040286 -0.1050267511496088 -0.19797655153757887
FixedParameters: 0 0 0
#Transform 53
Transform: MatrixOffsetTransformBase_double_3_3
Parameters: 0.999999576884012 -0.0010824304696402127 0.0005013237141473297 0.0010836729136734157 0.99999675005692 -0.002463533783325089 -0.000498903008495775 0.002464467550155558 0.9999966842092124 0.0059220205366870005 -0.16973594499293654 -0.10793331662789285
FixedParameters: 0 0 0
#Transform 54
Transform: MatrixOffsetTransformBase_double_3_3
Parameters: 0.9999994984907787 -0.0012209557411927312 -0.00010270615410058886 0.0012207012091357105 0.9999901622483038 -0.004165128089437559 0.0001078147944012305 0.0041648710839381625 0.9999916416326545 0.037156635162943985 -0.11453336876965636 -0.47272686745573367
FixedParameters: 0 0 0
#Transform 55
Transform: MatrixOffsetTransformBase_double_3_3
Parameters: 0.9999981081259398 -0.001606816226191841 0.0005567091335077743 0.001607993694844771 0.9999964421586772 -0.0022281841082735926 -0.0005534570739574475 0.002229819067396388 0.9999977290589166 -0.014723877929128548 -0.13592768909069264 -0.11203673007284465
FixedParameters: 0 0 0
#Transform 56
Transform: MatrixOffsetTransformBase_double_3_3
Parameters: 0.9999988589725611 -0.001014121368959058 0.001054957142434331 0.001016599581920415 0.999995590740182 -0.0027019237888517705 -0.0010522357301605272 0.002703074601357519 0.9999956611898148 0.016734830493248865 -0.10040135779229331 -0.22806355896041453
FixedParameters: 0 0 0
#Transform 57
Transform: MatrixOffsetTransformBase_double_3_3
Parameters: 0.9999996133893139 -0.001120259998270213 0.0003636187973167655 0.001120757216011551 0.999996586998759 -0.0022705943834533254 -0.0003604488334084455 0.0022714057114290864 0.9999977114916211 0.019258667417560105 -0.061740994962875106 -0.18876435993588814
FixedParameters: 0 0 0
#Transform 58
Transform: MatrixOffsetTransformBase_double_3_3
Parameters: 0.9999988889787113 -0.0010540217118761891 0.0010002393396180136 0.0010561218061420745 0.9999972985355671 -0.002123941159890272 -0.00099760074842999 0.0021250602744846553 0.9999975634247603 -0.037358237833558405 -0.0913269179445706 -0.07249553583575619
FixedParameters: 0 0 0
#Transform 59
Transform: MatrixOffsetTransformBase_double_3_3
Parameters: 0.9999990465015182 -0.001329804212978442 0.00043075742957269137 0.0013315858771767732 0.9999868427080779 -0.005030504073715442 -0.0004241995597420275 0.005030503480359327 0.9999875915504418 0.021413528917747726 -0.04639015815880043 -0.39933739386729883
FixedParameters: 0 0 0
#Transform 60
Transform: MatrixOffsetTransformBase_double_3_3
Parameters: 0.9999994525200673 -0.0011156520906098232 0.000551103331789053 0.0011161967745305632 0.9999964288701898 -0.00251346133503573 -0.000548334056847794 0.002514538693230206 0.9999963832331382 -0.008021667770364616 -0.12274491703026058 -0.1506440450332036
FixedParameters: 0 0 0
#Transform 61
Transform: MatrixOffsetTransformBase_double_3_3
Parameters: 0.9999994573734308 -0.0011150045371241832 0.0005469588462472324 0.001116448127542037 0.9999967089348252 -0.002442461019390163 -0.0005444250962144941 0.002442540417860614 0.9999968168003871 -0.045284689123548105 -0.09937315653428413 -0.1297063357581294
FixedParameters: 0 0 0
#Transform 62
Transform: MatrixOffsetTransformBase_double_3_3
Parameters: 0.999999991078039 -0.0009460713742621705 0.00033705635891009535 0.0009468101727402196 0.9999985665859924 -0.001209675898935586 -0.0003357641069347886 0.0012093239287524205 0.9999994987100728 0.021311791111287448 -0.061629331823993994 -0.36756249420605513
FixedParameters: 0 0 0
#Transform 63
Transform: MatrixOffsetTransformBase_double_3_3
Parameters: 0.9999997986190919 -0.0007052669280605517 0.0008390161238308288 0.0007069997706465357 0.9999970789324585 -0.002312402701255309 -0.0008375946694898531 0.002312597859407947 0.9999970243552475 -0.045289430906635175 -0.17243245547179242 -0.07386201445972063
FixedParameters: 0 0 0
#Transform 64
Transform: MatrixOffsetTransformBase_double_3_3
Parameters: 0.9999994758736636 -0.0011026747096739957 0.0005543436343438112 0.0011045658993782748 0.9999973050622415 -0.0018443831706004138 -0.0005522667498343642 0.0018446156962454024 0.9999983664448437 0.022303890576495178 -0.09348568883294206 -0.2764428372081511
FixedParameters: 0 0 0
#Transform 65
Transform: MatrixOffsetTransformBase_double_3_3
Parameters: 0.9999989744423834 -0.0009833056498070687 0.0002415271623771463 0.0009841765860144015 0.9999975194862109 -0.00212283810709904 -0.0002393445657496301 0.0021231616290858235 0.9999974406861477 0.028529959639115532 -0.05260522320668315 -0.30111348522024173
FixedParameters: 0 0 0
#Transform 66
Transform: MatrixOffsetTransformBase_double_3_3
Parameters: 0.9999993498236217 -0.0011632969404372097 0.0005447519602340768 0.0011647843011906125 0.9999963470534393 -0.002493436576820454 -0.0005418634615770251 0.0024935631548095444 0.9999965676620386 0.015093585616185123 -0.17674531881095845 -0.12643753053274054
FixedParameters: 0 0 0
#Transform 67
Transform: MatrixOffsetTransformBase_double_3_3
Parameters: 0.9999984587153729 -0.0013265916201887352 0.0008842374906820954 0.0013285404829476047 0.9999965804709353 -0.002360897759210001 -0.0008808089864243242 0.0023621026915774113 0.9999967248562368 0.018729217369298112 -0.1132090903086862 -0.07318138356687598
FixedParameters: 0 0 0
#Transform 68
Transform: MatrixOffsetTransformBase_double_3_3
Parameters: 0.9999989701469885 -0.0008503159069155887 0.0011430376012200546 0.0008532161546970998 0.999997322235922 -0.0022080215972890282 -0.0011411197613826656 0.002208978415015911 0.9999968929497096 -0.0420999124381467 -0.09619402007828626 -0.07252254679660552
FixedParameters: 0 0 0
#Transform 69
Transform: MatrixOffsetTransformBase_double_3_3
Parameters: 0.9999994341266147 -0.0009602361438027136 0.0008021124030702651 0.0009620114194134146 0.9999976763091294 -0.0018232239662262228 -0.0008005265771901036 0.0018237755481919221 0.9999981075057636 0.039861796064073474 -0.024695619405434854 -0.27787291938611247
FixedParameters: 0 0 0
#Transform 70
Transform: MatrixOffsetTransformBase_double_3_3
Parameters: 0.9999996810875821 -0.0010321240818166764 0.0005034185375775319 0.0010333619648785466 0.9999968578761244 -0.0024485513914969947 -0.000501277769465842 0.002448450696473106 0.9999968328801493 0.026673605620331386 -0.08802343679022329 -0.12884270327205627
FixedParameters: 0 0 0
#Transform 71
Transform: MatrixOffsetTransformBase_double_3_3
Parameters: 0.9999994659870957 -0.0011062312898313224 0.0005571970472224002 0.0011076880739345908 0.9999962078604013 -0.0023433783666079455 -0.000553928113340171 0.0023436195864694753 0.9999972741279317 -0.03488478690296404 -0.1012942482024215 -0.05973964000750698
FixedParameters: 0 0 0
#Transform 72
Transform: MatrixOffsetTransformBase_double_3_3
Parameters: 0.9999996674405183 -0.0008461152492988016 0.0007856231199588372 0.0008480542489477411 0.9999944780236913 -0.003286337676608006 -0.0007828209903312015 0.0032876662889940594 0.9999945806004757 0.04136540395761301 -0.05952805705560138 -0.20216019310078082
FixedParameters: 0 0 0
#Transform 73
Transform: MatrixOffsetTransformBase_double_3_3
Parameters: 0.9999989085144236 -0.0011740292908330439 0.0008446018160934204 0.0011761741083071687 0.9999958440055776 -0.0025880043414837073 -0.0008413599027188593 0.0025889967691993115 0.9999966638121645 0.012814373974109117 -0.10565341709506981 -0.11141921127112653
FixedParameters: 0 0 0
#Transform 74
Transform: MatrixOffsetTransformBase_double_3_3
Parameters: 0.9999991587135882 -0.0005871552728803072 0.0007046252647852658 0.0005885756053039127 0.9999961711366451 -0.0025315786166832666 -0.0007034933134450643 0.0025314176496423063 0.9999961705789996 -0.030022396013293928 -0.11690532591335057 -0.1148433475134425
FixedParameters: 0 0 0
#Transform 75
Transform: MatrixOffsetTransformBase_double_3_3
Parameters: 0.9999992825180493 -0.001135858967840267 0.0006546279901497276 0.0011366088850646085 0.9999967982953657 -0.002215258356048966 -0.0006514366084504067 0.0022167423560097294 0.9999976628932069 0.03566691209199746 -0.0625405800030876 -0.28064870065793457
FixedParameters: 0 0 0
#Transform 76
Transform: MatrixOffsetTransformBase_double_3_3
Parameters: 0.9999983942938125 -0.0010088697448134534 0.0012604881475605093 0.0010109781335168938 0.9999975601254064 -0.002083723499237161 -0.0012580472044439793 0.0020852782796472458 0.9999971438691161 -0.045574955900022474 -0.139980710396145 -0.06659152428761672
FixedParameters: 0 0 0
#Transform 77
Transform: MatrixOffsetTransformBase_double_3_3
Parameters: 0.9999989404297108 -0.0010017494465576484 0.0002361141113086684 0.001002679832060332 0.9999966284770391 -0.0023007592580270853 -0.00023349728664409048 0.0023002411569786885 0.9999977273346223 0.03773659854424238 -0.05952012403599838 -0.305165355746567
FixedParameters: 0 0 0
#Transform 78
Transform: MatrixOffsetTransformBase_double_3_3
Parameters: 0.9999992456236554 -0.0012320426718654192 0.0004859512952668663 0.0012332019845106956 0.9999959816058988 -0.002533471340931903 -0.0004836193557028656 0.0025335281684260164 0.9999964267484643 0.021986536037502447 -0.1279745409493671 -0.1355078271173653
FixedParameters: 0 0 0
#Transform 79
Transform: MatrixOffsetTransformBase_double_3_3
Parameters: 0.999999341709746 -0.001017011403168786 0.000789933180451568 0.0010183987510434809 0.9999966659781986 -0.0022851916842893394 -0.0007881228464787332 0.002285808927963748 0.9999972286917271 -0.02143907365500297 -0.10480656175009528 -0.09684593043228062
FixedParameters: 0 0 0
#Transform 80
Transform: MatrixOffsetTransformBase_double_3_3
Parameters: 0.9999990470819843 -0.0009391844648592282 0.00026723942487231805 0.0009391882367561266 0.9999974380467949 -0.002161824482239255 -0.0002650977725888463 0.002162174913883555 0.9999972605353034 0.03611950307349332 -0.05066753560473103 -0.3231287156292808
FixedParameters: 0 0 0
#Transform 81
Transform: MatrixOffsetTransformBase_double_3_3
Parameters: 0.9999982713551592 -0.0014247981401541612 0.0008354070006352983 0.0014272004113407395 0.9999971620096274 -0.002172881797158771 -0.0008321247511392344 0.002174121412707272 0.9999976611167498 -0.005820615122033246 -0.13336018751805057 -0.09245910818151515
FixedParameters: 0 0 0
#Transform 82
Transform: MatrixOffsetTransformBase_double_3_3
Parameters: 0.9999981398372008 -0.001161118137662884 0.0012297583487718173 0.0011642572564676556 0.9999958782032035 -0.002586565995707807 -0.0012265080479412268 0.0025884331224309 0.9999958712917137 -0.011129144873649466 -0.06641410872873621 -0.11272080061071676
FixedParameters: 0 0 0
#Transform 83
Transform: MatrixOffsetTransformBase_double_3_3
Parameters: 0.999999275666611 -0.0009750404252601361 0.0008798304512204532 0.0009766944808705304 0.9999973008127132 -0.002161137921596182 -0.0008774561858365657 0.0021618640486660984 0.9999976306703235 0.04627750105429129 -0.04422230924511439 -0.23943757905389873
FixedParameters: 0 0 0
#Transform 84
Transform: MatrixOffsetTransformBase_double_3_3
Parameters: 0.9999994039397507 -0.0009903523586035283 0.0007848195972127869 0.0009917322801789475 0.9999969598137041 -0.0022482237857279486 -0.0007822062973584355 0.0022497767802677066 0.9999973281062335 -0.0033239107856530836 -0.11507251032092825 -0.051487058829181365
FixedParameters: 0 0 0
#Transform 85
Transform: MatrixOffsetTransformBase_double_3_3
Parameters: 0.9999996909080037 -0.0007364428145031752 0.0008756205537685265 0.0007385323258046855 0.9999965996935157 -0.002419353671681626 -0.0008738955246225614 0.002420643923293622 0.9999963783995518 -0.037526571961151944 -0.06821778672484413 -0.16539973797918606
FixedParameters: 0 0 0
#Transform 86
Transform: MatrixOffsetTransformBase_double_3_3
Parameters: 0.9999999638981107 -0.0006976911417986961 0.000741256289633934 0.0006992046607873613 0.9999964112521076 -0.0024694814593273634 -0.0007396503683087058 0.002470515799839604 0.9999963508310954 0.026253882758112468 -0.08967940701803911 -0.12819307695320958
FixedParameters: 0 0 0
#Transform 87
Transform: MatrixOffsetTransformBase_double_3_3
Parameters: 0.9999978674130561 -0.0007538110151371433 0.0018881762317975585 0.0007564049021038001 0.9999991121534543 -0.001498495507804759 -0.0018866839111817118 0.0015005067212963963 0.9999972582490512 -0.05780999014100985 -0.11513793277559614 -0.05248644980068207
FixedParameters: 0 0 0
#Transform 88
Transform: MatrixOffsetTransformBase_double_3_3
Parameters: 0.999998219295884 -0.0015304118262872205 0.0006621507815785977 0.0015334303411086402 0.9999903792439978 -0.004146061270818291 -0.0006552796491162343 0.0041469411956812224 0.9999914529453936 0.011213459149360006 -0.09084724762540475 -0.3976610853583793
FixedParameters: 0 0 0
#Transform 89
Transform: MatrixOffsetTransformBase_double_3_3
Parameters: 0.9999987855508935 -0.0016202932826616533 0.0007680353345350879 0.0016220105530378418 0.9999954296594595 -0.002618828983522184 -0.0007633808872793511 0.0026201733580226427 0.9999966322902386 0.006843041918983772 -0.11941696705015659 -0.12731573529751472
FixedParameters: 0 0 0
#Transform 90
Transform: MatrixOffsetTransformBase_double_3_3
Parameters: 0.9999990527701876 -0.0015513335302632235 0.0007353414977089959 0.0015534947172587163 0.999993958381657 -0.003089931271983759 -0.0007305819736241114 0.003091068710105907 0.9999949919481264 -0.0011099079466987405 -0.09487548534218604 -0.13333217404600362
FixedParameters: 0 0 0
#Transform 91
Transform: MatrixOffsetTransformBase_double_3_3
Parameters: 0.9999989085373704 -0.001511578251894284 0.000897721129365089 0.0015169538541591385 0.9999830699910327 -0.005616715448562945 -0.0008893829679394934 0.005618283338708202 0.9999837253937897 0.0367999093241167 -0.08041502899843067 -0.32636785560204373
FixedParameters: 0 0 0
#Transform 92
Transform: MatrixOffsetTransformBase_double_3_3
Parameters: 0.9999986998244037 -0.0013669621414432258 0.00065742700177234 0.0013684553903450596 0.9999946997371073 -0.002889171364116344 -0.0006533617812784893 0.002889825857968556 0.9999953016305041 -0.010152370497607421 -0.12093788329410415 -0.10537313682731053
FixedParameters: 0 0 0
#Transform 93
Transform: MatrixOffsetTransformBase_double_3_3
Parameters: 0.9999982635610583 -0.00184594287945472 0.0005730801877315306 0.00184926355655752 0.9999840111766535 -0.005337092197272561 -0.0005631787709297029 0.005337903750781484 0.9999852741346077 0.026186993060377972 -0.0881335763318134 -0.4500123693813123
FixedParameters: 0 0 0
#Transform 94
Transform: MatrixOffsetTransformBase_double_3_3
Parameters: 0.9999986577078959 -0.001332642845227607 0.0007517640507565287 0.0013353807267815633 0.9999959065772683 -0.00268907000379677 -0.000748502152193018 0.0026899330934005428 0.9999962842673493 0.03120068429659284 -0.135553279746631 -0.13209046984756867
FixedParameters: 0 0 0
#Transform 95
Transform: MatrixOffsetTransformBase_double_3_3
Parameters: 0.9999992703449058 -0.0006656877196482981 0.0011342868397773021 0.0006691337053300207 0.9999960320133379 -0.0029062398985892635 -0.0011321766085929561 0.0029067638110601146 0.9999953427935792 0.06591587636860652 -0.09782826603237993 -0.19279831571040518
FixedParameters: 0 0 0
#Transform 96
Transform: MatrixOffsetTransformBase_double_3_3
Parameters: 0.9999988611050852 -0.001377094349350278 0.0004927014609172199 0.001378004889283709 0.9999963834767457 -0.0021703964430679484 -0.0004896367137928534 0.0021716001329341317 0.999997051138078 0.05380246606938499 -0.08597176036900578 -0.3196712915470812
FixedParameters: 0 0 0
#Transform 97
Transform: MatrixOffsetTransformBase_double_3_3
Parameters: 0.9999981707749691 -0.0015101621710971107 0.0007411206917916723 0.0015114693203004017 0.9999957053582584 -0.0024349515636112457 -0.0007376002810143301 0.0024360473550577993 0.9999966020727495 0.011968416009565885 -0.11514206937961546 -0.1070595700902004
FixedParameters: 0 0 0
#Transform 98
Transform: MatrixOffsetTransformBase_double_3_3
Parameters: 0.9999985349439605 -0.001387968075859365 0.0007338588723370775 0.0013912747166324405 0.999988193507451 -0.004668053768250635 -0.0007276392664363457 0.004668946423381337 0.999988751386704 0.03400607957493662 -0.09578181931821916 -0.25909549937320264
FixedParameters: 0 0 0
#Transform 99
Transform: MatrixOffsetTransformBase_double_3_3
Parameters: 0.9999987613709863 -0.001321594464133482 0.0007018140247129628 0.001324011251611318 0.9999906177739071 -0.004189145999632535 -0.0006964883860261008 0.004189857398692057 0.9999910395887437 0.028955496200794073 -0.09971016397967958 -0.17478336213632417
FixedParameters: 0 0 0
#Transform 100
Transform: MatrixOffsetTransformBase_double_3_3
Parameters: 0.999998558744857 -0.0012778725811324059 0.0008992140503781855 0.001280822406732348 0.9999949854173994 -0.002880847531770772 -0.0008946827489818429 0.002882153804708118 0.9999959671947387 0.01724560042812584 -0.11631842920877489 -0.13323892200759246
FixedParameters: 0 0 0
#Transform 101
Transform: MatrixOffsetTransformBase_double_3_3
Parameters: 0.9999983874600515 -0.0016838354823555447 0.0008807679912241763 0.0016892348866621074 0.9999852506032872 -0.005171587334864433 -0.0008720720774191913 0.005172416543182956 0.9999866372629459 0.025618207390309067 -0.08504416109192903 -0.4430054980677198
FixedParameters: 0 0 0
#Transform 102
Transform: MatrixOffsetTransformBase_double_3_3
Parameters: 0.9999986629082959 -0.0014402047582240086 0.0011240193509298967 0.001442622113318983 0.999995378135829 -0.002542376733071977 -0.0011204506734715386 0.002544623196270787 0.999996345956679 0.014113820113649922 -0.13153474069650883 -0.08758014714993578
FixedParameters: 0 0 0
#Transform 103
Transform: MatrixOffsetTransformBase_double_3_3
Parameters: 0.9999988002136962 -0.0013926723723657586 0.0011225317226900198 0.0013972679143798015 0.9999906312602799 -0.004033427241884283 -0.001116960252736743 0.004034573771782249 0.9999916224790252 0.014550928582011124 -0.10310006616332146 -0.16135908037709612
FixedParameters: 0 0 0
#Transform 104
Transform: MatrixOffsetTransformBase_double_3_3
Parameters: 0.9999983039420913 -0.0018035167191640066 0.0006647195871441494 0.0018076423897178545 0.9999845932305564 -0.005201877626872006 -0.0006557542931566921 0.005203123582681518 0.9999865782765793 0.03510763149597551 -0.08852699918993778 -0.29082327018430476
FixedParameters: 0 0 0
#Transform 105
Transform: MatrixOffsetTransformBase_double_3_3
Parameters: 0.9999989926824815 -0.001586322613604385 0.0007013244103357098 0.0015877978516238313 0.999995129701046 -0.002695960244531337 -0.0006966041623479152 0.002697040556800548 0.9999963207172017 0.018890067903541308 -0.1275568475909381 -0.07609840104687748
FixedParameters: 0 0 0
#Transform 106
Transform: MatrixOffsetTransformBase_double_3_3
Parameters: 0.9999990784558893 -0.0010631366920868664 0.0008896341618389286 0.0010667922961225217 0.9999914676899377 -0.003914047968968326 -0.0008850603255727938 0.00391494921356933 0.9999919640244472 0.014700960829657106 -0.07510796638199224 -0.09768697807587046
FixedParameters: 0 0 0
#Transform 107
Transform: MatrixOffsetTransformBase_double_3_3
Parameters: 0.9999981717664251 -0.0015285531984588427 0.0007014302154027874 0.0015313581633684163 0.9999918480350092 -0.003704999704475395 -0.0006949276355954465 0.003705997794629212 0.9999928621663439 0.04599230112100372 -0.04737633870688285 -0.24007153416810922
FixedParameters: 0 0 0
#Transform 108
Transform: MatrixOffsetTransformBase_double_3_3
Parameters: 0.9999988473117556 -0.00151150053207334 0.0009316400145168292 0.0015135522672965434 0.9999961726167198 -0.002335662657764498 -0.0009284107554160267 0.002337337749681867 0.9999967562059423 -0.022884074814683686 -0.09355390589523438 -0.056970932714051514
FixedParameters: 0 0 0
#Transform 109
Transform: MatrixOffsetTransformBase_double_3_3
Parameters: 0.9999987887097268 -0.0014181581539569014 0.0010959888608677926 0.0014219246632439417 0.9999919972878599 -0.0037185094549271325 -0.001090112566523079 0.0037194867783997415 0.999992129396163 -0.04212013862732533 -0.04328890421840015 -0.13370473288030382
FixedParameters: 0 0 0
#Transform 110
Transform: MatrixOffsetTransformBase_double_3_3
Parameters: 0.9999983356013847 -0.001632104494769083 0.000002114923110163152 0.0016324737133475325 0.9999845086987074 -0.005368152437179433 0.000007357012179123194 0.005367844818035497 0.9999851956160071 0.028831890462683418 0.028830509104111002 -0.5381357518617307
FixedParameters: 0 0 0
#Transform 111
Transform: MatrixOffsetTransformBase_double_3_3
Parameters: 0.9999990720080126 -0.001387009595901212 -0.00006041307359810963 0.0013871989368106383 0.9999931401404991 -0.0034541622658400273 0.00006493431157239293 0.003453838865064604 0.9999940715489753 0.035027135165464074 -0.22112551467930075 -0.4716063031798967
FixedParameters: 0 0 0
#Transform 112
Transform: MatrixOffsetTransformBase_double_3_3
Parameters: 0.999998750400037 -0.0010884119221480294 0.0010322836415314358 0.001090104386624599 0.9999970663221797 -0.0023799470204921708 -0.0010298642979223267 0.0023810549465640707 0.9999963504905526 0.06838286435451835 -0.2295169370243002 -0.17307066452269737
FixedParameters: 0 0 0
#Transform 113
Transform: MatrixOffsetTransformBase_double_3_3
Parameters: 0.9999991439108394 -0.001126322138809328 0.0012595497967987901 0.0011303644107198004 0.999995157724263 -0.0029135750138833266 -0.0012567364781993216 0.0029154255024982922 0.9999949975161327 0.06218765969315143 -0.15278616274055423 -0.17113639323683572
FixedParameters: 0 0 0
#Transform 114
Transform: MatrixOffsetTransformBase_double_3_3
Parameters: 0.9999997379749638 -0.000939462944847021 0.0006158198149866528 0.0009417215239757168 0.999992380785065 -0.0037054210507373175 -0.0006126869097969012 0.0037065765831331143 0.9999928882238125 0.06618039448808588 -0.08858403158015449 -0.24720772951273773
FixedParameters: 0 0 0
#Transform 115
Transform: MatrixOffsetTransformBase_double_3_3
Parameters: 0.9999995334967972 -0.0006757323378030741 0.0010047343088823405 0.0006795797273111192 0.9999956305190915 -0.0029843204536404433 -0.0010025331067722303 0.0029856806991439555 0.9999950824782962 0.0787086013584144 -0.10293437421979945 -0.11821386352548302
FixedParameters: 0 0 0
#Transform 116
Transform: MatrixOffsetTransformBase_double_3_3
Parameters: 0.9999997360317965 -0.000918304176991035 0.0006484599905685334 0.0009208843823604528 0.9999957708819598 -0.002881473995833314 -0.0006450797516835815 0.0028815252433702643 0.9999953590280213 0.0792845876625563 -0.06986098692065923 -0.1016998706162866
FixedParameters: 0 0 0
#Transform 117
Transform: MatrixOffsetTransformBase_double_3_3
Parameters: 0.9999988933967517 -0.000626839536884249 0.0013090214617181343 0.0006336479889634122 0.9999894000752315 -0.004596168924450694 -0.0013058442613095396 0.00459682818845146 0.9999882374649971 0.08937310305178414 -0.019360666506301527 -0.19466404553624272
FixedParameters: 0 0 0
#Transform 118
Transform: MatrixOffsetTransformBase_double_3_3
Parameters: 0.9999986243739126 -0.0011319591758713317 0.001046568420846664 0.0011358729416762303 0.9999922006363808 -0.003927886529136157 -0.0010413480283552588 0.003929115776043587 0.999991557366865 0.06930194973277537 -0.09420342239576485 -0.12407187410624942
FixedParameters: 0 0 0
#Transform 119
Transform: MatrixOffsetTransformBase_double_3_3
Parameters: 0.9999980929187585 -0.0013434548133631566 0.0010491956421557788 0.0013481401390920192 0.9999920422996502 -0.0038806621854511197 -0.0010445063510315788 0.003882341611635254 0.999991918384539 0.03609790611119479 -0.09167139561159843 -0.10206368996961146
FixedParameters: 0 0 0
#Transform 120
Transform: MatrixOffsetTransformBase_double_3_3
Parameters: 0.9999984936751012 -0.0015888047014284384 0.0009912014513203333 0.0015942121482804413 0.9999800639325659 -0.0061895055295156515 -0.0009820159596617248 0.006191507664244825 0.9999807842793187 0.06821762013736077 -0.10005170363763227 -0.39619540143584686
FixedParameters: 0 0 0
#Transform 121
Transform: MatrixOffsetTransformBase_double_3_3
Parameters: 0.9999977768975771 -0.0015595785538130543 0.001338417739375639 0.001562818601314844 0.9999943190538315 -0.0028439024701248233 -0.0013342205087516054 0.002846097492284941 0.9999952697442145 0.005804293511602054 -0.16521194130007189 -0.09437599787815998
FixedParameters: 0 0 0
#Transform 122
Transform: MatrixOffsetTransformBase_double_3_3
Parameters: 0.9999985825322112 -0.0010589259153268148 0.0011386798269363975 0.0010636563940654644 0.9999900750958253 -0.0044398636700579835 -0.001133865484992846 0.004441137229515224 0.9999890711340405 0.060406448661836976 -0.1469338706981631 -0.24143226556529385
FixedParameters: 0 0 0
#Transform 123
Transform: MatrixOffsetTransformBase_double_3_3
Parameters: 0.999998450748927 -0.0014286698395010117 0.000712812483747751 0.0014308042995903507 0.9999938360212467 -0.003168052291257495 -0.0007085881868196368 0.003168946239319792 0.9999945358846285 0.027672474252014467 -0.15896560671448867 -0.1350430811601484
FixedParameters: 0 0 0
#Transform 124
Transform: MatrixOffsetTransformBase_double_3_3
Parameters: 0.9999980841429078 -0.001636535336454502 0.0014959136905781862 0.0016407209124301837 0.9999949686484407 -0.002860617182828318 -0.001491220173003376 0.0028633849531163047 0.9999947333465998 0.01570739636186147 -0.1369290716988587 -0.08994492405244614
FixedParameters: 0 0 0
#Transform 125
Transform: MatrixOffsetTransformBase_double_3_3
Parameters: 0.9999981087009125 -0.0014661671944917343 0.0013197679214268197 0.0014738500651103384 0.9999817002702177 -0.005829055333834113 -0.001311077276760884 0.005830945230285295 0.999982429983774 0.07530877315332418 -0.09852856595843207 -0.2787310820382629
FixedParameters: 0 0 0
#Transform 126
Transform: MatrixOffsetTransformBase_double_3_3
Parameters: 0.9999986320291685 -0.0015815082954068083 0.0009306229371752132 0.0015841257318183017 0.999995207723822 -0.0026835997339289958 -0.0009269607479553199 0.00268540166742319 0.999996011182943 0.026664133949552138 -0.09757739678752841 -0.04674518190840615
FixedParameters: 0 0 0
#Transform 127
Transform: MatrixOffsetTransformBase_double_3_3
Parameters: 0.9999993408043405 -0.0009910218215632032 0.0008229519157946146 0.0009944892293610435 0.9999909857585999 -0.00411718026613242 -0.0008185403422509143 0.0041178211231368556 0.9999914472697947 0.05400354495880322 -0.06202812259569157 -0.1180892333397594
FixedParameters: 0 0 0
#Transform 128
Transform: MatrixOffsetTransformBase_double_3_3
Parameters: 0.9999980905168395 -0.0015270250388860667 0.0007598079672263659 0.001531247723418136 0.9999858573640374 -0.005168917453575117 -0.0007517506520686736 0.005170090566477603 0.9999867852550129 0.04661910337642894 -0.0500444486688707 -0.16371756262498138
FixedParameters: 0 0 0
#Transform 129
Transform: MatrixOffsetTransformBase_double_3_3
Parameters: 0.9999979617182819 -0.001616535151275191 0.0011932329124115899 0.0016210204115352429 0.9999932201928461 -0.0033271412802202693 -0.0011882148511425832 0.003329858044343284 0.9999935836197865 -0.0048793100155535285 -0.09790767632929942 -0.04261621330572041
FixedParameters: 0 0 0
#Transform 130
Transform: MatrixOffsetTransformBase_double_3_3
Parameters: 0.9999980460102202 -0.0010870615336705124 0.0013311276851567726 0.0010949325826985791 0.9999831472961686 -0.005788545655452976 -0.0013249514545253156 0.005789465949563213 0.9999828729942385 0.061210717784959456 -0.09214806265899256 -0.32822192280488593
FixedParameters: 0 0 0
#Transform 131
Transform: MatrixOffsetTransformBase_double_3_3
Parameters: 0.9999986897950051 -0.0014040100069687871 0.0011574491383949189 0.0014088246181468583 0.9999910581645354 -0.003975437614660321 -0.0011509512712655164 0.00397655716322852 0.9999910143482937 0.05541550695667752 -0.12729025218416723 -0.12140545380886181
FixedParameters: 0 0 0
#Transform 132
Transform: MatrixOffsetTransformBase_double_3_3
Parameters: 0.9999982903988013 -0.0008330782281449412 0.001736690625491399 0.0008373706572013034 0.9999962584245445 -0.0024284624037076014 -0.0017343275563193002 0.002429533516590976 0.9999952318741617 -0.04241714034388622 -0.12055965894991516 -0.030399192746330073
FixedParameters: 0 0 0
#Transform 133
Transform: MatrixOffsetTransformBase_double_3_3
Parameters: 0.9999976804708145 -0.0016385352127571535 0.0012783768967409533 0.0016467783375374266 0.9999784308588059 -0.00630096640733592 -0.0012681168215278751 0.006303022431590158 0.9999788184002745 0.04041990905545845 -0.11634564639128087 -0.32417598156601457
FixedParameters: 0 0 0
#Transform 134
Transform: MatrixOffsetTransformBase_double_3_3
Parameters: 0.9999986820723752 -0.0013797969368089572 0.0006440447694999259 0.0013818015451211002 0.999993780386883 -0.003351185124994896 -0.000638628024572295 0.003351817956867148 0.9999944364947555 0.011738151720123824 -0.14164770045222497 -0.08581855985768527
FixedParameters: 0 0 0
#Transform 135
Transform: MatrixOffsetTransformBase_double_3_3
Parameters: 0.9999987511886448 -0.001459148622560042 0.0010579478827273162 0.0014650115861306629 0.9999864864996681 -0.004921447577595953 -0.0010502354500060442 0.004922552426893045 0.9999878121884407 0.013361503725278112 -0.10964490208367295 -0.15207237586125188
FixedParameters: 0 0 0
#Transform 136
Transform: MatrixOffsetTransformBase_double_3_3
Parameters: 0.9999984090987406 -0.0016705554325347348 0.0008941270153630732 0.0016754132431205737 0.9999840521755146 -0.005390581522573712 -0.0008857590303957463 0.005392420981985835 0.9999852198905845 0.04693827976559817 -0.07106958705884381 -0.1469557235370189
FixedParameters: 0 0 0
#Transform 137
Transform: MatrixOffsetTransformBase_double_3_3
Parameters: 0.9999986831660951 -0.0008780798392890954 0.0012439220513618275 0.000880557089196619 0.9999960630959094 -0.0026619014568878413 -0.0012409341271674265 0.0026630976894575914 0.9999954422266587 -0.05173492348875186 -0.12216456578049417 -0.044194102943450275
FixedParameters: 0 0 0
#Transform 138
Transform: MatrixOffsetTransformBase_double_3_3
Parameters: 0.9999988535797109 -0.0011238422000938483 0.0013722182353598737 0.0011332988124209214 0.9999771669483651 -0.006588369291704865 -0.0013647234167791843 0.006589630190294793 0.9999778557823541 0.07193738227248048 -0.10592680299438939 -0.34544856917246136
FixedParameters: 0 0 0
#Transform 139
Transform: MatrixOffsetTransformBase_double_3_3
Parameters: 0.9999988170770445 -0.0009186662925184303 0.001157005542300222 0.0009232723718720016 0.9999922583139391 -0.0038489306912002086 -0.0011536038000521057 0.0038500699491961637 0.9999919213341719 0.06047478596229894 -0.10369308421354617 -0.07033647928670916
FixedParameters: 0 0 0
#Transform 140
Transform: MatrixOffsetTransformBase_double_3_3
Parameters: 0.9999994471759751 -0.0005931150712228562 0.0010960300252450467 0.0005991436110803042 0.9999862019210212 -0.0051352661449761555 -0.0010925237974794859 0.005135731602320198 0.9999864981780001 0.14245807154188128 -0.0659128981701258 -0.15089384340468825
FixedParameters: 0 0 0
#Transform 141
Transform: MatrixOffsetTransformBase_double_3_3
Parameters: 0.9999982758079508 -0.001343304465487492 0.0009593002501561976 0.0013468272136604705 0.9999907922066104 -0.004160784129223022 -0.0009537884114336689 0.004162219085181398 0.9999908472499229 0.061226968579561 -0.11605800690058743 -0.09810813300761367
FixedParameters: 0 0 0
#Transform 142
Transform: MatrixOffsetTransformBase_double_3_3
Parameters: 0.9999997504324746 -0.00088979644009166 0.0006766748450870763 0.0008919693108990132 0.9999945471376919 -0.003252466940703122 -0.000673721239589654 0.0032525317008551963 0.9999940457243846 -0.0037852030008735937 -0.12248717372841611 -0.06858710217980502
FixedParameters: 0 0 0
#Transform 143
Transform: MatrixOffsetTransformBase_double_3_3
Parameters: 0.9999984647438871 -0.0012282678067630649 0.0014236290926253922 0.0012367479401534753 0.9999785754572866 -0.006383236022908176 -0.0014161921341491815 0.006384758654657624 0.9999783775061265 0.06917369183351241 -0.12091058511212793 -0.3444748223242442
FixedParameters: 0 0 0
#Transform 144
Transform: MatrixOffsetTransformBase_double_3_3
Parameters: 0.999997323029057 -0.0017520577438836624 0.0016147304836940288 0.0017560036309545984 0.9999950550620366 -0.002575228508867794 -0.0016103779578412064 0.002577769663177895 0.9999949912265277 -0.03655057829250552 -0.143144948046654 -0.08123677982918309
FixedParameters: 0 0 0
#Transform 145
Transform: MatrixOffsetTransformBase_double_3_3
Parameters: 0.999997434247245 -0.001324127151746398 0.001677181436090056 0.0013334230907750654 0.999983217045105 -0.005637759180472254 -0.0016694993809049056 0.0056392399452109415 0.999982631264795 0.06867651746166814 -0.11007232359216346 -0.4148416082728801
FixedParameters: 0 0 0
#Transform 146
Transform: MatrixOffsetTransformBase_double_3_3
Parameters: 0.9999980617620338 -0.0013775350312736291 0.0010202810018926961 0.0013816774279929865 0.9999902288746616 -0.004216664556093042 -0.0010143271629108213 0.004218333244175351 0.9999902580997521 0.06542269337796824 -0.14614791890151935 -0.19335953711963327
FixedParameters: 0 0 0
#Transform 147
Transform: MatrixOffsetTransformBase_double_3_3
Parameters: 0.9999990197637386 -0.0009055013369154586 0.001077147164004041 0.0009093179844160827 0.999994412157008 -0.0032690191906729893 -0.0010739802158501969 0.0032699823988386195 0.9999942282733666 0.05357131808419524 -0.14134466908846832 -0.11900584862287644
FixedParameters: 0 0 0
#Transform 148
Transform: MatrixOffsetTransformBase_double_3_3
Parameters: 0.9999975982824928 -0.0015476484795100916 0.0014166156861211258 0.0015553012740196122 0.9999818146136524 -0.005797799236661433 -0.0014079935379516628 0.005800204080281493 0.9999825262082721 0.10063278885766636 -0.10480005623257682 -0.4337600882508639
FixedParameters: 0 0 0
#Transform 149
Transform: MatrixOffsetTransformBase_double_3_3
Parameters: 0.999996260162964 -0.002107865643150995 0.0015155902752908969 0.002112209272053757 0.9999925373079788 -0.0032809420038851234 -0.0015093404162518857 0.0032840594121726074 0.9999931731434537 0.030258928645125138 -0.14252561436485678 -0.1030899809216379
FixedParameters: 0 0 0
#Transform 150
Transform: MatrixOffsetTransformBase_double_3_3
Parameters: 0.9999975940207849 -0.00140536360917529 0.001558826618679854 0.001413303675243609 0.999988297332338 -0.004642796954612741 -0.001552267070684964 0.00464520404848176 0.9999881629317239 0.06524487885702968 -0.07956261939662568 -0.1709897069656563
FixedParameters: 0 0 0
#Transform 151
Transform: MatrixOffsetTransformBase_double_3_3
Parameters: 0.9999974823557068 -0.0017546748042321808 0.0011994578809382686 0.00175992235175519 0.9999900938977258 -0.004080962106334227 -0.0011917916030289744 0.004083037228414188 0.9999910628361794 0.06663903058523601 -0.08969098595885328 -0.13553591922020303
FixedParameters: 0 0 0
#Transform 152
Transform: MatrixOffsetTransformBase_double_3_3
Parameters: 0.9999982073967021 -0.0008756703838452683 0.0017392021348240836 0.0008806137602593579 0.999996146965368 -0.002633387852245525 -0.0017372677173816515 0.0026346127190674806 0.9999951844806669 -0.03946675365837393 -0.0938377072214962 -0.031011563446341484
FixedParameters: 0 0 0
#Transform 153
Transform: MatrixOffsetTransformBase_double_3_3
Parameters: 0.9999975468206606 -0.0014085243730332462 0.0015711399888778204 0.0014184705438094409 0.9999770407469796 -0.006617774617575373 -0.001562647153768488 0.00662022676208944 0.999976882685246 0.07858356362247321 -0.09049528923935668 -0.2965239332327769
FixedParameters: 0 0 0
#Transform 154
Transform: MatrixOffsetTransformBase_double_3_3
Parameters: 0.9999985981748079 -0.0013019625179908016 0.0013067890740811735 0.0013068405478123145 0.9999917298092772 -0.00392536198434465 -0.0013011579043396301 0.003926636766352631 0.9999910412736749 0.05453757326209541 -0.13011912017751115 -0.07681534838444293
FixedParameters: 0 0 0
#Transform 155
Transform: MatrixOffsetTransformBase_double_3_3
Parameters: 0.9999962496767195 -0.0017962820345251373 0.002126826390980843 0.0018108549358409984 0.9999752621664639 -0.006720145042310013 -0.002114567594394304 0.0067238397766623825 0.9999746158488763 0.05407931421574119 -0.13443902111725947 -0.2804671730327186
FixedParameters: 0 0 0
#Transform 156
Transform: MatrixOffsetTransformBase_double_3_3
Parameters: 0.9999978181953739 -0.0014810098535502656 0.00140971508524405 0.0014873945657560212 0.9999897714961848 -0.0042269009286258485 -0.0014037700122954925 0.004229099225878885 0.9999902945334644 0.06788782009920169 -0.09553799726542422 -0.13169504741185278
FixedParameters: 0 0 0
#Transform 157
Transform: MatrixOffsetTransformBase_double_3_3
Parameters: 0.9999984471672904 -0.0009958475225893286 0.0016005427344928129 0.0010020816362309615 0.9999916016914129 -0.003914322265932829 -0.0015962586744867335 0.003916676558114063 0.9999911830555319 0.056057451032614836 -0.12362907893266595 -0.13359266966763528
FixedParameters: 0 0 0
#Transform 158
Transform: MatrixOffsetTransformBase_double_3_3
Parameters: 0.999996430769933 -0.0017935557965736888 0.001831021433221077 0.0018026751156218455 0.9999867936410706 -0.004863767743922054 -0.0018219004823417596 0.004866231615899608 0.999986300324493 0.07255583526615794 -0.07274238311728709 -0.18626973479656783
FixedParameters: 0 0 0
#Transform 159
Transform: MatrixOffsetTransformBase_double_3_3
Parameters: 0.9999974903831833 -0.0016551983940241875 0.0016642164101650214 0.0016599105663288355 0.9999937821104433 -0.0030512344792554408 -0.001659703570466101 0.0030547665679569874 0.999994066582714 0.010092689308564218 -0.11442422200090618 -0.07953125864679578
FixedParameters: 0 0 0
#Transform 160
Transform: MatrixOffsetTransformBase_double_3_3
Parameters: 0.9999975449512558 -0.0016264542120906361 0.0016763713318240442 0.0016360753943142749 0.999979812662008 -0.006106256936464882 -0.0016666644821782652 0.006108744103757016 0.9999801283729624 0.0836477252030079 -0.08317178203721198 -0.2290974864798443
FixedParameters: 0 0 0
#Transform 161
Transform: MatrixOffsetTransformBase_double_3_3
Parameters: 0.9999967702885278 -0.0019540978216949136 0.0015527640711405803 0.001958474339420021 0.9999938574737834 -0.0028420251339274644 -0.0015473218372251574 0.0028449740103511922 0.9999947417748302 -0.02206895987161772 -0.11525722093416846 -0.0496334642454741
FixedParameters: 0 0 0
#Transform 162
Transform: MatrixOffsetTransformBase_double_3_3
Parameters: 0.9999971505826892 -0.0012728090350114171 0.0020564469490200283 0.0012866482379330925 0.9999785212067359 -0.0064502842271567246 -0.002048009339110539 0.006452720155570801 0.9999773846553609 0.07145800873102814 -0.09955196897568896 -0.30440514433979615
FixedParameters: 0 0 0
#Transform 163
Transform: MatrixOffsetTransformBase_double_3_3
Parameters: 0.9999968574524947 -0.0018881591541542444 0.0016060018787216969 0.0018942815440234433 0.99999064992852 -0.003941029303579216 -0.001597619950387802 0.00394397229278412 0.999991120736718 0.04840557928953615 -0.1176022558151999 -0.15175488954433547
FixedParameters: 0 0 0
#Transform 164
Transform: MatrixOffsetTransformBase_double_3_3
Parameters: 0.9999979302905613 -0.0011836875942244753 0.0019155347222210904 0.0011900673495972586 0.9999934978693652 -0.0033076411534994354 -0.0019112188091147632 0.0033103550872243814 0.9999925333839463 0.06337607571074955 -0.12436586889091927 -0.13786400868258397
FixedParameters: 0 0 0
#Transform 165
Transform: MatrixOffsetTransformBase_double_3_3
Parameters: 0.9999972188267351 -0.0015872472728861733 0.001806191563701716 0.0015986453148081278 0.9999777834036038 -0.006437112054122618 -0.0017958232307935843 0.006439883676706462 0.9999775259070982 0.08303496625356388 -0.10754504921476382 -0.32812564796280697
FixedParameters: 0 0 0
#Transform 166
Transform: MatrixOffsetTransformBase_double_3_3
Parameters: 0.999997526263317 -0.0015031128785836774 0.0017923531635575189 0.0015099457641352097 0.9999928364378045 -0.003425290123727942 -0.0017876355953189951 0.003428705998317544 0.9999922010800135 0.0317513098384552 -0.14197296775746793 -0.07207330830675573
FixedParameters: 0 0 0
#Transform 167
Transform: MatrixOffsetTransformBase_double_3_3
Parameters: 0.999996957521517 -0.001765236638208054 0.0017108064541570174 0.0017760471990996458 0.9999761120368467 -0.006671035948758314 -0.0016993155999329573 0.0066739583305010924 0.999975799884931 0.09145693310553327 -0.10329578312678223 -0.3882613147994505
FixedParameters: 0 0 0
#Transform 168
Transform: MatrixOffsetTransformBase_double_3_3
Parameters: 0.9999983204679096 -0.0013999460077761716 0.0013114738925696437 0.0014046824755004788 0.9999917772648537 -0.003885228695400908 -0.0013061832825944216 0.003886772444785233 0.999991341064999 0.05950596269271102 -0.14084711678056294 -0.12395432774775372
FixedParameters: 0 0 0
#Transform 169
Transform: MatrixOffsetTransformBase_double_3_3
Parameters: 0.9999960741160668 -0.0012404306058786615 0.0023214898444250225 0.001255123640806268 0.9999793762165124 -0.006311014495470918 -0.0023126642412086506 0.006313980239737643 0.9999770016883075 0.09771290324438553 -0.11941297106029936 -0.27978824999949836
FixedParameters: 0 0 0
#Transform 170
Transform: MatrixOffsetTransformBase_double_3_3
Parameters: 0.9999962959952927 -0.0018280779331497296 0.002088704528273585 0.0018419717631939188 0.9999780468042166 -0.0064232288288501305 -0.0020761906532284526 0.006426767062204644 0.9999766869568057 0.06680447654144928 -0.1276355638104576 -0.25393871987120065
FixedParameters: 0 0 0
#Transform 171
Transform: MatrixOffsetTransformBase_double_3_3
Parameters: 0.9999978999167413 -0.0018199079386485243 0.0013371817363973296 0.0018253975780190687 0.9999892752520547 -0.004151629908021814 -0.0013296452993337387 0.004154363591969745 0.9999901296811262 0.025112732050075692 -0.11382421966578704 -0.0698988083865828
FixedParameters: 0 0 0
#Transform 172
Transform: MatrixOffsetTransformBase_double_3_3
Parameters: 0.9999977287348771 -0.0010774003482252263 0.001763291529759815 0.00108874996248926 0.9999799070481948 -0.006226008048077505 -0.0017570304727794579 0.006227992891927464 0.9999792697882721 0.10853459442317615 -0.08069560723141933 -0.41003198273824637
FixedParameters: 0 0 0
#Transform 173
Transform: MatrixOffsetTransformBase_double_3_3
Parameters: 0.9999971002238197 -0.001467320120240481 0.0016574361769161646 0.001473864391811355 0.9999896591786999 -0.004244554282926055 -0.001651403286020579 0.004247442759156589 0.9999893838190115 0.05658574914116343 -0.11378011799192222 -0.10262127207876404
FixedParameters: 0 0 0
#Transform 174
Transform: MatrixOffsetTransformBase_double_3_3
Parameters: 0.9999976543857853 -0.0014168686212265122 0.0018274685946067988 0.001427799779449111 0.9999776774574418 -0.006485386353436137 -0.0018180885531919862 0.006487605350796635 0.9999768266202985 0.09233511946536055 -0.13505243859482619 -0.3755448694186754
FixedParameters: 0 0 0
#Transform 175
Transform: MatrixOffsetTransformBase_double_3_3
Parameters: 0.9999973936985386 -0.0013320318461151278 0.001682609565652026 0.0013406492882316082 0.9999880244543013 -0.004798747168323528 -0.0016762360555729059 0.004801258256578941 0.9999872888998911 0.0774979397434663 -0.138420351996416 -0.19276980972685465
FixedParameters: 0 0 0
#Transform 176
Transform: MatrixOffsetTransformBase_double_3_3
Parameters: 0.9999966566841202 -0.0016824937889212436 0.0021244262099839573 0.0016920228126630279 0.9999886381572461 -0.0045024052563814865 -0.0021165282740232636 0.004506594629120439 0.9999874372066846 0.02690683238722613 -0.12625967831488083 -0.11060196019163016
FixedParameters: 0 0 0
#Transform 177
Transform: MatrixOffsetTransformBase_double_3_3
Parameters: 0.9999966102228248 -0.0020427953025365813 0.001488878676949298 0.0020524612394116773 0.9999781320737906 -0.006279024354066118 -0.001475521694211701 0.00628197862155469 0.9999795878659985 0.07711950062167716 -0.10668020971978365 -0.4773215947447227
FixedParameters: 0 0 0
#Transform 178
Transform: MatrixOffsetTransformBase_double_3_3
Parameters: 0.9999971931456147 -0.0018642781997065697 0.001527331353690503 0.001870876754241424 0.9999874543957595 -0.004678220563737068 -0.0015183005258955012 0.004681781514203565 0.9999879336369489 0.04739504962789454 -0.12266507509136204 -0.10206825379501083
FixedParameters: 0 0 0
#Transform 179
Transform: MatrixOffsetTransformBase_double_3_3
Parameters: 0.9999961598033151 -0.001169837261391784 0.002338987427860842 0.0011866600567696421 0.9999738470248676 -0.00717815757189702 -0.0023308409135873987 0.007180843146047278 0.9999712208280099 0.10522802463430025 -0.14699518649425158 -0.32816652203970875
FixedParameters: 0 0 0
#Transform 180
Transform: MatrixOffsetTransformBase_double_3_3
Parameters: 0.9999954038816313 -0.0021594414658797165 0.0019829152340650447 0.00216915381589189 0.9999854187366211 -0.004949767593922932 -0.0019727734448632146 0.0049532356363586605 0.9999859500188512 0.07356198925194235 -0.09368860934802115 -0.1528426733656829
FixedParameters: 0 0 0
#Transform 181
Transform: MatrixOffsetTransformBase_double_3_3
Parameters: 0.9999954318734798 -0.0020727011434683727 0.002296310188523749 0.002082332049387814 0.9999886152849533 -0.0042042083068835195 -0.0022871317906635906 0.004208786773470738 0.9999884270836397 0.03954603249759714 -0.10302488595588954 -0.0681016588985699
FixedParameters: 0 0 0
#Transform 182
Transform: MatrixOffsetTransformBase_double_3_3
Parameters: 0.9999973021837248 -0.0015376508087321906 0.0015273780801513472 0.0015477318174717007 0.9999778365452288 -0.006527715028995004 -0.001517527617017615 0.006530285395965396 0.9999772089451235 0.08324363107097099 -0.10355438032804898 -0.4208894893550479
FixedParameters: 0 0 0
#Transform 183
Transform: MatrixOffsetTransformBase_double_3_3
Parameters: 0.999996879000749 -0.0018477257021990744 0.0016452141188524733 0.001854551577978804 0.9999896657057497 -0.004082945540314284 -0.001637619693742802 0.004086056291883869 0.9999908468171554 0.04386050327488533 -0.11445808792208823 -0.10426240571339918
FixedParameters: 0 0 0
#Transform 184
Transform: MatrixOffsetTransformBase_double_3_3
Parameters: 0.9999968205230351 -0.0015703348861534896 0.0021710197906198154 0.001585827651375403 0.9999741711386393 -0.007006492688473753 -0.00215981603501305 0.007010510471986323 0.9999734098351538 0.10427432586274676 -0.13861602138818796 -0.2953549051370743
FixedParameters: 0 0 0
#Transform 185
Transform: MatrixOffsetTransformBase_double_3_3
Parameters: 0.9999955136897944 -0.0021497523180298932 0.0019662318619937977 0.0021637371610407617 0.999972384288104 -0.0071849038614318905 -0.0019502105870206452 0.007189096672362644 0.9999718219070426 0.06990911448460224 -0.12798065835409034 -0.3075797919299106
FixedParameters: 0 0 0
#Transform 186
Transform: MatrixOffsetTransformBase_double_3_3
Parameters: 0.9999960694812219 -0.001678494282091978 0.00226149800239905 0.0016895121021995863 0.9999856700329932 -0.005018100978928741 -0.002252740374000789 0.0050218975505730845 0.9999849982382656 0.04564091930524228 -0.13894952018075912 -0.10438575105364123
FixedParameters: 0 0 0
#Transform 187
Transform: MatrixOffsetTransformBase_double_3_3
Parameters: 0.9999974542712622 -0.0016839622994498959 0.0016462848959431318 0.0016945056912904038 0.9999749647309855 -0.006851214338163783 -0.0016352722998092739 0.006853791458769076 0.9999755747554926 0.08830928940474791 -0.11432315407509464 -0.41020119379956554
FixedParameters: 0 0 0
#Transform 188
Transform: MatrixOffsetTransformBase_double_3_3
Parameters: 0.9999963824177452 -0.0016763015379732606 0.001951315443779739 0.001685117471347653 0.999989010038013 -0.004463713056425345 -0.0019436825797630106 0.004467293198394062 0.9999884907067366 0.0573813814354196 -0.13574997262901434 -0.11046034456163056
FixedParameters: 0 0 0
#Transform 189
Transform: MatrixOffsetTransformBase_double_3_3
Parameters: 0.9999965651186751 -0.0014045016339700642 0.002112495026334489 0.0014183688254131516 0.9999779786645598 -0.006541007732254592 -0.002103023301149145 0.006543991479066438 0.9999759767931807 0.10093386587860209 -0.12716008581365656 -0.4317441776848199
FixedParameters: 0 0 0
#Transform 190
Transform: MatrixOffsetTransformBase_double_3_3
Parameters: 0.9999966498284215 -0.0018975715980827164 0.0019364009495812325 0.0019053399538348518 0.9999891102484607 -0.004246310405486814 -0.0019286190215042117 0.004250693349374862 0.9999894398305333 0.05979573614790468 -0.11682088807681623 -0.0996518297418163
FixedParameters: 0 0 0
#Transform 191
Transform: MatrixOffsetTransformBase_double_3_3
Parameters: 0.999995639039419 -0.00154150388580327 0.0024466868284666503 0.0015581595707093677 0.9999733527779677 -0.0070660442088180675 -0.002435469664923982 0.007069954895550873 0.9999723715633702 0.08468765830615155 -0.15525265371461217 -0.33122529117545696
FixedParameters: 0 0 0
#Transform 192
Transform: MatrixOffsetTransformBase_double_3_3
Parameters: 0.9999968496974281 -0.0014541188792397731 0.002008902106122549 0.0014697064477453526 0.9999698907336966 -0.007597980534172252 -0.0019975986570261606 0.007601021061551555 0.9999694523059213 0.09497859657686547 -0.1624214286803749 -0.269065839603158
FixedParameters: 0 0 0
#Transform 193
Transform: MatrixOffsetTransformBase_double_3_3
Parameters: 0.9999972427822192 -0.0018627327456639477 0.0015131376829007042 0.001869609123971069 0.9999846020648707 -0.00517124612618719 -0.0015032021494953728 0.005174748135242477 0.9999851204543787 0.049781805614600216 -0.11077967170749048 -0.11544123212480883
FixedParameters: 0 0 0
#Transform 194
Transform: MatrixOffsetTransformBase_double_3_3
Parameters: 0.999997355712602 -0.0016222048717523736 0.0017356916029499772 0.0016334697002862058 0.9999784910454533 -0.006373169380380447 -0.001725157318039654 0.006375836882432165 0.9999785951866236 0.09762490546941649 -0.09937933657357689 -0.4549846423164752
FixedParameters: 0 0 0
#Transform 195
Transform: MatrixOffsetTransformBase_double_3_3
Parameters: 0.9999960501763991 -0.001908756956411683 0.0018181777811344816 0.0019169837967356418 0.9999889483219638 -0.0043755892724734735 -0.0018098803114814084 0.004379413527940204 0.9999887765794508 0.050180599012648486 -0.14440200626680166 -0.10976709991345501
FixedParameters: 0 0 0
#Transform 196
Transform: MatrixOffsetTransformBase_double_3_3
Parameters: 0.9999964354899277 -0.0013444575282152294 0.0021812704649156163 0.0013576981675538157 0.9999798433461182 -0.0061719646755201 -0.0021725884624040686 0.006175030422158889 0.999978367118203 0.10784428186515527 -0.11156250583600524 -0.415647707682993
FixedParameters: 0 0 0
#Transform 197
Transform: MatrixOffsetTransformBase_double_3_3
Parameters: 0.999997042870364 -0.0017500785700768685 0.0017013898448741346 0.0017604987245497738 0.9999772141660453 -0.006592085843610027 -0.0016903812272227824 0.006594923648667303 0.9999768790829635 0.08228924486344624 -0.15307869586143852 -0.24092411232811628
FixedParameters: 0 0 0
#Transform 198
Transform: MatrixOffsetTransformBase_double_3_3
Parameters: 0.9999949311809141 -0.0022206158989101507 0.0020338952137770546 0.0022307110733800263 0.9999855153739201 -0.004919538727867143 -0.002023277017632966 0.004924464153068395 0.9999859632213329 0.03916809604662319 -0.09632218731367459 -0.09524583187550206
FixedParameters: 0 0 0
#Transform 199
Transform: MatrixOffsetTransformBase_double_3_3
Parameters: 0.9999974998057984 -0.001729902435255592 0.0012277223426742847 0.0017375474827722177 0.9999785160107918 -0.006348947290940002 -0.0012171451699721809 0.006351059024000419 0.999979337851236 0.09357789756518287 -0.10863626661847547 -0.4418536939402884
FixedParameters: 0 0 0
#Transform 200
Transform: MatrixOffsetTransformBase_double_3_3
Parameters: 0.9999963678752016 -0.0020563881900109524 0.0015498202988337708 0.002064554547813137 0.9999845517874155 -0.005191879121045462 -0.0015398593822652264 0.005195129570872967 0.9999858707051695 0.042573136513254894 -0.1145359786596174 -0.09801061223264185
FixedParameters: 0 0 0
#Transform 201
Transform: MatrixOffsetTransformBase_double_3_3
Parameters: 0.9999958212021843 -0.001708880927549608 0.002292734582069314 0.0017248118890964349 0.9999740098916282 -0.006979977876847163 -0.002281596131064947 0.006984025924081053 0.9999733132485412 0.06000666885502426 -0.12169953316157489 -0.24815999326614246
FixedParameters: 0 0 0
#Transform 202
Transform: MatrixOffsetTransformBase_double_3_3
Parameters: 0.999995777334156 -0.0016867400379902303 0.0023188087401935908 0.0017040090478464183 0.9999709232146381 -0.007407981775137046 -0.0023064438346402124 0.0074120179540696635 0.999970036188334 0.0880236814521993 -0.12924766634094453 -0.30045189665000294
FixedParameters: 0 0 0
#Transform 203
Transform: MatrixOffsetTransformBase_double_3_3
Parameters: 0.9999973151564308 -0.0017628289514013203 0.0016053847656693257 0.0017699665530737823 0.9999873248115821 -0.004617153978920985 -0.0015975182648573466 0.004619845351656354 0.9999883289755741 0.04093939589579065 -0.1128235884404063 -0.06909430966989305
FixedParameters: 0 0 0
#Transform 204
Transform: MatrixOffsetTransformBase_double_3_3
Parameters: 0.999997500331273 -0.0016283607597851837 0.0016877626550700837 0.0016385006621061774 0.9999794810220047 -0.006219243869981669 -0.0016776585380231886 0.006222763605835416 0.9999796167258532 0.08898123136198421 -0.10034187310824905 -0.436727985188341
FixedParameters: 0 0 0
#Transform 205
Transform: MatrixOffsetTransformBase_double_3_3
Parameters: 0.9999971926978432 -0.0015282171993085067 0.001572187116549123 0.0015362292088181148 0.999986786076778 -0.004969659655337688 -0.001564406276053634 0.00497233861446833 0.9999859845831118 0.0624886872446524 -0.13117498268174188 -0.09734120015772874
FixedParameters: 0 0 0
#Transform 206
Transform: MatrixOffsetTransformBase_double_3_3
Parameters: 0.999997895013435 -0.0008936836909526455 0.002075349908909847 0.0009086901123335256 0.9999743915253636 -0.00711604484044237 -0.0020684528274016196 0.007117951268058018 0.9999721987255693 0.09456239438922864 -0.13393514471692924 -0.2062790576719351
FixedParameters: 0 0 0
#Transform 207
Transform: MatrixOffsetTransformBase_double_3_3
Parameters: 0.9999951476619445 -0.0017136159716557623 0.002432296771718998 0.0017312862541735902 0.9999716868509315 -0.007349728099689895 -0.0024196554019027395 0.0073542800026061145 0.9999703552433783 0.08631529412868133 -0.11667282860940986 -0.26392828493699483
FixedParameters: 0 0 0
#Transform 208
Transform: MatrixOffsetTransformBase_double_3_3
Parameters: 0.9999958773116627 -0.0018638616873203398 0.0023767806309485558 0.001874915022430961 0.9999882144387662 -0.004571538867475897 -0.002367906098619248 0.004575464813936794 0.9999868287375114 -0.019607706730482732 -0.11843856147443432 -0.06015453605550647
FixedParameters: 0 0 0
#Transform 209
Transform: MatrixOffsetTransformBase_double_3_3
Parameters: 0.9999949942738019 -0.0012939561424412565 0.002707846373038557 0.001311995434549627 0.999975841740614 -0.006793301287254513 -0.0026987609244513815 0.006796690122600368 0.9999728072677034 0.10321788887894456 -0.11075887446099841 -0.3423509151552935
FixedParameters: 0 0 0
#Transform 210
Transform: MatrixOffsetTransformBase_double_3_3
Parameters: 0.9999957022143194 -0.0022261140415206836 0.0020839020237089423 0.0022357415881856424 0.9999868811018714 -0.004670417327962625 -0.0020733458459601018 0.004675587362373557 0.9999871468927345 0.04226616728728061 -0.09733868713919946 -0.07388931527081866
FixedParameters: 0 0 0
#Transform 211
Transform: MatrixOffsetTransformBase_double_3_3
Parameters: 0.9999982987803366 -0.0014594224184112633 0.0012534899346989784 0.0014675608847155646 0.9999756989333971 -0.006782162678624637 -0.0012440051818535468 0.006783840278539843 0.9999765805054628 0.06364721464532863 -0.1256641208878051 -0.18845578364992832
FixedParameters: 0 0 0
#Transform 212
Transform: MatrixOffsetTransformBase_double_3_3
Parameters: 0.9999969162009109 -0.00162101733762669 0.0018591725634509678 0.0016342325682598435 0.9999736134751432 -0.007034962303881301 -0.0018473331573210367 0.007038028934260546 0.9999732767466941 0.10489820356541202 -0.11915944298445424 -0.2636297087554311
FixedParameters: 0 0 0
#Transform 213
Transform: MatrixOffsetTransformBase_double_3_3
Parameters: 0.9999968618946549 -0.001968881337361642 0.001805957353239396 0.001977077762614519 0.9999885216554811 -0.004397503408842554 -0.0017970468168421801 0.004401496310917047 0.9999886287834397 0.04576606187322341 -0.10656633395802828 -0.057274570379803436
FixedParameters: 0 0 0
#Transform 214
Transform: MatrixOffsetTransformBase_double_3_3
Parameters: 0.9999962807015427 -0.0016516475848116193 0.0022337383023438677 0.0016675644545920245 0.99997501796993 -0.006921280786414255 -0.0022226728064390607 0.006924721755784319 0.999973405522614 0.12130655622456743 -0.10693594935312944 -0.3989294116820332
FixedParameters: 0 0 0
#Transform 215
Transform: MatrixOffsetTransformBase_double_3_3
Parameters: 0.9999960978492172 -0.00172528321889381 0.0022189735394127852 0.001735236360083986 0.999989135174178 -0.004422146650069625 -0.0022119639681521465 0.004425858350405126 0.99998781883224 0.08366771233590953 -0.10722391140451748 -0.1371545944178365
FixedParameters: 0 0 0
#Transform 216
Transform: MatrixOffsetTransformBase_double_3_3
Parameters: 0.9999951375337285 -0.0012765614090902433 0.0026898351811290152 0.0012950405423060513 0.9999735258165755 -0.007107301466563146 -0.002680100631235756 0.007110699832601444 0.9999715344450167 0.11725331108281978 -0.1571511297279642 -0.2822365986158957
FixedParameters: 0 0 0
#Transform 217
Transform: MatrixOffsetTransformBase_double_3_3
Parameters: 0.9999965586088418 -0.0010523232007826574 0.0023099606379141002 0.0010678426842179259 0.999975297363444 -0.00695339219117494 -0.0023019935521525273 0.006955614124400558 0.9999735297356975 0.11976517789979368 -0.12301929964274905 -0.3613067128529366
FixedParameters: 0 0 0
#Transform 218
Transform: MatrixOffsetTransformBase_double_3_3
Parameters: 0.9999972200533344 -0.0013568588566802045 0.0019848622069574677 0.0013656421850143036 0.9999900652396544 -0.0043412861640751005 -0.0019784229598828803 0.004343714958355907 0.9999884399642364 0.08481925906129106 -0.13542124938220468 -0.08963173418132442
FixedParameters: 0 0 0
#Transform 219
Transform: MatrixOffsetTransformBase_double_3_3
Parameters: 0.9999957844166545 -0.0013432280749681171 0.002532440470849458 0.0013603653090831281 0.9999753844181057 -0.00689041393445225 -0.002522504248990126 0.006893591343341027 0.9999733993110488 0.11728583665103542 -0.11671469364519282 -0.38531736897159874
FixedParameters: 0 0 0
#Transform 220
Transform: MatrixOffsetTransformBase_double_3_3
Parameters: 0.9999966034144026 -0.0014546382808983118 0.002068774127683882 0.001463804203459321 0.9999893634050518 -0.004274891672982256 -0.002062673804707239 0.004278103681949821 0.9999886628991543 0.08486103944666468 -0.12054811635596252 -0.14827027846099838
FixedParameters: 0 0 0
#Transform 221
Transform: MatrixOffsetTransformBase_double_3_3
Parameters: 0.9999965483696399 -0.0013607916836963644 0.002366381059669639 0.0013767490293988519 0.9999748808414111 -0.006928603172933978 -0.00235717765490981 0.0069324015355176904 0.9999736025028543 0.0995676714088205 -0.14573202497018656 -0.2763703724187394
FixedParameters: 0 0 0
#Transform 222
Transform: MatrixOffsetTransformBase_double_3_3
Parameters: 0.999995101159099 -0.0018229951778627298 0.0023610976730176585 0.0018381007795016252 0.9999776889461257 -0.006374590426601351 -0.002349664281836524 0.006379408332335884 0.9999770789551095 0.10714821341660752 -0.10659083696454275 -0.41235348069450595
FixedParameters: 0 0 0
#Transform 223
Transform: MatrixOffsetTransformBase_double_3_3
Parameters: 0.9999976229991949 -0.0015223975997310033 0.0014356825730739357 0.00152738924075789 0.9999906209100203 -0.003986804262585478 -0.0014290531999823122 0.0039891951943641785 0.9999911936421468 0.07294806231735151 -0.11430129005933054 -0.07510809049109923
FixedParameters: 0 0 0
#Transform 224
Transform: MatrixOffsetTransformBase_double_3_3
Parameters: 0.9999969998663062 -0.001180582547564421 0.0018989616515116044 0.001193950595911727 0.9999753450842777 -0.00686165974326261 -0.0018907399394452018 0.006864331225487699 0.999974452079024 0.12646184507148917 -0.10029532641149785 -0.4161780404756428
FixedParameters: 0 0 0
#Transform 225
Transform: MatrixOffsetTransformBase_double_3_3
Parameters: 0.9999956256624761 -0.0022100409610061856 0.0018682114554366565 0.0022190843715920758 0.9999858466832309 -0.004787925975745705 -0.0018573649910470355 0.004792072011911841 0.99998689042962 0.07123018919419621 -0.0954399867750908 -0.1457073292521187
FixedParameters: 0 0 0
#Transform 226
Transform: MatrixOffsetTransformBase_double_3_3
Parameters: 0.9999960183945092 -0.0011406046137853797 0.002584680882720731 0.001153696003817163 0.9999859739804141 -0.005145869684653498 -0.002578876448634395 0.005149125921301803 0.9999830504676176 0.09885128641505503 -0.0976196937713496 -0.14901167657015435
FixedParameters: 0 0 0
#Transform 227
Transform: MatrixOffsetTransformBase_double_3_3
Parameters: 0.9999967342599761 -0.0017083064864914534 0.001829604496481343 0.0017208681865179861 0.9999758972791557 -0.006696850002784693 -0.0018177770494908028 0.006699148822215478 0.9999761094341663 0.11200413814420074 -0.06873515339106007 -0.4343669299886841
FixedParameters: 0 0 0
#Transform 228
Transform: MatrixOffsetTransformBase_double_3_3
Parameters: 0.999997187503454 -0.0009747013501205707 0.001965199574467565 0.0009823841299288318 0.999991148689602 -0.004082987275215597 -0.001961593878722669 0.0040840130998932855 0.9999896886889063 0.10752080128278863 -0.1489047898189284 -0.14702021419068956
FixedParameters: 0 0 0
#Transform 229
Transform: MatrixOffsetTransformBase_double_3_3
Parameters: 0.999996670684746 -0.0018378735782396312 0.001718003167378657 0.0018454817310377346 0.9999866737140469 -0.004763828260232181 -0.0017098220398245423 0.004767174988562245 0.9999875766451982 0.04412561809381543 -0.10415487917903477 -0.06425644057567581
FixedParameters: 0 0 0
#Transform 230
Transform: MatrixOffsetTransformBase_double_3_3
Parameters: 0.9999970490884648 -0.0013973006320970812 0.0017317474542589478 0.001410757447071882 0.9999681797361778 -0.007912566763328924 -0.0017205170061512782 0.00791444766356543 0.9999676201580029 0.09479230980466014 -0.09852695933510347 -0.3108167073207255
FixedParameters: 0 0 0
#Transform 231
Transform: MatrixOffsetTransformBase_double_3_3
Parameters: 0.9999952111847756 -0.0020889824067138437 0.0021033741162858606 0.0021002024826589864 0.999983593071898 -0.005262582516997627 -0.002092534294029984 0.005267416302135661 0.9999841771631897 0.059168560357434785 -0.12254712292543957 -0.11746784915384012
FixedParameters: 0 0 0
#Transform 232
Transform: MatrixOffsetTransformBase_double_3_3
Parameters: 0.9999948013338789 -0.0017101304820971172 0.0028766095723490198 0.0017269527140003475 0.9999813746020322 -0.005848882685428436 -0.0028662683592992036 0.005853118705624591 0.9999789575441363 0.07781162172727818 -0.10344432878055443 -0.18343420726044712
FixedParameters: 0 0 0
#Transform 233
Transform: MatrixOffsetTransformBase_double_3_3
Parameters: 0.9999963247167369 -0.0017234365743381405 0.0021690980999896086 0.0017389688841560331 0.9999715499204082 -0.0072891587411153536 -0.002156689240227631 0.007292842184246445 0.999971455810863 0.11738967593070981 -0.11062217047323486 -0.35171140871686646
FixedParameters: 0 0 0
#Transform 234
Transform: MatrixOffsetTransformBase_double_3_3
Parameters: 0.9999964679471595 -0.0020974306016135506 0.0017700345670288997 0.0021057211637468655 0.9999858334910695 -0.004840342284946855 -0.0017600519702845516 0.004843656527904944 0.9999867441707853 0.04440118753501565 -0.09999967378440999 -0.11559874420355243
FixedParameters: 0 0 0
#Transform 235
Transform: MatrixOffsetTransformBase_double_3_3
Parameters: 0.9999968124282013 -0.001199447057514828 0.0021796058676950697 0.0012141685463765743 0.9999746443178082 -0.006976210304196762 -0.0021706146064604456 0.006978793068615 0.9999737957388899 0.144559136588839 -0.11399784587527506 -0.37928902515137963
FixedParameters: 0 0 0
#Transform 236
Transform: MatrixOffsetTransformBase_double_3_3
Parameters: 0.9999964164585213 -0.0013452612369420902 0.0021843110330327965 0.0013593682447883375 0.9999801234559862 -0.006148958576677549 -0.0021767481499206493 0.006152039440791637 0.9999786348741162 0.12418245371074477 -0.13595692879053445 -0.21769670151628873
FixedParameters: 0 0 0
#Transform 237
Transform: MatrixOffsetTransformBase_double_3_3
Parameters: 0.9999979258834438 -0.0007138013029323639 0.0018878972262184447 0.0007233956692296892 0.9999889703836888 -0.004736566017886842 -0.0018844773727740719 0.00473843764537582 0.999987067372652 0.11164253653520007 -0.14772611554752757 -0.14307017642957476
FixedParameters: 0 0 0
#Transform 238
Transform: MatrixOffsetTransformBase_double_3_3
Parameters: 0.9999950595105486 -0.0013849631754015365 0.0026501047100429397 0.0014021780718435819 0.9999755022618277 -0.0068001374292469136 -0.0026407657405966034 0.006803854787777119 0.9999730216165297 0.14023449938227373 -0.12106177627313741 -0.35683887387928337
FixedParameters: 0 0 0
#Transform 239
Transform: MatrixOffsetTransformBase_double_3_3
Parameters: 0.9999961991113562 -0.00136397167266667 0.0022227484844381216 0.0013717746202720569 0.9999932581834345 -0.003411870676233622 -0.002217871050098196 0.003415128183633931 0.9999916368596762 0.08221467895484125 -0.14647721145325932 -0.09631889124750614
FixedParameters: 0 0 0
#Transform 240
Transform: MatrixOffsetTransformBase_double_3_3
Parameters: 0.9999960258067231 -0.0009983943334530895 0.002824206617162891 0.0010151823844798155 0.999980745182346 -0.0060839158733785315 -0.0028186557159692494 0.006087079445222882 0.99997721318037 0.12683978633852178 -0.13378358989645278 -0.21310736561166266
FixedParameters: 0 0 0
#Transform 241
Transform: MatrixOffsetTransformBase_double_3_3
Parameters: 0.9999964932167942 -0.0013182374997123781 0.0021838201250672686 0.0013323906823648616 0.9999771799992315 -0.006620019547528097 -0.0021751909262837264 0.006622979953275848 0.9999756235924849 0.13489943757738843 -0.12310260993338318 -0.29226053301150046
FixedParameters: 0 0 0
#Transform 242
Transform: MatrixOffsetTransformBase_double_3_3
Parameters: 0.9999973367956768 -0.0014243930892774974 0.0019068541031909093 0.0014322079869319318 0.9999895381148762 -0.00426518928208372 -0.0019000496231749014 0.0042678099894895155 0.9999893924223732 0.07581987562494419 -0.0921775261675748 -0.07974856598185909
FixedParameters: 0 0 0
#Transform 243
Transform: MatrixOffsetTransformBase_double_3_3
Parameters: 0.9999975267240448 -0.0015568571659490787 0.0014312292237689036 0.0015660073256347094 0.9999788226335223 -0.006290762599426819 -0.001421949161585692 0.006293240188035759 0.999979524672879 0.11149389902554674 -0.07993788673859115 -0.4646965562217531
FixedParameters: 0 0 0
#Transform 244
Transform: MatrixOffsetTransformBase_double_3_3
Parameters: 0.9999971273403654 -0.0013983156752756679 0.0017078900453349544 0.0014069792071394185 0.9999873924293362 -0.004741522890862146 -0.001701039882814513 0.004744476485090909 0.999987742508447 0.08682571883856838 -0.12513232879116742 -0.11779543054490205
FixedParameters: 0 0 0
#Transform 245
Transform: MatrixOffsetTransformBase_double_3_3
Parameters: 0.9999970191121066 -0.0011159504174135893 0.002176428483073375 0.0011306104843467868 0.9999762922184755 -0.006724391508518807 -0.0021682468152971596 0.006726604674500203 0.9999752610608211 0.13293708905015933 -0.12086109118982336 -0.40079951862684027
FixedParameters: 0 0 0
#Transform 246
Transform: MatrixOffsetTransformBase_double_3_3
Parameters: 0.9999976174945405 -0.0012506327403158427 0.001954338960766992 0.0012598521755343049 0.999986677676831 -0.005051463727075087 -0.001947885150785589 0.005053545268665069 0.9999858838655462 0.10969912399792747 -0.11838812320193881 -0.1853134642334311
FixedParameters: 0 0 0
#Transform 247
Transform: MatrixOffsetTransformBase_double_3_3
Parameters: 0.9999960099367847 -0.0019741562683530498 0.0017588558013737659 0.0019819137936042635 0.9999867813492438 -0.004696585727544028 -0.0017496400990447327 0.00470040991110203 0.9999870764826885 0.06134635361034668 -0.1212002839890971 -0.11324862973509653
FixedParameters: 0 0 0
#Transform 248
Transform: MatrixOffsetTransformBase_double_3_3
Parameters: 0.9999969406682391 -0.0014672512130127064 0.002215032953090405 0.0014816042619253693 0.9999771589036349 -0.006589649965758088 -0.0022055146734162026 0.0065933510965414666 0.9999758849157409 0.14084235136284917 -0.09398934515259327 -0.41627110807552015
FixedParameters: 0 0 0
#Transform 249
Transform: MatrixOffsetTransformBase_double_3_3
Parameters: 0.9999962829098079 -0.0016808115270662601 0.0022121978036272493 0.0016916232651609934 0.9999864083553934 -0.004841177698940047 -0.002203092667715535 0.004844817417865133 0.9999859649146938 0.07348610972017866 -0.1255154947793926 -0.09031792300491759
FixedParameters: 0 0 0
#Transform 250
Transform: MatrixOffsetTransformBase_double_3_3
Parameters: 0.9999952113380606 -0.0009008292567995864 0.0029963734368982395 0.0009204436883385908 0.9999782657014867 -0.006527955512071193 -0.002990037891502148 0.0065300501508426395 0.9999746888007928 0.11277833378399293 -0.13461170649264886 -0.25248496991301295
FixedParameters: 0 0 0
#Transform 251
Transform: MatrixOffsetTransformBase_double_3_3
Parameters: 0.9999974405485647 -0.0013402482909344506 0.0019397788651800358 0.0013531033584910702 0.9999773971249651 -0.006604379618293743 -0.001931058485256223 0.00660761494166151 0.9999757639144755 0.13710691360255112 -0.11214460421307137 -0.2772123608437198
FixedParameters: 0 0 0
#Transform 252
Transform: MatrixOffsetTransformBase_double_3_3
Parameters: 0.9999978123083426 -0.0009735778642047283 0.0017997224385835776 0.00098132468315132 0.9999902605699462 -0.0041991535830278315 -0.0017959728869617235 0.0042008402476014645 0.9999892715720603 0.10158565589235025 -0.09451591737264664 -0.08973537897693973
FixedParameters: 0 0 0
#Transform 253
Transform: MatrixOffsetTransformBase_double_3_3
Parameters: 0.999997255062881 -0.0012968132652735336 0.0020157946834236298 0.0013088297223848313 0.9999806058845297 -0.006126296773260528 -0.002007902053317953 0.006129711017663422 0.9999795435501024 0.12824875056998053 -0.08799079929872278 -0.4263307197157076
FixedParameters: 0 0 0
#Transform 254
Transform: MatrixOffsetTransformBase_double_3_3
Parameters: 0.9999964494090116 -0.00191349949250523 0.0019721075630978763 0.0019222056132597862 0.9999886392370264 -0.004408282740987798 -0.0019635649192475094 0.004412715034511294 0.9999879048990497 0.06413917580091777 -0.1008611012443481 -0.10396402512976977
FixedParameters: 0 0 0
#Transform 255
Transform: MatrixOffsetTransformBase_double_3_3
Parameters: 0.9999952445014839 -0.0014298776905567207 0.0025906433126742043 0.0014474832801982971 0.9999758230861812 -0.006840181461436348 -0.0025806505393160695 0.00684381592683686 0.999972794204616 0.08869623041977093 -0.13651664792574536 -0.23252691600437458
FixedParameters: 0 0 0
#Transform 256
Transform: MatrixOffsetTransformBase_double_3_3
Parameters: 0.9999980212164666 -0.0012862582405227978 0.0018232526245990787 0.0012982447544007346 0.9999760814134467 -0.006788566613391986 -0.0018147757422794077 0.006791439946946198 0.9999757303809483 0.10832200719174523 -0.098436703048705 -0.4195207592625394
FixedParameters: 0 0 0
#Transform 257
Transform: MatrixOffsetTransformBase_double_3_3
Parameters: 0.9999970533660303 -0.0019359331120053173 0.0017885723496714558 0.001943396347953887 0.9999874333775519 -0.004534522736572538 -0.001780345685197292 0.004538479018533617 0.9999884600328863 0.041631189609120156 -0.18102354568326007 -0.09682805801851657
FixedParameters: 0 0 0
#Transform 258
Transform: MatrixOffsetTransformBase_double_3_3
Parameters: 0.9999958750830887 -0.0009581298982360453 0.0028647259428167225 0.0009792696380892822 0.9999720298819909 -0.0074699921535708175 -0.002857650549183173 0.0074730178492685845 0.9999681966890429 0.11829379647593896 -0.15944732920056026 -0.3081368337151389
FixedParameters: 0 0 0
#Transform 259
Transform: MatrixOffsetTransformBase_double_3_3
Parameters: 0.999996155745205 -0.0015697108846683574 0.0023192374190696193 0.001585122392669007 0.9999784954061803 -0.006306252280342567 -0.0023093292375388815 0.006310736827944488 0.9999770651158193 0.10096234592569431 -0.11593529860645901 -0.22920570505226578
FixedParameters: 0 0 0
#Transform 260
Transform: MatrixOffsetTransformBase_double_3_3
Parameters: 0.9999965180097522 -0.0018387446161733773 0.0017606527251438613 0.0018461394022626497 0.9999905548546647 -0.003975820129127991 -0.001753523635964415 0.003979179034807337 0.999990321969519 0.02415959122993172 -0.11910629890040525 -0.060018704422105884
FixedParameters: 0 0 0
#Transform 261
Transform: MatrixOffsetTransformBase_double_3_3
Parameters: 0.999997048256654 -0.0015092745227397657 0.0021616696811456787 0.0015238438625026999 0.9999759285588843 -0.0068207126358888065 -0.002151892500841926 0.006824288228013009 0.9999740254343026 0.09314590612774509 -0.10750932639101052 -0.3902854258988384
FixedParameters: 0 0 0
#Transform 262
Transform: MatrixOffsetTransformBase_double_3_3
Parameters: 0.999997998868696 -0.0013659851085205076 0.0017708024819794446 0.001373649273679207 0.9999896705480215 -0.004268558230557384 -0.001764563816183151 0.004270434800669548 0.9999888708783827 0.08801423900452221 -0.12621321205024572 -0.1352161242568286
FixedParameters: 0 0 0
#Transform 263
Transform: MatrixOffsetTransformBase_double_3_3
Parameters: 0.9999962996661651 -0.0017029598099626993 0.0019490235594885963 0.001711910683040968 0.9999898104536756 -0.004246663353343824 -0.0019419680270296553 0.0042503407501751495 0.9999893894673076 0.008687356597803841 -0.09717557778749608 -0.09392904708263927
FixedParameters: 0 0 0
#Transform 264
Transform: MatrixOffsetTransformBase_double_3_3
Parameters: 0.9999972212694063 -0.0014081600970891402 0.0019487075554474394 0.0014224224115423532 0.9999709091808003 -0.00747315987619912 -0.0019374693608331048 0.00747584331062319 0.9999705740423569 0.10328431939741733 -0.04872390873337906 -0.4315619693809225
FixedParameters: 0 0 0
#Transform 265
Transform: MatrixOffsetTransformBase_double_3_3
Parameters: 0.9999957916964873 -0.0012352351194113264 0.002584969383777101 0.0012537933888861863 0.9999748796897843 -0.007023625179715984 -0.0025761796739615828 0.007027381209889744 0.9999721952409036 0.0985291738037688 -0.16096503081472235 -0.3650639690323487
FixedParameters: 0 0 0
#Transform 266
Transform: MatrixOffsetTransformBase_double_3_3
Parameters: 0.999996456630491 -0.001518399051852864 0.002288745341594894 0.0015274293763513933 0.9999918024067278 -0.003817423703375483 -0.0022824965453917697 0.003820579863330037 0.99999048452699 0.06545821541674002 -0.2030475881263527 -0.158884192490774
FixedParameters: 0 0 0
#Transform 267
Transform: MatrixOffsetTransformBase_double_3_3
Parameters: 0.9999961554970465 -0.001238303000194966 0.002304582327937055 0.0012537457047547393 0.9999774948900179 -0.006535965544193709 -0.0022962153177436967 0.006539031137825849 0.9999761817566349 0.1123596142261647 -0.17854043003939069 -0.4298703661215768
FixedParameters: 0 0 0
#Transform 268
Transform: MatrixOffsetTransformBase_double_3_3
Parameters: 0.9999958337086703 -0.001119860968912357 0.002629267662321386 0.001134709854415246 0.9999817613040928 -0.005977875516951822 -0.0026225641332494206 0.005981128702506652 0.999978562753775 0.11264021315390949 -0.16778926395696203 -0.20089135407631886
FixedParameters: 0 0 0
#Transform 269
Transform: MatrixOffsetTransformBase_double_3_3
Parameters: 0.9999980157372876 -0.000982496759114158 0.0020046018653297757 0.0009928209405033067 0.9999891275386108 -0.004662938917902731 -0.0019997750221045995 0.004665065931458531 0.9999873820933147 0.11886519956334496 -0.13685018226252055 -0.15818868724393553
FixedParameters: 0 0 0
#Transform 270
Transform: MatrixOffsetTransformBase_double_3_3
Parameters: 0.9999961083811283 -0.0014483242717095066 0.0024072648261675295 0.0014636126278048788 0.9999770437645094 -0.006672409179465266 -0.002397599690340227 0.006675599512978275 0.9999749788390169 0.12983045484266142 -0.11438067308240818 -0.3905031554200207
FixedParameters: 0 0 0
#Transform 271
Transform: MatrixOffsetTransformBase_double_3_3
Parameters: 0.9999967177617349 -0.0012339290126731747 0.0021816853589377385 0.001243285412985636 0.9999896752505216 -0.004308206365053302 -0.0021763180477112672 0.004310787527121496 0.9999878987264963 0.10687656695715475 -0.10294840867793198 -0.14209283295397768
FixedParameters: 0 0 0
#Transform 272
Transform: MatrixOffsetTransformBase_double_3_3
Parameters: 0.9999957530781337 -0.0010066643893422722 0.0026892310095993775 0.001024245351589747 0.9999772662286487 -0.006738104437704423 -0.0026831696043269036 0.006739903981411777 0.9999736573328882 0.12773743927023418 -0.12886103989588094 -0.28105005051982346
FixedParameters: 0 0 0
#Transform 273
Transform: MatrixOffsetTransformBase_double_3_3
Parameters: 0.999995369458502 -0.0015095451085341237 0.0025204530526019807 0.0015257976901123919 0.9999772902693458 -0.006564082551871381 -0.0025102921153905924 0.006567912191153311 0.9999748533963512 0.13251710217660673 -0.10524477348269556 -0.3931405887026074
FixedParameters: 0 0 0
#Transform 274
Transform: MatrixOffsetTransformBase_double_3_3
Parameters: 0.9999950907943264 -0.0009480410253391673 0.0028303048420304663 0.000961245770159842 0.999989482270501 -0.0045150589834538485 -0.0028257676670351306 0.0045179409031837064 0.999985810680739 0.112067801486333 -0.16241128061508903 -0.15926204061562999
FixedParameters: 0 0 0
#Transform 275
Transform: MatrixOffsetTransformBase_double_3_3
Parameters: 0.9999958987308951 -0.001707529900954872 0.0022773381917051308 0.0017214281987140583 0.9999787047073916 -0.00632708218342487 -0.002266552586109487 0.0063309176627238395 0.9999770805780885 0.1398478383254087 -0.10422844264658693 -0.447042491405341
FixedParameters: 0 0 0
#Transform 276
Transform: MatrixOffsetTransformBase_double_3_3
Parameters: 0.9999961776531419 -0.0014621846167130466 0.002383922495594536 0.0014762113482755608 0.9999815876413123 -0.005826332304831136 -0.0023757944857799784 0.005829669392905301 0.9999806581245968 0.1212908835639297 -0.1737747686829323 -0.21322041371024625
FixedParameters: 0 0 0
#Transform 277
Transform: MatrixOffsetTransformBase_double_3_3
Parameters: 0.9999976390935915 -0.0014535626519631456 0.0018020503369251676 0.0014618929902967274 0.9999892773769994 -0.004400360286077279 -0.0017956733365123597 0.004402638555522739 0.9999886150775631 0.06777494617149671 -0.1367776972004009 -0.11320602166169635
FixedParameters: 0 0 0
#Transform 278
Transform: MatrixOffsetTransformBase_double_3_3
Parameters: 0.9999960517455845 -0.0018389076554095104 0.002137009794388266 0.0018518655814737202 0.9999795956647392 -0.006056040037881474 -0.0021257173287461536 0.006059951490750587 0.9999790565851069 0.11500664445087239 -0.11453010310796685 -0.4613678582689005
FixedParameters: 0 0 0
#Transform 279
Transform: MatrixOffsetTransformBase_double_3_3
Parameters: 0.999996000076388 -0.0015673000305116659 0.002558097739606572 0.001582682915452528 0.9999814980842265 -0.0058908792517619185 -0.002548456845383486 0.005895116638997111 0.9999790463589853 0.12482109716832213 -0.16159432792210282 -0.20315083928372246
FixedParameters: 0 0 0
