#Insight Transform File V1.0
#Transform 0
Transform: MatrixOffsetTransformBase_double_3_3
Parameters: 0.999996487051163 0.0004897049268641632 0.0024824059916408805 -0.00047569111794979 0.9999847079165263 -0.005582479051587347 -0.0024845243679139095 0.00558120297506523 0.9999816892823005 0.2435930454410311 -0.18296344455988844 -0.1714974255524453
FixedParameters: 0 0 0
#Transform 1
Transform: MatrixOffsetTransformBase_double_3_3
Parameters: 0.9999980463096366 0.0004114594394484016 0.0021716642215210066 -0.0003999398520718499 0.9999864773179027 -0.005145796169464645 -0.002173663920037844 0.0051452921093597115 0.9999847525188548 0.23259821529985913 -0.11426095050263996 -0.10108939124246774
FixedParameters: 0 0 0
#Transform 2
Transform: MatrixOffsetTransformBase_double_3_3
Parameters: 0.9999948990483908 0.0006231394980089032 0.0031018936445427747 -0.0006018634623223907 0.9999744588110042 -0.007098361847712675 -0.0031069807156076656 0.007096737182380353 0.9999698645169666 0.2492997070251306 -0.21115776126816854 -0.3416415213117574
FixedParameters: 0 0 0
#Transform 3
Transform: MatrixOffsetTransformBase_double_3_3
Parameters: 0.999994662410574 0.0008783748823917858 0.0032199574599049013 -0.000856078162481717 0.9999752240411492 -0.006956280716431562 -0.0032262312158373024 0.006953858586845968 0.9999700848782279 0.2483264469931754 -0.23769277143526324 -0.17991293286223708
FixedParameters: 0 0 0
#Transform 4
Transform: MatrixOffsetTransformBase_double_3_3
Parameters: 0.9999946041674168 0.0009793215598029566 0.0031789587074302975 -0.0009548306773352203 0.999969466706255 -0.007807193880264379 -0.003185611814991565 0.007804095246115417 0.9999649461608071 0.25420586728007777 -0.2286275338387611 -0.19151422559843922
FixedParameters: 0 0 0
#Transform 5
Transform: MatrixOffsetTransformBase_double_3_3
Parameters: 0.9999943207472942 0.0008586292822661415 0.0032623550785515557 -0.0008285065243749277 0.9999551415266199 -0.009405213975349186 -0.0032702741060241097 0.009402451087773711 0.9999499076557608 0.27130719858993757 -0.28792081710277273 -0.3403130866437323
FixedParameters: 0 0 0
#Transform 6
Transform: MatrixOffsetTransformBase_double_3_3
Parameters: 0.9999937030548084 0.0008694422648156085 0.0035102396906839875 -0.000840370928516871 0.9999637818790658 -0.00847485957837732 -0.003518069982792388 0.008471902039600576 0.9999577548189813 0.26264860672564794 -0.27278222148753173 -0.32385259005044986
FixedParameters: 0 0 0
#Transform 7
Transform: MatrixOffsetTransformBase_double_3_3
Parameters: 0.999994383081678 0.0009441428680791479 0.003232494145327107 -0.0009172914061772244 0.9999674064517078 -0.008067224806725587 -0.0032402537656321395 0.00806424110762799 0.9999624147853763 0.2577320038511459 -0.27086807374291766 -0.1919350230880923
FixedParameters: 0 0 0
#Transform 8
Transform: MatrixOffsetTransformBase_double_3_3
Parameters: 0.9999943975711441 0.0009544901541601878 0.0030747543013459333 -0.0009310228390556965 0.999971799234979 -0.0074619886588929984 -0.0030825596792416407 0.00745936254339688 0.9999677438250562 0.2411023920855655 -0.2274931623399965 -0.12186435123626893
FixedParameters: 0 0 0
#Transform 9
Transform: MatrixOffsetTransformBase_double_3_3
Parameters: 0.9999933654574088 0.0006751488444843162 0.003466416251069533 -0.0006450381384683155 0.9999641419686479 -0.008463394784201439 -0.003472303237983143 0.008460990352821163 0.9999583272635192 0.26307667587690275 -0.24891242850891615 -0.33170050874801404
FixedParameters: 0 0 0
#Transform 10
Transform: MatrixOffsetTransformBase_double_3_3
Parameters: 0.9999935855905502 0.0006771931401406651 0.0035780567495039203 -0.0006442789128978492 0.9999595268384319 -0.009012509311854017 -0.003584672606869843 0.009009799984095374 0.9999529558093737 0.28028013019410025 -0.2967940990905902 -0.3420974386608009
FixedParameters: 0 0 0
#Transform 11
Transform: MatrixOffsetTransformBase_double_3_3
Parameters: 0.9999935768723386 0.0005265522401012137 0.0034702537825154756 -0.000495567184819707 0.9999598536223046 -0.008884801136466863 -0.0034750704677687094 0.008882351444550268 0.9999540881752843 0.27067046813185414 -0.2954593848168372 -0.206180958667062
FixedParameters: 0 0 0
#Transform 12
Transform: MatrixOffsetTransformBase_double_3_3
Parameters: 0.9999945157408672 0.0005218077200549705 0.003177071581850488 -0.0004961238508239324 0.9999675287477532 -0.008087631307563403 -0.0031811137651828053 0.008086432406751276 0.9999624211907334 0.2552617191655884 -0.23322378088782614 -0.1725330454632683
FixedParameters: 0 0 0
#Transform 13
Transform: MatrixOffsetTransformBase_double_3_3
Parameters: 0.9999921452438056 0.0005594404413500073 0.003794758123930965 -0.0005241635477298782 0.999957123481675 -0.009207599280157797 -0.0037993323786135805 0.009205908499723914 0.9999507754715692 0.28054468888169026 -0.2934976785002448 -0.4038352376062875
FixedParameters: 0 0 0
#Transform 14
Transform: MatrixOffsetTransformBase_double_3_3
Parameters: 0.9999924328674439 0.00039127184101894665 0.0037925835092680812 -0.000354701155179488 0.9999531415085785 -0.009682133895744072 -0.0037965119623896496 0.009680359959150897 0.999945891261044 0.2862582295919651 -0.3357504867503991 -0.368394636107638
FixedParameters: 0 0 0
#Transform 15
Transform: MatrixOffsetTransformBase_double_3_3
Parameters: 0.9999948309227604 0.00031061783836119645 0.003165887579889101 -0.000282334291057792 0.9999603089212971 -0.008868211696145933 -0.003168284656963845 0.0088672927564806 0.9999553453726885 0.2780385823934495 -0.3017088686174816 -0.23643575842041287
FixedParameters: 0 0 0
#Transform 16
Transform: MatrixOffsetTransformBase_double_3_3
Parameters: 0.9999933727348406 0.00025880228781640334 0.0035395343707750257 -0.00022475674401058274 0.9999555225004549 -0.009457414223575739 -0.00354116546895631 0.009456683737982474 0.9999490429510528 0.2847209512297013 -0.305196154746497 -0.32323525529845654
FixedParameters: 0 0 0
#Transform 17
Transform: MatrixOffsetTransformBase_double_3_3
Parameters: 0.9999917867561643 0.00005390499025821269 0.003917192851939172 -0.000015589771534193185 0.9999507647498933 -0.009904824570782761 -0.003917578644924993 0.009904780533821905 0.9999435376400605 0.29513567477437164 -0.34315843825189063 -0.45400080686052036
FixedParameters: 0 0 0
#Transform 18
Transform: MatrixOffsetTransformBase_double_3_3
Parameters: 0.9999926988465423 0.00009055360055417426 0.0037954285183169553 -0.000056156861104330984 0.9999577931254661 -0.009169869093786781 -0.003796207947544608 0.00916946958402115 0.9999505102220843 0.2730545363930901 -0.32767562271212114 -0.2940084722395824
FixedParameters: 0 0 0
#Transform 19
Transform: MatrixOffsetTransformBase_double_3_3
Parameters: 0.9999949157711743 -0.00013932242246795026 0.0033527515838103553 0.00017163460437320203 0.9999535338431331 -0.009652373558168031 -0.0033510038430970765 0.009652193590378416 0.9999476932791621 0.27736825360817363 -0.31648711159782295 -0.33164319482980886
FixedParameters: 0 0 0
#Transform 20
Transform: MatrixOffsetTransformBase_double_3_3
Parameters: 0.9999931113034064 -0.00006280198897703256 0.0036172959913495784 0.00010021639547295926 0.999944667412212 -0.010496513753799952 -0.003617021353169811 0.010497086714392312 0.9999386671513776 0.29611457686769427 -0.3451493952698854 -0.4627889330976558
FixedParameters: 0 0 0
#Transform 21
Transform: MatrixOffsetTransformBase_double_3_3
Parameters: 0.999992060670671 -0.00011216326622189021 0.0038887201734294774 0.0001523183504455114 0.9999479725866437 -0.010233387960442986 -0.003887010638352728 0.010233392096740929 0.9999402491188926 0.29639412017851896 -0.35141135215516783 -0.39677539964387165
FixedParameters: 0 0 0
#Transform 22
Transform: MatrixOffsetTransformBase_double_3_3
Parameters: 0.999994148636442 -0.00038988966329090834 0.0034623914104150166 0.0004249985606568484 0.9999506780687837 -0.009936171978067149 -0.003457693260367628 0.009936728853966709 0.999944425177161 0.28615811739688013 -0.32146751657444383 -0.2441345817093321
FixedParameters: 0 0 0
#Transform 23
Transform: MatrixOffsetTransformBase_double_3_3
Parameters: 0.9999933432151386 -0.0005431577258786218 0.003572595521121498 0.0005801638146154314 0.9999477927069454 -0.010220188563458743 -0.0035666142566212478 0.010222080581137799 0.9999417989950261 0.29507018541970353 -0.2935738779199255 -0.4019578494256564
FixedParameters: 0 0 0
#Transform 24
Transform: MatrixOffsetTransformBase_double_3_3
Parameters: 0.9999931962919393 -0.00023125884903287246 0.0036125012829643158 0.00026913078563578843 0.9999450497937499 -0.01046835068673646 -0.0036107130685167285 0.010468927342881323 0.9999383488595329 0.277916405816228 -0.3479514265011687 -0.5434319075629617
FixedParameters: 0 0 0
#Transform 25
Transform: MatrixOffsetTransformBase_double_3_3
Parameters: 0.99999453746229 -0.00043072949078930625 0.0032592469109054487 0.00046390463965667855 0.9999486473036899 -0.010141830692426329 -0.003254996275127646 0.01014347511651828 0.9999434441611413 0.2578676692575357 -0.35498051333276237 -0.3303249047652628
FixedParameters: 0 0 0
#Transform 26
Transform: MatrixOffsetTransformBase_double_3_3
Parameters: 0.99999421881006 -0.0008012279043927853 0.00340994791429048 0.0008336829262528839 0.9999530716164247 -0.009633744446101766 -0.0034013649836305976 0.009637044690323615 0.9999474888601685 0.2663640684800157 -0.316863712125496 -0.2988236946333416
FixedParameters: 0 0 0
#Transform 27
Transform: MatrixOffsetTransformBase_double_3_3
Parameters: 0.9999934956399666 -0.0007968535309221866 0.003523812493752325 0.000831803004724698 0.9999501894780827 -0.0099775059785773 -0.0035158545349517553 0.00997989412958658 0.9999440550019246 0.28065893917562335 -0.31336438521677223 -0.5509204565012453
FixedParameters: 0 0 0
#Transform 28
Transform: MatrixOffsetTransformBase_double_3_3
Parameters: 0.9999924188972296 -0.0006469929690662785 0.0038288971593625765 0.0006857037635826929 0.999949122913006 -0.010049112209935818 -0.0038224894584812097 0.010052242215021462 0.9999422592971301 0.290736094234191 -0.37618743349044337 -0.4089957828283133
FixedParameters: 0 0 0
#Transform 29
Transform: MatrixOffsetTransformBase_double_3_3
Parameters: 0.9999944463351577 -0.000983975081990174 0.003199118038561967 0.0010161608030411946 0.9999497034355738 -0.009985054173286073 -0.0031899640144145078 0.009987993934131634 0.9999449722967871 0.2614905474544571 -0.3408809330276341 -0.3257818461862598
FixedParameters: 0 0 0
#Transform 30
Transform: MatrixOffsetTransformBase_double_3_3
Parameters: 0.9999930209676404 -0.0005774419806916804 0.0036168282970573326 0.0006117275513141673 0.9999542791134248 -0.009588168586421142 -0.00361143451116841 0.009590388566285163 0.9999479550863941 0.281219148698284 -0.28985632736716127 -0.5442186181834359
FixedParameters: 0 0 0
#Transform 31
Transform: MatrixOffsetTransformBase_double_3_3
Parameters: 0.9999925084062162 -0.0004862209744393789 0.003695422879593152 0.0005234813133042611 0.9999476547684415 -0.01018120891521479 -0.003690364040872564 0.01018299620208904 0.9999416948317021 0.27215521879847415 -0.3786766035753999 -0.45637017275683434
FixedParameters: 0 0 0
#Transform 32
Transform: MatrixOffsetTransformBase_double_3_3
Parameters: 0.9999943691295701 -0.0008429120605915391 0.003067178457983287 0.0008719896204125105 0.9999542879929013 -0.009515207082358507 -0.003058585109325322 0.009518115160687235 0.9999499711602612 0.27922465477600156 -0.31782354433278215 -0.3206498153474797
FixedParameters: 0 0 0
#Transform 33
Transform: MatrixOffsetTransformBase_double_3_3
Parameters: 0.9999922198727156 -0.0004517742390563826 0.003867943485225657 0.000488255099640106 0.9999539188386706 -0.009614037976086481 -0.003863512307977046 0.009615734870411563 0.9999466340493369 0.3146021007805615 -0.2679905398142779 -0.6187786408179647
FixedParameters: 0 0 0
#Transform 34
Transform: MatrixOffsetTransformBase_double_3_3
Parameters: 0.9999915201943748 -0.00100720193217643 0.003897087543060944 0.0010483559512853066 0.9999429000253617 -0.01064866477780671 -0.0038863247743041937 0.010653249140854665 0.9999352821334028 0.30991231996662805 -0.38170498406016407 -0.45909765502325683
FixedParameters: 0 0 0
#Transform 35
Transform: MatrixOffsetTransformBase_double_3_3
Parameters: 0.9999946470950793 -0.0011289598232959545 0.0029642202148622704 0.0011579997347446217 0.9999478793311853 -0.010110361960096959 -0.0029532437607542664 0.010113712766152805 0.9999448374515942 0.2830071384301931 -0.3414244606163095 -0.38714260417698654
FixedParameters: 0 0 0
#Transform 36
Transform: MatrixOffsetTransformBase_double_3_3
Parameters: 0.9999942208254785 -0.0009052763540528062 0.003243152467832716 0.0009386936769208137 0.9999462412290543 -0.010310423280359138 -0.0032330177168135577 0.010312871197945828 0.9999412002425538 0.2943501574421248 -0.33189228555420414 -0.5381336255075979
FixedParameters: 0 0 0
#Transform 37
Transform: MatrixOffsetTransformBase_double_3_3
Parameters: 0.9999914503419015 -0.0009869220115170524 0.004030424392853768 0.001028904003556803 0.9999440667411712 -0.010501343728955642 -0.00401905228975083 0.010506283612206624 0.9999363856230588 0.31301729961725755 -0.3646549830706789 -0.5970515449632927
FixedParameters: 0 0 0
#Transform 38
Transform: MatrixOffsetTransformBase_double_3_3
Parameters: 0.9999945799147784 -0.0007756936953412594 0.003212179028700697 0.0008078084855062811 0.9999493056978147 -0.01003125312606945 -0.0032041140326902195 0.01003411162477863 0.9999449606718664 0.2843840827069499 -0.3540051831936495 -0.33282232702261183
FixedParameters: 0 0 0
#Transform 39
Transform: MatrixOffsetTransformBase_double_3_3
Parameters: 0.9999937786996479 -0.000718378108851031 0.0034830249159557916 0.0007499998254297683 0.9999584838340805 -0.009140028744290984 -0.00347551618411604 0.009142936968460053 0.9999523108274254 0.2951003590915491 -0.22801937414102724 -0.5404266803200812
FixedParameters: 0 0 0
#Transform 40
Transform: MatrixOffsetTransformBase_double_3_3
Parameters: 0.9999937558915784 -0.001473666303205664 0.0031163932521463406 0.0014967239660032688 0.9999725923330525 -0.007313775645720416 -0.0031052665923608225 0.007318506228802896 0.9999678316177305 0.28994159998278235 -0.32227174432283334 -0.22805418038261394
FixedParameters: 0 0 0
#Transform 41
Transform: MatrixOffsetTransformBase_double_3_3
Parameters: 0.9999922957377383 -0.0013127528811374325 0.0038421804790822675 0.001347695267714004 0.9999578540514882 -0.00908313635664984 -0.0038304578164699843 0.009088339654115235 0.9999517704563112 0.30112224939860255 -0.307372722952465 -0.27372874688322213
FixedParameters: 0 0 0
#Transform 42
Transform: MatrixOffsetTransformBase_double_3_3
Parameters: 0.9999938000878865 -0.0017975417447393064 0.0031688902350208714 0.0018302933670390322 0.9999446658750049 -0.01034965133029217 -0.003150354178805395 0.010355352100467424 0.9999416312267081 0.28597563530331627 -0.34625010850413673 -0.11384856471396176
FixedParameters: 0 0 0
#Transform 43
Transform: MatrixOffsetTransformBase_double_3_3
Parameters: 0.9999924770354973 -0.0018527471830616336 0.003494928507699155 0.001889510156522371 0.9999443344311484 -0.010395694042326153 -0.003475609286504616 0.010401851470302953 0.9999396154370621 0.29553402305117515 -0.35950297486738236 -0.38201949228084686
FixedParameters: 0 0 0
#Transform 44
Transform: MatrixOffsetTransformBase_double_3_3
Parameters: 0.9999920130352318 -0.0014298349570920745 0.0035879927533139025 0.001468151803431626 0.9999416749729213 -0.010691197812386255 -0.0035727466426186127 0.010696104123526284 0.9999367580945463 0.3103625702902377 -0.39625261319807237 -0.25612324757757676
FixedParameters: 0 0 0
#Transform 45
Transform: MatrixOffsetTransformBase_double_3_3
Parameters: 0.9999937509539369 -0.0016003348539950363 0.003267366233385971 0.0016360888370401255 0.9999391225963216 -0.010923272041362397 -0.003249255061195694 0.01092793019258595 0.9999349097365882 0.2998883173667224 -0.359714806054086 -0.08404581385389065
FixedParameters: 0 0 0
#Transform 46
Transform: MatrixOffsetTransformBase_double_3_3
Parameters: 0.9999934467988504 -0.0014242609925886537 0.0033852392626801814 0.0014618172848893923 0.9999394456799541 -0.010939728218151756 -0.0033698791030482497 0.010944788559679175 0.9999346521920027 0.3156553992211997 -0.3232583842887351 -0.4301825570415474
FixedParameters: 0 0 0
#Transform 47
Transform: MatrixOffsetTransformBase_double_3_3
Parameters: 0.999991868175722 -0.001134778762806406 0.0039517540509917196 0.001176434350124633 0.9999430415956333 -0.010569880690542738 -0.003939347810282205 0.010573927188619714 0.9999367460771658 0.33022710745648 -0.3594372960559724 -0.38412714284437754
FixedParameters: 0 0 0
#Transform 48
Transform: MatrixOffsetTransformBase_double_3_3
Parameters: 0.9999918954345182 -0.0014159794874340622 0.0038758621931939963 0.0014555288744743352 0.999944220420692 -0.010430011842628928 -0.0038608204954145645 0.010435779800824191 0.9999381346963927 0.3389663354522696 -0.3560546003141809 -0.22087444578724558
FixedParameters: 0 0 0
#Transform 49
Transform: MatrixOffsetTransformBase_double_3_3
Parameters: 0.9999919348978967 -0.0013063038785011858 0.00376339021096727 0.001343613506632835 0.9999499540374788 -0.009869208896640919 -0.003750222177412166 0.00987405558011728 0.9999444681279427 0.3214540315500045 -0.2905509260261425 -0.3038961817601802
FixedParameters: 0 0 0
#Transform 50
Transform: MatrixOffsetTransformBase_double_3_3
Parameters: 0.9999921586009802 -0.0010220953206433805 0.003931146806917918 0.0010618957771093085 0.999948212855691 -0.010103672077925674 -0.0039198947927008565 0.010108831926097045 0.9999413578861599 0.3340725581524566 -0.34182435189340765 -0.501472325589063
FixedParameters: 0 0 0
#Transform 51
Transform: MatrixOffsetTransformBase_double_3_3
Parameters: 0.9999924219038648 -0.001109954863840963 0.0037464889667805368 0.0011453712821097297 0.9999539772583426 -0.009487671437137385 -0.0037358294946186477 0.009492041580049154 0.9999479446817393 0.3220917542706019 -0.34978022943207066 -0.26411664912072297
FixedParameters: 0 0 0
#Transform 52
Transform: MatrixOffsetTransformBase_double_3_3
Parameters: 0.9999940921265719 -0.0008902183337407728 0.0034226488695136836 0.0009241486084574672 0.9999495762517628 -0.010000250316526599 -0.003413920082967932 0.010003143429006683 0.9999442421650567 0.31740958113462625 -0.3323231498856387 -0.32724481184523313
FixedParameters: 0 0 0
#Transform 53
Transform: MatrixOffsetTransformBase_double_3_3
Parameters: 0.9999946831997537 -0.0012489904622981557 0.003085887145494688 0.0012810333926474675 0.9999448521485349 -0.01038914473036251 -0.0030727968656787397 0.010393454318073397 0.9999413340852943 0.2952647786759286 -0.3522686315471333 -0.5421102549166363
FixedParameters: 0 0 0
#Transform 54
Transform: MatrixOffsetTransformBase_double_3_3
Parameters: 0.9999939586099259 -0.0014275557002690446 0.0033051292224878653 0.0014609610621087801 0.999944730699402 -0.010411612450343055 -0.00329079239112684 0.010416505316893032 0.9999404733496514 0.2991129358795348 -0.3997436480397596 -0.2961833977781936
FixedParameters: 0 0 0
#Transform 55
Transform: MatrixOffsetTransformBase_double_3_3
Parameters: 0.9999947173755189 -0.0014425133862918278 0.0030122022137968885 0.0014744435035815486 0.9999437229807449 -0.01051256566133052 -0.0029969415144337833 0.010517593184716595 0.9999401091983559 0.2851284177132243 -0.3356336152703392 -0.31999353164405875
FixedParameters: 0 0 0
#Transform 56
Transform: MatrixOffsetTransformBase_double_3_3
Parameters: 0.9999924810004371 -0.0016592559465286039 0.0035890390308566597 0.0017010515919834227 0.999930928094333 -0.011673081892623338 -0.0035691094052824127 0.01167916354315876 0.9999256505010372 0.31075837182147836 -0.4019033271986814 -0.5884094844282259
FixedParameters: 0 0 0
#Transform 57
Transform: MatrixOffsetTransformBase_double_3_3
Parameters: 0.9999929058399822 -0.0014387407869254866 0.003599646555759471 0.001476983823655859 0.9999406315438113 -0.010784763057186592 -0.0035837986723412305 0.01078971616683036 0.9999356733413561 0.3212814870513654 -0.40485712511645033 -0.41740685084843676
FixedParameters: 0 0 0
#Transform 58
Transform: MatrixOffsetTransformBase_double_3_3
Parameters: 0.9999937508751794 -0.001396150894385593 0.0031877005910649486 0.001427325609941874 0.9999480836257733 -0.010113095134877959 -0.0031738623397013013 0.01011824263218522 0.9999432846938149 0.29811106948857 -0.3397187726175588 -0.3132881725422294
FixedParameters: 0 0 0
#Transform 59
Transform: MatrixOffsetTransformBase_double_3_3
Parameters: 0.9999937474968495 -0.0015428475011726806 0.0032879758419267213 0.0015781928454943785 0.9999392995072963 -0.010929285457293658 -0.0032699742578865335 0.010934556484207963 0.9999345565953676 0.31082380141093324 -0.3417664358643435 -0.6118947579015241
FixedParameters: 0 0 0
#Transform 60
Transform: MatrixOffsetTransformBase_double_3_3
Parameters: 0.999993643658436 -0.0015766839782232764 0.0032935778011825914 0.0016118479091151274 0.9999424646301567 -0.010586727813769653 -0.0032768943500650974 0.010591643780869325 0.9999389532585243 0.30290846450716913 -0.40250275676233116 -0.4037333478826781
FixedParameters: 0 0 0
#Transform 61
Transform: MatrixOffsetTransformBase_double_3_3
Parameters: 0.999993738064518 -0.0017865929933157162 0.0030153494670587463 0.001817766277900524 0.9999454476769183 -0.010272537465466303 -0.0029966197819631807 0.010278684067640126 0.9999430633898798 0.2984529928279045 -0.34395247691146835 -0.3833461161048888
FixedParameters: 0 0 0
#Transform 62
Transform: MatrixOffsetTransformBase_double_3_3
Parameters: 0.9999920037976722 -0.0017571665268971111 0.003462092616970343 0.0017920151979049148 0.9999448205045377 -0.010348117437447846 -0.003443920520899986 0.010354687007203267 0.9999407204264786 0.31936604923380685 -0.3310016552782713 -0.624199814361134
FixedParameters: 0 0 0
#Transform 63
Transform: MatrixOffsetTransformBase_double_3_3
Parameters: 0.9999918225441974 -0.001920702307232047 0.003558750211750464 0.001957461724691337 0.9999446485549953 -0.010367384636973481 -0.0035389719590386143 0.010374198277499191 0.9999397057184488 0.30741626238308584 -0.3811099332721426 -0.5037911182919288
FixedParameters: 0 0 0
#Transform 64
Transform: MatrixOffsetTransformBase_double_3_3
Parameters: 0.999993629388387 -0.001750298661100604 0.003041819086425007 0.0017791605773213323 0.999954241834037 -0.009420234756440854 -0.003025247803024593 0.009425138101679248 0.9999509164400001 0.29713493028758364 -0.2896986260243466 -0.43473745113657003
FixedParameters: 0 0 0
#Transform 65
Transform: MatrixOffsetTransformBase_double_3_3
Parameters: 0.9999912330485693 -0.001689712850616149 0.0037145311012770146 0.0017233580653588142 0.9999582643778209 -0.008987625778934444 -0.0036984472753716843 0.008993833278131302 0.9999525306681071 0.3216325146934764 -0.33605062065068125 -0.7058974145842853
FixedParameters: 0 0 0
#Transform 66
Transform: MatrixOffsetTransformBase_double_3_3
Parameters: 0.9999920808701718 -0.001721379169691342 0.003591365974506419 0.0017545646260236957 0.9999552521361602 -0.009256365674319894 -0.003574972988363574 0.009262361786284451 0.9999504707800557 0.3207525062002077 -0.3459144661754152 -0.46403749562760765
FixedParameters: 0 0 0
#Transform 67
Transform: MatrixOffsetTransformBase_double_3_3
Parameters: 0.999993963672135 -0.001788082957105779 0.002963111967275521 0.0018149933199487931 0.9999558167525309 -0.009168441147576145 -0.0029466879631856943 0.00917361176911935 0.999954045572219 0.3027169548933699 -0.3194564910600519 -0.4168625246454951
FixedParameters: 0 0 0
#Transform 68
Transform: MatrixOffsetTransformBase_double_3_3
Parameters: 0.9999925609294534 -0.0017507673497365595 0.0033521903971261563 0.001778686335749913 0.9999646095945561 -0.008201599532374843 -0.0033379535952364134 0.008206990782528706 0.9999605976228007 0.3082283929506815 -0.24352154186090047 -0.664669310405273
FixedParameters: 0 0 0
#Transform 69
Transform: MatrixOffsetTransformBase_double_3_3
Parameters: 0.9999939608171325 -0.0015544130407200594 0.003062847601059168 0.0015789957826077162 0.9999665919632714 -0.008067877976871779 -0.003050480193309793 0.0080718534636193 0.9999626033252801 0.2919935552036179 -0.2808601932807022 -0.4968120667649032
FixedParameters: 0 0 0
#Transform 70
Transform: MatrixOffsetTransformBase_double_3_3
Parameters: 0.9999962430063886 -0.0016542705900248634 0.002173619881816566 0.0016718227357469468 0.9999669260148594 -0.00792231595994869 -0.0021601937051993897 0.007925978225301528 0.9999663218281966 0.27170476065877835 -0.23881105516070988 -0.3394991973020609
FixedParameters: 0 0 0
#Transform 71
Transform: MatrixOffsetTransformBase_double_3_3
Parameters: 0.9999961432719104 -0.0012571246293110938 0.002607172270560204 0.0012741022609513084 0.9999777525141673 -0.006556880594740688 -0.0025993911423648763 0.006559241552787309 0.9999753289089823 0.29018065093460166 -0.18440465889111124 -0.6568689667218024
FixedParameters: 0 0 0
#Transform 72
Transform: MatrixOffsetTransformBase_double_3_3
Parameters: 0.9999932036872284 -0.0018540539518684326 0.003174550451033639 0.001873536468606194 0.9999796648997531 -0.0061559848181530485 -0.003163780199956494 0.006161495422868285 0.9999762353205156 0.29627589121656683 -0.2108679954272361 -0.22327692932037735
FixedParameters: 0 0 0
#Transform 73
Transform: MatrixOffsetTransformBase_double_3_3
Parameters: 0.9999923684501022 -0.0024144638357336407 0.00311982627370877 0.0024358499338838213 0.9999746232438848 -0.006659768764949059 -0.0031038448350754824 0.006667264998464512 0.9999730717540706 0.3241050248698514 -0.1546640754456945 -0.3021470025625774
FixedParameters: 0 0 0
#Transform 74
Transform: MatrixOffsetTransformBase_double_3_3
Parameters: 0.9999901873181444 -0.0021761601053507246 0.0039795438703544225 0.002197770287229518 0.9999821752324395 -0.005537719165637028 -0.0039675670155282575 0.005546308930243882 0.9999770644428578 0.3684012831717496 -0.18400094827255487 -0.5335895770157322
FixedParameters: 0 0 0
#Transform 75
Transform: MatrixOffsetTransformBase_double_3_3
Parameters: 0.999992458890214 -0.002307625792856949 0.003147813662907971 0.0023229750176475775 0.9999861448961825 -0.004733710502996535 -0.0031378445448227085 0.004740980808829759 0.9999840346609786 0.31968612465873036 -0.16739883577605497 -0.13017290587546881
FixedParameters: 0 0 0
#Transform 76
Transform: MatrixOffsetTransformBase_double_3_3
Parameters: 0.9999881101829428 -0.002064260527125463 0.004528417778971124 0.00209341693767757 0.9999768915323706 -0.006499787776778565 -0.004515255868623662 0.006509008333740768 0.9999688445896878 0.37426085440222323 -0.15468753621964026 -0.5725779179487063
FixedParameters: 0 0 0
#Transform 77
Transform: MatrixOffsetTransformBase_double_3_3
Parameters: 0.9999862004981993 -0.0024931940156953285 0.004662148879002001 0.0025284782922444437 0.9999689721755758 -0.007471927029151698 -0.004643477215811362 0.007483241481596986 0.9999610893204762 0.37094498322503 -0.24965021522038455 -0.3947030123574109
FixedParameters: 0 0 0
#Transform 78
Transform: MatrixOffsetTransformBase_double_3_3
Parameters: 0.9999898178669903 -0.0025217815754261935 0.0036833451802229106 0.002539320002419172 0.9999856603439111 -0.004747831004438874 -0.0036717394441155085 0.00475707789494792 0.9999814932064343 0.34855776185835907 -0.0975476939450175 -0.17577165790767424
FixedParameters: 0 0 0
#Transform 79
Transform: MatrixOffsetTransformBase_double_3_3
Parameters: 0.999987658557791 -0.0028607385918215625 0.003993367427254639 0.002878565517152469 0.9999865184474052 -0.004408550124106597 -0.003981283424667047 0.00441917670734393 0.9999825903829686 0.345763159687948 -0.15354691430323442 -0.13660054635232655
FixedParameters: 0 0 0
#Transform 80
Transform: MatrixOffsetTransformBase_double_3_3
Parameters: 0.9999851113607187 -0.002400050989079315 0.004904211535345641 0.002429856842413888 0.9999785638444503 -0.006065648226223297 -0.0048894580933192475 0.0060780640227030835 0.9999699657314316 0.3925699343263318 -0.14968178066260407 -0.4958500156125325
FixedParameters: 0 0 0
#Transform 81
Transform: MatrixOffsetTransformBase_double_3_3
Parameters: 0.9999854379015783 -0.0030297272097178597 0.004547089226280207 0.0030614795056969494 0.9999709086772602 -0.006972699863473403 -0.004526329298549535 0.006985922039429632 0.9999655139756842 0.38297218519177534 -0.2388168798875796 -0.28984037598908685
FixedParameters: 0 0 0
#Transform 82
Transform: MatrixOffsetTransformBase_double_3_3
Parameters: 0.9999889994480434 -0.002794155707922823 0.003755776941493004 0.0028149409375460357 0.9999808363058101 -0.0055432058602157275 -0.0037400563629643654 0.005553707710681061 0.9999777673939327 0.3473225483390081 -0.17821690584105454 -0.057594853513663224
FixedParameters: 0 0 0
#Transform 83
Transform: MatrixOffsetTransformBase_double_3_3
Parameters: 0.9999893391959574 -0.002484341034981021 0.0039337311123255475 0.0025106110922389494 0.9999749164605441 -0.006653745222387153 -0.0039169827931084256 0.006663114367570083 0.9999707812680917 0.3434732071758475 -0.13728436749133266 -0.4075958696212325
FixedParameters: 0 0 0
#Transform 84
Transform: MatrixOffsetTransformBase_double_3_3
Parameters: 0.9999880771122676 -0.0024680056445191244 0.004207075348140327 0.0024924083888559455 0.999980238502303 -0.005834892208697873 -0.004192170013449854 0.005845569081656038 0.9999738895989537 0.36297416454038967 -0.1803889474932987 -0.1817137351680742
FixedParameters: 0 0 0
#Transform 85
Transform: MatrixOffsetTransformBase_double_3_3
Parameters: 0.9999905359857767 -0.0025597047447473726 0.00356577125600617 0.0025779694980830655 0.9999832628783152 -0.005170484771592848 -0.0035526818711660788 0.005179339815245987 0.9999801066119852 0.36447053613646574 -0.11684823375391318 -0.1208742304533672
FixedParameters: 0 0 0
#Transform 86
Transform: MatrixOffsetTransformBase_double_3_3
Parameters: 0.9999864602523008 -0.0024633864325176273 0.004631665324849432 0.0024933975926018986 0.9999762055077497 -0.006465554389350897 -0.004615352366678628 0.006476668877160141 0.9999685427865066 0.3917279248940275 -0.14384251132452164 -0.43643416195003226
FixedParameters: 0 0 0
#Transform 87
Transform: MatrixOffsetTransformBase_double_3_3
Parameters: 0.999987298728312 -0.002516498204919492 0.004249852624088883 0.0025358125513512356 0.9999864948342402 -0.004524976835359018 -0.004238059770314127 0.00453560082415011 0.9999803730805709 0.37519801781601814 -0.14497004691213533 -0.10528436552374387
FixedParameters: 0 0 0
#Transform 88
Transform: MatrixOffsetTransformBase_double_3_3
Parameters: 0.9999855259963596 -0.0028460113654468224 0.004503512581355389 0.002870333062508775 0.9999815290816012 -0.005322151049396567 -0.004487853368745749 0.005334853901280995 0.9999753967198213 0.39391255157485716 -0.11059755217836198 -0.1689675071384471
FixedParameters: 0 0 0
#Transform 89
Transform: MatrixOffsetTransformBase_double_3_3
Parameters: 0.9999828178493432 -0.0026506140848247864 0.005207680518303594 0.00267991160107501 0.999980670457259 -0.005655107947825672 -0.005192669971913713 0.005668425284671819 0.9999701074003212 0.4329694922978433 -0.13723885740100172 -0.46127061177361384
FixedParameters: 0 0 0
#Transform 90
Transform: MatrixOffsetTransformBase_double_3_3
Parameters: 0.9999810205304273 -0.003078833274541285 0.0052397860320526 0.0031046900755508974 0.9999829998042219 -0.004991809482922105 -0.005224061494776298 0.005007715601753809 0.9999741184937023 0.42849203089853916 -0.15770014108342423 -0.10902531085865519
FixedParameters: 0 0 0
#Transform 91
Transform: MatrixOffsetTransformBase_double_3_3
Parameters: 0.9999857360166893 -0.003005047049911321 0.004492980302262625 0.0030289265700481132 0.9999820045418428 -0.005188201955376143 -0.004477454231177513 0.0052023058797414645 0.9999768377921473 0.4037735094554762 -0.10581142163994173 -0.14237707939308564
FixedParameters: 0 0 0
#Transform 92
Transform: MatrixOffsetTransformBase_double_3_3
Parameters: 0.9999826088423626 -0.002803926366845912 0.005253740635526555 0.002835778721656767 0.9999778842007231 -0.006062513574655981 -0.005236583387655848 0.0060766029212062644 0.9999678987601965 0.43419844089126514 -0.13437640965270248 -0.4565731758669358
FixedParameters: 0 0 0
#Transform 93
Transform: MatrixOffsetTransformBase_double_3_3
Parameters: 0.9999867722298077 -0.002826214925653856 0.004233149895099257 0.0028427752052032906 0.9999883444095115 -0.003852145513235733 -0.004222388256743231 0.003864211437116155 0.9999832946085776 0.3828135754635156 -0.10199298593363437 0.013619405726359446
FixedParameters: 0 0 0
#Transform 94
Transform: MatrixOffsetTransformBase_double_3_3
Parameters: 0.9999845726177343 -0.0026545307336629303 0.004814200858067892 0.002677732731186885 0.999985645925775 -0.004724670078459392 -0.004801737075493764 0.004737943243584786 0.9999775599036407 0.40144598241327856 -0.07264813240347223 -0.32567182012302
FixedParameters: 0 0 0
#Transform 95
Transform: MatrixOffsetTransformBase_double_3_3
Parameters: 0.9999834688730934 -0.002724618560839449 0.005095476826620232 0.002750300547450106 0.9999832668003628 -0.005101310642741302 -0.005080820122378024 0.005114945702621332 0.9999743107836018 0.41073047096249127 -0.1429019340014719 -0.3048799525142982
FixedParameters: 0 0 0
#Transform 96
Transform: MatrixOffsetTransformBase_double_3_3
Parameters: 0.9999856729284071 -0.0033061206406976833 0.004144215185039879 0.0033232158863163146 0.9999867960896778 -0.0039057388248268654 -0.0041314002033234765 0.003919778663302759 0.9999836936631847 0.4028545460204782 -0.12137177329739757 -0.017682004681986996
FixedParameters: 0 0 0
#Transform 97
Transform: MatrixOffsetTransformBase_double_3_3
Parameters: 0.9999818365741652 -0.002940837947903226 0.005246443308150932 0.002969142264904922 0.9999804071800271 -0.005428998824667103 -0.005230407731572878 0.005444632701526314 0.9999712899600647 0.4338889929938716 -0.03540772305514395 -0.47553475999241357
FixedParameters: 0 0 0
#Transform 98
Transform: MatrixOffsetTransformBase_double_3_3
Parameters: 0.9999872413168706 -0.0030095963767262364 0.004175310613794961 0.0030256273489014125 0.9999872715015519 -0.003975909732058358 -0.004163129670697818 0.003988831301727613 0.9999827909608912 0.3995390998209274 -0.11546615345206135 -0.051187489199421066
FixedParameters: 0 0 0
#Transform 99
Transform: MatrixOffsetTransformBase_double_3_3
Parameters: 0.9999801306833935 -0.0032160920920290613 0.005356783539707206 0.0032471295374584437 0.9999783216414618 -0.005789875833353358 -0.0053382993431433795 0.005806773462286197 0.9999692249488761 0.4533352566008091 -0.10558875114973887 -0.4062351114569651
FixedParameters: 0 0 0
#Transform 100
Transform: MatrixOffsetTransformBase_double_3_3
Parameters: 0.9999783562047331 -0.0030629158016050283 0.005858123098320317 0.003094444450498471 0.9999816297724836 -0.00530125928705108 -0.00584214675274318 0.005319514900823774 0.9999692063967968 0.46040830388882625 -0.16684508783275476 -0.24027190669113452
FixedParameters: 0 0 0
#Transform 101
Transform: MatrixOffsetTransformBase_double_3_3
Parameters: 0.9999854935075685 -0.0032295197965866544 0.004336386679007355 0.003245317758796655 0.9999879485937226 -0.003672557105500851 -0.004324467054065723 0.0036864861595788667 0.9999840122921219 0.4231277486774019 -0.09961783955010617 -0.061976925857223364
FixedParameters: 0 0 0
#Transform 102
Transform: MatrixOffsetTransformBase_double_3_3
Parameters: 0.9999812815196641 -0.0032814101441073244 0.005185665119907139 0.0033046282056699537 0.9999843301435745 -0.00449135737480158 -0.005171236673935861 0.004507933759038407 0.9999765724241215 0.45772584152602747 -0.017376172812376467 -0.4904772585147583
FixedParameters: 0 0 0
#Transform 103
Transform: MatrixOffsetTransformBase_double_3_3
Parameters: 0.9999869388725194 -0.003672149029931652 0.0034828825355067497 0.003681035936892272 0.9999900781659219 -0.0023950702102862875 -0.0034747500211658455 0.002408761424129241 0.9999912050425469 0.4101253622164478 -0.03498588988135509 0.06101580363619519
FixedParameters: 0 0 0
#Transform 104
Transform: MatrixOffsetTransformBase_double_3_3
Parameters: 0.9999811882299742 -0.004383046979834003 0.00421637994804791 0.004385449996536809 0.9999898456444382 -0.0005652718857210304 -0.004213868569675351 0.0005833765328921159 0.999991327907815 0.44928919165269576 -0.0310818815576539 0.07250262666541119
FixedParameters: 0 0 0
#Transform 105
Transform: MatrixOffsetTransformBase_double_3_3
Parameters: 0.999972972838576 -0.004058780655480877 0.006194021766095105 0.004078643252138094 0.9999866260198601 -0.003175119419583261 -0.0061807682212204895 0.003200446623859876 0.999975398545724 0.4956117054724558 -0.04631502167835322 -0.231268385112827
FixedParameters: 0 0 0
#Transform 106
Transform: MatrixOffsetTransformBase_double_3_3
Parameters: 0.9999790637842327 -0.004551876703262127 0.00466479237581937 0.004561348288765188 0.999987291242043 -0.0019984083669827013 -0.004655182925948194 0.0020199770149819662 0.9999876137883519 0.505328895444805 -0.0706247974701455 0.08455791867430662
FixedParameters: 0 0 0
#Transform 107
Transform: MatrixOffsetTransformBase_double_3_3
Parameters: 0.9999755398865678 -0.005169371666768355 0.0047582512732091894 0.005182881515705313 0.9999824881298062 -0.0028894648852022253 -0.004743159876400768 0.0029144245021283655 0.9999844047781279 0.5150327833137283 0.01697831914135861 -0.0918345052308922
FixedParameters: 0 0 0
#Transform 108
Transform: MatrixOffsetTransformBase_double_3_3
Parameters: 0.999970866762037 -0.003937010456702267 0.006515198386263313 0.003958911683850571 0.9999870333588153 -0.0032481662731897176 -0.006502207566360468 0.003274353152824483 0.9999739266534562 0.54136727791645 -0.05821860797746581 -0.210444827320174
FixedParameters: 0 0 0
#Transform 109
Transform: MatrixOffsetTransformBase_double_3_3
Parameters: 0.9999784507412213 -0.004613239235787906 0.004698460541969561 0.0046266780792625995 0.9999851850422912 -0.002905982644000965 -0.004684781883926251 0.0029278858792739226 0.9999846352083022 0.5043602648470511 -0.017117206133448803 -0.03870549852014449
FixedParameters: 0 0 0
#Transform 110
Transform: MatrixOffsetTransformBase_double_3_3
Parameters: 0.999966545837821 -0.004256193070268425 0.0069433677194945115 0.0042784890667844095 0.9999856091364155 -0.003280836461373615 -0.006928389866633619 0.0033108252255122927 0.9999704837599748 0.5751731117353955 -0.052770289194199904 -0.2914532987452816
FixedParameters: 0 0 0
#Transform 111
Transform: MatrixOffsetTransformBase_double_3_3
Parameters: 0.999980017492564 -0.004111512733718548 0.004767932625601851 0.004123088429619149 0.9999878542864031 -0.00252737970987596 -0.004757593106450679 0.00254703191341879 0.9999849801371723 0.4857632425239302 -0.0657479577197222 0.025078659294237582
FixedParameters: 0 0 0
#Transform 112
Transform: MatrixOffsetTransformBase_double_3_3
Parameters: 0.9999662419075664 -0.004701389777255261 0.006753730390928685 0.0047234234703709375 0.999983686542999 -0.003216561710169874 -0.0067383729117461155 0.0032479848368501263 0.9999717413283975 0.5933462340838389 -0.00598945981151644 -0.2566226945648964
FixedParameters: 0 0 0
#Transform 113
Transform: MatrixOffsetTransformBase_double_3_3
Parameters: 0.9999651232226485 -0.004544359646427187 0.007032195354772369 0.004573897661538246 0.9999810318194471 -0.004170283894389504 -0.007013591235352799 0.004202567621959835 0.9999665754610118 0.5965268419145815 -0.11675167922031449 -0.28376209181108436
FixedParameters: 0 0 0
#Transform 114
Transform: MatrixOffsetTransformBase_double_3_3
Parameters: 0.9999778465882482 -0.004665312591816282 0.004793427896158227 0.004675695486044269 0.9999868836950543 -0.002046692376046988 -0.004783794648319566 0.0020692746175016152 0.9999863091019268 0.4934031532056906 -0.07753462180859572 0.024670048995545812
FixedParameters: 0 0 0
#Transform 115
Transform: MatrixOffsetTransformBase_double_3_3
Parameters: 0.9999640482305312 -0.004412595438311729 0.007303313156336283 0.004435265548603121 0.9999851373206172 -0.0030579702512824325 -0.007289127356596127 0.0030898081516383125 0.9999683014971774 0.5818066907085893 -0.0034499094161333232 -0.3646367828417567
FixedParameters: 0 0 0
#Transform 116
Transform: MatrixOffsetTransformBase_double_3_3
Parameters: 0.9999743129389073 -0.0039945362589645424 0.006036713205480361 0.004011726686393887 0.999988255574931 -0.0028541777543433233 -0.006024752604892665 0.0028785270776450766 0.9999782081944405 0.5402362016245092 -0.0901894513925896 -0.11160430645404062
FixedParameters: 0 0 0
#Transform 117
Transform: MatrixOffsetTransformBase_double_3_3
Parameters: 0.9999779102122395 -0.004848981179417395 0.004606222021178628 0.004859631546759959 0.9999855689104258 -0.002174964381293526 -0.0045955735152397315 0.002197194201988467 0.9999874966921986 0.5077007956144257 0.004074663611632445 -0.05573675952663848
FixedParameters: 0 0 0
#Transform 118
Transform: MatrixOffsetTransformBase_double_3_3
Parameters: 0.9999654212172595 -0.004187418139205569 0.007193230384137189 0.004205665337225432 0.9999885255171816 -0.002500708904719734 -0.007182715994891349 0.002530481761513631 0.9999708381574111 0.5790319716665948 -0.03009641508913319 -0.3858315424080132
FixedParameters: 0 0 0
#Transform 119
Transform: MatrixOffsetTransformBase_double_3_3
Parameters: 0.9999829234664573 -0.003762778914461355 0.004370411822597398 0.0037662023553784504 0.9999929570694882 -0.0006737488676580028 -0.004368104479694608 0.0006895748369159793 0.9999906659721924 0.46724079558008214 -0.016091217248302314 0.01314986377177263
FixedParameters: 0 0 0
#Transform 120
Transform: MatrixOffsetTransformBase_double_3_3
Parameters: 0.9999651162006743 -0.004631710188125033 0.006937180358036567 0.004646766494694254 0.9999867882516355 -0.00221380367225521 -0.006927170612241747 0.002245880606945999 0.999973993265849 0.5877724308389105 0.06096472382216689 -0.3425162247552862
FixedParameters: 0 0 0
#Transform 121
Transform: MatrixOffsetTransformBase_double_3_3
Parameters: 0.9999690613458487 -0.005018635529788018 0.006119295699902487 0.005032832674942355 0.9999851138158067 -0.0022954227297525276 -0.006106790689386639 0.0023266331046715993 0.9999788862689197 0.5703359737177749 -0.07564016671962293 -0.10634797015727315
FixedParameters: 0 0 0
#Transform 122
Transform: MatrixOffsetTransformBase_double_3_3
Parameters: 0.999975528756176 -0.004991718597778818 0.004794380619163839 0.00499899587723231 0.9999865224760486 -0.0014578163770357366 -0.004786422642772535 0.0014811999817792298 0.9999878255107261 0.5214450356909026 0.0006499343267734048 -0.04457202726952403
FixedParameters: 0 0 0
#Transform 123
Transform: MatrixOffsetTransformBase_double_3_3
Parameters: 0.99996138787292 -0.0040879448660528376 0.007750863479354941 0.004092232985854977 0.9999911965693685 -0.0005488397002425538 -0.007748377182936736 0.0005809199492423367 0.9999702035014987 0.6147741700775669 0.0013109345865132127 -0.420115791556654
FixedParameters: 0 0 0
#Transform 124
Transform: MatrixOffsetTransformBase_double_3_3
Parameters: 0.9999760593449836 -0.004778143085688256 0.0050222126771269845 0.004778142062195939 0.9999888564459339 -0.00008707755229397929 -0.005022570216056954 0.00011120926501839712 0.9999869532654706 0.5124066837346533 -0.02859781371618908 -0.04517662272191103
FixedParameters: 0 0 0
#Transform 125
Transform: MatrixOffsetTransformBase_double_3_3
Parameters: 0.9999734593341578 -0.00485035787980753 0.0054932592442197975 0.0048521367168946165 0.9999885099209768 -0.0003224094990072479 -0.005492082971920789 0.00034821170139284763 0.9999843964266553 0.546095719387921 0.07303087480917725 -0.1636403350830875
FixedParameters: 0 0 0
#Transform 126
Transform: MatrixOffsetTransformBase_double_3_3
Parameters: 0.9999699981855736 -0.00326214557317065 0.007023610457989028 0.003261293126401872 0.9999948235989645 0.0002505871769345469 -0.00702458089332815 -0.0002273130908902743 0.9999751087220253 0.5598381981929492 0.03702007841360455 -0.37824069879884803
FixedParameters: 0 0 0
#Transform 127
Transform: MatrixOffsetTransformBase_double_3_3
Parameters: 0.9999865380328931 -0.003287748315127457 0.004027333412338227 0.0032797354993366595 0.9999924185803846 0.002219114082078949 -0.004034584921210269 -0.002206113499432172 0.9999891883961007 0.43420236732829665 0.13356804903584418 0.004554063776552653
FixedParameters: 0 0 0
#Transform 128
Transform: MatrixOffsetTransformBase_double_3_3
Parameters: 0.9999696820961038 -0.005008678404183917 0.005938173104044403 0.004988830021311391 0.9999815155006606 0.0033733309836758707 -0.00595513989600515 -0.0033436741963360495 0.99997654017181 0.5497693237555268 0.044228172851646264 0.19811282877709857
FixedParameters: 0 0 0
#Transform 129
Transform: MatrixOffsetTransformBase_double_3_3
Parameters: 0.9999638616293384 -0.005305543795247184 0.006607926629286283 0.005277989821574102 0.9999778260425368 0.004161899556529375 -0.006629163974081337 -0.004127006771343672 0.9999693395259565 0.5933232396040751 0.08156209052791041 0.1928047166393867
FixedParameters: 0 0 0
#Transform 130
Transform: MatrixOffsetTransformBase_double_3_3
Parameters: 0.9999738464609699 -0.0036291442299643236 0.006288049506605421 0.003615819712572717 0.9999908158558669 0.002142716061571265 -0.0062964179490685515 -0.002120719878220906 0.9999778184676192 0.5678940392309073 0.1053221336619572 -0.13713809518853282
FixedParameters: 0 0 0
#Transform 131
Transform: MatrixOffsetTransformBase_double_3_3
Parameters: 0.9999745954047448 -0.004843337844127296 0.005248022210338203 0.00483478746668139 0.9999874671342099 0.0016267414414945502 -0.005256225987346555 -0.0016011526948992993 0.9999847237119915 0.5513397149283179 0.054307754880440484 0.051979431270922305
FixedParameters: 0 0 0
#Transform 132
Transform: MatrixOffsetTransformBase_double_3_3
Parameters: 0.999970921613321 -0.004818528250298609 0.005883011236744069 0.0048127891022905454 0.999987775721085 0.0010298010042931183 -0.005888081053281619 -0.0010012351851370338 0.9999825779293227 0.5756825628316875 0.12524390651799422 -0.051543304303777404
FixedParameters: 0 0 0
#Transform 133
Transform: MatrixOffsetTransformBase_double_3_3
Parameters: 0.9999641600390426 -0.003854866997193858 0.007546304894891109 0.0038531093836423483 0.9999927746292459 0.0002550283111745766 -0.007547164061280004 -0.00022521184820858964 0.9999713345375899 0.6119397100501232 0.05796534631824102 -0.24154137172435242
FixedParameters: 0 0 0
#Transform 134
Transform: MatrixOffsetTransformBase_double_3_3
Parameters: 0.9999725925476601 -0.004676601426153715 0.00568695821090006 0.004671106522423834 0.9999885742799137 0.0009331514104942151 -0.005691778062109264 -0.0009062337998194392 0.9999837123070198 0.5621421598004019 0.02465748029332815 0.12460038446690191
FixedParameters: 0 0 0
#Transform 135
Transform: MatrixOffsetTransformBase_double_3_3
Parameters: 0.9999540083974685 -0.005034795318496071 0.008176572640796222 0.0050382460471172785 0.9999872817724413 -0.0004990599906055104 -0.008173768148015487 0.0005402939847840016 0.9999667655925178 0.6638547321120853 0.10913740815962569 -0.3512137111072917
FixedParameters: 0 0 0
#Transform 136
Transform: MatrixOffsetTransformBase_double_3_3
Parameters: 0.9999753350652425 -0.004522141966548545 0.005391886046932089 0.004518337607079713 0.999989591452572 0.0007114148940510767 -0.005395262842983556 -0.0006873398559977539 0.9999850475636607 0.5557725995018359 0.004199039879154043 0.1041921088273341
FixedParameters: 0 0 0
#Transform 137
Transform: MatrixOffsetTransformBase_double_3_3
Parameters: 0.9999530504055164 -0.0045261062733839945 0.008574582913242243 0.004526351868135716 0.9999895767217386 -0.000036154939049154455 -0.008574319074535 0.00007455651800589158 0.9999633464574564 0.674215568587087 0.09444859127877692 -0.4190076080379015
FixedParameters: 0 0 0
#Transform 138
Transform: MatrixOffsetTransformBase_double_3_3
Parameters: 0.9999707347726146 -0.005385871491787069 0.00539459334064623 0.005381746127701101 0.9999854572956747 0.0007628709462851047 -0.00539931638279495 -0.0007337004434272987 0.999985461304313 0.5723305611009977 -0.016598081650244012 0.08087075733541838
FixedParameters: 0 0 0
#Transform 139
Transform: MatrixOffsetTransformBase_double_3_3
Parameters: 0.9999631699657475 -0.004423471613823777 0.007366959027387189 0.004423961892544898 0.9999905966962858 0.00004653225078141143 -0.007366795123981973 -0.000014029233045109724 0.9999725484829863 0.6530119470172195 0.0516354415838407 -0.23249528025031907
FixedParameters: 0 0 0
#Transform 140
Transform: MatrixOffsetTransformBase_double_3_3
Parameters: 0.999976000939643 -0.00427015667882631 0.0055201573998775524 0.0042630662869179966 0.9999897429465848 0.001295813256616568 -0.005525836665587064 -0.00127235096996417 0.999984542237112 0.5566337225940146 0.016279423556341044 0.09676815777713443
FixedParameters: 0 0 0
#Transform 141
Transform: MatrixOffsetTransformBase_double_3_3
Parameters: 0.9999550089439547 -0.00533371188562743 0.007838072457462195 0.0053281938200906535 0.9999851373922135 0.0006104286822475047 -0.007841787016767639 -0.000568573204607431 0.9999693874409958 0.6510170853312189 0.23228385081056047 -0.413722494786569
FixedParameters: 0 0 0
#Transform 142
Transform: MatrixOffsetTransformBase_double_3_3
Parameters: 0.9999731326763409 -0.00435990168781677 0.005967767547175817 0.004354913998145043 0.9999904629927375 0.000941678944604396 -0.005971236233931511 -0.0009153047254437108 0.9999814347192046 0.5846344427415318 0.0038102848098162667 0.08749291608519627
FixedParameters: 0 0 0
#Transform 143
Transform: MatrixOffsetTransformBase_double_3_3
Parameters: 0.99996598703713 -0.004390657427400655 0.00690624796056729 0.004388006744726216 0.9999901750641046 0.00034426732887346545 -0.006907940292087633 -0.00031391637875685663 0.9999756705551011 0.6226249681236595 0.07418959916250856 -0.12609257246917593
FixedParameters: 0 0 0
#Transform 144
Transform: MatrixOffsetTransformBase_double_3_3
Parameters: 0.9999688492982637 -0.005295698039406714 0.00589013095499797 0.0052864191847262635 0.9999853264247064 0.0015453574404195314 -0.005898637766583906 -0.0015139809989719588 0.9999816642971499 0.590323029168502 0.03538671279473249 0.08129252404779663
FixedParameters: 0 0 0
#Transform 145
Transform: MatrixOffsetTransformBase_double_3_3
Parameters: 0.9999594579896537 -0.00543639220415135 0.007260604016519526 0.005428561468252235 0.9999845592555509 0.0011061879871519242 -0.007267318395022565 -0.0010672563762177123 0.9999730635985583 0.6710345947771685 0.15453745608742508 -0.2039413596561559
FixedParameters: 0 0 0
#Transform 146
Transform: MatrixOffsetTransformBase_double_3_3
Parameters: 0.9999664346868805 -0.004405383169526262 0.006910692930345241 0.0043943753935351505 0.9999887731003941 0.0015908881250734919 -0.006917578182803759 -0.001559830975213422 0.9999744977683905 0.634003649663569 0.04113733846142509 -0.12512991377967353
FixedParameters: 0 0 0
#Transform 147
Transform: MatrixOffsetTransformBase_double_3_3
Parameters: 0.9999704061343171 -0.004737105148050537 0.006066340253316649 0.004728550200977023 0.9999875172280174 0.0014210115487711117 -0.00607325968302929 -0.0013922322790798358 0.9999806333200858 0.5993079699899937 0.10443851274557403 -0.06421073086531237
FixedParameters: 0 0 0
#Transform 148
Transform: MatrixOffsetTransformBase_double_3_3
Parameters: 0.9999693077867696 -0.004835985443298854 0.006104232751212808 0.0048332047586357495 0.9999883149498577 0.00038755945927176905 -0.006106413236830477 -0.00035786109581828485 0.9999808009407677 0.6281587369331021 0.012761632215273266 -0.038276168978029546
FixedParameters: 0 0 0
#Transform 149
Transform: MatrixOffsetTransformBase_double_3_3
Parameters: 0.9999707082573843 -0.004200315740136569 0.006446487425278431 0.004197908633905797 0.9999910914693557 0.0004980141552931305 -0.006448735841836549 -0.0004714333107204982 0.9999793202019669 0.6115810464072666 0.08942238155118787 -0.15206958691183559
FixedParameters: 0 0 0
#Transform 150
Transform: MatrixOffsetTransformBase_double_3_3
Parameters: 0.9999628530191828 -0.003833082987772322 0.007702059190199603 0.0038281479486722454 0.9999924185403791 0.000609096982586127 -0.007703945306415674 -0.0005799515921657838 0.9999699990187567 0.6886998184797761 0.03970740052700705 -0.24439356534105627
FixedParameters: 0 0 0
#Transform 151
Transform: MatrixOffsetTransformBase_double_3_3
Parameters: 0.9999795286896341 -0.003586641331562236 0.005227618082362787 0.0035796510408742975 0.999992751651799 0.0013260135802909967 -0.005232147799886816 -0.0013068531858420884 0.9999858715416574 0.5920039103068007 0.03734747764711699 0.05580452804845493
FixedParameters: 0 0 0
#Transform 152
Transform: MatrixOffsetTransformBase_double_3_3
Parameters: 0.9999708373724818 -0.0036410781574982226 0.00665697777092341 0.0036233051275466046 0.9999904146684325 0.00261617516105897 -0.00666639115728393 -0.0025918651012254157 0.9999740422498646 0.6203396945756907 0.20237673151474667 -0.2621227994467574
FixedParameters: 0 0 0
#Transform 153
Transform: MatrixOffsetTransformBase_double_3_3
Parameters: 0.999976190318425 -0.004149819496869436 0.005549872665918533 0.0041106333088294445 0.999966641908979 0.007008992940959358 -0.005578907831999685 -0.006986122795298727 0.9999601889957559 0.5696435003638953 0.2079201414344709 0.15449274348756603
FixedParameters: 0 0 0
#Transform 154
Transform: MatrixOffsetTransformBase_double_3_3
Parameters: 0.9999752298412623 -0.0029959607890844946 0.006443895406129045 0.002955730133247304 0.9999763019410532 0.006242728972254058 -0.0064624846247020515 -0.0062236896329163904 0.999959759863576 0.5883030983500817 0.1902781509036089 0.14146372915088534
FixedParameters: 0 0 0
#Transform 155
Transform: MatrixOffsetTransformBase_double_3_3
Parameters: 0.9999725935685503 -0.0036383872437107 0.006467710307643919 0.0036022039137633298 0.9999778078514947 0.0056329626653119635 -0.00648776684719022 -0.005609316012077342 0.9999632651899103 0.6277057944562614 0.25877366448206374 -0.30352432943361407
FixedParameters: 0 0 0
#Transform 156
Transform: MatrixOffsetTransformBase_double_3_3
Parameters: 0.9999734087115025 -0.0042088861515358 0.005981483550986398 0.004182104497980528 0.999981916174191 0.004349922046135685 -0.005999808375387272 -0.004324904153162501 0.9999730661869113 0.6177319334576765 0.11827671229416126 0.028437430690345877
FixedParameters: 0 0 0
#Transform 157
Transform: MatrixOffsetTransformBase_double_3_3
Parameters: 0.9999661279457843 -0.004268511663550667 0.007014016464501532 0.004230259825260576 0.999975800079177 0.005464558423445093 -0.0070374981076908386 -0.005434741371741186 0.9999608327970924 0.6549444590295224 0.2206494229067033 -0.25018130561376495
FixedParameters: 0 0 0
#Transform 158
Transform: MatrixOffsetTransformBase_double_3_3
Parameters: 0.9999671300767813 -0.0038918989414105445 0.0070905535338866635 0.003851085088597212 0.9999756077203464 0.005784091118287066 -0.007113109250930089 -0.005756376127370927 0.9999578171131893 0.6494098784349376 0.14934654543871773 -0.1891765147116189
FixedParameters: 0 0 0
#Transform 159
Transform: MatrixOffsetTransformBase_double_3_3
Parameters: 0.9999756180268891 -0.003435221182595499 0.0060410126523625166 0.0034045040009288907 0.9999814498369319 0.005095725368421983 -0.006059246257610167 -0.005074356638047228 0.9999686149710738 0.5947382513122648 0.15676575643404078 0.06238641529577649
FixedParameters: 0 0 0
#Transform 160
Transform: MatrixOffsetTransformBase_double_3_3
Parameters: 0.9999650380183964 -0.0031283286116890853 0.00780032721446209 0.003081008564617113 0.9999764552004347 0.006096429030779227 -0.007819440768958304 -0.006072408885328395 0.9999511942599554 0.686283046147679 0.2163762829936502 -0.428306543637305
FixedParameters: 0 0 0
#Transform 161
Transform: MatrixOffsetTransformBase_double_3_3
Parameters: 0.9999702763864731 -0.0035041910589532913 0.006885404658169066 0.0034743504251960513 0.9999842139412554 0.0043565198284551965 -0.006899656594264843 -0.004332872732002585 0.9999673899668546 0.6544405954971637 0.11357240344290176 -0.006852389744594234
FixedParameters: 0 0 0
#Transform 162
Transform: MatrixOffsetTransformBase_double_3_3
Parameters: 0.9999624704509485 -0.004099720008034978 0.007639821190609644 0.004060532610178652 0.9999784910289314 0.005136901167516444 -0.007660694797563365 -0.005105159235308798 0.9999572356266438 0.6808001274533098 0.2690927290326499 -0.4303406240961891
FixedParameters: 0 0 0
#Transform 163
Transform: MatrixOffsetTransformBase_double_3_3
Parameters: 0.9999630492480954 -0.0043019252026203275 0.0074387027073088766 0.004271210450734275 0.9999819235809635 0.0041348851583496715 -0.0074563970117447476 -0.004102740764814955 0.9999634123779233 0.6685935338446853 0.07835380327713892 -0.07402139221237292
FixedParameters: 0 0 0
#Transform 164
Transform: MatrixOffsetTransformBase_double_3_3
Parameters: 0.9999589770444867 -0.004480601395447049 0.007911038258579521 0.004443875539715194 0.9999787946349505 0.004703072457537316 -0.007931286494055063 -0.004667962136169795 0.9999580020943526 0.7133380995306595 0.20798974584884888 -0.32279955267179616
FixedParameters: 0 0 0
#Transform 165
Transform: MatrixOffsetTransformBase_double_3_3
Parameters: 0.9999602024696689 -0.004249819005188832 0.00783741739157414 0.00421221551125606 0.9999798705217267 0.004844680039445881 -0.00785801034857262 -0.004810940755729964 0.9999573299513005 0.6991343065044475 0.1228831869436533 -0.28661602825798127
FixedParameters: 0 0 0
#Transform 166
Transform: MatrixOffsetTransformBase_double_3_3
Parameters: 0.999971801471628 -0.004098430315822758 0.006356490991706085 0.004073385176347556 0.9999846807377414 0.003866472802229043 -0.0063715421598959515 -0.003840201547516159 0.9999724281512211 0.6112381065679813 0.13505493534277946 0.0017959579212316612
FixedParameters: 0 0 0
#Transform 167
Transform: MatrixOffsetTransformBase_double_3_3
Parameters: 0.9999602142831324 -0.003850211535902862 0.00804412624392671 0.003811464900049355 0.999980604447165 0.004902949133311046 -0.008062783322381625 -0.004872726793750698 0.9999553271167616 0.6940342127997923 0.24224367258105417 -0.43550402364375884
FixedParameters: 0 0 0
#Transform 168
Transform: MatrixOffsetTransformBase_double_3_3
Parameters: 0.999969102709011 -0.00423049714082426 0.006689546032718825 0.0041996213279800075 0.9999809514596049 0.004614141190594556 -0.006708023383562696 -0.004585638500867295 0.9999673436154974 0.6619603524832058 0.12034220892935821 -0.012563082629583278
FixedParameters: 0 0 0
#Transform 169
Transform: MatrixOffsetTransformBase_double_3_3
Parameters: 0.9999588927194127 -0.0048531781183983585 0.00772213635283555 0.004805565129933699 0.9999691071676986 0.006258370527503554 -0.007751925766033008 -0.006221870234226434 0.9999507457818239 0.7075768789697747 0.2776836134987377 -0.29615918127061036
FixedParameters: 0 0 0
#Transform 170
Transform: MatrixOffsetTransformBase_double_3_3
Parameters: 0.9999569148629989 -0.0035768767440927073 0.008541015610200521 0.0035298351184984656 0.999978829925127 0.005466457728553142 -0.008560248083831344 -0.005436426668961131 0.9999483327148412 0.7344508190055876 0.16809053199827417 -0.3473128789190838
FixedParameters: 0 0 0
#Transform 171
Transform: MatrixOffsetTransformBase_double_3_3
Parameters: 0.999960122052239 -0.004469601321889579 0.00777715839753907 0.004430258563283618 0.9999773484325573 0.005081202028201864 -0.007800150485536596 -0.005046669710235374 0.999957307103381 0.706822428343628 0.1707718091508923 -0.1146449794389639
FixedParameters: 0 0 0
#Transform 172
Transform: MatrixOffsetTransformBase_double_3_3
Parameters: 0.9999530440451193 -0.00371321556853504 0.00899794637153685 0.003670130745103581 0.9999822948204307 0.004797060830928901 -0.00901577893156364 -0.004763811874053309 0.9999474450176828 0.7469225160951254 0.17844562391834984 -0.4276972591049315
FixedParameters: 0 0 0
#Transform 173
Transform: MatrixOffsetTransformBase_double_3_3
Parameters: 0.999965705385719 -0.004229798277519458 0.00711353984337177 0.0041813341721834915 0.9999680672197556 0.006788217962925447 -0.007142750215375179 -0.006757612011372427 0.9999514814657169 0.6726284315329281 0.243940893591315 0.07443452287593288
FixedParameters: 0 0 0
#Transform 174
Transform: MatrixOffsetTransformBase_double_3_3
Parameters: 0.9999576329078137 -0.004313871927438667 0.008152248862360857 0.004220735795242316 0.9999260419401315 0.011393185420724594 -0.0082007241257403 -0.011358511827585738 0.9999023528381702 0.6949876643825519 0.31908463413870436 0.31082002674213527
FixedParameters: 0 0 0
#Transform 175
Transform: MatrixOffsetTransformBase_double_3_3
Parameters: 0.9999521542997112 -0.0045857971044781475 0.008591147682675694 0.0045269885593467825 0.9999669736553236 0.0067605314439947994 -0.008621768773359885 -0.006720579909792773 0.9999403281524388 0.7428197189424424 0.19637730617610316 0.18490935074856907
FixedParameters: 0 0 0
#Transform 176
Transform: MatrixOffsetTransformBase_double_3_3
Parameters: 0.9999556347706214 -0.00437155029931225 0.008347983365411892 0.004324631234547395 0.9999750643260302 0.005634348714087911 -0.008373094514482822 -0.0055978154444397965 0.999949603955062 0.729169075359934 0.3098372483281082 -0.2944217523633057
FixedParameters: 0 0 0
#Transform 177
Transform: MatrixOffsetTransformBase_double_3_3
Parameters: 0.9999681237059157 -0.003590145014377299 0.007056385807118114 0.00355555165215018 0.9999811313029211 0.005038216446193594 -0.007074322571063878 -0.00501307766471093 0.9999618578503074 0.6678698826037248 0.16257152138373954 0.023760646748783643
FixedParameters: 0 0 0
#Transform 178
Transform: MatrixOffsetTransformBase_double_3_3
Parameters: 0.9999636477469778 -0.0028903983480215263 0.008045337296306722 0.002842208069798371 0.9999776039412612 0.005957008557559068 -0.008061740142073386 -0.005934501189839347 0.9999498880642863 0.6654204787359532 0.2791225805023032 -0.26927261887482246
FixedParameters: 0 0 0
#Transform 179
Transform: MatrixOffsetTransformBase_double_3_3
Parameters: 0.9999623542864565 -0.0031241387584637114 0.008105686970547088 0.0030804324421067975 0.999980512009221 0.0053836431371928894 -0.00812234041489588 -0.005358420189156582 0.9999525094661365 0.6776361638802371 0.17972102905891063 -0.12247457561768726
FixedParameters: 0 0 0
#Transform 180
Transform: MatrixOffsetTransformBase_double_3_3
Parameters: 0.9999654651081368 -0.0026760329443688423 0.007826432741316044 0.0026308578135792625 0.9999795680046124 0.005763795899802082 -0.00784203133700656 -0.00574218476190802 0.999952935916952 0.6600662151252408 0.20244967719416707 0.035144373092549586
FixedParameters: 0 0 0
#Transform 181
Transform: MatrixOffsetTransformBase_double_3_3
Parameters: 0.9999589961101298 -0.003034887481362418 0.008500913576270377 0.0029755916400150614 0.999970400023306 0.007035082928455144 -0.00852283106961451 -0.007010205150862842 0.9999389933214439 0.685793786838218 0.29459727371090594 -0.3579725871882147
FixedParameters: 0 0 0
#Transform 182
Transform: MatrixOffsetTransformBase_double_3_3
Parameters: 0.9999631701491325 -0.0028328050824465304 0.00808640065069885 0.0027776095604251988 0.9999731817924223 0.006806148061233308 -0.008105476671729436 -0.006783999677421493 0.9999444681108424 0.6746391583262294 0.21967029168851582 -0.09048623832774183
FixedParameters: 0 0 0
#Transform 183
Transform: MatrixOffsetTransformBase_double_3_3
Parameters: 0.9999645663900649 -0.0035405306871802945 0.007695219176787525 0.003486983080807534 0.9999700588773863 0.006970355287491459 -0.007719565658805064 -0.006943342132083863 0.9999460713829376 0.6850651658723166 0.28858208551365294 -0.02357350853294804
FixedParameters: 0 0 0
#Transform 184
Transform: MatrixOffsetTransformBase_double_3_3
Parameters: 0.9999535494600292 -0.003966780969898004 0.008778627156661972 0.003912530330268539 0.9999729946910498 0.006183548954260459 -0.00880301157218228 -0.00614938509273158 0.9999427979706499 0.726883353321611 0.23910091022696633 -0.3154202466998015
FixedParameters: 0 0 0
#Transform 185
Transform: MatrixOffsetTransformBase_double_3_3
Parameters: 0.9999658986889746 -0.003795472568049207 0.007389171595195219 0.003762699154222472 0.9999830606500143 0.004419299747943972 -0.0074055173240586206 -0.004391289827385292 0.9999632192046808 0.6421953340261553 0.1651953996169908 0.09074072581894654
FixedParameters: 0 0 0
#Transform 186
Transform: MatrixOffsetTransformBase_double_3_3
Parameters: 0.9999213107306465 -0.006784003770201532 0.010548875066178118 0.006723681603329204 0.9999604922681825 0.005733531861805863 -0.010586799949704614 -0.005661657405126697 0.9999276664648261 0.8355638147117759 0.41398463735140467 -0.8828527689387897
FixedParameters: 0 0 0
#Transform 187
Transform: MatrixOffsetTransformBase_double_3_3
Parameters: 0.9999534847264527 -0.006897585664582643 0.006784960000713124 0.006880296151283454 0.9999730681047434 0.0024640804456803334 -0.0068017229143117475 -0.0024177001241025287 0.9999743124179562 0.7173951581235798 0.16926063291067805 -0.14948468399400383
FixedParameters: 0 0 0
#Transform 188
Transform: MatrixOffsetTransformBase_double_3_3
Parameters: 0.9999602373478668 -0.005401651986081643 0.0070823778444046095 0.00539155526951544 0.99998414678058 0.001523330506151388 -0.007091070685866521 -0.0014849977204360043 0.9999733974735583 0.6797201529182644 -0.18876782013879279 0.2733800612028432
FixedParameters: 0 0 0
#Transform 189
Transform: MatrixOffsetTransformBase_double_3_3
Parameters: 0.9999633079498064 -0.0037347630593640617 0.007655626538379416 0.003729884100604209 0.9999922510436546 0.0006690143283964722 -0.007658079642734905 -0.0006404427873621943 0.9999704656521518 0.6539814385104705 -0.08979461085031915 0.30166664652708164
FixedParameters: 0 0 0
#Transform 190
Transform: MatrixOffsetTransformBase_double_3_3
Parameters: 0.9999528857280194 -0.0025488456490534786 0.009348282558868055 0.0025381430985762605 0.9999961504742749 0.0011887812865566671 -0.009351109191401627 -0.0011645110702950268 0.9999554178354149 0.6770427917155075 0.056102795514036075 0.42627157681951644
FixedParameters: 0 0 0
#Transform 191
Transform: MatrixOffsetTransformBase_double_3_3
Parameters: 0.9999640196690094 -0.0038520455287585752 0.00758891461026745 0.0038343836913611986 0.9999903473026629 0.002370221941634665 -0.007598477320930004 -0.002340278350434488 0.9999686665920103 0.6956052962673454 0.21557098918674455 0.023764545953241623
FixedParameters: 0 0 0
#Transform 192
Transform: MatrixOffsetTransformBase_double_3_3
Parameters: 0.9999608147303438 -0.0035804658701393518 0.008106979032339277 0.0035583082213565325 0.9999895471169358 0.002701939058438324 -0.008116187575106605 -0.0026728194384790516 0.9999631137678658 0.7389389246874742 0.18507499681723516 0.13313995964138314
FixedParameters: 0 0 0
#Transform 193
Transform: MatrixOffsetTransformBase_double_3_3
Parameters: 0.9999551872771183 -0.0036046429362975993 0.008790439414790643 0.003583945546831377 0.9999906699664999 0.0023520702055235543 -0.008799013818218043 -0.0023201725314042076 0.9999586909552065 0.7712729827604221 0.1133767128540768 0.2855296221628407
FixedParameters: 0 0 0
#Transform 194
Transform: MatrixOffsetTransformBase_double_3_3
Parameters: 0.9999561359998141 -0.004635619169403248 0.008173843774834294 0.00461877916196597 0.9999866301408047 0.0020709460468749663 -0.008183474768005558 -0.002033651523413421 0.9999642028652895 0.766228456622386 0.24959611046661223 -0.01657856539819136
FixedParameters: 0 0 0
#Transform 195
Transform: MatrixOffsetTransformBase_double_3_3
Parameters: 0.9999552862192891 -0.0026669709651309537 0.009053576533101786 0.0026376441630734373 0.9999914608489532 0.003243349052280381 -0.009062462918069801 -0.0032194210242657284 0.9999541994220149 0.7434254021096365 0.1349937680639357 0.27450598322418784
FixedParameters: 0 0 0
#Transform 196
Transform: MatrixOffsetTransformBase_double_3_3
Parameters: 0.9999539196436846 -0.0031745307223784453 0.009116669150846107 0.0031396629240529926 0.9999875674390827 0.0038502965803905165 -0.00912834104804907 -0.0038218463987506335 0.9999517017507016 0.7894731078705348 0.18162844546388612 -0.11426595622171476
FixedParameters: 0 0 0
#Transform 197
Transform: MatrixOffsetTransformBase_double_3_3
Parameters: 0.9999577581575272 -0.0032840928448667492 0.008612111556272888 0.003237085205030692 0.9999795961564489 0.005518161464022092 -0.008629948515564131 -0.00548984658212992 0.9999481438995743 0.7492026029309358 0.11322510724147605 0.19995929331474827
FixedParameters: 0 0 0
#Transform 198
Transform: MatrixOffsetTransformBase_double_3_3
Parameters: 0.9999561501527446 -0.0036277717935833164 0.008584180463384022 0.003593493785101872 0.9999856104893226 0.004071163154997781 -0.008598846489428782 -0.0040404512072393095 0.9999546332963989 0.7892813344315073 0.10898519494166692 -0.05544753103892219
FixedParameters: 0 0 0
#Transform 199
Transform: MatrixOffsetTransformBase_double_3_3
Parameters: 0.9999507164268809 -0.003983992662030192 0.009129610594692049 0.003946905425414572 0.9999842061543944 0.004065948248027251 -0.009145982674302014 -0.0040299473798526 0.9999498507868517 0.8081136066189174 0.06711198649507821 0.12331700035896631
FixedParameters: 0 0 0
#Transform 200
Transform: MatrixOffsetTransformBase_double_3_3
Parameters: 0.9999495910930754 -0.0038171531687281905 0.009323819675352764 0.0037849848603719047 0.9999870297847882 0.003482623805160928 -0.00933671458505285 -0.003446617450409306 0.9999503615084352 0.7879909286846214 0.1749663044113845 -0.11246304303774934
FixedParameters: 0 0 0
#Transform 201
Transform: MatrixOffsetTransformBase_double_3_3
Parameters: 0.9999474807126434 -0.003866094449488185 0.009469569809783966 0.003834792578526553 0.9999873764183448 0.0033371871658999797 -0.009481560768349842 -0.003300833997694985 0.999949880083453 0.7918779661277853 0.10293869172333814 -0.03623059129063222
FixedParameters: 0 0 0
#Transform 202
Transform: MatrixOffsetTransformBase_double_3_3
Parameters: 0.999951216932706 -0.003999526760973231 0.00899028433164762 0.003966703178085935 0.9999849435664777 0.003708861235371369 -0.009005499843347094 -0.0036728702108916045 0.9999529338412405 0.7682544802433853 0.18169866508517885 0.011684447360849504
FixedParameters: 0 0 0
#Transform 203
Transform: MatrixOffsetTransformBase_double_3_3
Parameters: 0.9999542542206327 -0.0031240536522825647 0.009068734989053584 0.003094560057000476 0.9999898141738521 0.0033299061794138107 -0.009078981938238403 -0.003301227356756725 0.9999529349319413 0.7481985032636658 0.22431411307498195 -0.14229567668378706
FixedParameters: 0 0 0
#Transform 204
Transform: MatrixOffsetTransformBase_double_3_3
Parameters: 0.9999447426704526 -0.0033393001392931975 0.009916140462645086 0.0032677608531518337 0.9999686360641151 0.007163843701540051 -0.009939369645994026 -0.00713085024882823 0.9999254918292385 0.7485653252307571 0.3048863688549517 0.413720450533134
FixedParameters: 0 0 0
#Transform 205
Transform: MatrixOffsetTransformBase_double_3_3
Parameters: 0.9999377916665756 -0.00426314695499959 0.010309779197274452 0.004135827846715838 0.9999156605248535 0.01234448241188224 -0.010361425636867268 -0.012300997433395688 0.9998708893326766 0.7405525709676084 0.3932022032751519 0.5397249934143531
FixedParameters: 0 0 0
#Transform 206
Transform: MatrixOffsetTransformBase_double_3_3
Parameters: 0.9999409529713581 -0.003800985856943725 0.01023443738036664 0.003729878921916162 0.9999685983863967 0.006948345038357839 -0.010261069143383345 -0.006909786326675049 0.9999230208172839 0.7626811412357313 0.29092381730463046 0.2809017957460611
FixedParameters: 0 0 0
#Transform 207
Transform: MatrixOffsetTransformBase_double_3_3
Parameters: 0.9999458966860333 -0.0030279623360835277 0.0099201424267528 0.002964357928610691 0.9999743743168137 0.0064721702126422365 -0.009938741124877505 -0.006442156767407087 0.9999301864328313 0.7348679000794505 0.2790626764780626 0.26886332089901543
FixedParameters: 0 0 0
#Transform 208
Transform: MatrixOffsetTransformBase_double_3_3
Parameters: 0.9999509349742505 -0.0033282770131412764 0.009351679645208437 0.003268124273018237 0.9999748246232774 0.006362272527822621 -0.00937230195191515 -0.006331548929892683 0.999935614128142 0.7217481493619715 0.2559873105365966 0.05346925632235866
FixedParameters: 0 0 0
#Transform 209
Transform: MatrixOffsetTransformBase_double_3_3
Parameters: 0.9999519858518117 -0.0033690898885959048 0.009229043223408367 0.003312292675252672 0.9999751611515694 0.006151214175742936 -0.00924939920863476 -0.0061206284949474055 0.9999384980988267 0.7265737207135601 0.22421591914891792 0.1743174326021375
FixedParameters: 0 0 0
#Transform 210
Transform: MatrixOffsetTransformBase_double_3_3
Parameters: 0.9999580776662075 -0.004561402898123619 0.007965718302934709 0.004516247500888059 0.9999738576536363 0.005683697932673176 -0.007991064105871797 -0.005647658961560192 0.9999523469015146 0.7260677091098131 0.3282046142874435 -0.033378201221268
FixedParameters: 0 0 0
#Transform 211
Transform: MatrixOffsetTransformBase_double_3_3
Parameters: 0.9999493235714716 -0.003319845269016089 0.009503354427858615 0.0032660060246017973 0.9999784899210344 0.00564383468749774 -0.00952210972176211 -0.005611693067772122 0.9999391632936236 0.7537797296746476 0.1446572174674401 0.19740223448849292
FixedParameters: 0 0 0
#Transform 212
Transform: MatrixOffsetTransformBase_double_3_3
Parameters: 0.9999445195285601 -0.0033942216907257997 0.009928102629652553 0.0033376816040576063 0.9999783619034905 0.005657202990415555 -0.00994698614645386 -0.005623984755694034 0.999934306821122 0.7540523730884985 0.2164293014166958 0.2865375109052337
FixedParameters: 0 0 0
#Transform 213
Transform: MatrixOffsetTransformBase_double_3_3
Parameters: 0.9999529371390921 -0.003725698182219841 0.0089155569628971 0.0036675797851765364 0.9999719629500589 0.006583367517269123 -0.008940019517715427 -0.0065506913935136635 0.9999390979283204 0.7365517301731472 0.26635788664701465 0.06964623935910197
FixedParameters: 0 0 0
#Transform 214
Transform: MatrixOffsetTransformBase_double_3_3
Parameters: 0.9999576029719711 -0.0039230050249501654 0.0082651118831506 0.0038707190613337175 0.9999723116353012 0.006380886136396924 -0.008289566494910444 -0.006348778366619068 0.9999456557763997 0.7192697483807962 0.21936212219667084 0.07421654752835138
FixedParameters: 0 0 0
#Transform 215
Transform: MatrixOffsetTransformBase_double_3_3
Parameters: 0.9999482794224666 -0.004308534251764147 0.009260524242562983 0.004231875232418989 0.9999567912906292 0.008256517014224835 -0.009295745622714721 -0.008216934582441743 0.9999225901804306 0.7812310647044569 0.42026188386664387 -0.139864023010972
FixedParameters: 0 0 0
#Transform 216
Transform: MatrixOffsetTransformBase_double_3_3
Parameters: 0.9999543785778808 -0.003157909293244933 0.009004122494308806 0.0030974626660515417 0.9999725396200154 0.006727681073271596 -0.009024556127297224 -0.006699610555827379 0.9999368450137559 0.7187472198787219 0.21149672030860245 0.09747867254196763
FixedParameters: 0 0 0
#Transform 217
Transform: MatrixOffsetTransformBase_double_3_3
Parameters: 0.9999416080605787 -0.0009703784892084307 0.010752101769079252 0.0009032905045036769 0.99998021148426 0.0062806260060063734 -0.010757910371437168 -0.006270764360639003 0.9999223039778329 0.7522433928661627 0.18236886091236215 0.3433034456480044
FixedParameters: 0 0 0
#Transform 218
Transform: MatrixOffsetTransformBase_double_3_3
Parameters: 0.9999604716523364 -0.001029349649272821 0.008816377317755517 0.0009769153904770284 0.9999819537520146 0.0060064654788186955 -0.008822337691984407 -0.005998035644284361 0.9999429393376301 0.7104786833315586 0.3338240062604001 -0.01044783008825334
FixedParameters: 0 0 0
#Transform 219
Transform: MatrixOffsetTransformBase_double_3_3
Parameters: 0.9999485413677989 -0.0010355103463739962 0.010079346608586871 0.0009740246344234673 0.9999808240267399 0.006066965966398913 -0.01008547223590571 -0.006057093270227021 0.9999307993192148 0.7554751207755999 0.27213386827514796 0.22994945727083405
FixedParameters: 0 0 0
#Transform 220
Transform: MatrixOffsetTransformBase_double_3_3
Parameters: 0.9999517686095042 -0.0020253337476783735 0.009595352815615563 0.0019669102520765173 0.9999803568585776 0.00601514460531169 -0.009607396366080649 -0.005996579787729467 0.9999363833020735 0.7514297494483628 0.34242601222757685 0.027870274149350394
FixedParameters: 0 0 0
#Transform 221
Transform: MatrixOffsetTransformBase_double_3_3
Parameters: 0.9999517783712597 -0.000773891488340687 0.00979466721903316 0.0007179688694601699 0.9999836832967121 0.0057328856356428926 -0.00979843981179896 -0.0057255986750885945 0.9999358239081866 0.744085658766835 0.2797000037492978 -0.007918425747064362
FixedParameters: 0 0 0
#Transform 222
Transform: MatrixOffsetTransformBase_double_3_3
Parameters: 0.9999560473039685 -0.002303872445328438 0.009079289985621138 0.002244986768515339 0.9999765551582506 0.006458018905327406 -0.009093974869321376 -0.006438015298159683 0.9999377554186643 0.7051762806164987 0.3082564909353209 0.15502568124145455
FixedParameters: 0 0 0
#Transform 223
Transform: MatrixOffsetTransformBase_double_3_3
Parameters: 0.9999544325683425 -0.00352630726898374 0.00890507737152528 0.00346068491529116 0.9999668164965859 0.007359345359224778 -0.008930686791181017 -0.007328791796883172 0.9999334034674248 0.723081424995641 0.26628650799220566 -0.023412813139472632
FixedParameters: 0 0 0
#Transform 224
Transform: MatrixOffsetTransformBase_double_3_3
Parameters: 0.9999492797384287 -0.003091706725316847 0.009552289290644549 0.0030135651324054652 0.9999619184206622 0.008196860461775785 -0.009577200258908077 -0.008167618226473716 0.999920283638056 0.755146429111818 0.2128224992997758 0.20141224896804033
FixedParameters: 0 0 0
#Transform 225
Transform: MatrixOffsetTransformBase_double_3_3
Parameters: 0.9999481493858028 -0.0033329679046865774 0.009612044797247192 0.003241040553000998 0.9999502594279613 0.009490791690038664 -0.009643003645768589 -0.009459139330201094 0.9999090353993617 0.7362432985443803 0.4017149934244202 0.028991970913807563
FixedParameters: 0 0 0
#Transform 226
Transform: MatrixOffsetTransformBase_double_3_3
Parameters: 0.9999452891796341 -0.0023612995930301036 0.01020161265219488 0.0022114390514046817 0.9998903777685698 0.014644231793674939 -0.010235071558241847 -0.014621380014453955 0.9998407586179853 0.7560311524500207 0.4755424731495168 0.45663751273249886
FixedParameters: 0 0 0
#Transform 227
Transform: MatrixOffsetTransformBase_double_3_3
Parameters: 0.9999542978278914 -0.002556355892119665 0.009247985125035926 0.0023988698322928315 0.9998526765768462 0.01698790168207112 -0.009290495395166708 -0.01696494060376391 0.9998134410668462 0.7305013839874306 0.5684574776380629 0.46665281143882
FixedParameters: 0 0 0
#Transform 228
Transform: MatrixOffsetTransformBase_double_3_3
Parameters: 0.9999328041299718 -0.0025153298449664165 0.011329596628071592 0.002386297761009371 0.9999320970992096 0.011409980545472376 -0.011357898834637642 -0.011382076020521076 0.9998709508595489 0.7979298532574148 0.43803617900542235 0.3973865555730214
FixedParameters: 0 0 0
#Transform 229
Transform: MatrixOffsetTransformBase_double_3_3
Parameters: 0.9999453290730004 -0.003619079631918835 0.009801200688238566 0.0035261058470836366 0.9999486296154095 0.009446302115125982 -0.00983414856812953 -0.00941153621592164 0.9999069120630614 0.7761245498387268 0.4404656158323377 -0.06640160547505047
FixedParameters: 0 0 0
#Transform 230
Transform: MatrixOffsetTransformBase_double_3_3
Parameters: 0.9999432913431258 -0.003395305743251767 0.010059823081812039 0.0033151966927040125 0.9999631224345636 0.007956914038249024 -0.010086951780451277 -0.007923334042497343 0.9999180179691028 0.8444090341127577 0.3776772643630437 -0.15905460698670026
FixedParameters: 0 0 0
#Transform 231
Transform: MatrixOffsetTransformBase_double_3_3
Parameters: 0.9999378340250336 -0.003977927206168218 0.010382747565370366 0.003885727078159702 0.9999523341684071 0.008950669709899883 -0.010418113521359046 -0.00890914369872936 0.9999060681869069 0.8375633586109501 0.5168360028718695 -0.3359363611712922
FixedParameters: 0 0 0
#Transform 232
Transform: MatrixOffsetTransformBase_double_3_3
Parameters: 0.9999457244535994 -0.0015025815458776558 0.010294403141912371 0.0014365564204450272 0.9999781239201352 0.006450187862307527 -0.01030320101359019 -0.006435745592839159 0.9999266670354109 0.7783038718981032 0.13704850139644975 0.25263203718421323
FixedParameters: 0 0 0
#Transform 233
Transform: MatrixOffsetTransformBase_double_3_3
Parameters: 0.9999464016769367 -0.001963476931893089 0.0101940593314011 0.0019155106884352572 0.9999870608923146 0.004739090954223146 -0.010203579857846715 -0.004720024541315315 0.9999372366407238 0.8505707474724602 0.2775143681149075 -0.2112592929046997
FixedParameters: 0 0 0
#Transform 234
Transform: MatrixOffsetTransformBase_double_3_3
Parameters: 0.9999422998400724 -0.0016811298211194224 0.01062838600850629 0.0016217313350691325 0.9999835099110765 0.0055091547432540855 -0.010637413414726633 -0.005491716594699714 0.9999280983156296 0.8171712108678264 0.1911480188084198 0.21458172038688872
FixedParameters: 0 0 0
#Transform 235
Transform: MatrixOffsetTransformBase_double_3_3
Parameters: 0.9999441657734469 -0.0023759532257287626 0.010298765321457626 0.0023168987801875426 0.9999807115265553 0.00571065086991232 -0.010312362044397852 -0.005686366192638237 0.9999307455477153 0.8340477031239999 0.37704348565139867 -0.18804759083491263
FixedParameters: 0 0 0
#Transform 236
Transform: MatrixOffsetTransformBase_double_3_3
Parameters: 0.99995306453749 -0.0024917898547759908 0.00936474225805093 0.0024427074808963797 0.9999834748495623 0.0052477257153094314 -0.009377816117392412 -0.005224956550433507 0.9999417982334694 0.8102507524917257 0.22259458300173662 0.1466683681626506
FixedParameters: 0 0 0
#Transform 237
Transform: MatrixOffsetTransformBase_double_3_3
Parameters: 0.999950359772256 -0.0014072699188579802 0.009844005159548586 0.001358619630935475 0.999986203207509 0.005012099707816131 -0.009850646548723065 -0.004998556738212562 0.9999395581463565 0.7897986785683173 0.2617448929530468 0.13965569487382368
FixedParameters: 0 0 0
#Transform 238
Transform: MatrixOffsetTransformBase_double_3_3
Parameters: 0.9999402275887914 -0.0033591595792896245 0.01044918143172395 0.0033051402830433134 0.9999806752771139 0.005252824146722651 -0.010466668393111354 -0.005218335568086596 0.9999313209059569 0.8607954372222366 0.5067336489301226 -0.2009149377832813
FixedParameters: 0 0 0
#Transform 239
Transform: MatrixOffsetTransformBase_double_3_3
Parameters: 0.9999495351195068 -0.0026870319135424937 0.009649577248359166 0.002634079016584797 0.9999816061759426 0.0054720281987248875 -0.00966444289852745 -0.005447225503463549 0.999938562367563 0.8293447016220625 0.3252920844235234 -0.03392124768683402
FixedParameters: 0 0 0
