#Insight Transform File V1.0
#Transform 0
Transform: MatrixOffsetTransformBase_double_3_3
Parameters: 0.9999961150504704 -0.002694100332881021 -0.0006720267840075872 0.0026912423368254906 0.9999876413241491 -0.004256562983454866 0.0006839715452987699 0.0042541439922737425 0.9999906069009056 -0.007761538785374 -0.12594561449992625 -0.5140397991120693
FixedParameters: 0 0 0
#Transform 1
Transform: MatrixOffsetTransformBase_double_3_3
Parameters: 0.9999979635639752 -0.0019309596102350317 -0.0009578758382783603 0.0019260227089538675 0.9999871634466768 -0.004596558132839296 0.000967122010015864 0.0045941565167980794 0.9999893470604562 -0.020859763205763215 -0.08121024434561264 -0.5248666912126367
FixedParameters: 0 0 0
#Transform 2
Transform: MatrixOffsetTransformBase_double_3_3
Parameters: 0.9999967350077125 -0.0023115540533192747 -0.0008289104666625718 0.0023075684414958046 0.999986733081357 -0.00468400510959967 0.0008400894985779311 0.004682458094427049 0.9999886052834371 -0.03420892773173989 -0.09789813211048681 -0.539242452543462
FixedParameters: 0 0 0
#Transform 3
Transform: MatrixOffsetTransformBase_double_3_3
Parameters: 0.999996482287981 -0.002414725631753078 -0.0007321240327219924 0.0024114145701587234 0.9999857649243026 -0.004839218167514709 0.0007438782564241214 0.004837964116804438 0.9999881933385202 -0.02223598365569046 -0.10238050251683717 -0.5410402042171256
FixedParameters: 0 0 0
#Transform 4
Transform: MatrixOffsetTransformBase_double_3_3
Parameters: 0.9999972045559637 -0.0023397640765858785 -0.0010360601538646347 0.002335225553332648 0.9999873177710159 -0.004497703401168687 0.0010469405375643087 0.004495220495539812 0.9999889437557508 -0.027932802161359405 -0.09164851284077713 -0.5639712161998176
FixedParameters: 0 0 0
#Transform 5
Transform: MatrixOffsetTransformBase_double_3_3
Parameters: 0.9999967821259046 -0.0025389621236376033 -0.0007773537935564234 0.0025349556817934986 0.9999870443073627 -0.004419442499180843 0.0007886425167334954 0.004416701893047736 0.9999900359983095 -0.023030983605394795 -0.11896656897673097 -0.556905958327448
FixedParameters: 0 0 0
#Transform 6
Transform: MatrixOffsetTransformBase_double_3_3
Parameters: 0.9999969492908439 -0.002332937506500207 -0.0006775839620603158 0.002329278710941258 0.9999854254655178 -0.004811408925672963 0.0006884137399082169 0.004809456904815554 0.9999885431915911 -0.03125569850321597 -0.08470979285162628 -0.5530381283493995
FixedParameters: 0 0 0
#Transform 7
Transform: MatrixOffsetTransformBase_double_3_3
Parameters: 0.9999967548940717 -0.002540506137037444 -0.0007291331530967782 0.0025374707555797034 0.9999881608409957 -0.004050019768835404 0.0007398650516577676 0.004047522267504106 0.9999913269614668 -0.028644761070836466 -0.10606233961472356 -0.5507855634390069
FixedParameters: 0 0 0
#Transform 8
Transform: MatrixOffsetTransformBase_double_3_3
Parameters: 0.9999967576649085 -0.002513906139873211 -0.0008755592842505655 0.0025092751258315544 0.9999852528487244 -0.004842926743894055 0.0008884373115120164 0.004839807019483181 0.9999879393272799 -0.023141257506125612 -0.08662661178533426 -0.5683295606542202
FixedParameters: 0 0 0
#Transform 9
Transform: MatrixOffsetTransformBase_double_3_3
Parameters: 0.9999965836969508 -0.0023637475968260554 -0.0008280094718933761 0.0023592755432423605 0.999984175339638 -0.005026019938800869 0.000839987378378329 0.005023391660877685 0.9999872005222962 -0.022368191812560667 -0.1059057762685569 -0.551485350661153
FixedParameters: 0 0 0
#Transform 10
Transform: MatrixOffsetTransformBase_double_3_3
Parameters: 0.9999970189821067 -0.0022693928210032674 -0.0008293714256704804 0.0022648279539829613 0.999984111794592 -0.0050755019426127765 0.0008406253546524994 0.005073026594201505 0.9999866983540069 -0.027157002883299697 -0.08921657508788883 -0.5595412173035612
FixedParameters: 0 0 0
#Transform 11
Transform: MatrixOffsetTransformBase_double_3_3
Parameters: 0.9999954150275724 -0.0024042076110990344 -0.0016306599213660455 0.0023962801200274517 0.999984331784791 -0.005091949907078583 0.0016433398982605707 0.005087788320984874 0.9999855571737262 -0.003977766372941005 -0.10892134459804481 -0.5495310961898099
FixedParameters: 0 0 0
#Transform 12
Transform: MatrixOffsetTransformBase_double_3_3
Parameters: 0.9999964068031731 -0.0020683661797350726 -0.0014464969829841995 0.002061583887666061 0.9999854398962102 -0.005031174224273829 0.0014565022718026899 0.00502780106185628 0.9999858193566794 -0.012606017843509676 -0.07863961553489673 -0.5620132109658869
FixedParameters: 0 0 0
#Transform 13
Transform: MatrixOffsetTransformBase_double_3_3
Parameters: 0.9999962136128752 -0.002633690134871851 -0.0008791613806077014 0.0026290727158810386 0.9999853203191953 -0.004771427464386076 0.0008918373500244603 0.004769074923734647 0.999988538475082 -0.03872506328691827 -0.11159662643267154 -0.5600201549336674
FixedParameters: 0 0 0
#Transform 14
Transform: MatrixOffsetTransformBase_double_3_3
Parameters: 0.9999973410520488 -0.00224410459152018 -0.0006962242331294138 0.0022406684476194397 0.9999836008343939 -0.00523261105849436 0.0007077768455519412 0.005230773473321353 0.9999862741655116 -0.03608518957537399 -0.07554458414573162 -0.5723858744027268
FixedParameters: 0 0 0
#Transform 15
Transform: MatrixOffsetTransformBase_double_3_3
Parameters: 0.9999953404886784 -0.0025053299378198397 -0.0018209916442765012 0.0024962397093892747 0.9999832215635422 -0.005152848151346657 0.0018340090156089561 0.005147483038092581 0.9999852015007391 -0.024480537174682127 -0.11267271924639033 -0.549792844874915
FixedParameters: 0 0 0
#Transform 16
Transform: MatrixOffsetTransformBase_double_3_3
Parameters: 0.9999968365723758 -0.0024347397604771275 -0.0010813929956076107 0.002429404327341925 0.9999837576003369 -0.00513241310652332 0.0010936093348958426 0.005129587891915512 0.9999865556934261 -0.0440949909641688 -0.09156546732862125 -0.5338314926793828
FixedParameters: 0 0 0
#Transform 17
Transform: MatrixOffsetTransformBase_double_3_3
Parameters: 0.9999970740108236 -0.0024416749297520926 -0.0009447191717395637 0.002437092824410264 0.9999845479814116 -0.0049509940637308455 0.0009562832555220085 0.004948742886252807 0.9999876670540833 -0.03925848474983695 -0.1194309211798128 -0.5558044846640797
FixedParameters: 0 0 0
#Transform 18
Transform: MatrixOffsetTransformBase_double_3_3
Parameters: 0.9999957181241172 -0.002624002980172131 -0.0011518285135835998 0.0026172919170051132 0.9999846677057385 -0.004947479561614614 0.0011651675247854737 0.004944790522599456 0.9999872653198034 -0.03830151847499508 -0.08941598643724546 -0.5572876414415049
FixedParameters: 0 0 0
#Transform 19
Transform: MatrixOffsetTransformBase_double_3_3
Parameters: 0.9999954173868019 -0.002710924797759279 -0.0011160657236310156 0.0027053053994998393 0.9999837044306987 -0.005097043223007433 0.0011299334420295654 0.005093425331927925 0.9999867647651446 -0.03659766124714281 -0.11107135704871496 -0.5633326554627587
FixedParameters: 0 0 0
#Transform 20
Transform: MatrixOffsetTransformBase_double_3_3
Parameters: 0.9999965067748986 -0.002267251883111197 -0.0010993728058462104 0.0022618496215054485 0.999984065328759 -0.005081251400354389 0.0011106266600288267 0.005078711290284533 0.9999861164848701 -0.03622688576749056 -0.08069591574479773 -0.53836017942983
FixedParameters: 0 0 0
#Transform 21
Transform: MatrixOffsetTransformBase_double_3_3
Parameters: 0.9999957381298159 -0.0027093098091627763 -0.0009685702244513761 0.0027046897681428823 0.999982470595633 -0.005311395950040592 0.00098343553573077 0.005309573335533804 0.9999858272910619 -0.04418971747841738 -0.10498437975526542 -0.5445583534127962
FixedParameters: 0 0 0
#Transform 22
Transform: MatrixOffsetTransformBase_double_3_3
Parameters: 0.9999961834382793 -0.002475012839337778 -0.0007895051702312972 0.0024718848766609593 0.9999848782862251 -0.00500112874518373 0.0008014998063249346 0.004999579580369064 0.9999874291935719 -0.04393688864641376 -0.09037166493162374 -0.5594696802602073
FixedParameters: 0 0 0
#Transform 23
Transform: MatrixOffsetTransformBase_double_3_3
Parameters: 0.999997158884823 -0.0024178292283199426 -0.0009644560852647421 0.0024126793999121616 0.9999837431031825 -0.005141500031390921 0.0009765449929365205 0.005139198113189946 0.9999867004616607 -0.0374716614896613 -0.09785665719356018 -0.5531191994242874
FixedParameters: 0 0 0
#Transform 24
Transform: MatrixOffsetTransformBase_double_3_3
Parameters: 0.9999966906571149 -0.002498632568551723 -0.0009974210317073157 0.0024935125884928792 0.9999842030872598 -0.004957750860819946 0.0010095791408074317 0.004955127332073662 0.9999874983894994 -0.05316108478474746 -0.0677804221553373 -0.5543480829259977
FixedParameters: 0 0 0
#Transform 25
Transform: MatrixOffsetTransformBase_double_3_3
Parameters: 0.9999964720830411 -0.002407136119429749 -0.0012577498101066509 0.002401207911790162 0.9999840963484333 -0.005013587340958486 0.0012702533114323372 0.005011049503114159 0.9999864288434512 -0.04943495918263352 -0.10017139183202062 -0.5302091504602231
FixedParameters: 0 0 0
#Transform 26
Transform: MatrixOffsetTransformBase_double_3_3
Parameters: 0.9999964600320229 -0.0023230140096223584 -0.001000115015308195 0.0023176436351936857 0.9999849253792148 -0.00506971619089071 0.0010118826243400852 0.005067433783746934 0.9999864412612758 -0.030248831770975926 -0.07361460760793648 -0.54764817721329
FixedParameters: 0 0 0
#Transform 27
Transform: MatrixOffsetTransformBase_double_3_3
Parameters: 0.9999960389459234 -0.002449507859480013 -0.0016978529031222017 0.0024417187010465423 0.9999854906839766 -0.004852891614170356 0.0017091494177754324 0.004848256226313955 0.9999866478629217 -0.020024196255391757 -0.10996139587504672 -0.5515526997632634
FixedParameters: 0 0 0
#Transform 28
Transform: MatrixOffsetTransformBase_double_3_3
Parameters: 0.9999969309701966 -0.0024853629888193524 -0.0009088073018429371 0.00248055693874994 0.9999831522044487 -0.00526248749012606 0.0009221934712031477 0.0052603272792064405 0.9999855449387799 -0.02902904770789405 -0.06457726616989135 -0.557551814222137
FixedParameters: 0 0 0
#Transform 29
Transform: MatrixOffsetTransformBase_double_3_3
Parameters: 0.9999963276274191 -0.002415266982934919 -0.0008300567387417995 0.0024110415897129612 0.9999855066397748 -0.004866526548344449 0.0008419400418090417 0.004863802479100302 0.9999877812126128 -0.03478790441228341 -0.11161703635700349 -0.5548183009462946
FixedParameters: 0 0 0
#Transform 30
Transform: MatrixOffsetTransformBase_double_3_3
Parameters: 0.9999963484383835 -0.0023597805317490316 -0.001014470084911262 0.0023547316427540263 0.9999830610471091 -0.005328650759807798 0.001026532098155175 0.005326304143974196 0.9999856297481455 -0.03367400304040302 -0.0790398619714523 -0.5545783523905783
FixedParameters: 0 0 0
#Transform 31
Transform: MatrixOffsetTransformBase_double_3_3
Parameters: 0.9999964572501097 -0.0025643121774638514 -0.000990476632837023 0.0025586393790082685 0.9999831207769483 -0.0052275030040941 0.0010035232099356028 0.005225778425111262 0.9999856754918015 -0.03424300100014932 -0.11739118963737383 -0.5608119552245938
FixedParameters: 0 0 0
#Transform 32
Transform: MatrixOffsetTransformBase_double_3_3
Parameters: 0.9999964185827643 -0.002389814006537225 -0.001345203094306649 0.0023831151453142783 0.9999827704372496 -0.005343142366201994 0.0013578007829754823 0.005340310114122903 0.9999846987118605 -0.055722389590613375 -0.09284299366115079 -0.5619264254645486
FixedParameters: 0 0 0
#Transform 33
Transform: MatrixOffsetTransformBase_double_3_3
Parameters: 0.9999968111879841 -0.002531402179765409 -0.0008448122626175392 0.0025274363903594454 0.9999839404079127 -0.005164426270159177 0.0008581918191567922 0.005162504757722509 0.9999866790998123 -0.032225158491755224 -0.10141292445425165 -0.5692753988666794
FixedParameters: 0 0 0
#Transform 34
Transform: MatrixOffsetTransformBase_double_3_3
Parameters: 0.9999965926152807 -0.0022612768254610077 -0.001075136447710165 0.002255787730360722 0.9999835152212279 -0.005234136298654437 0.0010868635937461846 0.005231717897768451 0.9999855854642784 -0.03888934533596 -0.07565829983911954 -0.5554443827149527
FixedParameters: 0 0 0
#Transform 35
Transform: MatrixOffsetTransformBase_double_3_3
Parameters: 0.9999967614433833 -0.0021931007917263476 -0.0011394163268890894 0.0021867779039974923 0.9999830658296739 -0.005305806652957182 0.001150582765599345 0.005303256237769521 0.9999856823149645 -0.04021900740745821 -0.10430177026462673 -0.5578887978881539
FixedParameters: 0 0 0
#Transform 36
Transform: MatrixOffsetTransformBase_double_3_3
Parameters: 0.999996026301477 -0.002507579138922184 -0.0008443185145387416 0.0025021010224457055 0.9999818118549433 -0.0054703080849842845 0.0008576760286436863 0.005468352484024147 0.9999843371431368 -0.04159620016363874 -0.08893561429047736 -0.540521897368194
FixedParameters: 0 0 0
#Transform 37
Transform: MatrixOffsetTransformBase_double_3_3
Parameters: 0.9999957047818543 -0.002626148595429435 -0.0011872309174310453 0.0026205590901274166 0.9999831068787782 -0.005199055575677693 0.0012007698493526758 0.005195333996864816 0.9999855507989068 -0.039476479052751756 -0.10079862140696605 -0.5660981890066523
FixedParameters: 0 0 0
#Transform 38
Transform: MatrixOffsetTransformBase_double_3_3
Parameters: 0.999995974962403 -0.0024320137308723204 -0.0010766026596357031 0.002425685892567471 0.9999783144116868 -0.0060664904080796715 0.001091397496453081 0.00606376764844547 0.9999809893114684 -0.04037288533162098 -0.0853704923748495 -0.5614915936884586
FixedParameters: 0 0 0
#Transform 39
Transform: MatrixOffsetTransformBase_double_3_3
Parameters: 0.999996330869379 -0.0024720247130784827 -0.001223867798051892 0.0024657264775156413 0.9999828235684002 -0.005300398518944613 0.0012371355984569787 0.005297862522016689 0.9999854644074179 -0.04487164145348288 -0.1116538654455752 -0.5596805176765542
FixedParameters: 0 0 0
#Transform 40
Transform: MatrixOffsetTransformBase_double_3_3
Parameters: 0.9999961199828494 -0.0025238691845890426 -0.001244255584047907 0.0025157857801698462 0.9999795912086911 -0.005922432606446922 0.0012597407372720026 0.005919662858781444 0.9999813361889655 -0.05105453544351235 -0.09064810164581161 -0.5510270888447479
FixedParameters: 0 0 0
#Transform 41
Transform: MatrixOffsetTransformBase_double_3_3
Parameters: 0.9999964146956194 -0.002311988354813978 -0.0010524652003147533 0.002306285412032376 0.999982045642779 -0.0054438133338735924 0.0010655339070172465 0.0054413871234144 0.9999843879659599 -0.04529667398669801 -0.11144891011015545 -0.5508393920165702
FixedParameters: 0 0 0
#Transform 42
Transform: MatrixOffsetTransformBase_double_3_3
Parameters: 0.9999962106703714 -0.0024172404708472936 -0.0009440213376104151 0.002412825942940057 0.9999821569946691 -0.005387184005710783 0.0009569822503574937 0.005385057568328899 0.9999851394042498 -0.0386173588137666 -0.08949393607800005 -0.5640916464024173
FixedParameters: 0 0 0
#Transform 43
Transform: MatrixOffsetTransformBase_double_3_3
Parameters: 0.9999956442463674 -0.0026416562166473273 -0.0011809837055657135 0.0026358282578119903 0.9999820444090459 -0.0052921402293645186 0.0011950200475618483 0.005289410477956441 0.9999855774444375 -0.043029127091060104 -0.09228892792469878 -0.5531179112141018
FixedParameters: 0 0 0
#Transform 44
Transform: MatrixOffsetTransformBase_double_3_3
Parameters: 0.9999957798569953 -0.0026288194084031686 -0.0011556243145002254 0.0026218109831560392 0.9999810394380437 -0.00548474403156321 0.001170373685120768 0.00548209899481919 0.9999845544193755 -0.04411907705656404 -0.09678913449003801 -0.5490503113692995
FixedParameters: 0 0 0
#Transform 45
Transform: MatrixOffsetTransformBase_double_3_3
Parameters: 0.9999963980037871 -0.0024463844393793747 -0.0012452803218507141 0.0024403074191106477 0.9999834744948223 -0.005154968250242997 0.0012577207664503376 0.005151395548777979 0.9999859439584445 -0.04509751594433453 -0.08953280356008975 -0.5702319604620243
FixedParameters: 0 0 0
#Transform 46
Transform: MatrixOffsetTransformBase_double_3_3
Parameters: 0.9999948049601001 -0.00234384239176312 -0.0021571621007045183 0.002332450638348396 0.999981872989313 -0.005539179368524155 0.00216984447302232 0.0055350666544267 0.9999827064551718 -0.04037507088202119 -0.09400699251177969 -0.5280002321316886
FixedParameters: 0 0 0
#Transform 47
Transform: MatrixOffsetTransformBase_double_3_3
Parameters: 0.9999968780657289 -0.0023670902216951957 -0.0011715661993015464 0.0023616426381201836 0.9999832909578055 -0.005209058004550628 0.0011844374127716883 0.005206030550978414 0.9999856374963405 -0.042345510526971 -0.09637603756375768 -0.5473357469655014
FixedParameters: 0 0 0
#Transform 48
Transform: MatrixOffsetTransformBase_double_3_3
Parameters: 0.9999969608572506 -0.002075290688925321 -0.0012337089551858887 0.002068556179352839 0.9999828045881333 -0.005469588690267494 0.001245289658704657 0.0054669953935285774 0.9999837709849492 -0.04303477938044864 -0.10414349932270284 -0.553672054769919
FixedParameters: 0 0 0
#Transform 49
Transform: MatrixOffsetTransformBase_double_3_3
Parameters: 0.9999953387158161 -0.001997125407606565 -0.0021167654235349914 0.001985232609037706 0.9999816195335973 -0.005782319655567044 0.0021282374804877935 0.00577887464788236 0.9999812707049093 -0.0211441340501608 -0.06821907821220918 -0.5410795990642612
FixedParameters: 0 0 0
#Transform 50
Transform: MatrixOffsetTransformBase_double_3_3
Parameters: 0.9999966040896006 -0.0025573326772392125 -0.000938982130547189 0.0025517627436096642 0.9999812732728258 -0.005496737054455442 0.0009530171553006755 0.0054942899342286765 0.9999848793352163 -0.03352551811428839 -0.12535102541389165 -0.5561865999856792
FixedParameters: 0 0 0
#Transform 51
Transform: MatrixOffsetTransformBase_double_3_3
Parameters: 0.9999961774660471 -0.002300658894520153 -0.0011844346893043617 0.0022943369985386946 0.9999822755979566 -0.005519215873971737 0.001197565576332757 0.00551628622731741 0.999984261143596 -0.04740057338921133 -0.08475937381011533 -0.5444824128980912
FixedParameters: 0 0 0
#Transform 52
Transform: MatrixOffsetTransformBase_double_3_3
Parameters: 0.9999963744689994 -0.0025361615775912867 -0.0010643711399136863 0.0025305000962155067 0.9999828548821209 -0.005361243781781027 0.0010786292626939198 0.0053582793912207785 0.9999851841674439 -0.03887844884971514 -0.10077494938397535 -0.5505492373865621
FixedParameters: 0 0 0
#Transform 53
Transform: MatrixOffsetTransformBase_double_3_3
Parameters: 0.9999963100849596 -0.002413047227490407 -0.0009021636288915474 0.0024081787279001776 0.9999827123708055 -0.005337314107403853 0.0009148367907888671 0.005335320112948345 0.9999857515267715 -0.03488338404945068 -0.0709515686351665 -0.5617347347802593
FixedParameters: 0 0 0
#Transform 54
Transform: MatrixOffsetTransformBase_double_3_3
Parameters: 0.9999966504025216 -0.0024387083752383954 -0.0011553887706567956 0.0024335455507386423 0.9999837977158899 -0.00512622414136713 0.0011676182865153761 0.0051241049284536724 0.9999864491182133 -0.04628844306293445 -0.1027187509961891 -0.5260919684348551
FixedParameters: 0 0 0
#Transform 55
Transform: MatrixOffsetTransformBase_double_3_3
Parameters: 0.9999963702637406 -0.0023808624622495425 -0.0009520768980353922 0.0023762485664637545 0.9999826923128885 -0.0054462149531776805 0.0009649257399383659 0.005444119806132198 0.9999844845855337 -0.03285968582660814 -0.08606912437568326 -0.5636713489995344
FixedParameters: 0 0 0
#Transform 56
Transform: MatrixOffsetTransformBase_double_3_3
Parameters: 0.9999978633252897 -0.00196098565686003 -0.0009986680849524837 0.0019553314835351007 0.9999845074690866 -0.005260348595207519 0.0010093293119474295 0.005257805794875009 0.9999856280981135 -0.03943056121077859 -0.10478073092424722 -0.5528427874647832
FixedParameters: 0 0 0
#Transform 57
Transform: MatrixOffsetTransformBase_double_3_3
Parameters: 0.9999973435434478 -0.00223193282036732 -0.0007286124223419704 0.0022284269717425006 0.9999845125226826 -0.005052074564616298 0.0007393881881527925 0.005050111387526645 0.9999870914585129 -0.034126994867833105 -0.08961996450541676 -0.541253269480066
FixedParameters: 0 0 0
#Transform 58
Transform: MatrixOffsetTransformBase_double_3_3
Parameters: 0.9999962591686792 -0.0025689392881620737 -0.0010754153170379616 0.00256234611236236 0.9999829453430983 -0.005242441948588732 0.0010885809792220008 0.00524027290101038 0.9999853447099758 -0.0433321963508746 -0.10100081422167762 -0.5516656577785284
FixedParameters: 0 0 0
#Transform 59
Transform: MatrixOffsetTransformBase_double_3_3
Parameters: 0.9999968028248818 -0.0025538167844283773 -0.0008287407855869372 0.0025500545002131994 0.9999840303587778 -0.005144577426055743 0.0008412639717836068 0.005142701783684811 0.9999868330684377 -0.03246615877583281 -0.0959811977581353 -0.5560060628467909
FixedParameters: 0 0 0
#Transform 60
Transform: MatrixOffsetTransformBase_double_3_3
Parameters: 0.9999968174281522 -0.002258122188262784 -0.0009749363295961655 0.0022534233937217835 0.9999831435347211 -0.005364530812941426 0.0009870674718711059 0.005362569531903009 0.9999854013641761 -0.03923503652833915 -0.09129189172143981 -0.5466180938585694
FixedParameters: 0 0 0
#Transform 61
Transform: MatrixOffsetTransformBase_double_3_3
Parameters: 0.999996923824855 -0.0023287432750715735 -0.000713105735762401 0.002325378285167062 0.9999849959595697 -0.005059535530854704 0.0007248947700539271 0.005057499943222416 0.9999870382039754 -0.02841675746945782 -0.09627277610537988 -0.5512230870215831
FixedParameters: 0 0 0
#Transform 62
Transform: MatrixOffsetTransformBase_double_3_3
Parameters: 0.9999965345221534 -0.0024410847381433295 -0.0006726644129163017 0.002437549285354322 0.9999820409226944 -0.005479001071269186 0.0006863351652194871 0.005476996761191814 0.9999845829520666 -0.028692962801997624 -0.09113558774429009 -0.5448828685341027
FixedParameters: 0 0 0
#Transform 63
Transform: MatrixOffsetTransformBase_double_3_3
Parameters: 0.999996538354096 -0.002361947104779532 -0.000856444011856472 0.00235756178004085 0.999985283827236 -0.004812565170996342 0.0008675529614504546 0.00480980767932806 0.9999882593768419 -0.030738480057109996 -0.08743630661315649 -0.5618871797959031
FixedParameters: 0 0 0
#Transform 64
Transform: MatrixOffsetTransformBase_double_3_3
Parameters: 0.9999962529273875 -0.0024598792981144614 -0.000858813583103607 0.002455524304507478 0.999979416755937 -0.00587818516705036 0.0008731914897904813 0.005876392964163604 0.9999826638967945 -0.036309410158551714 -0.09317134760772205 -0.5637486859582452
FixedParameters: 0 0 0
#Transform 65
Transform: MatrixOffsetTransformBase_double_3_3
Parameters: 0.9999967469970334 -0.0025377644732977804 -0.00091763797028524 0.002533035320547805 0.9999810281872472 -0.005705777864063577 0.0009323666749815884 0.005703551911153408 0.9999835699188728 -0.02990970992048858 -0.11198354901148377 -0.5584137057038134
FixedParameters: 0 0 0
#Transform 66
Transform: MatrixOffsetTransformBase_double_3_3
Parameters: 0.9999963538918591 -0.0020845425203573457 -0.0020210353546094434 0.0020739722302821726 0.9999840554329396 -0.005257853386646097 0.002031968051478747 0.005253279879633951 0.9999844880560979 -0.02635716890142703 -0.08277578105945338 -0.5547670294818374
FixedParameters: 0 0 0
#Transform 67
Transform: MatrixOffsetTransformBase_double_3_3
Parameters: 0.9999964043240078 -0.002414415867289344 -0.000840207764705822 0.002410301014168171 0.9999832805955179 -0.005282860000990891 0.0008527939722009492 0.005281161969724348 0.9999854431333636 -0.033104235842515095 -0.11161853357528173 -0.5521710488545324
FixedParameters: 0 0 0
#Transform 68
Transform: MatrixOffsetTransformBase_double_3_3
Parameters: 0.9999971665741775 -0.002177445036855524 -0.0009764117242167941 0.0021728452028938637 0.9999840967616795 -0.005308607176733661 0.0009875914238975103 0.005306799742474178 0.9999850015200321 -0.0332053740311693 -0.08328848322831561 -0.572435905382136
FixedParameters: 0 0 0
#Transform 69
Transform: MatrixOffsetTransformBase_double_3_3
Parameters: 0.9999961257314195 -0.002648534904626954 -0.0009392500491503669 0.002643785952984634 0.9999808321121662 -0.005583865903941706 0.0009547528802954924 0.0055813186092414195 0.9999839127427238 -0.040030827310289396 -0.09384159083047905 -0.5672362865132357
FixedParameters: 0 0 0
#Transform 70
Transform: MatrixOffsetTransformBase_double_3_3
Parameters: 0.9999965173152809 -0.002321857871964032 -0.0010219876250392723 0.002316046947133814 0.9999816261797436 -0.005657646142288535 0.0010350110660826 0.00565534060131951 0.9999829932211886 -0.03960291630096435 -0.10178556590922483 -0.5605450781185652
FixedParameters: 0 0 0
#Transform 71
Transform: MatrixOffsetTransformBase_double_3_3
Parameters: 0.9999961808055252 -0.0026707141934250414 -0.0008909166472225588 0.0026663170308771924 0.999980523383239 -0.00568933445017878 0.0009060884075953318 0.005687003661379956 0.9999837279524595 -0.02716996995208376 -0.1174393806948757 -0.552198234279615
FixedParameters: 0 0 0
#Transform 72
Transform: MatrixOffsetTransformBase_double_3_3
Parameters: 0.9999963903049317 -0.0025150853935654964 -0.0005562382782243885 0.0025118235589537694 0.9999816167458621 -0.005483996441550419 0.0005697597313277653 0.005482398561344467 0.9999845924983638 -0.02592218386249101 -0.09650025891738778 -0.5639371530460409
FixedParameters: 0 0 0
#Transform 73
Transform: MatrixOffsetTransformBase_double_3_3
Parameters: 0.9999965665354241 -0.0026609069935496533 -0.0007431460963376185 0.0026566398525690285 0.9999782666678713 -0.006055867232522764 0.0007588574910919882 0.006054259836637623 0.9999815721155001 -0.03516067043325677 -0.08604016262921732 -0.555497948107103
FixedParameters: 0 0 0
#Transform 74
Transform: MatrixOffsetTransformBase_double_3_3
Parameters: 0.9999958594292007 -0.0026672774305010376 -0.0010153089959706735 0.002662764411375399 0.9999833191408111 -0.0050589838698111905 0.0010286928433995146 0.005056001105463399 0.9999863707241118 -0.034601590882161304 -0.11517882214903352 -0.560226417969659
FixedParameters: 0 0 0
#Transform 75
Transform: MatrixOffsetTransformBase_double_3_3
Parameters: 0.9999962573747323 -0.002497965773629651 -0.0007941753853227124 0.002493139319782087 0.9999789096154585 -0.006072727215974921 0.0008088230310470818 0.006070116015952153 0.9999813674234778 -0.027304508598248844 -0.07733853574323746 -0.5725812077759258
FixedParameters: 0 0 0
#Transform 76
Transform: MatrixOffsetTransformBase_double_3_3
Parameters: 0.9999967641029314 -0.002530138191217439 -0.0009294161437998771 0.002525075484625695 0.9999798594103518 -0.005810728495292889 0.0009445864094012046 0.005808456295701468 0.9999823393494123 -0.02113155792662269 -0.11443627590163885 -0.5675863820895586
FixedParameters: 0 0 0
#Transform 77
Transform: MatrixOffsetTransformBase_double_3_3
Parameters: 0.9999952778164352 -0.0028730290695200213 -0.0008108611222314432 0.0028676014032934663 0.9999798132582679 -0.005653420367595335 0.0008271346271867541 0.005651026417661936 0.9999841939099281 -0.012630645470807167 -0.10547514064590757 -0.5662671558442867
FixedParameters: 0 0 0
#Transform 78
Transform: MatrixOffsetTransformBase_double_3_3
Parameters: 0.9999966608944276 -0.002668599544129319 -0.0004785952088959128 0.0026663118793091396 0.9999822650250102 -0.005350383126966408 0.0004934061901296083 0.005349022627898083 0.9999851317340904 -0.030547418363909173 -0.06584873550241355 -0.567366416004802
FixedParameters: 0 0 0
#Transform 79
Transform: MatrixOffsetTransformBase_double_3_3
Parameters: 0.9999955958038571 -0.0028366756159531868 -0.0007389526157935145 0.00283200219129335 0.999979565334628 -0.005693131316287221 0.0007550458611560035 0.005691204441606445 0.9999838535025476 -0.014937924695971105 -0.11321648149923647 -0.5630221870631829
FixedParameters: 0 0 0
#Transform 80
Transform: MatrixOffsetTransformBase_double_3_3
Parameters: 0.9999941005690255 -0.0031655376344926225 -0.0014886267847099427 0.0031567864346359045 0.9999782401068381 -0.005813277760968225 0.00150737244253428 0.005808500611025137 0.9999816514795752 0.000025537897968774814 -0.08350411030070859 -0.5607285692027233
FixedParameters: 0 0 0
#Transform 81
Transform: MatrixOffsetTransformBase_double_3_3
Parameters: 0.9999949341921068 -0.0031722531985836425 -0.000584772712727763 0.0031682583634982165 0.9999789096860817 -0.005748754237783413 0.0006032251688259521 0.005747217147248317 0.9999832698154082 -0.012799556532797851 -0.10848177763794808 -0.5408729450420111
FixedParameters: 0 0 0
#Transform 82
Transform: MatrixOffsetTransformBase_double_3_3
Parameters: 0.9999956588235916 -0.002855683623000569 -0.0006774366220219097 0.0028514799907407165 0.9999785149524516 -0.005860979164720756 0.0006935636827444108 0.0058593745318411515 0.9999829162982818 -0.018319295786014322 -0.10203842170525945 -0.572552499565532
FixedParameters: 0 0 0
#Transform 83
Transform: MatrixOffsetTransformBase_double_3_3
Parameters: 0.9999937716358261 -0.0034932821415744344 -0.0007215530794208724 0.003488545266034963 0.999976565365125 -0.0058535461032587326 0.0007424437658200833 0.0058507430185968465 0.9999827220711138 -0.032707414675016366 -0.110419392889753 -0.5681196568539093
FixedParameters: 0 0 0
#Transform 84
Transform: MatrixOffsetTransformBase_double_3_3
Parameters: 0.9999958538009659 -0.002747824173348003 -0.0008392979841194276 0.0027428998433887894 0.9999793616920865 -0.005754467636023884 0.0008557018374852204 0.005752200325851423 0.9999830713640033 -0.01568793364195642 -0.08865610140080094 -0.5676654617507495
FixedParameters: 0 0 0
#Transform 85
Transform: MatrixOffsetTransformBase_double_3_3
Parameters: 0.9999951620772308 -0.0030574865268316637 -0.0008619027338663127 0.0030526141610158625 0.9999796248903531 -0.005572942685310618 0.0008790964017767189 0.005570009917201411 0.9999839472578359 -0.01972252051072587 -0.10559416344226236 -0.5287914948317507
FixedParameters: 0 0 0
#Transform 86
Transform: MatrixOffsetTransformBase_double_3_3
Parameters: 0.999995672457002 -0.0028668725463789637 -0.0006217069047103618 0.0028629870474145428 0.9999773484738081 -0.006119735603633328 0.000639294082438388 0.0061184305538339355 0.999980880946542 -0.01636614743615894 -0.09036828393210783 -0.5551924882377506
FixedParameters: 0 0 0
#Transform 87
Transform: MatrixOffsetTransformBase_double_3_3
Parameters: 0.9999946966867485 -0.0028726189889798615 -0.0014938417465408804 0.0028644257204483723 0.9999800087881872 -0.005638270633774026 0.0015101572747515807 0.0056333503837698706 0.9999828000473046 0.0024571051553010648 -0.10097314487052245 -0.5426611106488508
FixedParameters: 0 0 0
#Transform 88
Transform: MatrixOffsetTransformBase_double_3_3
Parameters: 0.9999948944588544 -0.003144116157417247 -0.0007457371549323549 0.0031401685390330036 0.9999783542775835 -0.005812562015994837 0.0007642648522828283 0.005810203453864575 0.9999823197548885 -0.00254998303363152 -0.09445154361492314 -0.5717407234819945
FixedParameters: 0 0 0
#Transform 89
Transform: MatrixOffsetTransformBase_double_3_3
Parameters: 0.9999942543028411 -0.003303245053742645 -0.00040849658528666066 0.0033004966558825444 0.9999789760339837 -0.005579437346694551 0.00042750018761339437 0.005577830791191576 0.9999843722810183 -0.004598969705696732 -0.11300290573235827 -0.5385352326999993
FixedParameters: 0 0 0
#Transform 90
Transform: MatrixOffsetTransformBase_double_3_3
Parameters: 0.9999951741407814 -0.003040211201796069 -0.0009167544978076758 0.003035525405452995 0.9999795294554046 -0.0056797372662844 0.0009342484367503845 0.005676578695987996 0.9999836421933226 -0.02331522134744546 -0.08150541892881336 -0.5652725041917535
FixedParameters: 0 0 0
#Transform 91
Transform: MatrixOffsetTransformBase_double_3_3
Parameters: 0.999995306383992 -0.0030879735779696877 -0.0007070541917532092 0.003084438460201863 0.9999783708535626 -0.005840881787442521 0.0007249510902126305 0.005838848413293246 0.9999830391426736 -0.011991645307119825 -0.09923542622227899 -0.5575182071824116
FixedParameters: 0 0 0
#Transform 92
Transform: MatrixOffsetTransformBase_double_3_3
Parameters: 0.9999959796737111 -0.002783396639490417 -0.0006835185581847564 0.0027789437337779658 0.9999784414941519 -0.0059860118706871225 0.0007004802880979794 0.005984470359794143 0.9999815040828226 -0.03313893333633189 -0.09729361205062048 -0.552527081550366
FixedParameters: 0 0 0
#Transform 93
Transform: MatrixOffsetTransformBase_double_3_3
Parameters: 0.9999953849100904 -0.003054280733846913 -0.0008483426556210871 0.0030494934050776475 0.9999763986846402 -0.0061890137465071 0.0008666608840971479 0.006186244281862746 0.9999805431415341 -0.03628904358126306 -0.10870045284980279 -0.5528226679991519
FixedParameters: 0 0 0
#Transform 94
Transform: MatrixOffsetTransformBase_double_3_3
Parameters: 0.9999955516967045 -0.0027954046314147664 -0.0009124724735925793 0.00279016715739288 0.9999781350944144 -0.006006735175746641 0.0009295293927973347 0.0060040553907102475 0.9999818868951966 -0.036029203949553334 -0.10326143650586062 -0.5778370006628819
FixedParameters: 0 0 0
#Transform 95
Transform: MatrixOffsetTransformBase_double_3_3
Parameters: 0.999995205706281 -0.002960578084457542 -0.0011377947521042375 0.0029539172616653295 0.9999780843948011 -0.005847114314309174 0.001155206452307475 0.0058438732314352575 0.9999822497334234 -0.037986350376343125 -0.1224243896125472 -0.5541775095934725
FixedParameters: 0 0 0
#Transform 96
Transform: MatrixOffsetTransformBase_double_3_3
Parameters: 0.9999938453119366 -0.0032761756940754144 -0.0009141432663108684 0.0032713671940943854 0.9999781401614319 -0.005758678892031944 0.0009328563833333331 0.005755096755754396 0.9999825891265636 -0.0469094016760323 -0.11539869374794876 -0.5641276019779582
FixedParameters: 0 0 0
#Transform 97
Transform: MatrixOffsetTransformBase_double_3_3
Parameters: 0.9999949984260824 -0.002754621298713177 -0.001272590655124306 0.002746777891811069 0.9999774371395515 -0.006084148040627235 0.001289409489651644 0.006080719087271679 0.9999811567536827 -0.03894367569313317 -0.11218639315363532 -0.5705765859740524
FixedParameters: 0 0 0
#Transform 98
Transform: MatrixOffsetTransformBase_double_3_3
Parameters: 0.999995246902014 -0.0028490350711432187 -0.0009065869255014264 0.0028441725195570097 0.9999792908744521 -0.005797900391306715 0.0009234168086585393 0.005796152549548039 0.9999823695014904 -0.030249134236953523 -0.12081540365873877 -0.5718246013433657
FixedParameters: 0 0 0
#Transform 99
Transform: MatrixOffsetTransformBase_double_3_3
Parameters: 0.9999946508714237 -0.0031012778157016225 -0.0010404650486583178 0.0030943565199723724 0.9999770174532272 -0.006033563333138202 0.001059531856720211 0.006030519348861156 0.9999811615591784 -0.03826898768608089 -0.10209563902861873 -0.5475733592082008
FixedParameters: 0 0 0
#Transform 100
Transform: MatrixOffsetTransformBase_double_3_3
Parameters: 0.9999953151456187 -0.0029616130220897945 -0.0010795092381245402 0.0029562880601936947 0.9999804589411493 -0.005549896539558188 0.0010954957507948032 0.005547000716118544 0.9999837784537012 -0.039002054869612834 -0.1274195990877729 -0.5704324091888395
FixedParameters: 0 0 0
#Transform 101
Transform: MatrixOffsetTransformBase_double_3_3
Parameters: 0.9999948163889645 -0.0031196972091038612 -0.0009394229863391584 0.003113129476621101 0.9999772033002682 -0.00600877123753103 0.0009575703946914371 0.006005245473199747 0.9999815875922513 -0.05496933105952451 -0.09646446676647713 -0.5827870976282696
FixedParameters: 0 0 0
#Transform 102
Transform: MatrixOffsetTransformBase_double_3_3
Parameters: 0.9999944249877074 -0.003264606930248772 -0.0006467432061270512 0.0032606688911080185 0.9999772932345273 -0.005922257076230018 0.0006652566500115337 0.005920284117053596 0.9999820075653519 -0.042515494562621825 -0.11623791213332879 -0.5609648545050732
FixedParameters: 0 0 0
#Transform 103
Transform: MatrixOffsetTransformBase_double_3_3
Parameters: 0.9999941328170363 -0.003291560361709031 -0.000674768618150759 0.003287359107505443 0.9999777572572788 -0.005868098451938741 0.0006942303561187219 0.005865902800869835 0.9999826873496724 -0.05511517009639988 -0.11576836671764568 -0.5793067408629611
FixedParameters: 0 0 0
#Transform 104
Transform: MatrixOffsetTransformBase_double_3_3
Parameters: 0.99999462430834 -0.003109267145045319 -0.0009831518023833974 0.003103606380503335 0.9999783275001514 -0.005747833684362476 0.0010018489803204494 0.005745128839923298 0.9999827330573491 -0.050193505232471125 -0.10034170715432822 -0.5637381201417071
FixedParameters: 0 0 0
#Transform 105
Transform: MatrixOffsetTransformBase_double_3_3
Parameters: 0.9999941406178657 -0.003219490957575907 -0.000957218473845195 0.0032139092204534914 0.9999773105647309 -0.005861561898239842 0.000975782602795558 0.00585880544800872 0.9999823016799892 -0.045099883865617585 -0.1275488513599612 -0.5704624448431588
FixedParameters: 0 0 0
#Transform 106
Transform: MatrixOffsetTransformBase_double_3_3
Parameters: 0.9999956013871214 -0.002965904685956678 -0.0009342586583647727 0.00296032951231905 0.9999777240416329 -0.006042704392247265 0.0009527420041145901 0.0060395775126284405 0.9999813422490683 -0.034031870864538405 -0.11071835784586881 -0.6080465771555481
FixedParameters: 0 0 0
#Transform 107
Transform: MatrixOffsetTransformBase_double_3_3
Parameters: 0.9999940594297558 -0.0033213643775784596 -0.0004961566793511701 0.003318534008344993 0.9999787773526896 -0.00567557927384807 0.0005158422012350034 0.005673451741673238 0.9999842058464202 -0.03692203301632446 -0.12711754620652016 -0.596901527548809
FixedParameters: 0 0 0
#Transform 108
Transform: MatrixOffsetTransformBase_double_3_3
Parameters: 0.9999943355853247 -0.0032633795793127317 -0.0006586453792683661 0.003260244724532638 0.999976892795233 -0.005956424407853076 0.0006783596628925775 0.005954449433315331 0.9999816634118325 -0.04215661911237589 -0.13088433951040201 -0.6170723869014552
FixedParameters: 0 0 0
#Transform 109
Transform: MatrixOffsetTransformBase_double_3_3
Parameters: 0.9999942131602402 -0.0034892486364335594 -0.000432268742424316 0.003485909575144417 0.9999765862464698 -0.005938136856026803 0.00045272575913034296 0.005936204156147202 0.9999819814716884 -0.030474118247980186 -0.11290154281020648 -0.5987780674551431
FixedParameters: 0 0 0
#Transform 110
Transform: MatrixOffsetTransformBase_double_3_3
Parameters: 0.9999939471776229 -0.003466740252167123 -0.000725642456601075 0.003462925335897993 0.9999765228017611 -0.00587260657271118 0.000746360271577956 0.005869892401373668 0.9999824922174574 -0.027094483072090725 -0.1386861233269343 -0.5921465523580025
FixedParameters: 0 0 0
#Transform 111
Transform: MatrixOffsetTransformBase_double_3_3
Parameters: 0.9999937342596431 -0.003305401838736152 -0.0008717495457568752 0.003300835393632847 0.9999778737195739 -0.00585055590728896 0.000891255120695128 0.00584819393930241 0.9999825853534936 -0.03391507854165354 -0.10920557908308126 -0.607805473871835
FixedParameters: 0 0 0
#Transform 112
Transform: MatrixOffsetTransformBase_double_3_3
Parameters: 0.999992921291563 -0.0035814704106874517 -0.000953498253464205 0.0035756054126013723 0.9999759253990704 -0.006024017272543187 0.0009745005310353161 0.006020579274194748 0.9999811454934913 -0.04123614562396938 -0.15150259862852522 -0.5900024856866253
FixedParameters: 0 0 0
#Transform 113
Transform: MatrixOffsetTransformBase_double_3_3
Parameters: 0.9999944199111097 -0.0033247795833786717 -0.0009669091068877644 0.0033193534726979903 0.9999782394105396 -0.005722000444009157 0.0009860928553840353 0.005718973878129666 0.9999829123719304 -0.056617932382451386 -0.10654497683637487 -0.6088283938685066
FixedParameters: 0 0 0
#Transform 114
Transform: MatrixOffsetTransformBase_double_3_3
Parameters: 0.9999954770840604 -0.0030410671941030233 -0.0007944235148577561 0.0030359417378892613 0.9999764547399658 -0.0061909342359627 0.0008135763249408345 0.006188434391196755 0.9999806848086664 -0.045136163883896074 -0.11718374338029491 -0.5931239768574557
FixedParameters: 0 0 0
#Transform 115
Transform: MatrixOffsetTransformBase_double_3_3
Parameters: 0.9999944113522645 -0.0030865164733467074 -0.0012259282874612781 0.003078725970041913 0.9999759953954342 -0.0062870182416063765 0.0012450708962814666 0.006283019414861375 0.9999795310848976 -0.05007054813863476 -0.1272049165797995 -0.599347397835146
FixedParameters: 0 0 0
#Transform 116
Transform: MatrixOffsetTransformBase_double_3_3
Parameters: 0.9999940624617613 -0.0030457912137369304 -0.0014224183201876212 0.0030366595759858147 0.9999761671540315 -0.006213546312594714 0.0014415813345082518 0.006209529932770364 0.9999800033938334 -0.04412557660384664 -0.11238986302625165 -0.5876271614781814
FixedParameters: 0 0 0
#Transform 117
Transform: MatrixOffsetTransformBase_double_3_3
Parameters: 0.9999940048352769 -0.003243612880005735 -0.0009013934568952164 0.0032379832257646915 0.9999785557750018 -0.005741180940454272 0.0009206014005990887 0.005737662275406113 0.9999828910843029 -0.052992062995102174 -0.12079383952759315 -0.6089081749549763
FixedParameters: 0 0 0
#Transform 118
Transform: MatrixOffsetTransformBase_double_3_3
Parameters: 0.9999940831497435 -0.0031620342763781124 -0.0015596463110446324 0.003152235638392971 0.9999755992686596 -0.006201972750113834 0.001578353732388918 0.006196837797549172 0.9999795925346662 -0.06553188572750912 -0.10972350037710044 -0.5969097630524516
FixedParameters: 0 0 0
#Transform 119
Transform: MatrixOffsetTransformBase_double_3_3
Parameters: 0.9999941675384512 -0.0031364321634076045 -0.0015587924619701182 0.0031266208169674495 0.9999756855396312 -0.0062079577934677594 0.0015782078168586344 0.006202906328834136 0.9999795975538568 -0.05094718716929947 -0.13674686921889645 -0.581475504976865
FixedParameters: 0 0 0
#Transform 120
Transform: MatrixOffsetTransformBase_double_3_3
Parameters: 0.999994842081232 -0.00311315840924615 -0.0009426035246039299 0.0031076067512946534 0.9999770798779123 -0.0059379875600692736 0.0009603979184880512 0.005935529937328262 0.9999814270703417 -0.06247249825364065 -0.0936148381317139 -0.6022854066207088
FixedParameters: 0 0 0
#Transform 121
Transform: MatrixOffsetTransformBase_double_3_3
Parameters: 0.9999929311015245 -0.003295349690317643 -0.001620045302940909 0.003286244218794526 0.9999780322504104 -0.00575952732295007 0.0016389522545323665 0.005753574750856909 0.9999817905506719 -0.05648270480106987 -0.12895233858682786 -0.5940073694020214
FixedParameters: 0 0 0
#Transform 122
Transform: MatrixOffsetTransformBase_double_3_3
Parameters: 0.9999943016017149 -0.0033483148597516403 -0.0009497453955773089 0.0033430213540331915 0.9999777120246233 -0.0057542172754148635 0.0009692585420945088 0.005751258363873704 0.9999835691182956 -0.06977654393354271 -0.11110031409393173 -0.6281343134935184
FixedParameters: 0 0 0
#Transform 123
Transform: MatrixOffsetTransformBase_double_3_3
Parameters: 0.9999937511118293 -0.0032012892623523815 -0.0011947889704049947 0.003194367077989031 0.9999761253097181 -0.006055301565907156 0.0012142135693559292 0.006052213237273742 0.9999804725194809 -0.05249425185832024 -0.1442769462783673 -0.5992543879604995
FixedParameters: 0 0 0
#Transform 124
Transform: MatrixOffsetTransformBase_double_3_3
Parameters: 0.9999938900278077 -0.0030182369266823026 -0.0015358192610521598 0.0030080170203679773 0.9999765954282493 -0.006111731353479226 0.001554174263814448 0.006107114484385545 0.9999799313023594 -0.04887229189057507 -0.10829422617878492 -0.6099318026587497
FixedParameters: 0 0 0
#Transform 125
Transform: MatrixOffsetTransformBase_double_3_3
Parameters: 0.9999939813416924 -0.00313612745112666 -0.0012722415371475976 0.0031282545894352376 0.9999764538785146 -0.006062642532169139 0.0012907599230479183 0.006059229967960182 0.999981188011143 -0.059209190328786576 -0.12920571070750952 -0.59524398434273
FixedParameters: 0 0 0
#Transform 126
Transform: MatrixOffsetTransformBase_double_3_3
Parameters: 0.9999939504764115 -0.0026705966234638412 -0.0022660856361704923 0.002655523800068008 0.9999752640603687 -0.006533664414668111 0.0022839103708921504 0.0065267118798120576 0.9999759622010387 -0.06482542047068307 -0.10484318396497372 -0.6093053409291542
FixedParameters: 0 0 0
#Transform 127
Transform: MatrixOffsetTransformBase_double_3_3
Parameters: 0.9999922729099301 -0.0032509743197384196 -0.0021417549207176506 0.0032378253156359962 0.9999767562657531 -0.005980349620027287 0.002161241247880502 0.00597239334418752 0.9999802253419922 -0.0590360307825506 -0.13335396264936605 -0.6040868953207195
FixedParameters: 0 0 0
#Transform 128
Transform: MatrixOffsetTransformBase_double_3_3
Parameters: 0.9999937617022392 -0.003220044244206622 -0.0015131745280066583 0.003211807560083744 0.9999781323070032 -0.005878310031721538 0.001531829996525444 0.005873289676891261 0.9999817345304276 -0.0665543816469949 -0.10833267879309005 -0.6092014866368061
FixedParameters: 0 0 0
#Transform 129
Transform: MatrixOffsetTransformBase_double_3_3
Parameters: 0.9999918726172955 -0.0032198902735935744 -0.0025248916730738896 0.003203120177699618 0.9999722941686223 -0.0067412500730005135 0.00254611487102073 0.006733354957385942 0.9999745638148547 -0.06124070986514596 -0.10411037032612569 -0.6012710643400112
FixedParameters: 0 0 0
#Transform 130
Transform: MatrixOffsetTransformBase_double_3_3
Parameters: 0.9999935256917037 -0.003211909193582672 -0.0012630686180076511 0.0032045813609054433 0.9999749254040308 -0.00630946235282867 0.0012839328991956361 0.006304987721237886 0.9999791560644573 -0.05818700493402673 -0.15147433727111093 -0.6147769651406918
FixedParameters: 0 0 0
#Transform 131
Transform: MatrixOffsetTransformBase_double_3_3
Parameters: 0.9999944004562362 -0.002997564906346343 -0.001778771128526202 0.002985190162846541 0.9999711507212012 -0.006995708055795186 0.0017992319212000313 0.006990012380115222 0.9999743491202964 -0.05784516284830943 -0.12078310254599955 -0.6136336184723916
FixedParameters: 0 0 0
#Transform 132
Transform: MatrixOffsetTransformBase_double_3_3
Parameters: 0.9999938015142811 -0.0030813047356599513 -0.0017720709073822533 0.0030697703195458293 0.9999757662918262 -0.0062299421288798335 0.0017909233777201605 0.006223834575306494 0.9999786172218599 -0.06380850639338576 -0.14753963305055606 -0.5988402173753826
FixedParameters: 0 0 0
#Transform 133
Transform: MatrixOffsetTransformBase_double_3_3
Parameters: 0.9999933204795093 -0.0033543763033646546 -0.0014525321795020585 0.003344961817207022 0.9999733040380571 -0.006519795994606962 0.001473468209364212 0.0065147669885993915 0.9999777027606006 -0.07279811567012473 -0.11764026085020873 -0.6368081170875968
FixedParameters: 0 0 0
#Transform 134
Transform: MatrixOffsetTransformBase_double_3_3
Parameters: 0.9999934702436128 -0.00343062796290336 -0.0011619591092552478 0.0034237450435945184 0.9999747861285619 -0.00620393911938079 0.0011830465664071504 0.006200517594584374 0.9999805663305745 -0.060804977564799856 -0.14266835621623386 -0.6336949065759114
FixedParameters: 0 0 0
#Transform 135
Transform: MatrixOffsetTransformBase_double_3_3
Parameters: 0.9999939988598382 -0.0030255362467486984 -0.0014837488950412425 0.003017003537420692 0.9999764498702107 -0.006119932095280878 0.0015022510512309878 0.00611468581140434 0.9999799928581478 -0.06033651182433175 -0.13505377276200647 -0.6142399196203598
FixedParameters: 0 0 0
#Transform 136
Transform: MatrixOffsetTransformBase_double_3_3
Parameters: 0.9999933382846218 -0.0033567945893775383 -0.0014148178088860125 0.003347189584765757 0.9999711898300969 -0.0067532047469606275 0.0014381810739737683 0.006748413627485006 0.9999757816829731 -0.0599973288664728 -0.11860051369642122 -0.6296837883099755
FixedParameters: 0 0 0
#Transform 137
Transform: MatrixOffsetTransformBase_double_3_3
Parameters: 0.9999936478016722 -0.0033885248108101685 -0.0011710014983998124 0.0033812700333673285 0.9999764221536414 -0.005928419722315752 0.0011909961832709398 0.005923964465306547 0.9999819847992343 -0.04534542624932669 -0.1509341083791611 -0.6191201363250514
FixedParameters: 0 0 0
#Transform 138
Transform: MatrixOffsetTransformBase_double_3_3
Parameters: 0.999992897195706 -0.0036243073467928494 -0.0007375145794549232 0.0036202320492151993 0.9999755101642792 -0.005948651621882793 0.0007594867715588344 0.005945615140647271 0.9999824924496314 -0.042044510416104686 -0.10971938505947776 -0.5975293480827446
FixedParameters: 0 0 0
#Transform 139
Transform: MatrixOffsetTransformBase_double_3_3
Parameters: 0.9999931956775544 -0.0035663290260252263 -0.0006899325302671816 0.0035628030179053237 0.9999796412527993 -0.005259873077664359 0.0007090666732963435 0.005257193867429823 0.9999854669656085 -0.04523292208408236 -0.13154176125198092 -0.5975351401923632
FixedParameters: 0 0 0
#Transform 140
Transform: MatrixOffsetTransformBase_double_3_3
Parameters: 0.9999926827305285 -0.0036631141572626203 -0.0006133615152243976 0.0036593502804470467 0.9999795572044965 -0.005296235472966274 0.0006326356964570373 0.005293902744400517 0.99998609820979 -0.05859977030813468 -0.12490777396394037 -0.6040970211666377
FixedParameters: 0 0 0
#Transform 141
Transform: MatrixOffsetTransformBase_double_3_3
Parameters: 0.9999930801302092 -0.003468400642914636 -0.0011794624815761046 0.0034609147870641867 0.999976646659034 -0.005947350097263673 0.0012005362901343075 0.005943640993513572 0.9999817342958208 -0.05952465464295642 -0.13753774289499177 -0.595209394520154
FixedParameters: 0 0 0
#Transform 142
Transform: MatrixOffsetTransformBase_double_3_3
Parameters: 0.9999933967268793 -0.0034668121235806814 -0.0010390308492744388 0.0034604725795600436 0.9999778192371593 -0.005762410523575196 0.0010589674948581762 0.005758605226221038 0.9999832216845204 -0.061980712375302005 -0.11476197460638105 -0.6174401428693983
FixedParameters: 0 0 0
#Transform 143
Transform: MatrixOffsetTransformBase_double_3_3
Parameters: 0.9999941095857346 -0.0032352044865731735 -0.001357961310129066 0.003227688748238041 0.9999775854310919 -0.005915768971379727 0.0013770441124062033 0.005911624653841469 0.9999817356812389 -0.05862971420242502 -0.1351435145333113 -0.5842962176365489
FixedParameters: 0 0 0
#Transform 144
Transform: MatrixOffsetTransformBase_double_3_3
Parameters: 0.9999948301256946 -0.0029647783324779145 -0.0012483474077948226 0.002958373164728761 0.9999795713432009 -0.005628394722173655 0.0012656565552725263 0.005624567656762226 0.9999835810815392 -0.0608758728978529 -0.14435510166796917 -0.6116495077624506
FixedParameters: 0 0 0
#Transform 145
Transform: MatrixOffsetTransformBase_double_3_3
Parameters: 0.9999927358753957 -0.003447398107357915 -0.001403848026229726 0.003438502372355809 0.9999746434411929 -0.006207520140930205 0.0014251501237063091 0.006202473707092358 0.9999799058956428 -0.07161511176546753 -0.1373183136090006 -0.6208668681082088
FixedParameters: 0 0 0
#Transform 146
Transform: MatrixOffsetTransformBase_double_3_3
Parameters: 0.9999942173403323 -0.003067958971956529 -0.001309394016011961 0.003060409597141606 0.9999783130755696 -0.005772105549205622 0.00132660786215201 0.005768643606996547 0.9999826214462358 -0.07007098740831452 -0.15204118627893592 -0.5925823437221993
FixedParameters: 0 0 0
#Transform 147
Transform: MatrixOffsetTransformBase_double_3_3
Parameters: 0.9999912604619065 -0.003211031566252374 -0.002653413178683145 0.0031934359052722553 0.9999735996195844 -0.006572843326220218 0.00267358681407677 0.006564175461384997 0.9999751504789702 -0.06766864352832158 -0.11151058162758432 -0.6017124083783187
FixedParameters: 0 0 0
#Transform 148
Transform: MatrixOffsetTransformBase_double_3_3
Parameters: 0.999993240950008 -0.003556188970269007 -0.0012643191107862828 0.0035490727201756807 0.9999767947605553 -0.005797347789181361 0.001285683466448001 0.0057929038059531136 0.9999823025188153 -0.0637812002141942 -0.1487525543187047 -0.6137129988400716
FixedParameters: 0 0 0
#Transform 149
Transform: MatrixOffsetTransformBase_double_3_3
Parameters: 0.999996163438205 -0.002602579538240297 0.00040634741323493373 0.002605071656630744 0.9999817911618601 -0.005515748464797831 -0.0003926506813742431 0.005516675100517512 0.9999843085212926 -0.04214540931434385 -0.0555634207747886 -0.6404174644869585
FixedParameters: 0 0 0
#Transform 150
Transform: MatrixOffsetTransformBase_double_3_3
Parameters: 0.9999942312225516 -0.003309824190187577 -0.00048547487380366794 0.003306867539974476 0.9999769820277541 -0.005923207993441603 0.0005055233960790106 0.005921161679236202 0.9999822597600208 -0.047409437118659525 -0.12317131471024823 -0.6047562710758712
FixedParameters: 0 0 0
#Transform 151
Transform: MatrixOffsetTransformBase_double_3_3
Parameters: 0.9999930225126341 -0.003674289988214594 -0.001061283881028996 0.0036683668444597865 0.9999756202698534 -0.005909829534032566 0.0010827185049740867 0.0059054980684506925 0.999982299358417 -0.053326013577205345 -0.18103567306380342 -0.6156320938324455
FixedParameters: 0 0 0
#Transform 152
Transform: MatrixOffsetTransformBase_double_3_3
Parameters: 0.9999892302077636 -0.004109815483218413 -0.002381037853096124 0.00409543428814903 0.9999748355383383 -0.005778188255342173 0.002404960836603534 0.005768623504721463 0.9999801522760616 -0.04338022582626877 -0.1434858250771498 -0.6233658742795569
FixedParameters: 0 0 0
#Transform 153
Transform: MatrixOffsetTransformBase_double_3_3
Parameters: 0.9999876496546106 -0.003984827245550232 -0.003030185525156326 0.003967417524420394 0.9999760407037718 -0.005675917612401154 0.003052813274480065 0.005664108871086934 0.9999788893438943 -0.04607257424646605 -0.1299438593263318 -0.6262244676435387
FixedParameters: 0 0 0
#Transform 154
Transform: MatrixOffsetTransformBase_double_3_3
Parameters: 0.9999888882885644 -0.004042028720650488 -0.002322339539662849 0.004029724719377728 0.999978011222167 -0.0052674915486459585 0.0023436606138537985 0.005258652135077518 0.9999832370208175 -0.02809695661215983 -0.12801646886630635 -0.619675639467971
FixedParameters: 0 0 0
#Transform 155
Transform: MatrixOffsetTransformBase_double_3_3
Parameters: 0.9999920839115902 -0.003686895650091161 -0.0013722753377760216 0.0036791331836196766 0.9999773182430496 -0.005581011662895452 0.0013927219283298153 0.005575443351642291 0.9999834116781375 -0.05824437599137866 -0.08520949151089496 -0.6493546639926251
FixedParameters: 0 0 0
#Transform 156
Transform: MatrixOffsetTransformBase_double_3_3
Parameters: 0.9999889117949687 -0.003768476287230346 -0.0027617704396041276 0.003751263687572258 0.9999732904198354 -0.006215883462223289 0.002785229214471635 0.0062054116599106575 0.9999769937889333 -0.032058794845767125 -0.13956620422216304 -0.6385614985881176
FixedParameters: 0 0 0
#Transform 157
Transform: MatrixOffsetTransformBase_double_3_3
Parameters: 0.9999883686737167 -0.003991440304497693 -0.0025331436115960254 0.00397673905053493 0.9999757679376411 -0.00569350860125514 0.0025558521383336474 0.0056833824337731 0.9999804501373526 -0.01661394247199155 -0.12926990335516564 -0.6579707184794614
FixedParameters: 0 0 0
#Transform 158
Transform: MatrixOffsetTransformBase_double_3_3
Parameters: 0.9999892240792749 -0.004069258727334037 -0.002238425904140695 0.004056694714879642 0.9999753834747012 -0.005758567786491406 0.002261576601986004 0.005749357902635817 0.9999810342513825 -0.033224340641524464 -0.11842639119197429 -0.6600775719955152
FixedParameters: 0 0 0
#Transform 159
Transform: MatrixOffsetTransformBase_double_3_3
Parameters: 0.9999883474509836 -0.004025259440592437 -0.002692008094831999 0.004009831116182953 0.9999756668934345 -0.0056795263896002495 0.0027139916945497777 0.005668034839764976 0.9999807068222752 -0.03038789628439531 -0.13234489069517963 -0.645758262926563
FixedParameters: 0 0 0
#Transform 160
Transform: MatrixOffsetTransformBase_double_3_3
Parameters: 0.9999886846910204 -0.0037141239142811375 -0.0028435531919967366 0.003697483974429519 0.999976094540737 -0.005764920318681506 0.0028654412200905255 0.005754069647199062 0.9999791133010054 -0.04039669447634253 -0.13907853969574546 -0.631803891043873
FixedParameters: 0 0 0
#Transform 161
Transform: MatrixOffsetTransformBase_double_3_3
Parameters: 0.9999874223396396 -0.003710221077827103 -0.0032497762436287936 0.003688997185440841 0.999973233666742 -0.006336506258887395 0.003273218738838679 0.00632498705775419 0.9999745362365875 -0.06480133884635109 -0.13323531419213452 -0.6269012499708282
FixedParameters: 0 0 0
#Transform 162
Transform: MatrixOffsetTransformBase_double_3_3
Parameters: 0.9999862971904655 -0.003932657726923389 -0.003470961108636511 0.003911879005375735 0.9999739252959677 -0.006145970882956518 0.003495045325163884 0.0061324154759773005 0.999975365109434 -0.07571631015611047 -0.16563952731797826 -0.6311474325141972
FixedParameters: 0 0 0
#Transform 163
Transform: MatrixOffsetTransformBase_double_3_3
Parameters: 0.9999883671727459 -0.0036383271578284866 -0.0029935448744144166 0.0036218840283056388 0.9999773836154489 -0.005612681135152316 0.0030134534940201296 0.005601259311026702 0.9999799741814982 -0.06752617302532826 -0.1322519330881704 -0.6354795267132118
FixedParameters: 0 0 0
#Transform 164
Transform: MatrixOffsetTransformBase_double_3_3
Parameters: 0.9999855187830036 -0.0041436360713235365 -0.0034918776098541993 0.004123014486347327 0.999973095194405 -0.006075016165185745 0.003517132817828228 0.006060809672961962 0.9999760129282862 -0.07424504612808391 -0.1412575046118576 -0.6099942259853037
FixedParameters: 0 0 0
#Transform 165
Transform: MatrixOffsetTransformBase_double_3_3
Parameters: 0.9999866752134724 -0.004053847007084038 -0.0032423859425822765 0.004036091141078637 0.9999763203296803 -0.005513038656563411 0.0032656125559622495 0.005499170420376852 0.999979467786265 -0.0751284612490366 -0.13367783409894685 -0.6183767411596506
FixedParameters: 0 0 0
#Transform 166
Transform: MatrixOffsetTransformBase_double_3_3
Parameters: 0.9999867600033663 -0.004052570729369453 -0.003299240541575099 0.004030272576411868 0.9999689830263304 -0.006691021707647017 0.003325763392795028 0.006678014370217752 0.9999722773025084 -0.0762515634897909 -0.11622451989710214 -0.6072133570507532
FixedParameters: 0 0 0
#Transform 167
Transform: MatrixOffsetTransformBase_double_3_3
Parameters: 0.9999870596513409 -0.004149288986521222 -0.0030991564703235913 0.004130208596970354 0.9999732075505682 -0.005977758197915029 0.003123844520766361 0.005964452946724101 0.9999777847294884 -0.07703466757843103 -0.13371810854481225 -0.6271383780777313
FixedParameters: 0 0 0
#Transform 168
Transform: MatrixOffsetTransformBase_double_3_3
Parameters: 0.9999861554467169 -0.004005216789984085 -0.0032848040135529805 0.003983599970967711 0.9999701859117929 -0.006629304420027099 0.0033111906920510054 0.006615727488909739 0.9999722764903877 -0.08237006080864262 -0.10331978186833624 -0.6400682729585867
FixedParameters: 0 0 0
#Transform 169
Transform: MatrixOffsetTransformBase_double_3_3
Parameters: 0.999989233462995 -0.003759213634512556 -0.0027482572514977294 0.0037405945895837875 0.9999701890905337 -0.006695023365031105 0.002772738262748667 0.006683785867497582 0.9999737146663358 -0.06100386043034689 -0.14466383418299245 -0.6595914753148548
FixedParameters: 0 0 0
#Transform 170
Transform: MatrixOffsetTransformBase_double_3_3
Parameters: 0.9999885748143024 -0.0037136365379987347 -0.0030783742666033315 0.0036929541005910147 0.9999705017170297 -0.00677190558163795 0.0031036325315357965 0.006760706677966874 0.9999728179900715 -0.07317266536426814 -0.11254243105439343 -0.6387845834196355
FixedParameters: 0 0 0
#Transform 171
Transform: MatrixOffsetTransformBase_double_3_3
Parameters: 0.9999867248519051 -0.004086665491055522 -0.0032480389932278836 0.004065947951792378 0.9999714881131384 -0.006401342476543557 0.003273967471434963 0.006388445455181587 0.9999744946359483 -0.07173247469275168 -0.144698065224091 -0.6373262605845298
FixedParameters: 0 0 0
#Transform 172
Transform: MatrixOffsetTransformBase_double_3_3
Parameters: 0.9999889315382748 -0.0039054613593021937 -0.0025914422954123606 0.003888745929165152 0.99997275235165 -0.006334242342127274 0.002615554733459105 0.00632425588089124 0.9999762641865141 -0.06321107456368225 -0.1268560478388281 -0.6479246461389749
FixedParameters: 0 0 0
#Transform 173
Transform: MatrixOffsetTransformBase_double_3_3
Parameters: 0.9999871764661196 -0.004095383894400976 -0.0031512809541981157 0.004076373338582954 0.9999730706183922 -0.0060261375260845865 0.0031757209816441617 0.006012821031826871 0.9999768783667887 -0.07467205584887893 -0.1282186372391152 -0.6313335066867154
FixedParameters: 0 0 0
#Transform 174
Transform: MatrixOffsetTransformBase_double_3_3
Parameters: 0.9999888166697172 -0.003907817873942167 -0.0028119452220213143 0.00388871471116459 0.9999689557968982 -0.006776259718077925 0.002838059806887505 0.0067657724797911675 0.9999731775874775 -0.08059069827976373 -0.12999210229742175 -0.6488320820490969
FixedParameters: 0 0 0
#Transform 175
Transform: MatrixOffsetTransformBase_double_3_3
Parameters: 0.9999862928615374 -0.0038757650780891443 -0.0034326535472248842 0.003850883053168612 0.9999665874165409 -0.007251533197875729 0.0034603418597395907 0.007237908812722405 0.9999675373755301 -0.06997887741505338 -0.1436825925221683 -0.6216648757173147
FixedParameters: 0 0 0
#Transform 176
Transform: MatrixOffsetTransformBase_double_3_3
Parameters: 0.9999862028275025 -0.003732641151061027 -0.0036036521235630337 0.003705620743847309 0.9999642366992239 -0.007618002418814678 0.003631351223697843 0.007604335335526628 0.9999648606923368 -0.07942744027201343 -0.12284783163026702 -0.6424353382151082
FixedParameters: 0 0 0
#Transform 177
Transform: MatrixOffsetTransformBase_double_3_3
Parameters: 0.9999859293441685 -0.004021242085591627 -0.003446928748837022 0.003998841678709984 0.9999710545515477 -0.006553513442982383 0.003473073711808175 0.006540606411223906 0.9999721815742509 -0.06514707937782305 -0.14756895086523514 -0.6447215641408519
FixedParameters: 0 0 0
#Transform 178
Transform: MatrixOffsetTransformBase_double_3_3
Parameters: 0.9999874125063148 -0.003718879179536596 -0.0034179322171329213 0.003694847952296531 0.9999699875194078 -0.00688214821131451 0.003443059634353332 0.00686856716976631 0.9999700379523274 -0.07474847269016038 -0.11767714324676604 -0.6330620222689873
FixedParameters: 0 0 0
#Transform 179
Transform: MatrixOffsetTransformBase_double_3_3
Parameters: 0.9999862731415375 -0.004159134645269314 -0.0030798588360809592 0.004139472559643397 0.9999694431440083 -0.006589729057691591 0.0031071399495202767 0.006576749048829587 0.9999730301864737 -0.0730793001965111 -0.13481620792788362 -0.622879924028922
FixedParameters: 0 0 0
#Transform 180
Transform: MatrixOffsetTransformBase_double_3_3
Parameters: 0.9999857265528461 -0.0040174282674413 -0.0036345366105404175 0.003992531607166278 0.9999675071205945 -0.006967803251014418 0.0036624719595975685 0.006953656649865026 0.9999691569142232 -0.07416865715289589 -0.11648035018001224 -0.6331998593534109
FixedParameters: 0 0 0
#Transform 181
Transform: MatrixOffsetTransformBase_double_3_3
Parameters: 0.9999858250509217 -0.003962933163296874 -0.0035313768544287527 0.003938388787113575 0.9999685489487854 -0.006851175399506649 0.0035586223687220225 0.006837089164973655 0.9999705893792951 -0.08406063786733853 -0.11296422801051165 -0.6418525310103433
FixedParameters: 0 0 0
#Transform 182
Transform: MatrixOffsetTransformBase_double_3_3
Parameters: 0.9999851304279496 -0.004152949600292215 -0.0035876071878316457 0.004126724402467128 0.9999655296649962 -0.007241369890365535 0.003617394369061541 0.007226620075150754 0.9999674426839056 -0.08979297171826772 -0.12250042678425643 -0.6499427188972646
FixedParameters: 0 0 0
#Transform 183
Transform: MatrixOffsetTransformBase_double_3_3
Parameters: 0.9999855445359235 -0.004080599781589865 -0.0035999299010737867 0.004055900376145298 0.999967449632295 -0.007007053215958816 0.0036280769992223794 0.006992725645904573 0.9999687825662122 -0.10141335526583362 -0.14820556892507852 -0.6428296315785218
FixedParameters: 0 0 0
#Transform 184
Transform: MatrixOffsetTransformBase_double_3_3
Parameters: 0.9999845194823641 -0.0042315349442247465 -0.003579656458404995 0.004206616942885721 0.99996623764351 -0.007075895090434853 0.003609348056269654 0.007060641851483756 0.9999688767632868 -0.08964612739235633 -0.14283075569792913 -0.6499992895542448
FixedParameters: 0 0 0
#Transform 185
Transform: MatrixOffsetTransformBase_double_3_3
Parameters: 0.9999858761441356 -0.003894694755270647 -0.0036260831287464046 0.003866764673330092 0.9999630145310342 -0.007683193283100063 0.0036559156213293587 0.0076691715156315225 0.9999636240512375 -0.09264310052537894 -0.1438040464666983 -0.6420555316716872
FixedParameters: 0 0 0
#Transform 186
Transform: MatrixOffsetTransformBase_double_3_3
Parameters: 0.9999872013719614 -0.003714538862141079 -0.003453982835487354 0.0036908139552767096 0.9999697860923511 -0.00689861590889163 0.0034790212679073618 0.006885872353871325 0.9999705510217265 -0.07505556307204131 -0.16399874037517748 -0.635437148859836
FixedParameters: 0 0 0
#Transform 187
Transform: MatrixOffsetTransformBase_double_3_3
Parameters: 0.9999846863418578 -0.003973260782198496 -0.003951223329188458 0.003944449249216308 0.9999663551101429 -0.007146976343622697 0.003979774832980856 0.007131810176295583 0.9999662177476886 -0.10183787184836035 -0.1303025903373225 -0.6567490430097109
FixedParameters: 0 0 0
#Transform 188
Transform: MatrixOffsetTransformBase_double_3_3
Parameters: 0.9999868783340969 -0.00392359665547296 -0.0033960592243824084 0.0039029559276037096 0.9999733802715742 -0.006114285146124061 0.0034199437380301734 0.006101300928885277 0.999975272626444 -0.08803266800643428 -0.13604897167600427 -0.645033224146502
FixedParameters: 0 0 0
#Transform 189
Transform: MatrixOffsetTransformBase_double_3_3
Parameters: 0.9999851283921826 -0.004131266922232394 -0.0036133833715698144 0.004104849254121469 0.9999640757205838 -0.0073534089294153724 0.0036436219551058274 0.007338680317660963 0.9999666147308482 -0.09399338013184888 -0.12999276202826593 -0.6474989512759635
FixedParameters: 0 0 0
#Transform 190
Transform: MatrixOffsetTransformBase_double_3_3
Parameters: 0.9999861574220976 -0.003983838797371213 -0.003486995013720809 0.003957325633108538 0.9999639062938042 -0.00751247304525257 0.003517004828134329 0.007497746978708846 0.9999662203472823 -0.0832951418901473 -0.14391896485162192 -0.6437040905429399
FixedParameters: 0 0 0
#Transform 191
Transform: MatrixOffsetTransformBase_double_3_3
Parameters: 0.9999865696057909 -0.004085442096659902 -0.0033163643284367106 0.004060852539958074 0.9999638921396019 -0.007457963535899022 0.0033466407585219793 0.007443829607588388 0.9999671242709597 -0.07411870150673394 -0.1427572861826576 -0.6498860244096534
FixedParameters: 0 0 0
#Transform 192
Transform: MatrixOffsetTransformBase_double_3_3
Parameters: 0.999986898308852 -0.0039585942463891315 -0.003228716457291031 0.003936934324045277 0.9999699385772927 -0.006749967467995844 0.00325528453184136 0.006737140357600464 0.9999720187608793 -0.07539779547724379 -0.14161829660464775 -0.6306297361276165
FixedParameters: 0 0 0
#Transform 193
Transform: MatrixOffsetTransformBase_double_3_3
Parameters: 0.9999871877910458 -0.0038826707057961637 -0.003135829886674782 0.003860556833911626 0.9999663939555654 -0.007190651933193824 0.003163171079676924 0.007178116354518226 0.9999693670815935 -0.07584483371461204 -0.14518755873481837 -0.6718612343746884
FixedParameters: 0 0 0
#Transform 194
Transform: MatrixOffsetTransformBase_double_3_3
Parameters: 0.9999874305264166 -0.0039918554963398675 -0.0029526081984128927 0.003971458350770519 0.9999671145826514 -0.007008149812435685 0.0029803925232520373 0.006996221468754812 0.9999710834852334 -0.07241712379524756 -0.1236672796210172 -0.6636914933376801
FixedParameters: 0 0 0
#Transform 195
Transform: MatrixOffsetTransformBase_double_3_3
Parameters: 0.9999869416309157 -0.003976012600103212 -0.0032145165592674108 0.003953519424029564 0.9999675038645217 -0.007061553759831777 0.003242484536275944 0.007048801887904628 0.9999697154098697 -0.08023608574170282 -0.15363471796881356 -0.665659898267549
FixedParameters: 0 0 0
#Transform 196
Transform: MatrixOffsetTransformBase_double_3_3
Parameters: 0.999985531136077 -0.004161055288044197 -0.0035340426393846436 0.004134611760413513 0.9999644210973786 -0.0073809817366305005 0.0035639611917095 0.007366618125864234 0.9999666986159854 -0.08754923881485865 -0.14115180350145806 -0.663685700401146
FixedParameters: 0 0 0
#Transform 197
Transform: MatrixOffsetTransformBase_double_3_3
Parameters: 0.9999843564774151 -0.003945496089446525 -0.003919726690674474 0.003914532660415419 0.9999608125595769 -0.007991462892623851 0.003951276636935411 0.007976078085615948 0.99996047901526 -0.08925622945082523 -0.17776282237386454 -0.6605776450628582
FixedParameters: 0 0 0
#Transform 198
Transform: MatrixOffsetTransformBase_double_3_3
Parameters: 0.9999850224051283 -0.004011633722774541 -0.003738431622704416 0.00398466702722007 0.9999656161819218 -0.007314726876572608 0.0037685743084540646 0.007299947354989671 0.9999664156423663 -0.09569404259467262 -0.13298824087539174 -0.6509669041543731
FixedParameters: 0 0 0
#Transform 199
Transform: MatrixOffsetTransformBase_double_3_3
Parameters: 0.9999853426178501 -0.004004861392659899 -0.00359017550822896 0.003977379825692619 0.9999629398906363 -0.007696837403206218 0.0036208219380216705 0.007682295127049131 0.9999635974490386 -0.09858494981932608 -0.15477423220325193 -0.6659555222380078
FixedParameters: 0 0 0
#Transform 200
Transform: MatrixOffsetTransformBase_double_3_3
Parameters: 0.9999825602157008 -0.00412848823105732 -0.00410411158729615 0.004095197962173413 0.9999587846812358 -0.008027733750243043 0.0041368802886766615 0.00801047166792434 0.9999592666248006 -0.08483437652157022 -0.14851559265751746 -0.6337809871764648
FixedParameters: 0 0 0
#Transform 201
Transform: MatrixOffsetTransformBase_double_3_3
Parameters: 0.9999833580019867 -0.00399018243331152 -0.004146584408168133 0.003954086877741488 0.9999557556518772 -0.008520733492168909 0.004180407193921751 0.008504438036870137 0.9999547273053665 -0.10666799188570053 -0.16187087910228115 -0.6759917152974566
FixedParameters: 0 0 0
#Transform 202
Transform: MatrixOffsetTransformBase_double_3_3
Parameters: 0.9999829364975262 -0.0039498543930429585 -0.004330705216154307 0.003914240531357806 0.9999607910586937 -0.007992850992514006 0.004362290363995838 0.007975371784446433 0.999959069529213 -0.1016021155442246 -0.1639820808787107 -0.6529753503139091
FixedParameters: 0 0 0
#Transform 203
Transform: MatrixOffsetTransformBase_double_3_3
Parameters: 0.9999830695751236 -0.004034520573142964 -0.004255771064042083 0.003999013409661766 0.9999574071674528 -0.008342272436467435 0.004289232130568643 0.008325805023892165 0.9999558281184534 -0.10816568991631925 -0.14256665632879617 -0.6743217678634323
FixedParameters: 0 0 0
#Transform 204
Transform: MatrixOffsetTransformBase_double_3_3
Parameters: 0.99998577460209 -0.004007202706949503 -0.00366622924851151 0.0039785893152056995 0.9999621667435366 -0.007680959887162209 0.003696777696032369 0.007666794773696666 0.9999642846327534 -0.09875343793106595 -0.1702923131172298 -0.6561285587995229
FixedParameters: 0 0 0
#Transform 205
Transform: MatrixOffsetTransformBase_double_3_3
Parameters: 0.9999846994745129 -0.003922874512717118 -0.0038970121242313527 0.003892994335915531 0.999963365410044 -0.007647029626505213 0.0039259873872844325 0.00763184934832883 0.9999630655929483 -0.10194291403441014 -0.1504231473403479 -0.6498453133596485
FixedParameters: 0 0 0
#Transform 206
Transform: MatrixOffsetTransformBase_double_3_3
Parameters: 0.9999854227945869 -0.004093007109890551 -0.0035918773438676915 0.004067466039711003 0.9999674493844654 -0.007000140210921733 0.003621123143344132 0.0069857087446408336 0.9999690123929844 -0.08791147289286982 -0.12488629191282996 -0.6457449153564028
FixedParameters: 0 0 0
#Transform 207
Transform: MatrixOffsetTransformBase_double_3_3
Parameters: 0.9999882738285586 -0.00370641035920146 -0.003119384325940014 0.0036872875992701474 0.9999718291015861 -0.006448529883203134 0.00314361674675645 0.006436074479742925 0.9999739423664757 -0.06305744901439425 -0.142848222873738 -0.649770149806514
FixedParameters: 0 0 0
#Transform 208
Transform: MatrixOffsetTransformBase_double_3_3
Parameters: 0.9999882726091676 -0.003746743862980596 -0.003084606900159617 0.003727808519741562 0.9999731875718978 -0.006318003750030758 0.003107400255823664 0.006306478977201077 0.9999757442052517 -0.07188488163998841 -0.13199356776844695 -0.6267813792162968
FixedParameters: 0 0 0
#Transform 209
Transform: MatrixOffsetTransformBase_double_3_3
Parameters: 0.9999868162664495 -0.003918065920254107 -0.003425977705261582 0.003895672953986031 0.9999710894913313 -0.006459913759230401 0.003451027250043523 0.00644681331402244 0.9999736262370709 -0.07596809724147136 -0.10533401992758229 -0.6441485819907911
FixedParameters: 0 0 0
#Transform 210
Transform: MatrixOffsetTransformBase_double_3_3
Parameters: 0.9999840525573249 -0.004169517772828664 -0.003823267445684078 0.004144818860107718 0.999970066296673 -0.006461674176645029 0.003849731721018934 0.006445772413299403 0.9999715757359066 -0.09305818070841099 -0.15365536387301404 -0.6412135750885142
FixedParameters: 0 0 0
#Transform 211
Transform: MatrixOffsetTransformBase_double_3_3
Parameters: 0.9999837878127215 -0.003991071555197374 -0.003931811727820478 0.003962758164283535 0.9999656518617228 -0.007255852250463985 0.003960182961418493 0.007239779479074152 0.9999657215849866 -0.09942697216102658 -0.1180557651644989 -0.6417087451493586
FixedParameters: 0 0 0
#Transform 212
Transform: MatrixOffsetTransformBase_double_3_3
Parameters: 0.999983457911249 -0.0043390970448643875 -0.0037470798554696955 0.004311158890886002 0.9999643649209888 -0.00728328028399408 0.0037789156972485166 0.00726688237217282 0.9999665860810861 -0.0956109376124914 -0.1623590303525475 -0.661167648012821
FixedParameters: 0 0 0
#Transform 213
Transform: MatrixOffsetTransformBase_double_3_3
Parameters: 0.9999830833783007 -0.004269335007037947 -0.0038755394422579637 0.004241290251440081 0.9999645181584567 -0.007314061365339583 0.003906463223115553 0.0072972564123354134 0.9999661543522479 -0.08412986238619169 -0.13736727310005392 -0.6721774726871672
FixedParameters: 0 0 0
#Transform 214
Transform: MatrixOffsetTransformBase_double_3_3
Parameters: 0.9999834227935785 -0.0042974030637551825 -0.003951420375224918 0.004267161919662392 0.9999607017737768 -0.007815811515377252 0.003984592565780043 0.007799369416373457 0.9999617881327443 -0.09719363965204764 -0.1631323945051406 -0.6423940533597516
FixedParameters: 0 0 0
#Transform 215
Transform: MatrixOffsetTransformBase_double_3_3
Parameters: 0.9999825429974246 -0.004476927422295038 -0.0038473179559748855 0.004450030742596857 0.9999658748332246 -0.006951368030337431 0.0038776812282499823 0.006934037558301549 0.9999684934071685 -0.09375439264927365 -0.1509701863965347 -0.6586130453370771
FixedParameters: 0 0 0
#Transform 216
Transform: MatrixOffsetTransformBase_double_3_3
Parameters: 0.9999842998501257 -0.0044536315109985755 -0.003501748894586987 0.004428557097543265 0.9999627394879829 -0.007392868515317752 0.003535259183289771 0.007376772608719255 0.9999666793890041 -0.07952113668510208 -0.11627277259285052 -0.6580905024170391
FixedParameters: 0 0 0
#Transform 217
Transform: MatrixOffsetTransformBase_double_3_3
Parameters: 0.9999810104650381 -0.004905033766947282 -0.0037898999001137745 0.00487981492001117 0.9999662544361154 -0.006551937209601153 0.003822100898647013 0.006533682842433054 0.999971272107615 -0.06819418291755142 -0.15896518377128643 -0.6263245942852933
FixedParameters: 0 0 0
