#Insight Transform File V1.0
#Transform 0
Transform: MatrixOffsetTransformBase_double_3_3
Parameters: 0.9999993165470418 -0.0008371224508114733 -0.0010902396085819555 0.0008322050503758064 0.999991969759978 -0.004041729415663818 0.0010937593260351985 0.004041217256497075 0.9999912682750796 -0.012811097989896325 -0.08200573704708347 -0.7127056626625716
FixedParameters: 0 0 0
#Transform 1
Transform: MatrixOffsetTransformBase_double_3_3
Parameters: 0.9999978294984232 -0.0005817860062246726 -0.0019913006408949913 0.0005741381701362615 0.9999914354718704 -0.004151252359360575 0.001993703250724635 0.0041506522177814946 0.9999896658104699 0.007913040903886781 -0.0929417491525868 -0.7055057077032245
FixedParameters: 0 0 0
#Transform 2
Transform: MatrixOffsetTransformBase_double_3_3
Parameters: 0.9999976013825704 -0.00017935246237293245 -0.002090145824173162 0.000168258054515103 0.9999875892231608 -0.005037866186704762 0.0020908510985004902 0.00503792409537484 0.9999852474014307 -0.0008227892472945086 -0.08619173205912034 -0.7403302247103767
FixedParameters: 0 0 0
#Transform 3
Transform: MatrixOffsetTransformBase_double_3_3
Parameters: 0.9999982607469678 -0.00030240805436983936 -0.0019135212914047905 0.0002910115423069808 0.9999847761729701 -0.005580096301604535 0.001915473728979336 0.005579744781104761 0.9999821847511798 -0.005780710671800193 -0.09473726600035093 -0.7329063072653952
FixedParameters: 0 0 0
#Transform 4
Transform: MatrixOffsetTransformBase_double_3_3
Parameters: 0.9999988932639957 -0.00001481496755929905 -0.001723213960254516 0.000005009498047634539 0.9999838280137503 -0.005759602817917159 0.0017237882637079621 0.0057593563215861615 0.999981993787851 0.0006819594744342794 -0.08089882610660482 -0.7535896559692077
FixedParameters: 0 0 0
#Transform 5
Transform: MatrixOffsetTransformBase_double_3_3
Parameters: 0.999998728585421 -0.00015247880572037724 -0.0015043759158022418 0.0001441601145530476 0.9999856549242204 -0.0054149679828647155 0.0015046234069138603 0.005415149362555007 0.9999843992636456 -0.011153016765405255 -0.10604144627600931 -0.7471860538472299
FixedParameters: 0 0 0
#Transform 6
Transform: MatrixOffsetTransformBase_double_3_3
Parameters: 0.9999989969075962 -0.00003854467762352121 -0.001696225396647863 0.000027965440631050927 0.9999813226748963 -0.006055723522163724 0.001696775437669551 0.006056395277615359 0.9999805694847185 -0.013269160934498814 -0.077624809594937 -0.7747233899598456
FixedParameters: 0 0 0
#Transform 7
Transform: MatrixOffsetTransformBase_double_3_3
Parameters: 1.0000000521041152 0.0004831190680695157 -0.0006397830563251994 -0.00048704715989067676 0.999984740087235 -0.005479521163077275 0.0006372154001634822 0.005479379079388027 0.9999848726134885 -0.07011289303974877 -0.09819538473301748 -0.7487278164944229
FixedParameters: 0 0 0
#Transform 8
Transform: MatrixOffsetTransformBase_double_3_3
Parameters: 0.9999994115858014 0.0004816723793528645 -0.00012681971049051388 -0.0004832222744834136 0.9999783420120354 -0.006513867893106079 0.00012317586312497741 0.006512991589750565 0.9999788991767009 -0.06948199396443044 -0.07864584403553465 -0.7722758681665454
FixedParameters: 0 0 0
#Transform 9
Transform: MatrixOffsetTransformBase_double_3_3
Parameters: 0.9999998986436629 0.0005381654467816182 -0.0006686541065910739 -0.0005422176375564714 0.999981672792675 -0.006085623907450075 0.0006653459654419047 0.006085661449911172 0.9999808843626612 -0.07578718561288156 -0.10470726515661966 -0.7551534190906608
FixedParameters: 0 0 0
#Transform 10
Transform: MatrixOffsetTransformBase_double_3_3
Parameters: 0.9999998658326263 0.0004637768796234026 -0.0007399986508459522 -0.0004683860607390733 0.9999829508141319 -0.005815998115760226 0.0007379998693025358 0.0058170008259386405 0.9999829927314997 -0.07459246473219139 -0.08504001916080028 -0.7620554448595129
FixedParameters: 0 0 0
#Transform 11
Transform: MatrixOffsetTransformBase_double_3_3
Parameters: 0.9999994960229777 0.0004331230485087684 -0.00019008663973668627 -0.000434428051209625 0.9999815300132397 -0.006105734269482001 0.00018691205969764701 0.006105976264757112 0.999980962925706 -0.0647885901184253 -0.09276862932513552 -0.7617287814479425
FixedParameters: 0 0 0
#Transform 12
Transform: MatrixOffsetTransformBase_double_3_3
Parameters: 1.00000016353373 0.00042788684747241477 -0.0005430850075504728 -0.0004304821019917729 0.9999810529650828 -0.006145228046310435 0.0005409204994483718 0.006145010207237139 0.9999813018951333 -0.07194412612508927 -0.0760574858463059 -0.7571677792665525
FixedParameters: 0 0 0
#Transform 13
Transform: MatrixOffsetTransformBase_double_3_3
Parameters: 0.9999992108392886 0.0009591832013106306 -0.0005191857732336908 -0.0009623507753627073 0.9999816252411704 -0.006037380430580186 0.0005138142320880168 0.006037611372911637 0.9999818808524479 -0.0824676966977762 -0.11107587208765324 -0.7603322736846536
FixedParameters: 0 0 0
#Transform 14
Transform: MatrixOffsetTransformBase_double_3_3
Parameters: 0.999999533033095 0.0003731482842819731 -0.000002404178341644525 -0.0003731620433948822 0.9999764914736999 -0.006882492736593941 -4.042273387960815e-7 0.006882493484163997 0.9999759584388587 -0.08936822780522391 -0.10191211483156337 -0.7632618066082131
FixedParameters: 0 0 0
#Transform 15
Transform: MatrixOffsetTransformBase_double_3_3
Parameters: 1.0000003911320083 0.0004269432740110999 -0.0002610883008883763 -0.0004280841440077793 0.9999806357046761 -0.006179399607397648 0.00025891527854489393 0.006178781919133442 0.9999811093708361 -0.07932996147695803 -0.09369807577245126 -0.7557696956435365
FixedParameters: 0 0 0
#Transform 16
Transform: MatrixOffsetTransformBase_double_3_3
Parameters: 0.9999992473520538 0.0012957908810038148 -0.0005136757018584515 -0.001299750631487214 0.999975641580967 -0.0069043275289646005 0.0005043214175435573 0.006904887136524992 0.9999758760619988 -0.050908934365438085 -0.0922672055623508 -0.7465703726082324
FixedParameters: 0 0 0
#Transform 17
Transform: MatrixOffsetTransformBase_double_3_3
Parameters: 0.9999989349313988 0.0011503137204095164 -0.0001307430680187599 -0.0011510657061873564 0.9999758913770558 -0.006912408208586568 0.0001222573764707302 0.006912777798199586 0.9999759244408367 -0.0751365946445759 -0.09377865843515565 -0.7581808219169517
FixedParameters: 0 0 0
#Transform 18
Transform: MatrixOffsetTransformBase_double_3_3
Parameters: 0.9999997418363428 0.0007880484968174293 -0.0001229290497956198 -0.000788827281279338 0.9999726372844476 -0.007398538053936256 0.0001170716937230476 0.0073988057427989765 0.9999728666475791 -0.08003283020617857 -0.1002313689315315 -0.7647673939407014
FixedParameters: 0 0 0
#Transform 19
Transform: MatrixOffsetTransformBase_double_3_3
Parameters: 0.9999995676192074 0.0011884019134162141 -0.00019525837169009908 -0.001189529114890417 0.9999654838999658 -0.008191233348269912 0.00018574499087972707 0.008191843274159831 0.9999668436985889 -0.07040688146808805 -0.10763470480131332 -0.7901776367153985
FixedParameters: 0 0 0
#Transform 20
Transform: MatrixOffsetTransformBase_double_3_3
Parameters: 0.9999992193679786 0.0013349096129625694 -0.000058043649372049866 -0.0013357497570586066 0.9999671928514408 -0.008001364857725075 0.0000469529056127127 0.00800150506974833 0.9999679679711384 -0.07187100184006567 -0.11532232561809508 -0.7690309233359613
FixedParameters: 0 0 0
#Transform 21
Transform: MatrixOffsetTransformBase_double_3_3
Parameters: 0.9999993517088581 0.0009326114858853654 -0.00013565918984598246 -0.0009336847179108077 0.9999686409323308 -0.007841222605282007 0.0001283402707837611 0.007841547420955167 0.9999692543750098 -0.0742356803614257 -0.11181616056416033 -0.7710816486943202
FixedParameters: 0 0 0
#Transform 22
Transform: MatrixOffsetTransformBase_double_3_3
Parameters: 0.9999982270636429 0.0016538397251699712 0.0000015447682422953246 -0.0016537341275460367 0.9999737103703642 -0.007039468063901445 -0.000013454837394594188 0.007039443259457958 0.9999754831944695 -0.07242749823063832 -0.08476650667357433 -0.7403498230151655
FixedParameters: 0 0 0
#Transform 23
Transform: MatrixOffsetTransformBase_double_3_3
Parameters: 0.9999995377093734 0.0012835033187004214 -0.00024444968348423524 -0.001284525421751434 0.9999790371110626 -0.006269681430220979 0.00023655298655643475 0.006270455969107217 0.9999803837192984 -0.06041894935152925 -0.09930562740032656 -0.7450233897235279
FixedParameters: 0 0 0
#Transform 24
Transform: MatrixOffsetTransformBase_double_3_3
Parameters: 0.9999984705591193 0.0013155873873922789 -0.0009579778774902736 -0.0013217209590284272 0.9999748480003011 -0.006957375638000107 0.0009490258828782627 0.006958445726750529 0.9999755590899942 -0.06969397667226929 -0.11702605166040314 -0.7342201823363723
FixedParameters: 0 0 0
#Transform 25
Transform: MatrixOffsetTransformBase_double_3_3
Parameters: 0.9999982705829643 0.0014163615634348796 -0.0008023216612233902 -0.0014226916850355658 0.9999685669619262 -0.007771970343649263 0.0007916766660167052 0.0077737069429823615 0.9999700259427611 -0.0748790137515698 -0.10630461936962377 -0.7562430828730413
FixedParameters: 0 0 0
#Transform 26
Transform: MatrixOffsetTransformBase_double_3_3
Parameters: 0.9999984370439549 0.001435572671518666 -0.000824956458258197 -0.0014411453843627426 0.9999772506459504 -0.006532610910578093 0.000815042663055765 0.006533368310555256 0.9999784687874965 -0.06786342640920395 -0.11916119925805901 -0.7310887546165787
FixedParameters: 0 0 0
#Transform 27
Transform: MatrixOffsetTransformBase_double_3_3
Parameters: 0.9999987243835642 0.0014586922996326628 -0.00025050244501217955 -0.0014604106389924459 0.9999690251768028 -0.007735925863073244 0.00023949960493760414 0.007735801058781047 0.9999701807409659 -0.07957847056367484 -0.086432268862211 -0.7581271845443069
FixedParameters: 0 0 0
#Transform 28
Transform: MatrixOffsetTransformBase_double_3_3
Parameters: 0.9999988123324732 0.0017344554501128166 0.00009631981747316998 -0.0017338358409290365 0.9999680091826463 -0.007809348157174019 -0.00011068120718363272 0.007808910725736275 0.9999691754257702 -0.08725698778653168 -0.10822141379485117 -0.7609611338759095
FixedParameters: 0 0 0
#Transform 29
Transform: MatrixOffsetTransformBase_double_3_3
Parameters: 0.9999982066665981 0.001829984077321565 -0.0000997911369453458 -0.0018315054240363132 0.9999602226602986 -0.008742420961522559 0.00008320409329864997 0.008741759075728037 0.9999619992495196 -0.07022785860101521 -0.12232623012556587 -0.7879850854951229
FixedParameters: 0 0 0
#Transform 30
Transform: MatrixOffsetTransformBase_double_3_3
Parameters: 0.9999979173433272 0.0016949181528758855 -0.0009567357582697528 -0.0017025729963880479 0.999963314673373 -0.008354101549818516 0.0009422673742127269 0.008354964454933472 0.999964594193359 -0.06983225394444048 -0.1405657624479204 -0.7878368337518964
FixedParameters: 0 0 0
#Transform 31
Transform: MatrixOffsetTransformBase_double_3_3
Parameters: 0.99999761978181 0.0018550802844026749 -0.0011918977419582838 -0.0018654736345098451 0.999959877927782 -0.008697165228085888 0.0011761015312953121 0.00869936429282157 0.9999614543781521 -0.07074093852089902 -0.13616779321624506 -0.7662232725000706
FixedParameters: 0 0 0
#Transform 32
Transform: MatrixOffsetTransformBase_double_3_3
Parameters: 0.9999979108714369 0.0020415472200239235 -0.0005166730979040135 -0.0020456876430394386 0.9999560340939168 -0.009153318838533462 0.0004973323960241888 0.009153789583046443 0.9999576091107072 -0.07386285035525475 -0.1647563021766416 -0.7785160968837488
FixedParameters: 0 0 0
#Transform 33
Transform: MatrixOffsetTransformBase_double_3_3
Parameters: 0.9999971618067987 0.0020037138095515988 -0.0015078309387130534 -0.0020160734391879843 0.9999645219239237 -0.008210517680703303 0.0014921688169812347 0.008213501308209973 0.9999648600350148 -0.0597810752556569 -0.10532039343802069 -0.7592461831809487
FixedParameters: 0 0 0
#Transform 34
Transform: MatrixOffsetTransformBase_double_3_3
Parameters: 0.9999976496749408 0.001869013662236942 -0.001159245590919511 -0.0018800921219693208 0.9999594287333226 -0.00877662178365674 0.0011427451192992238 0.008779649385409871 0.9999611294128526 -0.06729261166397293 -0.12502430490654604 -0.7739162311330574
FixedParameters: 0 0 0
#Transform 35
Transform: MatrixOffsetTransformBase_double_3_3
Parameters: 0.9999984355155691 0.0015341324075658239 0.00001740738676320186 -0.00153372630016555 0.9999630668310807 -0.008460463547084983 -0.00003059079238958151 0.008460389920948419 0.9999636301640402 -0.09680379209929413 -0.13004083363141206 -0.7809323488961155
FixedParameters: 0 0 0
#Transform 36
Transform: MatrixOffsetTransformBase_double_3_3
Parameters: 0.9999985146702038 0.001986740121944679 -0.00008352241015201212 -0.0019880205514706977 0.9999611814322986 -0.008536090608267627 0.00006647191624394033 0.008536388718273077 0.9999636555123915 -0.07687816685299254 -0.10165045429637587 -0.7765070096482276
FixedParameters: 0 0 0
#Transform 37
Transform: MatrixOffsetTransformBase_double_3_3
Parameters: 0.9999986003435296 0.001914139110674049 -0.000301993605183265 -0.0019175346263230228 0.9999542678522931 -0.009330433588461471 0.0002840010764942752 0.009330716293249214 0.9999564958085303 -0.07770852783225735 -0.14971382851415171 -0.7765021080475805
FixedParameters: 0 0 0
#Transform 38
Transform: MatrixOffsetTransformBase_double_3_3
Parameters: 0.999998096743977 0.001973883983521727 -0.00021495799703570573 -0.001976211963142868 0.9999424441784989 -0.010566054660639047 0.0001940392035782723 0.010567019397314602 0.9999442637921463 -0.0901614036737044 -0.16578368970326096 -0.8023517101564153
FixedParameters: 0 0 0
#Transform 39
Transform: MatrixOffsetTransformBase_double_3_3
Parameters: 0.9999970200545075 0.0019455492651279695 -0.0011858982601915813 -0.0019568007373784876 0.9999522174584237 -0.009536750256542685 0.0011680993435310982 0.009539215728844806 0.999953426682601 -0.06987223128020048 -0.1662180966963973 -0.7798519999673488
FixedParameters: 0 0 0
#Transform 40
Transform: MatrixOffsetTransformBase_double_3_3
Parameters: 0.9999978700356642 0.0020572016255902947 -0.00021160430907606054 -0.002059075269546744 0.99994989470941 -0.009791166316017267 0.00019139750116195509 0.00979115577253481 0.999951943466857 -0.07427264404677203 -0.143226029915013 -0.7908086262405902
FixedParameters: 0 0 0
#Transform 41
Transform: MatrixOffsetTransformBase_double_3_3
Parameters: 0.9999955796576137 0.00282797913952006 -0.0005102220464503343 -0.002832523778507857 0.9999578805675846 -0.008723382136778531 0.0004857766676027303 0.008724521130141334 0.9999618048922612 -0.07886451348707624 -0.14589210697853616 -0.7856340665188384
FixedParameters: 0 0 0
#Transform 42
Transform: MatrixOffsetTransformBase_double_3_3
Parameters: 0.9999965496632717 0.0024755256832251302 -0.0009415205658483833 -0.002485139649435533 0.9999399526742079 -0.010670803758962382 0.0009154825573342296 0.010673203720287178 0.9999426787315155 -0.06102080421409539 -0.18299806896662574 -0.8160963991793295
FixedParameters: 0 0 0
#Transform 43
Transform: MatrixOffsetTransformBase_double_3_3
Parameters: 0.9999961293748199 0.002663572295321834 -0.0007612286877442115 -0.0026705499846024086 0.999952010125244 -0.009426046759680855 0.0007357712497526314 0.009428594830671025 0.9999557602192035 -0.05873761987899684 -0.17592938013791581 -0.7524823240721616
FixedParameters: 0 0 0
#Transform 44
Transform: MatrixOffsetTransformBase_double_3_3
Parameters: 0.9999966387192075 0.002531316627594653 -0.00048121312684250295 -0.002534649973336296 0.9999655676413766 -0.007937856187709142 0.0004607913849300205 0.007938562310222068 0.9999684852302987 -0.0622829652898389 -0.11267462820327978 -0.7523708512341472
FixedParameters: 0 0 0
#Transform 45
Transform: MatrixOffsetTransformBase_double_3_3
Parameters: 0.9999959248842347 0.002615308236611159 -0.0008481339553215728 -0.002624975827623109 0.9999392531707554 -0.010717108601523572 0.000819857753771247 0.010719116047118296 0.9999419371390159 -0.04958644524595002 -0.2024313359091252 -0.9574092106311838
FixedParameters: 0 0 0
#Transform 46
Transform: MatrixOffsetTransformBase_double_3_3
Parameters: 0.9999948995577016 0.0029828618569533332 -0.0008532083638445737 -0.002993983561803015 0.9999134008819867 -0.01283113454859849 0.0008147875526477999 0.012832916375128364 0.9999171101551606 -0.06170943421234654 -0.21552293577464354 -1.038655158476459
FixedParameters: 0 0 0
#Transform 47
Transform: MatrixOffsetTransformBase_double_3_3
Parameters: 0.9999963818645058 0.002443570025967279 -0.001238961740143929 -0.002459649594953373 0.9999092938205391 -0.013253586297773578 0.001207043390058879 0.013255853972615484 0.9999119203551725 -0.04833282074430656 -0.2468195404066762 -1.0093122388125266
FixedParameters: 0 0 0
#Transform 48
Transform: MatrixOffsetTransformBase_double_3_3
Parameters: 0.999995965376467 0.0025837822571949083 -0.0014942555661292267 -0.0025981786005585643 0.9999526441516224 -0.009359786776364652 0.001469741724099874 0.009363502010121089 0.9999552860253593 -0.03752408253726003 -0.07342212557946937 -0.9527684596643553
FixedParameters: 0 0 0
#Transform 49
Transform: MatrixOffsetTransformBase_double_3_3
Parameters: 0.9999981084507488 0.001889166890386977 -0.0011490960638202707 -0.0018962482360842037 0.9999783137384107 -0.006252330608455235 0.0011369056777962155 0.006254215852120448 0.9999795923592257 -0.03405623070663921 -0.06552021013104081 -0.7974776363511893
FixedParameters: 0 0 0
#Transform 50
Transform: MatrixOffsetTransformBase_double_3_3
Parameters: 0.9999962505516121 0.002152007678717046 -0.0016992414604051487 -0.002162434049740827 0.9999769289828226 -0.006434003067855248 0.0016857628915871448 0.006437183817944156 0.9999779492413435 -0.04734149208509564 -0.22476436916943499 -0.8344703230342816
FixedParameters: 0 0 0
#Transform 51
Transform: MatrixOffsetTransformBase_double_3_3
Parameters: 0.9999950550084251 0.0016428888490512147 -0.0027539572769844506 -0.0016719172528933274 0.9999454017484213 -0.010286128616078895 0.0027370360928659215 0.010290369649627783 0.9999432707799424 -0.05656618600808372 -0.1955863856660045 -0.8911776249811396
FixedParameters: 0 0 0
#Transform 52
Transform: MatrixOffsetTransformBase_double_3_3
Parameters: 0.9999931019956354 0.001577590814721131 -0.0032364988789049393 -0.0016160888791848544 0.9999277946497789 -0.011941456479969872 0.003217502894663382 0.01194577207306017 0.9999238647802937 -0.07724010071385123 -0.23311609688840917 -1.014045117932369
FixedParameters: 0 0 0
#Transform 53
Transform: MatrixOffsetTransformBase_double_3_3
Parameters: 0.999993519133796 0.0018093629594098759 -0.003129139193154093 -0.0018499209026488835 0.9999133020963715 -0.013010374238399918 0.003105860780754574 0.01301594867770224 0.9999103444637154 -0.07908410869129057 -0.2142644142243455 -1.0563956084004502
FixedParameters: 0 0 0
#Transform 54
Transform: MatrixOffsetTransformBase_double_3_3
Parameters: 0.9999922487633661 0.0018034235405587676 -0.0033559132038067097 -0.001844589680920382 0.9999230740305828 -0.012228119500687806 0.0033340806736100598 0.012233491786229983 0.9999194463196823 -0.09583348121738311 -0.19679521895142216 -1.0106359175286457
FixedParameters: 0 0 0
#Transform 55
Transform: MatrixOffsetTransformBase_double_3_3
Parameters: 0.9999937925097429 0.0014676525028098138 -0.003339274902965275 -0.0015087386482893167 0.9999220189900406 -0.012397417174506589 0.0033207335056310155 0.0124025704653576 0.9999180477263717 -0.09825681103082218 -0.18730554316394432 -1.0537061581184446
FixedParameters: 0 0 0
#Transform 56
Transform: MatrixOffsetTransformBase_double_3_3
Parameters: 0.9999927021298434 0.0019515015382888716 -0.00333212501212167 -0.001993086253170253 0.9999216922111919 -0.012382798730856246 0.003307871972671017 0.012389064495799705 0.9999179443635648 -0.10319087228937462 -0.1847023713559679 -1.0815674613213275
FixedParameters: 0 0 0
#Transform 57
Transform: MatrixOffsetTransformBase_double_3_3
Parameters: 0.9999923471009938 0.0014910084232003474 -0.0035702861390121687 -0.001530099410028151 0.9999379972881824 -0.011029608982352323 0.0035537176666267517 0.011035455110240226 0.9999332736187072 -0.08986413392207737 -0.19640466071535911 -1.0675205988257517
FixedParameters: 0 0 0
#Transform 58
Transform: MatrixOffsetTransformBase_double_3_3
Parameters: 0.999991417415337 0.0013223666489176548 -0.003996782571214899 -0.0013738572380242275 0.9999152976356654 -0.012915204298514645 0.0039792231925090404 0.012920986507835191 0.9999090704414451 -0.09504226773701419 -0.23135999751008285 -1.0975613462083942
FixedParameters: 0 0 0
#Transform 59
Transform: MatrixOffsetTransformBase_double_3_3
Parameters: 0.999992112454691 0.0016654269704411578 -0.003565053122284889 -0.0017151028736285285 0.9999008403559141 -0.013971757392784829 0.003540948884046158 0.013977644388374986 0.9998964789459018 -0.09073998262984162 -0.2560441672388549 -1.1253355030655854
FixedParameters: 0 0 0
#Transform 60
Transform: MatrixOffsetTransformBase_double_3_3
Parameters: 0.9999906230043774 0.0018194973248507299 -0.00392155407417584 -0.0018767084787215758 0.9998936382939925 -0.01445114985842382 0.0038944327589403166 0.014457947696768642 0.9998874686749304 -0.0942648981525025 -0.28318381791760316 -1.121361360384995
FixedParameters: 0 0 0
#Transform 61
Transform: MatrixOffsetTransformBase_double_3_3
Parameters: 0.9999904718004333 0.00196984212661404 -0.0038333115215528207 -0.0020262270025939826 0.9998862410502942 -0.014954990160388341 0.0038026976163930137 0.01496176034806817 0.9998806132009287 -0.09624841625733893 -0.2800100806266528 -1.0972621931885271
FixedParameters: 0 0 0
#Transform 62
Transform: MatrixOffsetTransformBase_double_3_3
Parameters: 0.9999924870351599 0.002197860453896674 -0.0030260790626388395 -0.0022455777648428855 0.9998742278209978 -0.015675135430650387 0.0029919091373355883 0.015682146532460736 0.9998726314833701 -0.09958586111500267 -0.3435019622981059 -1.1152202987588566
FixedParameters: 0 0 0
#Transform 63
Transform: MatrixOffsetTransformBase_double_3_3
Parameters: 0.999991595374195 0.002374208035475429 -0.003296300547813949 -0.002428346016331265 0.9998589341465618 -0.016617643062366922 0.0032557059426842477 0.01662565119728108 0.999856872828208 -0.09128295919927609 -0.33645985627879327 -1.1282710573148904
FixedParameters: 0 0 0
#Transform 64
Transform: MatrixOffsetTransformBase_double_3_3
Parameters: 0.9999886935476344 0.002469396512306314 -0.0039791865137136645 -0.0025387141146851503 0.9998445095896606 -0.01746472139236352 0.003935806462788141 0.017474924056147638 0.9998394898953308 -0.09768042682578937 -0.3515112352111487 -1.1186963967640509
FixedParameters: 0 0 0
#Transform 65
Transform: MatrixOffsetTransformBase_double_3_3
Parameters: 0.9999888781081151 0.0026975638434856737 -0.0037815192624157667 -0.0027627854220629634 0.999846396364147 -0.017318828150012466 0.0037334783365668006 0.01732941471448432 0.9998432783817123 -0.09638957002169946 -0.33070414381924707 -1.1233623761627314
FixedParameters: 0 0 0
#Transform 66
Transform: MatrixOffsetTransformBase_double_3_3
Parameters: 0.9999894816081064 0.002820825871984234 -0.0035938412385369822 -0.0028813211828614817 0.9998484476552296 -0.01715299018885108 0.003544171444276184 0.017163175050131613 0.9998464884718598 -0.10928249199288587 -0.2865581364701342 -1.1010422994137343
FixedParameters: 0 0 0
#Transform 67
Transform: MatrixOffsetTransformBase_double_3_3
Parameters: 0.9999875033258893 0.0031737752539433635 -0.0038367367892915144 -0.0032439832495068112 0.9998247628456537 -0.01843065346970227 0.0037782670513606814 0.018442560466601112 0.9998232627490734 -0.09729210156838519 -0.32243971609642585 -1.1349400128566884
FixedParameters: 0 0 0
#Transform 68
Transform: MatrixOffsetTransformBase_double_3_3
Parameters: 0.9999901018332034 0.0034565831416084212 -0.002881448333771325 -0.003506881126613945 0.9998397110924812 -0.01757750999696712 0.002819550543061128 0.017587248653647643 0.9998413572237173 -0.09065514713606149 -0.285513981299772 -1.131903818344469
FixedParameters: 0 0 0
#Transform 69
Transform: MatrixOffsetTransformBase_double_3_3
Parameters: 0.9999864037077668 0.003231365254937997 -0.0040628507014564275 -0.0033052768169453467 0.9998287483210345 -0.01822861959301732 0.00400314069141311 0.018242688782744227 0.9998258115458559 -0.09976323520838548 -0.3328761427830642 -1.129448888744946
FixedParameters: 0 0 0
#Transform 70
Transform: MatrixOffsetTransformBase_double_3_3
Parameters: 0.9999900362591534 0.003889453949056106 -0.0022605165838608804 -0.003931613260990825 0.999818727789035 -0.01864904403206277 0.0021874732593338414 0.018657615025896326 0.9998237982897153 -0.10238570003151892 -0.319502358268565 -1.1374750470540107
FixedParameters: 0 0 0
#Transform 71
Transform: MatrixOffsetTransformBase_double_3_3
Parameters: 0.9999907983035563 0.0034948633618802644 -0.0024519808327993636 -0.003538056197218059 0.9998290942435816 -0.018175692561663372 0.0023880323323003105 0.018184202928473787 0.9998315820865844 -0.1057985886404822 -0.34837939022530406 -1.1181593136947612
FixedParameters: 0 0 0
#Transform 72
Transform: MatrixOffsetTransformBase_double_3_3
Parameters: 0.9999915591056086 0.0036544326607695263 -0.0018867546822042836 -0.003690088227353002 0.9998137667546815 -0.018962444663905276 0.001817233320669298 0.01896974333052132 0.9998183472171394 -0.08402084067606097 -0.32342956784037824 -1.1339293450149484
FixedParameters: 0 0 0
#Transform 73
Transform: MatrixOffsetTransformBase_double_3_3
Parameters: 0.9999899268408596 0.00364836504461247 -0.002617910397521489 -0.003693621672675243 0.9998417892357419 -0.017422506545225525 0.002554084891625466 0.0174319867249103 0.9998444865319068 -0.09455916984498458 -0.3540347443789216 -1.1209332964461112
FixedParameters: 0 0 0
#Transform 74
Transform: MatrixOffsetTransformBase_double_3_3
Parameters: 0.9999899287655362 0.0030509115554222294 -0.0034054853120112777 -0.0031096627801873262 0.9998406982607532 -0.01756710039223019 0.0033515282936549817 0.01757759095413836 0.9998399390429942 -0.12511123048881245 -0.34888926741993487 -1.1088689686467745
FixedParameters: 0 0 0
#Transform 75
Transform: MatrixOffsetTransformBase_double_3_3
Parameters: 0.9999899686733535 0.0033682225939984226 -0.0027605270478194 -0.0034185903842491247 0.9998191502387656 -0.01873874459199528 0.0026974852887794443 0.018747312099850196 0.9998202852709653 -0.09087288679998551 -0.33245263235976097 -1.1240041419833773
FixedParameters: 0 0 0
#Transform 76
Transform: MatrixOffsetTransformBase_double_3_3
Parameters: 0.9999907915222236 0.0033636977888461903 -0.002527901920627601 -0.003406825542522644 0.999843426597425 -0.01737603077541557 0.0024691002363290554 0.017385355943577346 0.9998461490671942 -0.0885139273856197 -0.3297003342825775 -1.0899630287476327
FixedParameters: 0 0 0
#Transform 77
Transform: MatrixOffsetTransformBase_double_3_3
Parameters: 0.9999896936623003 0.0036826418296006403 -0.002652711059812962 -0.003733252644717337 0.9998046684590214 -0.019400051090370383 0.002580293338064435 0.019409422843598177 0.9998082812811004 -0.09007487772068146 -0.31035929201379986 -1.1337150373535536
FixedParameters: 0 0 0
#Transform 78
Transform: MatrixOffsetTransformBase_double_3_3
Parameters: 0.99999077126395 0.003626610287190808 -0.002344500367983282 -0.0036715107370503637 0.9998088731529738 -0.019199355006253853 0.0022744879006375007 0.019207622364995347 0.9998124333024545 -0.08413327551893701 -0.3319848180110796 -1.1361837272750108
FixedParameters: 0 0 0
#Transform 79
Transform: MatrixOffsetTransformBase_double_3_3
Parameters: 0.999992375822569 0.003547362210726665 -0.001825049767268605 -0.0035823771880105996 0.9997937729677359 -0.0200085866749037 0.00175296588801363 0.020015195420711757 0.9997979954089472 -0.08311645937027379 -0.3376369124916465 -1.1410416624734125
FixedParameters: 0 0 0
#Transform 80
Transform: MatrixOffsetTransformBase_double_3_3
Parameters: 0.99998849656004 0.0041474465610976 -0.002341777784479568 -0.004194296781597766 0.9997882585515732 -0.020152003077954866 0.0022582110196228272 0.020161761851499992 0.9997941808825161 -0.1114413929509368 -0.33810558188697826 -1.1479147276164525
FixedParameters: 0 0 0
#Transform 81
Transform: MatrixOffsetTransformBase_double_3_3
Parameters: 0.9999892031796471 0.0040821145853462484 -0.0021448801448612914 -0.00412398090933133 0.999793740128237 -0.01987994667338518 0.0020631174622999376 0.019888467919328585 0.9997996823994085 -0.0883323849492399 -0.35470521292678825 -1.1249498683357189
FixedParameters: 0 0 0
#Transform 82
Transform: MatrixOffsetTransformBase_double_3_3
Parameters: 0.9999901941808719 0.004101278436839783 -0.0015456531099980186 -0.004130754874993989 0.9997922940960157 -0.01996511459497944 0.0014633596445725178 0.019970882534027234 0.999799572382393 -0.08281270469370838 -0.3212669163581694 -1.1353572035879296
FixedParameters: 0 0 0
#Transform 83
Transform: MatrixOffsetTransformBase_double_3_3
Parameters: 0.9999899809681801 0.0041984274101070935 -0.0012259517101820827 -0.004222827153481897 0.9997861661259599 -0.020222797252674687 0.0011410378350902167 0.02022759099809393 0.9997943835259113 -0.10520025821654144 -0.3483355762998457 -1.143655892283391
FixedParameters: 0 0 0
#Transform 84
Transform: MatrixOffsetTransformBase_double_3_3
Parameters: 0.9999914703237337 0.004116010458911573 -0.0010242178686232506 -0.004135676482271359 0.999793920322151 -0.019873156214025772 0.0009417813897363431 0.019876777686052123 0.999801517222094 -0.10335879970554629 -0.3563453593483672 -1.138715636016812
FixedParameters: 0 0 0
#Transform 85
Transform: MatrixOffsetTransformBase_double_3_3
Parameters: 0.9999905535519968 0.004230309433372853 -0.0012841348380688705 -0.0042558731617628265 0.99978790733864 -0.02014780648586208 0.0011988544835434684 0.020153247779247596 0.9997962708274856 -0.10191785050662361 -0.33814074120012094 -1.1322808243396025
FixedParameters: 0 0 0
#Transform 86
Transform: MatrixOffsetTransformBase_double_3_3
Parameters: 0.9999907730285391 0.003971129919274683 -0.0016699492958526102 -0.004004816312218537 0.9997782908783589 -0.020654762065279202 0.0015870493877749442 0.020661369248533287 0.9997852132368549 -0.09273258383767313 -0.35588770876012177 -1.1375067392746985
FixedParameters: 0 0 0
#Transform 87
Transform: MatrixOffsetTransformBase_double_3_3
Parameters: 0.9999905261473394 0.004141099315905694 -0.0012088609411905482 -0.004165236250476356 0.9997832476306932 -0.020405005294786484 0.0011241331498119678 0.020409521820876478 0.9997909997496991 -0.10455344936032418 -0.37360127812519295 -1.1269674794909292
FixedParameters: 0 0 0
#Transform 88
Transform: MatrixOffsetTransformBase_double_3_3
Parameters: 0.999990506707283 0.004188963399814599 -0.0008752337376631697 -0.00420653046106074 0.9997703014842088 -0.020998924590796084 0.0007867644906778826 0.02100225127331021 0.9997794134978869 -0.10149307509989569 -0.33966112077067123 -1.1371687085151336
FixedParameters: 0 0 0
#Transform 89
Transform: MatrixOffsetTransformBase_double_3_3
Parameters: 0.9999912048526394 0.004171147783661729 -0.0009841219601426365 -0.004192232936837424 0.9997585542368778 -0.021559882587752113 0.0008938640409308224 0.021563245947226403 0.9997675857426407 -0.09342642734927153 -0.35863759550322527 -1.150988980757191
FixedParameters: 0 0 0
#Transform 90
Transform: MatrixOffsetTransformBase_double_3_3
Parameters: 0.9999900411909691 0.004361883268153667 -0.0012704366904323083 -0.004386917744639102 0.9997782808858308 -0.020601383489979436 0.0011805678769975791 0.02060708940612356 0.9997872356546236 -0.0993354919049807 -0.3248072510716895 -1.1216370563363824
FixedParameters: 0 0 0
#Transform 91
Transform: MatrixOffsetTransformBase_double_3_3
Parameters: 0.999990285742072 0.004219100026061401 -0.0012133488586624497 -0.004243658242184119 0.9997614574171814 -0.02141207355890687 0.001122662092911328 0.021416942329971787 0.9997704428884229 -0.0904367375712809 -0.34769753795035285 -1.1483829380751303
FixedParameters: 0 0 0
#Transform 92
Transform: MatrixOffsetTransformBase_double_3_3
Parameters: 0.9999893765784881 0.004346841487418318 -0.001635725671209648 -0.004378416233260466 0.999786426358277 -0.020183296131463118 0.0015472883638164014 0.020189725429966245 0.9997949834694645 -0.09882151700053043 -0.39065499013587157 -1.1506647548415714
FixedParameters: 0 0 0
#Transform 93
Transform: MatrixOffsetTransformBase_double_3_3
Parameters: 0.9999899563656807 0.004263940696443063 -0.0013530739433531697 -0.004290735861191357 0.9997839086894321 -0.020362746111521834 0.0012659242792713438 0.020368014276574704 0.9997915223725835 -0.10578667002428688 -0.3677816758608117 -1.1490745023998556
FixedParameters: 0 0 0
#Transform 94
Transform: MatrixOffsetTransformBase_double_3_3
Parameters: 0.9999881829527895 0.004536922564782615 -0.0015932882479704202 -0.0045696447611044 0.9997734144529349 -0.020800113422383568 0.001498697343807559 0.020807653729225224 0.9997824507454812 -0.09309968256135903 -0.3341036879731121 -1.1415020525980708
FixedParameters: 0 0 0
#Transform 95
Transform: MatrixOffsetTransformBase_double_3_3
Parameters: 0.9999889462854605 0.004582499567103667 -0.0014522204238742176 -0.0046116577498817755 0.9997621697989987 -0.021295692020219272 0.0013537975794874063 0.021301974532537554 0.9997722862011674 -0.10697865031475828 -0.3781794886961336 -1.1574029606446032
FixedParameters: 0 0 0
#Transform 96
Transform: MatrixOffsetTransformBase_double_3_3
Parameters: 0.9999874360646254 0.004428515465410088 -0.0023175845034438813 -0.00447606645915859 0.99976889809023 -0.02102416874357306 0.0022234194992887674 0.021034119722800667 0.9997761504716375 -0.1017800653721963 -0.3512767808980328 -1.1594065437748071
FixedParameters: 0 0 0
#Transform 97
Transform: MatrixOffsetTransformBase_double_3_3
Parameters: 0.9999882333356878 0.004541532678106301 -0.0014824991188995412 -0.0045720540667900655 0.9997629040035622 -0.021310503527013275 0.0013855005097785783 0.02131695548968428 0.9997715574657443 -0.10102682942591912 -0.3619449366182579 -1.1746183008945223
FixedParameters: 0 0 0
#Transform 98
Transform: MatrixOffsetTransformBase_double_3_3
Parameters: 0.9999875956024165 0.0046422070214385235 -0.001904229503624455 -0.004681420647917291 0.9997563862988024 -0.021554988816425726 0.0018037840906241498 0.021564449252886576 0.9997659151967924 -0.11606416669836506 -0.40044249776313734 -1.1554676790803171
FixedParameters: 0 0 0
#Transform 99
Transform: MatrixOffsetTransformBase_double_3_3
Parameters: 0.9999870126776252 0.004727842263990728 -0.0017658108076068074 -0.004765897996093815 0.9997502980717162 -0.021839192247306148 0.0016621778580342694 0.021846328061351915 0.9997594090834336 -0.10581498835715308 -0.35366225079634717 -1.1615100155378144
FixedParameters: 0 0 0
#Transform 100
Transform: MatrixOffsetTransformBase_double_3_3
Parameters: 0.999987051941853 0.00493649598828109 -0.0013642063461565546 -0.004964388146848343 0.999755016391972 -0.021547218691547354 0.0012578023514539238 0.021553424968695258 0.9997665265749439 -0.10367793253874424 -0.37761530089485973 -1.194322261049578
FixedParameters: 0 0 0
#Transform 101
Transform: MatrixOffsetTransformBase_double_3_3
Parameters: 0.9999889982098991 0.004430698348346657 -0.0015314699470592302 -0.004462890482289239 0.9997519713381099 -0.02184138431681657 0.0014345348438102729 0.021848113601628232 0.9997605739939409 -0.1020167422264393 -0.35919791100995724 -1.1759599725852894
FixedParameters: 0 0 0
#Transform 102
Transform: MatrixOffsetTransformBase_double_3_3
Parameters: 0.9999870522131139 0.004762681298501982 -0.0016187241624893156 -0.004796986077609136 0.9997460798017681 -0.022019073649924198 0.0015132777917810092 0.022026744452202342 0.9997561222478195 -0.10296414282268529 -0.35511917508520696 -1.1847031089835411
FixedParameters: 0 0 0
#Transform 103
Transform: MatrixOffsetTransformBase_double_3_3
Parameters: 0.9999862404613428 0.005009062059681914 -0.001731313623187472 -0.005044856333804171 0.999759973979888 -0.02131931715861636 0.0016236854643944254 0.021327964631052614 0.9997711048283188 -0.1056544249727267 -0.363032535951632 -1.1672319501240622
FixedParameters: 0 0 0
#Transform 104
Transform: MatrixOffsetTransformBase_double_3_3
Parameters: 0.9999857042196353 0.004859652054534901 -0.001985452144512914 -0.0049026505734732035 0.9997471913498205 -0.02194758529079291 0.0018775290751704005 0.02195769737842405 0.9997570248319317 -0.11854525820997708 -0.37331308975937816 -1.1580318101814697
FixedParameters: 0 0 0
#Transform 105
Transform: MatrixOffsetTransformBase_double_3_3
Parameters: 0.9999855128842614 0.005124687233688123 -0.0013253331981145783 -0.005153049874961424 0.9997347714948458 -0.022440746165998907 0.0012096631973622651 0.02244799645304537 0.9997470450757103 -0.10299798960255657 -0.3545605483119232 -1.1704722738962943
FixedParameters: 0 0 0
#Transform 106
Transform: MatrixOffsetTransformBase_double_3_3
Parameters: 0.9999878164369128 0.004879459879104178 -0.0011416223824807226 -0.004903612145270514 0.9997372056881677 -0.02239858321843219 0.0010323879062252295 0.02240312652324964 0.9997490257911915 -0.1016214674146454 -0.3670059604339002 -1.1617828268270642
FixedParameters: 0 0 0
#Transform 107
Transform: MatrixOffsetTransformBase_double_3_3
Parameters: 0.9999850984888695 0.005386477634040891 -0.0008955142368197999 -0.005405899017929071 0.9997290027548917 -0.022665043426190138 0.0007734743867034433 0.02266948162044495 0.9997425113055131 -0.09951925376007864 -0.3463203719671668 -1.1804996904595981
FixedParameters: 0 0 0
#Transform 108
Transform: MatrixOffsetTransformBase_double_3_3
Parameters: 0.9999858368116298 0.005238465958325822 -0.0006196091715239688 -0.00525150597278958 0.9997086150602502 -0.023573761885679716 0.0004963937927653927 0.023576648455580333 0.9997221554282142 -0.09174172889311194 -0.37641978520331065 -1.201917511761991
FixedParameters: 0 0 0
#Transform 109
Transform: MatrixOffsetTransformBase_double_3_3
Parameters: 0.9999849249831748 0.005393754818085321 -0.0012041355577862706 -0.005420580858908423 0.9997111856222225 -0.02341722618692388 0.0010778657415571047 0.023422634815360503 0.9997246564988093 -0.09735028041339433 -0.3797753544530025 -1.18876065112687
FixedParameters: 0 0 0
#Transform 110
Transform: MatrixOffsetTransformBase_double_3_3
Parameters: 0.999986314748018 0.005186630721025381 -0.0012106308169777813 -0.005213642421826483 0.9997044181020509 -0.02373411534217166 0.0010873757815402646 0.023740210102524927 0.9997174625538721 -0.09467621432993667 -0.3767954061941623 -1.196795169492873
FixedParameters: 0 0 0
#Transform 111
Transform: MatrixOffsetTransformBase_double_3_3
Parameters: 0.9999842839640155 0.005483053969907499 -0.0010156294570322355 -0.005505011271667885 0.9997125788151965 -0.02334592687559482 0.00088737562144936 0.023351131225874056 0.9997264838810671 -0.10015634114215288 -0.3963956927055108 -1.192523001983261
FixedParameters: 0 0 0
#Transform 112
Transform: MatrixOffsetTransformBase_double_3_3
Parameters: 0.9999841578407265 0.005506205475609733 -0.000835718689042822 -0.005524209437810956 0.9997072412503923 -0.0235613917430196 0.0007062807484521927 0.02356632511948971 0.9997218943540607 -0.09531692300636507 -0.3633335281657395 -1.2090936485000299
FixedParameters: 0 0 0
#Transform 113
Transform: MatrixOffsetTransformBase_double_3_3
Parameters: 0.9999837864600323 0.00576865044630234 0.00015168278383204115 -0.005762757371966981 0.9997187875554238 -0.02301975674145748 -0.00028429967865462036 0.023018922598994098 0.999734906037878 -0.10016470714427328 -0.37296286535695344 -1.2165758172650811
FixedParameters: 0 0 0
#Transform 114
Transform: MatrixOffsetTransformBase_double_3_3
Parameters: 0.9999856125217154 0.005376863209771026 -0.0009160999773546036 -0.0053969367630424415 0.9997036463137134 -0.02375150207506446 0.000787904067260356 0.023756270411484294 0.999717581765066 -0.09877588726298825 -0.36165624316193146 -1.212373360407426
FixedParameters: 0 0 0
#Transform 115
Transform: MatrixOffsetTransformBase_double_3_3
Parameters: 0.999984169692058 0.005504139498074058 -0.0008122957842911088 -0.005522240167672852 0.9997017000169945 -0.023785081833633197 0.0006806979736674046 0.0237886665520326 0.9997164156390924 -0.09159674948864449 -0.39363892007513357 -1.199594185099329
FixedParameters: 0 0 0
#Transform 116
Transform: MatrixOffsetTransformBase_double_3_3
Parameters: 0.9999829177861931 0.00575463381462569 -0.0010127358898225775 -0.00577752973761491 0.9996799087846303 -0.024650051655888825 0.0008712756986225534 0.024654745949178297 0.9996952159748625 -0.0984572153651726 -0.3749857330448805 -1.228659328316212
FixedParameters: 0 0 0
#Transform 117
Transform: MatrixOffsetTransformBase_double_3_3
Parameters: 0.9999840744817964 0.005546311131892172 -0.0010982492932310878 -0.005570918698336506 0.9997016710379243 -0.023773719273113714 0.000965745090156872 0.023780098562033242 0.999716466195868 -0.09989758144605787 -0.3914328767505424 -1.2121657951643101
FixedParameters: 0 0 0
#Transform 118
Transform: MatrixOffsetTransformBase_double_3_3
Parameters: 0.9999829064054934 0.005685708626061353 -0.0010642593032175185 -0.005709931697605069 0.9996826312413022 -0.02452904954345469 0.0009237468472736154 0.024534286326431648 0.9996987484441564 -0.10094300720818694 -0.39699915190352897 -1.202415899735442
FixedParameters: 0 0 0
#Transform 119
Transform: MatrixOffsetTransformBase_double_3_3
Parameters: 0.9999833782197609 0.005705928209478928 -0.00131185867779883 -0.005735732346402154 0.9996984966200082 -0.02388523640786521 0.001175138437624762 0.02389276931855573 0.9997140253517133 -0.10144055708664723 -0.39090209050301894 -1.2156738923845722
FixedParameters: 0 0 0
#Transform 120
Transform: MatrixOffsetTransformBase_double_3_3
Parameters: 0.999982305102097 0.005849051407772505 -0.0006818833745235731 -0.005863822899881842 0.99967954599773 -0.02463629055612299 0.0005371181705105393 0.0246406199329148 0.9996964977951768 -0.09636120500518075 -0.3788551316700506 -1.2281013780117433
FixedParameters: 0 0 0
#Transform 121
Transform: MatrixOffsetTransformBase_double_3_3
Parameters: 0.9999842707538551 0.005444136501955116 -0.001084757126185748 -0.00546856582227823 0.9996966382459359 -0.024028663258947643 0.0009532458021796336 0.02403369269417138 0.9997102904514067 -0.1176989844650933 -0.38905084930735256 -1.2331546213423934
FixedParameters: 0 0 0
#Transform 122
Transform: MatrixOffsetTransformBase_double_3_3
Parameters: 0.999983919549988 0.005563552143424342 -0.0009812780811171845 -0.005585968129889925 0.999696883894542 -0.023996441805990552 0.0008477113110253731 0.024001308785967738 0.9997112914794228 -0.10536878022277563 -0.3933029957124887 -1.1933007826111748
FixedParameters: 0 0 0
#Transform 123
Transform: MatrixOffsetTransformBase_double_3_3
Parameters: 0.9999825766267242 0.00568403383700628 -0.0013105028126670915 -0.005714135844663767 0.9996946141181379 -0.024034002200799168 0.0011734873463155188 0.024041463935940158 0.9997099519038337 -0.09914098582773079 -0.37121971806671183 -1.209076150712761
FixedParameters: 0 0 0
#Transform 124
Transform: MatrixOffsetTransformBase_double_3_3
Parameters: 0.9999832600840391 0.005601553167010313 -0.0010613810264520074 -0.005625821744631038 0.999695722859728 -0.024010983523145946 0.0009266069464118204 0.02401697134931815 0.9997114864149609 -0.11856718122814414 -0.38085222206753144 -1.1946384763072047
FixedParameters: 0 0 0
#Transform 125
Transform: MatrixOffsetTransformBase_double_3_3
Parameters: 0.9999823873870118 0.005850511722198393 -0.0008591502812130558 -0.0058699860947622196 0.999694466851263 -0.024020505456702937 0.0007178360765397879 0.02402517921639759 0.9997108358203436 -0.10286325377815331 -0.34838504976451645 -1.224522053957429
FixedParameters: 0 0 0
#Transform 126
Transform: MatrixOffsetTransformBase_double_3_3
Parameters: 0.9999845639018641 0.005489598353607389 -0.001162071981491597 -0.005515254124212001 0.9997016675860807 -0.023786988198718384 0.0010319394509519242 0.023793126951988534 0.9997166964945632 -0.10437702221422285 -0.3637641026187879 -1.1787414381213352
FixedParameters: 0 0 0
#Transform 127
Transform: MatrixOffsetTransformBase_double_3_3
Parameters: 0.9999871189866413 0.004936385481085383 -0.0006624970426728216 -0.004949264439610175 0.9997374970940583 -0.02235917523350534 0.0005515172154606923 0.02236228741608329 0.9997496411043378 -0.096803598708604 -0.36575719334396695 -1.1504137174218414
FixedParameters: 0 0 0
#Transform 128
Transform: MatrixOffsetTransformBase_double_3_3
Parameters: 0.9999858645093487 0.0053832048003739745 -0.00015858369198891442 -0.005384570361257601 0.999724569701123 -0.022855232984052763 0.000035437120925754795 0.02285551612566074 0.9997386863692234 -0.0991202532333233 -0.37061721435478034 -1.1882322543988266
FixedParameters: 0 0 0
#Transform 129
Transform: MatrixOffsetTransformBase_double_3_3
Parameters: 0.99998450989094 0.005571719432255082 -0.0008466099460391341 -0.005590616612724464 0.9997147652417382 -0.02321441549858521 0.000717374886380101 0.023218497952968865 0.9997300321403124 -0.0991213092351586 -0.3718767431836625 -1.1602115445987664
FixedParameters: 0 0 0
#Transform 130
Transform: MatrixOffsetTransformBase_double_3_3
Parameters: 0.9999843703073195 0.005537084845540505 -0.0006344788849831223 -0.005550229049511372 0.9997163208228518 -0.023168701663517297 0.0005055213605106579 0.023172054640609285 0.9997313006232158 -0.10581414518799193 -0.3393855047052199 -1.1890929162785682
FixedParameters: 0 0 0
#Transform 131
Transform: MatrixOffsetTransformBase_double_3_3
Parameters: 0.9999834116889711 0.005668269480840506 -0.0012049088183990059 -0.00569510925166291 0.9997079618928247 -0.02348467094981799 0.0010710906007414533 0.023490672057846985 0.9997229597378119 -0.11116272560049367 -0.3804629858504285 -1.1948288066760284
FixedParameters: 0 0 0
#Transform 132
Transform: MatrixOffsetTransformBase_double_3_3
Parameters: 0.9999833459777904 0.0054922164135428 -0.0015754464046338207 -0.005528773115071159 0.9996980038657274 -0.023944466199730653 0.0014435426121984923 0.023952884862132626 0.9997121000333029 -0.1003734546384294 -0.3680525898146101 -1.2128718195950512
FixedParameters: 0 0 0
#Transform 133
Transform: MatrixOffsetTransformBase_double_3_3
Parameters: 0.9999817485829053 0.005878145640816025 -0.0013317224646090114 -0.0059086027892442106 0.9996890038272914 -0.02424854114403893 0.0011892812596000363 0.024255785268608655 0.9997050770228088 -0.10450571698919475 -0.39581154994417034 -1.2277007837232645
FixedParameters: 0 0 0
#Transform 134
Transform: MatrixOffsetTransformBase_double_3_3
Parameters: 0.9999823362454613 0.0058083020594764155 -0.0008910891237636359 -0.005828677771598304 0.9996725145514347 -0.02490775252551866 0.0007459093929942928 0.024912866641337628 0.999689838203553 -0.10628482689457996 -0.4047866956645976 -1.2297129058861174
FixedParameters: 0 0 0
#Transform 135
Transform: MatrixOffsetTransformBase_double_3_3
Parameters: 0.9999800649785547 0.0062480401390938535 -0.00062236758512485 -0.0062611819622920405 0.999688939561537 -0.024140212854205124 0.00047163080655815426 0.024144088765061505 0.999708276072841 -0.11031347237080524 -0.39216163859775577 -1.2426849328487464
FixedParameters: 0 0 0
#Transform 136
Transform: MatrixOffsetTransformBase_double_3_3
Parameters: 0.9999830212180296 0.005675169728695499 -0.0011508358184149081 -0.0057020734373793396 0.9996896229447487 -0.024243913780471395 0.0010121462065780795 0.02425020628945452 0.9997052620984136 -0.11314824881182517 -0.4025801353399032 -1.2354911068688494
FixedParameters: 0 0 0
#Transform 137
Transform: MatrixOffsetTransformBase_double_3_3
Parameters: 0.9999787986101744 0.006484560214897697 -0.0008080476285803051 -0.006502482881086347 0.999666347829024 -0.024985059389853317 0.0006459577486486318 0.02498993333056421 0.999687491980533 -0.1201216920404704 -0.380758842794819 -1.25442165796224
FixedParameters: 0 0 0
#Transform 138
Transform: MatrixOffsetTransformBase_double_3_3
Parameters: 0.999982319256715 0.00594953971390491 -0.0008136444903394102 -0.005967365092376444 0.9997025680005031 -0.02365834598406802 0.0006723462227013061 0.02366355076302061 0.9997201444883899 -0.09469136124776867 -0.3778200808537804 -1.2275436274175178
FixedParameters: 0 0 0
#Transform 139
Transform: MatrixOffsetTransformBase_double_3_3
Parameters: 0.9999816678219527 0.005937790773371882 -0.0007831934467798923 -0.00595581499347728 0.999671626592916 -0.02491548958174251 0.0006357936610283665 0.02492027866426189 0.9996889518347855 -0.10093023761928066 -0.3763587751087982 -1.2228380636392728
FixedParameters: 0 0 0
#Transform 140
Transform: MatrixOffsetTransformBase_double_3_3
Parameters: 0.9999823380035684 0.005886237872989011 -0.001130769256701275 -0.005912738547312987 0.999653336670165 -0.025643627724663144 0.0009792500179488517 0.025649224011714704 0.9996707722101597 -0.10208984450272851 -0.39377534200760067 -1.255635986680204
FixedParameters: 0 0 0
#Transform 141
Transform: MatrixOffsetTransformBase_double_3_3
Parameters: 0.9999818851616793 0.005965654601015514 -0.0011514053859595502 -0.005993109972270362 0.9996793311376166 -0.024589505592915912 0.0010035697042577035 0.024596379313023033 0.9996971236179606 -0.11368135980599448 -0.40039026082766327 -1.2180607466001305
FixedParameters: 0 0 0
#Transform 142
Transform: MatrixOffsetTransformBase_double_3_3
Parameters: 0.9999819983325146 0.00588972554520171 -0.0010686987083325383 -0.005914437786876018 0.9996759767958064 -0.02473748444717122 0.0009222996026181512 0.024743145086950125 0.9996929961033068 -0.09639496512144774 -0.3954653504528949 -1.2351820591977543
FixedParameters: 0 0 0
#Transform 143
Transform: MatrixOffsetTransformBase_double_3_3
Parameters: 0.9999807558505884 0.006072221957716775 -0.0015644938500426059 -0.006107311130593892 0.9996990933171719 -0.023759585695551592 0.0014195182344076962 0.02376854340936162 0.9997168846483921 -0.10786003328647098 -0.3709471791897414 -1.2246131178388282
FixedParameters: 0 0 0
#Transform 144
Transform: MatrixOffsetTransformBase_double_3_3
Parameters: 0.999981999838138 0.005821589412087793 -0.0012870084373150653 -0.0058505839360103494 0.9997021142056113 -0.023676665229089875 0.0011489921026012484 0.023683111748817553 0.9997191468763502 -0.1118617480888986 -0.4076586777215425 -1.2452224415243904
FixedParameters: 0 0 0
#Transform 145
Transform: MatrixOffsetTransformBase_double_3_3
Parameters: 0.9999778690136977 0.006495093519147682 -0.0011640216335467024 -0.006519836003473033 0.999699426922351 -0.02362127992992997 0.001009998673339077 0.023628497050253525 0.9997201943931109 -0.12002930452442229 -0.38911785690432055 -1.2288486470417865
FixedParameters: 0 0 0
#Transform 146
Transform: MatrixOffsetTransformBase_double_3_3
Parameters: 0.9999790330691438 0.006349192040668772 -0.0014713503982844711 -0.006382865746825202 0.999695563337064 -0.0238247545503043 0.0013196428486038914 0.023833072518143372 0.9997146348426376 -0.1099129363218907 -0.4088167264707607 -1.2425347606736779
FixedParameters: 0 0 0
#Transform 147
Transform: MatrixOffsetTransformBase_double_3_3
Parameters: 0.9999805640723829 0.005995813307364467 -0.0015049849204877563 -0.006031022394112953 0.9996836870325392 -0.024430169794756044 0.001358005677910487 0.024439090444600704 0.9997000239381564 -0.11946538954526886 -0.38039234653000165 -1.266350715455161
FixedParameters: 0 0 0
#Transform 148
Transform: MatrixOffsetTransformBase_double_3_3
Parameters: 0.9999740384860152 0.007117283048428169 -0.0009872633379701123 -0.007139685035911142 0.9996763524721599 -0.02440427199854936 0.0008137255182650432 0.0244107847465065 0.9997016919331578 -0.11457372324350956 -0.41336622548539026 -1.2597641226681304
FixedParameters: 0 0 0
#Transform 149
Transform: MatrixOffsetTransformBase_double_3_3
Parameters: 0.9999749207459301 0.007057559686580167 0.0001925992681810207 -0.007051016706222162 0.9996744390916316 -0.024510261127375334 -0.0003654040960925087 0.024507768812453364 0.9996993626374288 -0.1230603336039593 -0.3883809966520744 -1.2769025907586524
FixedParameters: 0 0 0
#Transform 150
Transform: MatrixOffsetTransformBase_double_3_3
Parameters: 0.9999790937934925 0.006492016585464467 -0.0005610642705597968 -0.00650462746243763 0.9996698182569029 -0.024854923212790574 0.0003999198482025068 0.02485804446628256 0.9996912626345971 -0.10879663582893784 -0.42515997997763577 -1.2635240973207402
FixedParameters: 0 0 0
#Transform 151
Transform: MatrixOffsetTransformBase_double_3_3
Parameters: 0.9999788735922078 0.0065095838136405345 -0.00042110223083353937 -0.006518390784584984 0.9996645110929944 -0.025057780443774717 0.00025789103799829516 0.025059841090767532 0.9996854069441434 -0.11046875537196854 -0.3858502151455241 -1.2710766141376837
FixedParameters: 0 0 0
#Transform 152
Transform: MatrixOffsetTransformBase_double_3_3
Parameters: 0.9999769369734625 0.006717069856704243 -0.00032666206465116476 -0.006723022658729545 0.9996679683344526 -0.02487406705894751 0.00015933946752345884 0.02487581047918231 0.9996909132433598 -0.10518589533550937 -0.4260030036208349 -1.2544488619176946
FixedParameters: 0 0 0
#Transform 153
Transform: MatrixOffsetTransformBase_double_3_3
Parameters: 0.9999775479030776 0.006631662322493699 -0.0004626501839289504 -0.006640862833941819 0.9996474801377254 -0.02569598229988658 0.0002923604271295732 0.0256987874445625 0.999669647168023 -0.11321627716176863 -0.39152324997769483 -1.270539169893766
FixedParameters: 0 0 0
#Transform 154
Transform: MatrixOffsetTransformBase_double_3_3
Parameters: 0.999975875988476 0.006949462627116858 -0.0003363932610844361 -0.0069558773515639915 0.9996512010601758 -0.0254620048911387 0.0001596095222191063 0.025462934038436212 0.9996752020417553 -0.10854977223769424 -0.43301432393027994 -1.2654133173958257
FixedParameters: 0 0 0
#Transform 155
Transform: MatrixOffsetTransformBase_double_3_3
Parameters: 0.9999790972851684 0.00650185955433816 0.00036550126433228247 -0.006490754500963906 0.9996649417279778 -0.025036195913716967 -0.0005285025984968911 0.02503351185640602 0.9996864447560792 -0.10257838975681466 -0.402146298559245 -1.274443966529688
FixedParameters: 0 0 0
#Transform 156
Transform: MatrixOffsetTransformBase_double_3_3
Parameters: 0.9999773694237912 0.006809324795318637 -0.00003416429574515378 -0.006807771272842222 0.9996577712193676 -0.025273501906341155 -0.00013816213544455558 0.0252737121711945 0.9996803963869724 -0.09756530074780301 -0.41292784142117966 -1.2677645632039685
FixedParameters: 0 0 0
#Transform 157
Transform: MatrixOffsetTransformBase_double_3_3
Parameters: 0.9999776828326035 0.006619801024040484 -0.0005636423889060216 -0.006632122703043931 0.9996471359350714 -0.025724529751106583 0.0003923560748014532 0.025727819138479036 0.999668996054903 -0.10180262248120187 -0.4023146311114658 -1.2578430113660062
FixedParameters: 0 0 0
#Transform 158
Transform: MatrixOffsetTransformBase_double_3_3
Parameters: 0.9999684623528219 0.007997484998346722 0.0002338892516110802 -0.007987726108673394 0.9996178320370225 -0.026461700106204713 -0.00044508800089525236 0.026458635273038905 0.9996501391277465 -0.12396361171957437 -0.4293660613090253 -1.2865393142504757
FixedParameters: 0 0 0
#Transform 159
Transform: MatrixOffsetTransformBase_double_3_3
Parameters: 0.999972682743155 0.00737462958543972 -0.0001094388628672116 -0.007375356069659595 0.9996362497634116 -0.02594652765943671 -0.00008144904763719707 0.02594673416897945 0.9996635666285107 -0.11010298767963889 -0.4385440049156273 -1.2755645555742063
FixedParameters: 0 0 0
#Transform 160
Transform: MatrixOffsetTransformBase_double_3_3
Parameters: 0.9999682556981833 0.008021543769111636 0.0004398558141740089 -0.008006586196802161 0.9996298326222325 -0.02601785179750715 -0.0006481202585002233 0.02601309560896307 0.9996609849556303 -0.12146796492753253 -0.419245269145037 -1.273265140691393
FixedParameters: 0 0 0
#Transform 161
Transform: MatrixOffsetTransformBase_double_3_3
Parameters: 0.9999755098979749 0.00701792658516973 0.00019979014894931646 -0.007010985224977765 0.9996388195128709 -0.025940655591698173 -0.00038122048384890694 0.025937945593261073 0.9996631408011051 -0.0995946996068966 -0.4421412696656688 -1.265541684950918
FixedParameters: 0 0 0
#Transform 162
Transform: MatrixOffsetTransformBase_double_3_3
Parameters: 0.9999730284177789 0.007288980744303416 0.0003084969302964702 -0.007278315590199489 0.9996355658945234 -0.025986902543279483 -0.0004974997445955504 0.025984233953467984 0.9996622126010366 -0.10243173293710583 -0.40994024130948503 -1.28241925776085
FixedParameters: 0 0 0
#Transform 163
Transform: MatrixOffsetTransformBase_double_3_3
Parameters: 0.99996994854118 0.007735322837031537 0.0005469134807735976 -0.007719407683395623 0.9996550755302475 -0.025104266974944563 -0.0007410904478524633 0.025099038562716242 0.9996842973715273 -0.11907186512067369 -0.41919855915718074 -1.275055281133632
FixedParameters: 0 0 0
#Transform 164
Transform: MatrixOffsetTransformBase_double_3_3
Parameters: 0.9999683390707083 0.00796329088366078 -0.00002118897803038422 -0.007960978920612583 0.9996234995862299 -0.026248345632863334 -0.00018818718301774617 0.026247855722213165 0.999655146568639 -0.12272670131316943 -0.42630373532522015 -1.2858393608907193
FixedParameters: 0 0 0
#Transform 165
Transform: MatrixOffsetTransformBase_double_3_3
Parameters: 0.9999725836507793 0.007347614150050441 -0.00038804593509589314 -0.007354837617048318 0.9996189728333229 -0.02660434041961234 0.00019196884062967767 0.02660624193055172 0.9996462209464948 -0.10773043885015454 -0.43226456511138167 -1.284112079801858
FixedParameters: 0 0 0
#Transform 166
Transform: MatrixOffsetTransformBase_double_3_3
Parameters: 0.9999695468492263 0.007869295349426843 -0.00018549636482656506 -0.007871637319189915 0.9996436216701136 -0.025500374812972498 -0.00001550717014978109 0.025501869916644455 0.9996750603695852 -0.1371968166690749 -0.4326028581388641 -1.2615287217558233
FixedParameters: 0 0 0
#Transform 167
Transform: MatrixOffsetTransformBase_double_3_3
Parameters: 0.9999756228454199 0.006921096700498957 0.0005498124392650933 -0.006905806552073512 0.9996668463419518 -0.024867097598156085 -0.0007221954172785539 0.024862031440332836 0.9996904143649171 -0.10487602616858283 -0.37096638746963606 -1.2620372351732527
FixedParameters: 0 0 0
#Transform 168
Transform: MatrixOffsetTransformBase_double_3_3
Parameters: 0.9999726903613918 0.007375794568687721 0.0009856552743757047 -0.0073493330523692335 0.9996680978127562 -0.024693722233571226 -0.0011673475033365105 0.02468579723886196 0.9996940893588416 -0.12972726599591056 -0.43336166705690005 -1.2554372102992204
FixedParameters: 0 0 0
#Transform 169
Transform: MatrixOffsetTransformBase_double_3_3
Parameters: 0.9999663538709325 0.008148677247201348 -0.00008256092742306431 -0.0081474899735521 0.9996333259789888 -0.02581003407069837 -0.00012854406016798992 0.02580965926888037 0.9996669710506384 -0.12930582834805193 -0.4397545881692366 -1.2823425145469969
FixedParameters: 0 0 0
#Transform 170
Transform: MatrixOffsetTransformBase_double_3_3
Parameters: 0.9999738462550851 0.0072792424677647185 0.0000718228511967095 -0.007275062179792861 0.999655169394795 -0.02521502964690761 -0.0002551722022096359 0.02521333271721639 0.9996822696668153 -0.11851582956563789 -0.4342625564319178 -1.2670561860357168
FixedParameters: 0 0 0
#Transform 171
Transform: MatrixOffsetTransformBase_double_3_3
Parameters: 0.9999555615288941 0.009354127764044578 0.0008567036779841969 -0.00932950259957026 0.999634308244092 -0.0253672011377034 -0.0010943078348704116 0.02535905185570647 0.9996778431554624 -0.17593816345606683 -0.4125973636407849 -1.3032210510743738
FixedParameters: 0 0 0
#Transform 172
Transform: MatrixOffsetTransformBase_double_3_3
Parameters: 0.9999711970614924 0.0075690162465664465 -0.0005699888937093361 -0.00758103540540655 0.9996384504898235 -0.025786775265969588 0.0003750194253254041 0.02578989192146843 0.999667806831461 -0.10424453269871492 -0.44147872440323965 -1.279042760797381
FixedParameters: 0 0 0
#Transform 173
Transform: MatrixOffsetTransformBase_double_3_3
Parameters: 0.999972214854172 0.00739257579557908 -0.00027422983479349905 -0.007397797399602694 0.9996327419091957 -0.026084161029376326 0.00008175017132426576 0.02608611105382581 0.9996594636791348 -0.11105682174125775 -0.3921636590423958 -1.2853521403170731
FixedParameters: 0 0 0
#Transform 174
Transform: MatrixOffsetTransformBase_double_3_3
Parameters: 0.9999647453232545 0.008361561799927565 0.0000929172225050956 -0.008356610971733066 0.9996432242404278 -0.025353850741806783 -0.00030508450467468806 0.025352124773447074 0.999678399700686 -0.12875095441881967 -0.44255140769827506 -1.247450938788603
FixedParameters: 0 0 0
#Transform 175
Transform: MatrixOffsetTransformBase_double_3_3
Parameters: 0.9999708032747052 0.0076110361622844175 -0.0003597593253568676 -0.007618271085940361 0.9996410909646586 -0.02566630578332896 0.0001642313284214436 0.025667776556016316 0.9996701503797397 -0.11431481916449115 -0.4166884208131023 -1.2633006969733316
FixedParameters: 0 0 0
#Transform 176
Transform: MatrixOffsetTransformBase_double_3_3
Parameters: 0.9999641833829316 0.00849975153193078 -0.00034573909238728995 -0.008505857061983417 0.9996175621637354 -0.02632404738270314 0.00012226698636966238 0.026325507493514335 0.9996532692465765 -0.12923327375635552 -0.4545041441382267 -1.27245311676036
FixedParameters: 0 0 0
#Transform 177
Transform: MatrixOffsetTransformBase_double_3_3
Parameters: 0.9999704824215317 0.007629941218649531 -0.00047826291206036486 -0.007640105679767151 0.9996445308611995 -0.02555356536182643 0.0002827288250925042 0.025556095091337255 0.9996737588310511 -0.1194420771023772 -0.4144116169085095 -1.2585017474261377
FixedParameters: 0 0 0
#Transform 178
Transform: MatrixOffsetTransformBase_double_3_3
Parameters: 0.9999692330853612 0.007793502923576837 -0.00018320791216847043 -0.007795687805111748 0.9996247773584035 -0.02627384473242621 -0.00002120786604126179 0.02627426770489834 0.9996545311487108 -0.13550083347149666 -0.4279167417473815 -1.2814029965484508
FixedParameters: 0 0 0
#Transform 179
Transform: MatrixOffsetTransformBase_double_3_3
Parameters: 0.9999651956936422 0.008349687383459151 0.0003950048366360287 -0.008336866528106373 0.9996259195112555 -0.026065688439241685 -0.0006120096610107983 0.026062246677257678 0.9996602166907456 -0.13802930400508728 -0.4344535390918338 -1.2620007232430765
FixedParameters: 0 0 0
#Transform 180
Transform: MatrixOffsetTransformBase_double_3_3
Parameters: 0.9999732138248415 0.0072910655518756045 0.00044352156469433524 -0.007277990389670155 0.9996468138816562 -0.025555768569569672 -0.0006294941413477473 0.025551837002713785 0.9996730242822958 -0.12207805989821452 -0.4128400370883867 -1.2563254682644356
FixedParameters: 0 0 0
#Transform 181
Transform: MatrixOffsetTransformBase_double_3_3
Parameters: 0.9999726618367426 0.007394729107449735 -0.00007128844574000315 -0.007394572111307506 0.9996435098950766 -0.025664522565824674 -0.00011930572496726688 0.0256650859638203 0.9996708469060124 -0.10031920752599888 -0.42103339753002444 -1.2606659469855686
FixedParameters: 0 0 0
#Transform 182
Transform: MatrixOffsetTransformBase_double_3_3
Parameters: 0.9999547172692903 0.00948052524470937 -0.00037729227055899317 -0.00948656852804413 0.9996117693076627 -0.026193139217391467 0.00012872336751426627 0.026195497372422702 0.9996569239916411 -0.1563335868758884 -0.4300477673857728 -1.2639153740676505
FixedParameters: 0 0 0
#Transform 183
Transform: MatrixOffsetTransformBase_double_3_3
Parameters: 0.9999586163110925 0.009066777852984556 -0.0000027261637907116665 -0.009063883017165483 0.999622536756036 -0.025926333714765784 -0.00023272581895059097 0.025925009847309916 0.9996638939900919 -0.145613736746256 -0.4564810948176188 -1.2930259496174301
FixedParameters: 0 0 0
#Transform 184
Transform: MatrixOffsetTransformBase_double_3_3
Parameters: 0.9999482351458391 0.010110727735299396 0.0008904738661596606 -0.010084765063409693 0.9996254322612059 -0.025430920001082193 -0.001147521298660567 0.025420338494794893 0.9996761200090624 -0.1959831324236916 -0.4103035522216203 -1.3040018286373538
FixedParameters: 0 0 0
#Transform 185
Transform: MatrixOffsetTransformBase_double_3_3
Parameters: 0.9999568449932048 0.009245868157679511 0.0004022365830397001 -0.009232256500840781 0.9996218047145078 -0.025900061443742742 -0.0006417619602436114 0.025895375588613927 0.9996644146511043 -0.15473747236853796 -0.4437602069308326 -1.3308046324937663
FixedParameters: 0 0 0
#Transform 186
Transform: MatrixOffsetTransformBase_double_3_3
Parameters: 0.9999430252086504 0.010567944328891445 0.0016222257439275634 -0.010521158444787468 0.9995938742276052 -0.026500375655414292 -0.0019017708794018817 0.02648161063214816 0.9996476384694691 -0.21135071860626908 -0.4375060346506814 -1.3396034388250797
FixedParameters: 0 0 0
#Transform 187
Transform: MatrixOffsetTransformBase_double_3_3
Parameters: 0.9999447967034601 0.010267909829340546 0.0019961546047864848 -0.010213834142704149 0.9996308584816503 -0.025172858443891562 -0.002253829450301642 0.02515124517560017 0.9996810288852371 -0.20184563367490682 -0.4541215814370645 -1.326503064154707
FixedParameters: 0 0 0
#Transform 188
Transform: MatrixOffsetTransformBase_double_3_3
Parameters: 0.9999522789820176 0.009791532492584385 0.0005170067496211572 -0.009774805434362854 0.9996177136594752 -0.025876272975522575 -0.000769995394659051 0.025870399626969926 0.99966460633319 -0.15305018951332272 -0.4410353767866866 -1.3005845430723042
FixedParameters: 0 0 0
#Transform 189
Transform: MatrixOffsetTransformBase_double_3_3
Parameters: 0.9999335885595596 0.01108409156526165 0.0032575973289582227 -0.010999917221856108 0.9996310561183275 -0.024815501127835312 -0.003531403263404481 0.024778032112353496 0.9996864179832731 -0.19571212345479694 -0.44801239325974507 -1.3596440018280873
FixedParameters: 0 0 0
#Transform 190
Transform: MatrixOffsetTransformBase_double_3_3
Parameters: 0.9999499860796535 0.009950362825193656 0.0010566689636131027 -0.009921795189613298 0.9996423088179335 -0.02482195842124693 -0.0013033490932019831 0.024810186522838364 0.9996915374182704 -0.17093592605347396 -0.435921730588845 -1.3257424812240401
FixedParameters: 0 0 0
#Transform 191
Transform: MatrixOffsetTransformBase_double_3_3
Parameters: 0.9999500780326623 0.00999610694718277 0.00012322571623832324 -0.009990205784206098 0.9996144815743645 -0.025914751674417227 -0.000382790511872913 0.025912135630114616 0.9996642754950125 -0.16762869971394423 -0.4333819956674887 -1.3323089177919343
FixedParameters: 0 0 0
#Transform 192
Transform: MatrixOffsetTransformBase_double_3_3
Parameters: 0.99993055540817 0.011097434847697405 0.004082355525432735 -0.010989656369180784 0.9996153388499709 -0.025450619320293286 -0.004362642811979581 0.02540408746293998 0.9996681174239522 -0.20407549812455272 -0.4593900654508474 -1.352204701336234
FixedParameters: 0 0 0
#Transform 193
Transform: MatrixOffsetTransformBase_double_3_3
Parameters: 0.9999286528608275 0.011692323321858263 0.0023415866336616298 -0.011625253202225383 0.9995744440997912 -0.026743807141518944 -0.002653399848165122 0.026714432897056332 0.9996393135875917 -0.2392668238722706 -0.4586823883146849 -1.4029725710894922
FixedParameters: 0 0 0
#Transform 194
Transform: MatrixOffsetTransformBase_double_3_3
Parameters: 0.9999380086074696 0.010909821463440616 0.0020387628506885608 -0.010855029560193111 0.999628664651092 -0.025007639191195204 -0.002311215882505921 0.024983128794226407 0.99968519307027 -0.20423313262128318 -0.4483982033056577 -1.372505007198896
FixedParameters: 0 0 0
#Transform 195
Transform: MatrixOffsetTransformBase_double_3_3
Parameters: 0.9999662824269765 0.008175384878118369 -0.000694759429682737 -0.00819041224710216 0.9996329046158143 -0.025843293965419536 0.00048324569669877526 0.025848130604556666 0.9996659282160498 -0.10645577640880788 -0.4229392648366712 -1.3363068416912824
FixedParameters: 0 0 0
#Transform 196
Transform: MatrixOffsetTransformBase_double_3_3
Parameters: 0.9999303618656353 0.011798022718280964 0.0007407475798563989 -0.011775821767343087 0.9996099233695085 -0.025323208831263218 -0.0010392582273084094 0.025312460901907124 0.99967897698944 -0.22005944822467427 -0.4698471512842701 -1.3504557320949573
FixedParameters: 0 0 0
#Transform 197
Transform: MatrixOffsetTransformBase_double_3_3
Parameters: 0.9999371857920599 0.01110653736321403 0.001422401436374357 -0.01106736537560084 0.9996214992364668 -0.025196367714572176 -0.0017016094997878844 0.025179679272689805 0.9996814328120389 -0.20303447556612753 -0.44662558057252966 -1.3565474098715953
FixedParameters: 0 0 0
#Transform 198
Transform: MatrixOffsetTransformBase_double_3_3
Parameters: 0.9999666221135756 0.008102560831286623 0.0003827992820532311 -0.00809070134096935 0.9996547822175188 -0.0250127535613492 -0.0005852071041361206 0.025008957729854165 0.9996866915080667 -0.10882325515075308 -0.39938848797085313 -1.358499652286767
FixedParameters: 0 0 0
#Transform 199
Transform: MatrixOffsetTransformBase_double_3_3
Parameters: 0.9999724976512736 0.007464922113014984 0.00026887257110100315 -0.007455861915805297 0.9996821982896235 -0.02408558940235389 -0.0004481155668736858 0.024082602587078693 0.9997104435578151 -0.10457114689508273 -0.41617322682309066 -1.30750360269964
FixedParameters: 0 0 0
#Transform 200
Transform: MatrixOffsetTransformBase_double_3_3
Parameters: 0.9999637402857791 0.008527611353458805 -0.00006672310905928014 -0.008526598547403336 0.9996482779476317 -0.025117844799285898 -0.0001467193419667362 0.025117084078974818 0.9996845344617328 -0.12268170167605774 -0.4439738262345827 -1.341072393454823
FixedParameters: 0 0 0
#Transform 201
Transform: MatrixOffsetTransformBase_double_3_3
Parameters: 0.9999569088024539 0.009320836953200805 -0.000013366628649771894 -0.00931861071970194 0.9996353096235253 -0.02533240009070155 -0.0002223754608804973 0.025331213424292807 0.9996793789758329 -0.14759070889482473 -0.4421687758817541 -1.3425177245407838
FixedParameters: 0 0 0
#Transform 202
Transform: MatrixOffsetTransformBase_double_3_3
Parameters: 0.9999630814933126 0.008632263917502048 0.0004074184111392265 -0.008620351430234855 0.9996605017164898 -0.02459857729035892 -0.0006195952660502657 0.0245936811399568 0.9996968927623288 -0.11284178895330399 -0.42033567779137115 -1.3664665018310558
FixedParameters: 0 0 0
#Transform 203
Transform: MatrixOffsetTransformBase_double_3_3
Parameters: 0.9999641658396916 0.008500021051166918 0.00008086828665784807 -0.008494617050637223 0.999643375615494 -0.02532451942910676 -0.00029611648434141324 0.025322995442619643 0.999679138701562 -0.11936591558378495 -0.43971755888009056 -1.3591341341059149
FixedParameters: 0 0 0
#Transform 204
Transform: MatrixOffsetTransformBase_double_3_3
Parameters: 0.9999619599687515 0.008665206822395563 -0.00033914778875829277 -0.008670666074835014 0.9996443082571389 -0.02520654695306029 0.00012085650686353977 0.02520901186262598 0.9996822424687031 -0.1146481747722703 -0.4328412015184142 -1.3687837581523894
FixedParameters: 0 0 0
#Transform 205
Transform: MatrixOffsetTransformBase_double_3_3
Parameters: 0.9999482870967616 0.010082585489742153 0.0008152425827484544 -0.010058227988925528 0.999634525810888 -0.025082793452959364 -0.0010677461687887413 0.02507406437997893 0.9996854655564514 -0.16628585562857268 -0.45133437138875365 -1.357674235044641
FixedParameters: 0 0 0
#Transform 206
Transform: MatrixOffsetTransformBase_double_3_3
Parameters: 0.9999632478107073 0.008595150980273655 -0.00022852183405172588 -0.008598158903418135 0.999642017861869 -0.0253163757301435 0.000011476736990770342 0.02531767776012599 0.9996797412462696 -0.10196248079810744 -0.42475411977041233 -1.3574154557222329
FixedParameters: 0 0 0
#Transform 207
Transform: MatrixOffsetTransformBase_double_3_3
Parameters: 0.9999654240203896 0.008373485747702773 -0.00021663949916803094 -0.00837702114651617 0.9996430486817278 -0.02537033275543648 0.000004341444136662931 0.025371343947736706 0.9996786002391224 -0.10897420567856386 -0.4340172041476791 -1.3276852194614577
FixedParameters: 0 0 0
#Transform 208
Transform: MatrixOffsetTransformBase_double_3_3
Parameters: 0.9999613563924633 0.008777352471886546 -0.00024955966244812056 -0.008780315670502617 0.9996271952217809 -0.025837057195690297 0.000022449986756614693 0.025838762456341532 0.9996658018290989 -0.11184647955604987 -0.4212051122191127 -1.3353746137584324
FixedParameters: 0 0 0
#Transform 209
Transform: MatrixOffsetTransformBase_double_3_3
Parameters: 0.9999610728435571 0.0088515504002774 0.00008291151705747124 -0.008846631056910217 0.9996295700934791 -0.025729530138932317 -0.0003110998169253837 0.025728641367427606 0.999668419615701 -0.1154227124450955 -0.4345084651593112 -1.3255255191744197
FixedParameters: 0 0 0
#Transform 210
Transform: MatrixOffsetTransformBase_double_3_3
Parameters: 0.9999647550532034 0.008337251694669619 0.00011923110891570721 -0.008331645786328803 0.9996304725952212 -0.025864771226023226 -0.00033477255799022054 0.025862509761759387 0.9996656144643441 -0.11014094918490969 -0.43370547278628635 -1.3679438317679171
FixedParameters: 0 0 0
#Transform 211
Transform: MatrixOffsetTransformBase_double_3_3
Parameters: 0.9999645987810479 0.008351959579760305 0.0006228629925401075 -0.008333586057007805 0.9996452298699999 -0.025302351026407134 -0.000834133644756388 0.025295759626734114 0.9996795694785027 -0.10751623063957538 -0.42883081922894917 -1.3436148438455433
FixedParameters: 0 0 0
#Transform 212
Transform: MatrixOffsetTransformBase_double_3_3
Parameters: 0.9999641045412744 0.008411954022321338 0.00022882799985880775 -0.008403480658226428 0.99962335021075 -0.02611335378049353 -0.00044817656534466843 0.026109945294965804 0.999659016460455 -0.11207711325025116 -0.4299299464336457 -1.3772204460591837
FixedParameters: 0 0 0
#Transform 213
Transform: MatrixOffsetTransformBase_double_3_3
Parameters: 0.9999627888095901 0.008544573526400178 0.0008237187593915091 -0.008520439878033274 0.9996471969937681 -0.025160819779503255 -0.0010382645268501162 0.025153172599595305 0.9996826743717265 -0.1040630978092878 -0.4446247145358342 -1.3551546094088565
FixedParameters: 0 0 0
#Transform 214
Transform: MatrixOffsetTransformBase_double_3_3
Parameters: 0.9999623641971324 0.008684455751224934 0.0004208167797691842 -0.00867080330464941 0.9996376750535031 -0.02547550198636808 -0.0006421840102994181 0.025471237536325395 0.999675745769277 -0.09972208870273391 -0.42466358137824045 -1.3751869969561739
FixedParameters: 0 0 0
#Transform 215
Transform: MatrixOffsetTransformBase_double_3_3
Parameters: 0.9999612653144468 0.008846595698579571 0.0003099016174936686 -0.008836428848616767 0.9996370402320403 -0.025470394116558465 -0.0005351172545841054 0.0254670431483721 0.9996754178321484 -0.10359360591468203 -0.44039046091276646 -1.3594950501182268
FixedParameters: 0 0 0
#Transform 216
Transform: MatrixOffsetTransformBase_double_3_3
Parameters: 0.9999685088235422 0.00789351627203749 0.00018461221286258933 -0.0078864942884616 0.9996213473198619 -0.026349853236551507 -0.00039340386420155804 0.026347654972205446 0.9996526714184376 -0.08227177306639533 -0.41597342777527047 -1.3664726901921824
FixedParameters: 0 0 0
#Transform 217
Transform: MatrixOffsetTransformBase_double_3_3
Parameters: 0.9999507145507522 0.009840415840002135 0.0009655693400017068 -0.009812154681208997 0.9996204335626757 -0.025732071298916637 -0.0012184265195243765 0.025721448169405962 0.9996683336354536 -0.15462234151154064 -0.44649970876162115 -1.3461551554689493
FixedParameters: 0 0 0
#Transform 218
Transform: MatrixOffsetTransformBase_double_3_3
Parameters: 0.99995262622383 0.009688937085924198 0.0010112171169633782 -0.009659810032221123 0.9996152482146606 -0.026005350566691725 -0.0012628005428631794 0.025995028257570052 0.9996610359343118 -0.14646483858986414 -0.43071677490631544 -1.3642438537260801
FixedParameters: 0 0 0
#Transform 219
Transform: MatrixOffsetTransformBase_double_3_3
Parameters: 0.9999649881655001 0.008347829256303682 0.0007809324727359873 -0.00832442076015772 0.9996299055775388 -0.025897153063254946 -0.0009970564586478659 0.025889574897728248 0.9996643364871017 -0.09801736630267044 -0.4640650786652998 -1.3447000244433553
FixedParameters: 0 0 0
#Transform 220
Transform: MatrixOffsetTransformBase_double_3_3
Parameters: 0.9999600240599319 0.00885022811351823 0.0013225494619970302 -0.00881230923534418 0.9996208663903751 -0.026083406543840015 -0.001552434012497314 0.026070141144732894 0.9996587087562503 -0.09836329709912661 -0.42068946126798323 -1.3458754099254833
FixedParameters: 0 0 0
#Transform 221
Transform: MatrixOffsetTransformBase_double_3_3
Parameters: 0.9999617134978624 0.008683036394539812 0.0009886003633119977 -0.00865452224375779 0.9996129565560267 -0.026457433151367997 -0.001217418990080557 0.026447993745104825 0.9996498093465722 -0.11550856699132339 -0.46263891768174403 -1.3608649304778169
FixedParameters: 0 0 0
#Transform 222
Transform: MatrixOffsetTransformBase_double_3_3
Parameters: 0.9999657006423693 0.008195448959976169 0.0009298250665413232 -0.00816903407943418 0.9996367019981731 -0.025698684085371192 -0.0011401819024554755 0.025690669896590954 0.9996688585085457 -0.09981105109365274 -0.42273846615739785 -1.3337122320547792
FixedParameters: 0 0 0
#Transform 223
Transform: MatrixOffsetTransformBase_double_3_3
Parameters: 0.999960336702614 0.008660928419453904 0.0020579088523046823 -0.008603568650367396 0.9996230749180814 -0.02605244011237288 -0.002283077184955268 0.026034649701689273 0.9996583143201536 -0.14363594410944813 -0.44784062236954014 -1.3843168100337522
FixedParameters: 0 0 0
#Transform 224
Transform: MatrixOffsetTransformBase_double_3_3
Parameters: 0.9999688856223343 0.00782225544513145 0.0005719986483530975 -0.007804945346742463 0.9996363529337229 -0.02579948601892653 -0.0007739969212991749 0.02579361472086817 0.9996665612919563 -0.09175854483719093 -0.4444574971316655 -1.3388253183002803
FixedParameters: 0 0 0
#Transform 225
Transform: MatrixOffsetTransformBase_double_3_3
Parameters: 0.9999594296015268 0.008852369602722895 0.0014991654169898977 -0.008810017532971701 0.9996174940153075 -0.026205553774235744 -0.0017308382482682377 0.02619175121919161 0.9996558469574655 -0.15925823020761243 -0.42535929377713444 -1.342611920482824
FixedParameters: 0 0 0
#Transform 226
Transform: MatrixOffsetTransformBase_double_3_3
Parameters: 0.9999488611235827 0.009738396182001747 0.0027721611308871574 -0.009663387238359036 0.9996117141661741 -0.026129717467266445 -0.0030258597886384797 0.026101549775500787 0.9996550412820799 -0.19103706822031086 -0.46722629818988537 -1.3473449559636208
FixedParameters: 0 0 0
#Transform 227
Transform: MatrixOffsetTransformBase_double_3_3
Parameters: 0.9999274047525977 0.011225157941640532 0.004361538081140287 -0.01110812074418278 0.9995969255098851 -0.02612547985687358 -0.004652469724304845 0.026074676748759976 0.9996488862293466 -0.18744621461884492 -0.4405431888173581 -1.3514875673758837
FixedParameters: 0 0 0
#Transform 228
Transform: MatrixOffsetTransformBase_double_3_3
Parameters: 0.999950355061694 0.00967587690893683 0.002563452004010522 -0.009604983014392924 0.9996143517133743 -0.02606230092161992 -0.0028145286372994044 0.02603609239318649 0.9996575324456836 -0.18902555756561412 -0.4400945695028611 -1.3336453146800267
FixedParameters: 0 0 0
#Transform 229
Transform: MatrixOffsetTransformBase_double_3_3
Parameters: 0.9999251621308739 0.01130327253784807 0.0046629357841216496 -0.01117419634746481 0.9995781819219677 -0.026791333163679928 -0.0049640523424955285 0.026737188255787355 0.999629670249276 -0.19058456908791754 -0.4469164916142745 -1.3584224053888505
FixedParameters: 0 0 0
#Transform 230
Transform: MatrixOffsetTransformBase_double_3_3
Parameters: 0.9999318964771838 0.010833447932421239 0.004345994540728232 -0.010720076337406991 0.9996226022305019 -0.025285069643512455 -0.00461899935975911 0.025236709502807195 0.9996705123860975 -0.19219528891227355 -0.44241851783637287 -1.3751850210022383
FixedParameters: 0 0 0
#Transform 231
Transform: MatrixOffsetTransformBase_double_3_3
Parameters: 0.9999304540932583 0.010944646416899365 0.004468830334699761 -0.010825891545185254 0.9996040906954539 -0.025952798564976193 -0.004751198699393833 0.02590312963740297 0.9996531236363669 -0.19037947161983482 -0.44763958721276254 -1.3577260395810669
FixedParameters: 0 0 0
#Transform 232
Transform: MatrixOffsetTransformBase_double_3_3
Parameters: 0.9999226964920687 0.011497248783089517 0.004653173245798406 -0.0113698532476351 0.9995848601681542 -0.026470413320374992 -0.004954819705143096 0.026415764021797038 0.9996389970308186 -0.18730781039845112 -0.4396683194902238 -1.358669507943219
FixedParameters: 0 0 0
#Transform 233
Transform: MatrixOffsetTransformBase_double_3_3
Parameters: 0.9999342285116192 0.010528267335889425 0.004438905288144654 -0.010407649741790514 0.9996023674527593 -0.026213547277232074 -0.0047130669593567626 0.026165526595125346 0.9996462509652347 -0.17690643454191957 -0.4673211146306784 -1.3491497402110895
FixedParameters: 0 0 0
#Transform 234
Transform: MatrixOffsetTransformBase_double_3_3
Parameters: 0.9999339701471162 0.010972742302137755 0.0034269177265394274 -0.010876562632555369 0.999577508016517 -0.026944904076350543 -0.0037210786653193856 0.026905359446545388 0.9996309854539247 -0.19895008106738032 -0.4497854917700863 -1.3604876194694242
FixedParameters: 0 0 0
#Transform 235
Transform: MatrixOffsetTransformBase_double_3_3
Parameters: 0.999925640749223 0.011257822950635672 0.004725301638631288 -0.01113175809574305 0.9996039134455198 -0.02586535722649729 -0.0050146879287050194 0.025810606953661577 0.9996538292590746 -0.1832917559264331 -0.45230749139541615 -1.3479017869837833
FixedParameters: 0 0 0
#Transform 236
Transform: MatrixOffsetTransformBase_double_3_3
Parameters: 0.9999666289917732 0.007738485059095796 0.002614503175203897 -0.007672050524285575 0.999663294899686 -0.024793462808172902 -0.0028055206780818603 0.024773431535807435 0.9996889751419961 -0.12376844874630422 -0.39253263406935446 -1.29626792929308
FixedParameters: 0 0 0
#Transform 237
Transform: MatrixOffsetTransformBase_double_3_3
Parameters: 0.9999390564966889 0.009992423906863094 0.00457065009104346 -0.009879763275182193 0.9996616943163852 -0.024074696348404298 -0.004809344338026267 0.024027757948842522 0.9996996379537497 -0.17766424838227124 -0.45125915605163414 -1.3079462396370332
FixedParameters: 0 0 0
#Transform 238
Transform: MatrixOffsetTransformBase_double_3_3
Parameters: 0.999962172203535 0.00790346555572183 0.0035415262466823444 -0.007813182967140522 0.9996637591557332 -0.024719779622040063 -0.003736465752137305 0.02469164001510265 0.9996880978002131 -0.12708746532614157 -0.4200321909048199 -1.3055214045074877
FixedParameters: 0 0 0
#Transform 239
Transform: MatrixOffsetTransformBase_double_3_3
Parameters: 0.999952207306854 0.008849905017649604 0.0042490391518692355 -0.008743353349894557 0.9996625311186172 -0.024451940100977957 -0.004463969366494638 0.02441405559447216 0.999692359008719 -0.15143448830171735 -0.42458137850763933 -1.3099413798331625
FixedParameters: 0 0 0
#Transform 240
Transform: MatrixOffsetTransformBase_double_3_3
Parameters: 0.9999326939151534 0.010608968588115325 0.00464161570090911 -0.01049476189186129 0.9996575872922249 -0.02398247134449692 -0.004894379661660772 0.02393201860367596 0.9997014177002929 -0.17185248322455493 -0.4391485827601542 -1.3095770489123453
FixedParameters: 0 0 0
#Transform 241
Transform: MatrixOffsetTransformBase_double_3_3
Parameters: 0.9999325281817633 0.010564557072032747 0.004744281666133762 -0.010441175625701193 0.9996251126038926 -0.02531298536829126 -0.005010702638757858 0.025260988513198288 0.9996679952820461 -0.16867565532193396 -0.41231720552728746 -1.3403424182111223
FixedParameters: 0 0 0
#Transform 242
Transform: MatrixOffsetTransformBase_double_3_3
Parameters: 0.9999308220794496 0.010715264171243421 0.004810095476724133 -0.010587305823860766 0.9996102241280177 -0.025836882048479084 -0.005084888896759482 0.025783624889339714 0.999654436768265 -0.1718660394820688 -0.4654955149422193 -1.3392400610701856
FixedParameters: 0 0 0
#Transform 243
Transform: MatrixOffsetTransformBase_double_3_3
Parameters: 0.9999488269496923 0.009228766795191938 0.004239771670729198 -0.009118388185356586 0.999633407574734 -0.025481527363697055 -0.004473252738542113 0.025441958243784858 0.9996666152009199 -0.1637616232334409 -0.4338950377806725 -1.3153542022278941
FixedParameters: 0 0 0
#Transform 244
Transform: MatrixOffsetTransformBase_double_3_3
Parameters: 0.9999468626962155 0.009478560407899336 0.003998627929777981 -0.00937474913065774 0.999636277019874 -0.025292388326550286 -0.004237381657991535 0.025253666626831636 0.9996724921211384 -0.17376936631251283 -0.4278657001562607 -1.3370338635482
FixedParameters: 0 0 0
#Transform 245
Transform: MatrixOffsetTransformBase_double_3_3
Parameters: 0.9999315137832147 0.010777869883787275 0.004461665275714163 -0.010663072703515413 0.9996323284019402 -0.02493660706506702 -0.004729326904527667 0.024887247280616098 0.9996795694219951 -0.19226807405559043 -0.4442243144031721 -1.3029265546729363
FixedParameters: 0 0 0
#Transform 246
Transform: MatrixOffsetTransformBase_double_3_3
Parameters: 0.9999291577527628 0.010765375928119679 0.00512845566821124 -0.010627439650828201 0.9996006886146026 -0.026195598611215228 -0.005408549212031252 0.026139225665208016 0.9996440051707226 -0.1683409789100665 -0.42253921703770914 -1.3364889022564483
FixedParameters: 0 0 0
#Transform 247
Transform: MatrixOffsetTransformBase_double_3_3
Parameters: 0.9999172833025708 0.011863935001041447 0.004988339276149681 -0.011728978109373317 0.999583327899623 -0.026380702862815686 -0.00529867142383994 0.02631982960647749 0.9996391219777004 -0.18019657774000564 -0.47042906575798327 -1.3808106189766818
FixedParameters: 0 0 0
#Transform 248
Transform: MatrixOffsetTransformBase_double_3_3
Parameters: 0.9999307265284859 0.01068035621141409 0.005038119372054312 -0.010542289459562617 0.9995914758791921 -0.02655555636747979 -0.0053198675245196 0.02650106113571341 0.9996340940244365 -0.18104093396298993 -0.4547637544225154 -1.3406744356997677
FixedParameters: 0 0 0
#Transform 249
Transform: MatrixOffsetTransformBase_double_3_3
Parameters: 0.9999746067356463 0.006850080849845452 0.0019694903261782276 -0.006797460938318534 0.9996456023786655 -0.02573077738198816 -0.002145514809151497 0.025716557176911247 0.9996665275115508 -0.0739886818020068 -0.4046538254107901 -1.3114622227387684
FixedParameters: 0 0 0
#Transform 250
Transform: MatrixOffsetTransformBase_double_3_3
Parameters: 0.9999240531515144 0.011045073161148373 0.00540576864416481 -0.010901441975636158 0.9996078836024903 -0.02578971208826755 -0.005689205514431903 0.0257289682202862 0.9996522685407884 -0.17128776981219573 -0.46577574435153224 -1.3370649827895562
FixedParameters: 0 0 0
#Transform 251
Transform: MatrixOffsetTransformBase_double_3_3
Parameters: 0.9999261888055098 0.010948421623390285 0.0053075468451834334 -0.010806486651455331 0.9996034165019356 -0.025993182835226253 -0.005590440229555141 0.02593372978829319 0.9996478323550225 -0.162884628721784 -0.4289426457301886 -1.356302040442074
FixedParameters: 0 0 0
#Transform 252
Transform: MatrixOffsetTransformBase_double_3_3
Parameters: 0.9999438992124997 0.009751515933301104 0.004107650968731613 -0.009642723389223945 0.9996262719612945 -0.025584844610130907 -0.004355341992228562 0.025544448362350272 0.9996645547383307 -0.17621673277604089 -0.4307533656535867 -1.333177157203579
FixedParameters: 0 0 0
#Transform 253
Transform: MatrixOffsetTransformBase_double_3_3
Parameters: 0.9999317821525855 0.010741004110476104 0.004562580760002072 -0.01062116115270807 0.999616817062636 -0.02557766495923723 -0.004835434247034864 0.025527978079444427 0.999662864922097 -0.18302175103001161 -0.43690723000717924 -1.3510199259698652
FixedParameters: 0 0 0
#Transform 254
Transform: MatrixOffsetTransformBase_double_3_3
Parameters: 0.9999516117386609 0.008981401206270374 0.003922565869165617 -0.008875161137903955 0.9996112311013753 -0.02641709496125838 -0.00415843676506604 0.026380635792413214 0.9996429615964838 -0.17569701471491328 -0.4314739479068379 -1.3773257045426845
FixedParameters: 0 0 0
#Transform 255
Transform: MatrixOffsetTransformBase_double_3_3
Parameters: 0.9999572899111778 0.008899562076749887 0.0025680358507464 -0.00882988603592212 0.9996218353449754 -0.026058330126896807 -0.0027989783111823513 0.026035316326873014 0.9996571402984522 -0.1588353849398345 -0.43041333872230325 -1.3320248390458573
FixedParameters: 0 0 0
#Transform 256
Transform: MatrixOffsetTransformBase_double_3_3
Parameters: 0.9999321390944622 0.010741749172122474 0.0045851355829569646 -0.010613458636149518 0.9995778312282957 -0.02704347223487441 -0.004873852854282865 0.0269926155387168 0.9996239461546179 -0.1638496070215325 -0.4322996568907911 -1.377873578643488
FixedParameters: 0 0 0
#Transform 257
Transform: MatrixOffsetTransformBase_double_3_3
Parameters: 0.9999255807184648 0.011127449905618474 0.004914234908168225 -0.010994617630724915 0.9995947495243126 -0.026271851907019108 -0.005204759688971633 0.026215655689075565 0.9996429610394247 -0.17592346036151696 -0.47347969133792844 -1.3573834866960794
FixedParameters: 0 0 0
#Transform 258
Transform: MatrixOffsetTransformBase_double_3_3
Parameters: 0.9999571293620034 0.008818541080130879 0.0027858075764950613 -0.008740530075279798 0.9996043900147481 -0.02674071153308556 -0.003020176092761548 0.02671474745330056 0.9996384025104051 -0.1601744345363727 -0.4161097739803523 -1.3351702428132342
FixedParameters: 0 0 0
#Transform 259
Transform: MatrixOffsetTransformBase_double_3_3
Parameters: 0.9999364647194053 0.010327106885778288 0.00442648095182907 -0.010205177805302463 0.9995904305569038 -0.02674442146963081 -0.004701511710168721 0.026697261624896045 0.9996322969246877 -0.16324456881893923 -0.45797230769146324 -1.342503972425078
FixedParameters: 0 0 0
#Transform 260
Transform: MatrixOffsetTransformBase_double_3_3
Parameters: 0.9999544669473114 0.008540650047232472 0.004268044498512577 -0.00842555405412691 0.9996184796551124 -0.026313264899357737 -0.004490957451898758 0.026276017667928368 0.9996446451511098 -0.14717488103794096 -0.3923654550770692 -1.3388993090909338
FixedParameters: 0 0 0
#Transform 261
Transform: MatrixOffsetTransformBase_double_3_3
Parameters: 0.999970798090486 0.00727982333763995 0.002473130385049996 -0.007215524651093282 0.9996578713644133 -0.025158292086871425 -0.002654881812177809 0.025140102678936953 0.9996809227769354 -0.09452590197398081 -0.4360174732002804 -1.3187263292035993
FixedParameters: 0 0 0
#Transform 262
Transform: MatrixOffsetTransformBase_double_3_3
Parameters: 0.9999298197845519 0.011001366284155684 0.004443402122639523 -0.010879765253542381 0.9995895772966582 -0.026492877886571967 -0.004733605851910724 0.02644309045338568 0.9996396399511585 -0.18513056973422692 -0.44666715669403345 -1.374994882735109
FixedParameters: 0 0 0
#Transform 263
Transform: MatrixOffsetTransformBase_double_3_3
Parameters: 0.9999309487022269 0.011175551982444847 0.0035413054351372403 -0.011079268822650356 0.9995930561049237 -0.026287816993083836 -0.0038336997382517612 0.026246212202462663 0.9996479064437869 -0.19495727345136515 -0.4304218952146357 -1.356489274226405
FixedParameters: 0 0 0
#Transform 264
Transform: MatrixOffsetTransformBase_double_3_3
Parameters: 0.9999647158514705 0.008120312158219121 0.0021547136597508676 -0.008063024670413019 0.9996486890633361 -0.025242097793681726 -0.0023592797900865298 0.025224179414773683 0.9996787833266565 -0.10314561726096372 -0.42088504989200715 -1.3266595077843988
FixedParameters: 0 0 0
#Transform 265
Transform: MatrixOffsetTransformBase_double_3_3
Parameters: 0.9999220635105311 0.011612377634788581 0.004502541289870321 -0.011493097220626027 0.999603215260433 -0.025700911760850504 -0.004799462863329926 0.02564720924193033 0.9996598793182256 -0.19852873833188767 -0.43877474892312307 -1.2753976115857029
FixedParameters: 0 0 0
#Transform 266
Transform: MatrixOffsetTransformBase_double_3_3
Parameters: 0.9999236745912723 0.011375124380488901 0.004878975010234862 -0.011247663748132332 0.9996130095141562 -0.025442592160345206 -0.005166041690695858 0.025386089460553585 0.9996648737445241 -0.19078743018087607 -0.42652428614813687 -1.271345906781761
FixedParameters: 0 0 0
#Transform 267
Transform: MatrixOffsetTransformBase_double_3_3
Parameters: 0.9999490592317327 0.009933589477252864 0.0020642220857270133 -0.009878035030990802 0.9996385792589758 -0.025014041508103442 -0.0023117607743044083 0.024992525878254505 0.9996849436335502 -0.18639785002733333 -0.42024242155251557 -1.2734933861166269
FixedParameters: 0 0 0
#Transform 268
Transform: MatrixOffsetTransformBase_double_3_3
Parameters: 0.9999129247554035 0.012481938343163652 0.004207745392394921 -0.012364798707822231 0.9995686310609635 -0.026632527142142034 -0.0045382283912507315 0.026577945397192444 0.9996364517319661 -0.22421096604230684 -0.43782048479724267 -1.3037395403075323
FixedParameters: 0 0 0
#Transform 269
Transform: MatrixOffsetTransformBase_double_3_3
Parameters: 0.9999352646820291 0.010661461804132289 0.00401299572830742 -0.010551045466714705 0.9995894587888481 -0.026646582268763225 -0.004295013477360499 0.026602888534457043 0.9996366753980958 -0.18281869829945663 -0.4518546871854028 -1.3437413567842356
FixedParameters: 0 0 0
#Transform 270
Transform: MatrixOffsetTransformBase_double_3_3
Parameters: 0.9999564136362546 0.009294913369316083 0.0010943207250199288 -0.009262830116345155 0.999610207446423 -0.026340735691044826 -0.0013386819117203186 0.02632968040038201 0.99965283348446 -0.15023215451155636 -0.42581403553244 -1.2803973299214988
FixedParameters: 0 0 0
#Transform 271
Transform: MatrixOffsetTransformBase_double_3_3
Parameters: 0.9999208246030167 0.011730763184264671 0.004548006052297784 -0.011605553343444038 0.9995813554164149 -0.02649067968552332 -0.004856977046238303 0.026436380177233473 0.9996382943833007 -0.19537071331262723 -0.4229683721242026 -1.3316147487799697
FixedParameters: 0 0 0
#Transform 272
Transform: MatrixOffsetTransformBase_double_3_3
Parameters: 0.9999558193920266 0.009181478192249359 0.0017904057285178798 -0.009130757543843175 0.9996132530311163 -0.026252697596004383 -0.0020305853196828233 0.02623587146600372 0.9996541322187131 -0.1516307766760292 -0.4227236875132405 -1.305208930389881
FixedParameters: 0 0 0
#Transform 273
Transform: MatrixOffsetTransformBase_double_3_3
Parameters: 0.999909009237164 0.012796210645559681 0.004247920187669077 -0.012683093415884802 0.9995885598293371 -0.025737391427840983 -0.0045750869323255006 0.025681213376196253 0.9996596196925255 -0.1845454368729662 -0.38596708901481236 -1.3921164610552097
FixedParameters: 0 0 0
#Transform 274
Transform: MatrixOffsetTransformBase_double_3_3
Parameters: 0.999970959632198 0.0076474144690656595 0.0005132931917073841 -0.007632188192375356 0.9996720770885411 -0.02444496346284853 -0.0006996997605143995 0.024440577981167232 0.9997013816556818 -0.05874004166135194 -0.33759629423190063 -1.3260741706438637
FixedParameters: 0 0 0
#Transform 275
Transform: MatrixOffsetTransformBase_double_3_3
Parameters: 0.9999683524919012 0.007954669281443207 -0.00019665428085202663 -0.007956476035531734 0.9996556030129212 -0.024999349553509794 -0.0000016386519244154796 0.025000139689172855 0.9996872315039281 -0.05698448350773333 -0.4600757001590381 -1.2647143001441918
FixedParameters: 0 0 0
#Transform 276
Transform: MatrixOffsetTransformBase_double_3_3
Parameters: 0.9999718743221967 0.007343283480591258 0.0013931079268917346 -0.0073076127975280234 0.9996888786452173 -0.023866503744405524 -0.001567885004341546 0.023856098973725003 0.9997136198877318 -0.05125629291742939 -0.3505174830769562 -1.2660051088313793
FixedParameters: 0 0 0
#Transform 277
Transform: MatrixOffsetTransformBase_double_3_3
Parameters: 0.9999763624486122 0.006744349625576821 0.001376087087817196 -0.006710067281302084 0.9996879668733969 -0.024081247330744 -0.0015389363216034846 0.02407184822157825 0.9997093551121449 -0.08155810817530096 -0.4126811343301995 -1.238879758299916
FixedParameters: 0 0 0
#Transform 278
Transform: MatrixOffsetTransformBase_double_3_3
Parameters: 0.999974379207451 0.006936554061839696 0.0015261289821117269 -0.006896581909217851 0.9996680838603227 -0.024823876957333388 -0.0016978754067711876 0.02481346807093089 0.9996905066918501 -0.07674042486981136 -0.3942475302746402 -1.2748466886882
FixedParameters: 0 0 0
#Transform 279
Transform: MatrixOffsetTransformBase_double_3_3
Parameters: 0.999973529737516 0.007317101639728651 0.0003940329125273201 -0.007305473401537411 0.9996690398028638 -0.02466770173674333 -0.0005749722164166693 0.024663662074954015 0.9996960405050993 -0.09271127713483907 -0.3821433446014879 -1.289536175161814
FixedParameters: 0 0 0
