#Insight Transform File V1.0
#Transform 0
Transform: MatrixOffsetTransformBase_double_3_3
Parameters: 0.9999999632537298 -0.0006322020537202029 0.0006825949767257228 0.0006300889911682508 0.9999943638400386 0.003202705315213994 -0.0006844009669245352 -0.0032016823883216777 0.9999944337160424 0.07452224061432844 0.07903010463617477 -0.3981633291591038
FixedParameters: 0 0 0
#Transform 1
Transform: MatrixOffsetTransformBase_double_3_3
Parameters: 0.999999971105324 -0.0006343106211889257 0.0006747947030566817 0.0006323371660090183 0.9999943792278901 0.0031817560816240764 -0.0006765958040357706 -0.003181712432442904 0.9999946874092817 0.06627741152149724 0.09160827300060248 -0.39272813622810077
FixedParameters: 0 0 0
#Transform 2
Transform: MatrixOffsetTransformBase_double_3_3
Parameters: 0.9999997550701409 -0.0006121779732500441 0.0008362911553846039 0.0006090633976422047 0.999993970994129 0.0032497048656570104 -0.0008380306676573843 -0.0032494947073047203 0.9999940066584593 0.07624556702636198 0.052662170226895455 -0.42616414213722464
FixedParameters: 0 0 0
#Transform 3
Transform: MatrixOffsetTransformBase_double_3_3
Parameters: 0.9999998965324756 -0.0006259914533226513 0.0007352275513612672 0.0006235952991611024 0.9999942241602768 0.003207736692190752 -0.0007370067945480022 -0.0032076290680736197 0.9999944363045035 0.08121528508210929 0.08419405994413864 -0.43472391894687235
FixedParameters: 0 0 0
#Transform 4
Transform: MatrixOffsetTransformBase_double_3_3
Parameters: 0.9999997174251491 -0.0006134718921048093 0.0008576051259712864 0.0006103200987172853 0.9999943486716637 0.0031908350878488423 -0.0008592808634112631 -0.0031905967496827087 0.999994349809189 0.078551913708921 0.06295969716290983 -0.449605668908589
FixedParameters: 0 0 0
#Transform 5
Transform: MatrixOffsetTransformBase_double_3_3
Parameters: 0.9999992464202869 -0.000719837748572311 0.0010314955399602574 0.0007168228838984698 0.9999949925677566 0.0030666714468037953 -0.0010337849504558627 -0.0030659393283236774 0.9999947918058466 0.08493173365756945 0.08845890947722523 -0.4361571013757555
FixedParameters: 0 0 0
#Transform 6
Transform: MatrixOffsetTransformBase_double_3_3
Parameters: 0.9999999533625834 -0.0005564515942365483 0.0007498949949976894 0.0005544071433090068 0.999995057656049 0.0029219382042053044 -0.0007507880757866431 -0.00292191602238194 0.999995170583196 0.08544598090911393 0.10187135190639651 -0.3963621205169261
FixedParameters: 0 0 0
#Transform 7
Transform: MatrixOffsetTransformBase_double_3_3
Parameters: 0.9999991425365512 -0.000830908521992242 -0.000016835589645984583 0.000830282878682447 0.9999949519996644 0.0032155033924410187 0.000013945785992945658 -0.0032157774142430595 0.9999948444739206 0.07950732135921612 0.09590346957972429 -0.3653346553239203
FixedParameters: 0 0 0
#Transform 8
Transform: MatrixOffsetTransformBase_double_3_3
Parameters: 0.9999997891443195 -0.0005738067979069788 0.0008767374596965333 0.0005712825154438345 0.9999962448063533 0.002707563208472888 -0.0008784708043874934 -0.0027073836481147223 0.9999961092000211 0.07842718092578593 0.10378224060643504 -0.42940260242680495
FixedParameters: 0 0 0
#Transform 9
Transform: MatrixOffsetTransformBase_double_3_3
Parameters: 1.0000000725675033 -0.0005682289390338928 0.0007037364579461636 0.000566000368007291 0.9999950391711789 0.0031076655380238294 -0.0007060104293693456 -0.0031067199291703734 0.9999949419817025 0.07043941223147954 0.0795024525008472 -0.3935231026828916
FixedParameters: 0 0 0
#Transform 10
Transform: MatrixOffsetTransformBase_double_3_3
Parameters: 0.9999992336638219 -0.0007043233498440849 0.0010754035365545117 0.0007016921678562379 0.9999960338159954 0.002717361209396807 -0.0010779699163248335 -0.002716611962492149 0.9999956614968057 0.07138327096568275 0.10559868441953313 -0.4342351838729712
FixedParameters: 0 0 0
#Transform 11
Transform: MatrixOffsetTransformBase_double_3_3
Parameters: 0.9999990740979655 -0.0006328320291013297 0.001533243214329405 0.0006286028070428247 0.9999957606685071 0.0027886151938054243 -0.0015346335853970924 -0.002787144621844928 0.9999951190912572 0.0519035049019152 0.061058766183265334 -0.3567080270598666
FixedParameters: 0 0 0
#Transform 12
Transform: MatrixOffsetTransformBase_double_3_3
Parameters: 0.999999361445656 -0.0008364023199077374 0.000876224647391878 0.0008329896324157891 0.9999945090118045 0.0032690300287038926 -0.0008794525558890876 -0.0032686021716995667 0.9999938245050852 0.06466355582311678 0.1123778151306567 -0.4450597942469443
FixedParameters: 0 0 0
#Transform 13
Transform: MatrixOffsetTransformBase_double_3_3
Parameters: 0.9999998708144322 -0.0006420845089964581 0.0007012744611161401 0.0006391596579083756 0.9999925065553833 0.0037555267945661858 -0.0007031110561209822 -0.0037544546808677137 0.9999926156564324 0.05041728829219494 0.049302933228744905 -0.4128248606799474
FixedParameters: 0 0 0
#Transform 14
Transform: MatrixOffsetTransformBase_double_3_3
Parameters: 0.999999744698857 -0.0007136347113819476 0.0007581765362389137 0.0007113724425448853 0.9999952640832955 0.003022059310296976 -0.0007602537628882688 -0.003021789642177586 0.9999955589839317 0.0675987436451635 0.11397318253570177 -0.43029799820763515
FixedParameters: 0 0 0
#Transform 15
Transform: MatrixOffsetTransformBase_double_3_3
Parameters: 0.9999995724719003 -0.0007123046352626979 0.0008655621822649187 0.0007091258522959323 0.9999943124848356 0.003176080589506955 -0.0008678474305304287 -0.003175660845550432 0.999994430069572 0.0809548053503022 0.09425954649346124 -0.42268547846948934
FixedParameters: 0 0 0
#Transform 16
Transform: MatrixOffsetTransformBase_double_3_3
Parameters: 0.9999987926414089 -0.0008858906178498931 0.0011166859136572255 0.0008829892706414405 0.9999953575558024 0.002788274980333752 -0.0011193773986543504 -0.0027870478729435377 0.9999952431732652 0.06380740638013549 0.13542778114459963 -0.4024615963775773
FixedParameters: 0 0 0
#Transform 17
Transform: MatrixOffsetTransformBase_double_3_3
Parameters: 0.9999988693631519 -0.0009587986886044368 0.0010198829309777668 0.0009550179715977943 0.9999950547773571 0.002989436395027592 -0.0010233740441131234 -0.0029882933991365462 0.9999952903735515 0.06446201614885183 0.07603709229032063 -0.4177473309223956
FixedParameters: 0 0 0
#Transform 18
Transform: MatrixOffsetTransformBase_double_3_3
Parameters: 0.9999985870499732 -0.0008865195339812521 0.0011807476242088125 0.0008825774963814367 0.9999944024633127 0.003119442100214892 -0.0011831633868867805 -0.0031180885049452156 0.9999941981178481 0.05735760069863716 0.10327977934149146 -0.37726232863360565
FixedParameters: 0 0 0
#Transform 19
Transform: MatrixOffsetTransformBase_double_3_3
Parameters: 0.999998062232268 -0.0008825755683228445 0.001710697485829256 0.0008768590070600216 0.9999951680137631 0.0029802409628194304 -0.00171295826689679 -0.002978652716785518 0.9999946069606933 0.06001605043746849 0.08283655795410994 -0.3874982390781554
FixedParameters: 0 0 0
#Transform 20
Transform: MatrixOffsetTransformBase_double_3_3
Parameters: 0.9999995814736429 -0.0007068023454162011 0.0008648794033144225 0.0007034720169386902 0.999994728898642 0.0032657885903946138 -0.0008672558986579093 -0.003265604798638036 0.9999938654192853 0.0426507390822195 0.08290098274700597 -0.3686071122250212
FixedParameters: 0 0 0
#Transform 21
Transform: MatrixOffsetTransformBase_double_3_3
Parameters: 0.999998707618181 -0.0011112323890261015 0.0009078908476756881 0.0011080222447590708 0.9999950208540983 0.0031052639766596946 -0.0009115662754101833 -0.0031042686232798516 0.9999948745618168 0.06005719689167677 0.13254860127887014 -0.42970952010497854
FixedParameters: 0 0 0
#Transform 22
Transform: MatrixOffsetTransformBase_double_3_3
Parameters: 0.9999992115715827 -0.0008514035299881763 0.0009094536895233735 0.0008485125380824693 0.9999955530877046 0.0029356053609014693 -0.0009111049495866969 -0.002935080654122832 0.9999949007387074 0.05842722888927199 0.08230085211596361 -0.3399074642674833
FixedParameters: 0 0 0
#Transform 23
Transform: MatrixOffsetTransformBase_double_3_3
Parameters: 0.9999995506322279 -0.0007355745088883656 0.0008564305905557623 0.0007330838059444273 0.9999954258746403 0.002817794784179012 -0.0008582158759328634 -0.0028173470101305054 0.9999955975492054 0.06548690292548542 0.14010075244080156 -0.4029820127831556
FixedParameters: 0 0 0
#Transform 24
Transform: MatrixOffsetTransformBase_double_3_3
Parameters: 0.9999986431716686 -0.0009360095695600569 0.0011423816920510046 0.000932947445634243 0.9999952257939042 0.002795653343894769 -0.0011453658008979892 -0.0027942660483218085 0.9999951439752827 0.06151299064970317 0.0928801262166985 -0.3695359428057543
FixedParameters: 0 0 0
#Transform 25
Transform: MatrixOffsetTransformBase_double_3_3
Parameters: 0.9999986153381586 -0.0011180410259499412 0.000947461773022483 0.0011154072660360852 0.9999954716387579 0.0026813159527749736 -0.0009501103070574946 -0.002679994193651461 0.999996246620265 0.06256395471879728 0.1508848468942574 -0.36587944623364876
FixedParameters: 0 0 0
#Transform 26
Transform: MatrixOffsetTransformBase_double_3_3
Parameters: 0.9999996917241964 -0.0006100725431559869 0.0008744645610974031 0.0006081315188634726 0.9999955139671451 0.003004459810118376 -0.0008760085775311524 -0.0030041450310819423 0.9999954685194424 0.055521242557091455 0.08413407000281836 -0.3295641864167749
FixedParameters: 0 0 0
#Transform 27
Transform: MatrixOffsetTransformBase_double_3_3
Parameters: 0.9999983671777949 -0.0005991242618177475 0.001471017891856996 0.000594904608003299 0.9999954024962289 0.00285912969320426 -0.0014734142002750111 -0.0028578511235206744 0.9999948406313667 0.0344934955045062 0.09528178029206913 -0.30925174578501924
FixedParameters: 0 0 0
#Transform 28
Transform: MatrixOffsetTransformBase_double_3_3
Parameters: 0.9999984738602553 -0.0011230964154402287 0.0010419786415138202 0.0011203815173248333 0.9999967319637231 0.002429798464631913 -0.0010449518891081575 -0.002428493318812494 0.9999962984039957 0.0589187481405844 0.14103751480284643 -0.35767842729923416
FixedParameters: 0 0 0
#Transform 29
Transform: MatrixOffsetTransformBase_double_3_3
Parameters: 0.9999997333718036 -0.00046887391272735796 0.0009684995435588831 0.00046543119088529074 0.9999951828870303 0.002918150887688098 -0.000969982618784955 -0.0029178461874628248 0.9999957389426177 0.05627550278229876 0.09002018905201226 -0.3011068340044005
FixedParameters: 0 0 0
#Transform 30
Transform: MatrixOffsetTransformBase_double_3_3
Parameters: 0.9999990296179695 -0.0007526053927779091 0.001136217806102853 0.000748897465430904 0.9999965316459454 0.0026096081485594835 -0.001138768527709673 -0.002608725571113052 0.9999961081576986 0.06166305080991208 0.1513356937958008 -0.3475511873808017
FixedParameters: 0 0 0
#Transform 31
Transform: MatrixOffsetTransformBase_double_3_3
Parameters: 0.9999991910970168 -0.0007326000183731363 0.001047371330524842 0.0007302684561245531 0.9999960776618972 0.002701909269583136 -0.0010490837338766185 -0.0027011264097327875 0.9999958672549687 0.05914686780415934 0.11072108221905808 -0.29704964851127613
FixedParameters: 0 0 0
#Transform 32
Transform: MatrixOffsetTransformBase_double_3_3
Parameters: 0.9999985822289604 -0.0009908218166828787 0.0011225281175805957 0.0009883432311510731 0.9999959945716326 0.002612632539226001 -0.0011254659715449339 -0.002612130893754075 0.9999962888012021 0.04780807678739052 0.16020812981128074 -0.31714414104027355
FixedParameters: 0 0 0
#Transform 33
Transform: MatrixOffsetTransformBase_double_3_3
Parameters: 0.9999989831942909 -0.0009433981141005743 0.001394321578164659 0.0009401705780922144 0.999996233363183 0.0023833426956977044 -0.0013963299767948828 -0.002382435678678324 0.9999957592938334 0.05771652367783986 0.11709008324754677 -0.3097943210927241
FixedParameters: 0 0 0
#Transform 34
Transform: MatrixOffsetTransformBase_double_3_3
Parameters: 0.9999991941349423 -0.0007820487400333294 0.0010079225648810392 0.0007795344672253263 0.9999964681280707 0.002414116808393138 -0.0010092153190968123 -0.002413352307660613 0.9999964317826557 0.0578622223351033 0.13072042082687574 -0.2820865434179183
FixedParameters: 0 0 0
#Transform 35
Transform: MatrixOffsetTransformBase_double_3_3
Parameters: 0.9999997354933947 -0.0007128724236527759 0.0007999783585623879 0.0007102915412562126 0.9999966683569017 0.0023920599903691636 -0.0008017785866029914 -0.002391805487964374 0.999996857927557 0.08033254260539024 0.15270669610464438 -0.3198677398954004
FixedParameters: 0 0 0
#Transform 36
Transform: MatrixOffsetTransformBase_double_3_3
Parameters: 0.9999976939175945 -0.0008874963552856314 0.002083312497431669 0.0008819571974725167 0.9999963638881594 0.0023854706043996976 -0.002085288282285415 -0.0023829930273703143 0.9999953189113246 0.03469338561853874 0.10016101859541493 -0.2783910855759615
FixedParameters: 0 0 0
#Transform 37
Transform: MatrixOffsetTransformBase_double_3_3
Parameters: 0.9999960899101747 -0.0006878814755257113 0.002873271028506319 0.0006816583909764543 0.9999974077982942 0.002207628818231777 -0.002874159773641742 -0.0022055281933280463 0.9999933099302692 0.02939269991384208 0.1432983849186371 -0.3618461154141386
FixedParameters: 0 0 0
#Transform 38
Transform: MatrixOffsetTransformBase_double_3_3
Parameters: 0.9999993932743875 -0.0007289745641433053 0.0009789793051176512 0.0007267777943940181 0.9999972432201528 0.00226526426990023 -0.0009807858486388585 -0.002264662301096801 0.999997123422087 0.05254547834135792 0.11257672653854911 -0.25461996855663926
FixedParameters: 0 0 0
#Transform 39
Transform: MatrixOffsetTransformBase_double_3_3
Parameters: 0.9999987787729521 -0.0008166528064136929 0.001172745775580665 0.0008142411703977873 0.9999972152530529 0.0024535980407829894 -0.001174383277647073 -0.002452659147375899 0.999995885852073 0.06975697646318224 0.12020985566748266 -0.29209112158568473
FixedParameters: 0 0 0
#Transform 40
Transform: MatrixOffsetTransformBase_double_3_3
Parameters: 0.9999996618839254 -0.0007548924562445119 0.0008068567970991314 0.0007535961038105787 0.9999975370714533 0.0021904323356599087 -0.0008086700579452086 -0.0021900383329011425 0.9999977640427615 0.06718274940617164 0.1242616944425663 -0.24390660700630917
FixedParameters: 0 0 0
#Transform 41
Transform: MatrixOffsetTransformBase_double_3_3
Parameters: 0.9999991624452664 -0.0008333427643274632 0.0010110427541653241 0.0008314453847751771 0.9999979856433648 0.002052571744745879 -0.0010128449119916755 -0.0020519360775062973 0.9999969945825953 0.07607444732374802 0.16553876308269366 -0.2720393254130329
FixedParameters: 0 0 0
#Transform 42
Transform: MatrixOffsetTransformBase_double_3_3
Parameters: 0.9999985764667868 -0.0008745786770039433 0.0012183376793324235 0.0008707976910066473 0.9999968415817502 0.002510770888379185 -0.0012203660056209834 -0.002509453998963171 0.9999964837850325 0.06684724465208092 0.12069975264607535 -0.23220942632558206
FixedParameters: 0 0 0
#Transform 43
Transform: MatrixOffsetTransformBase_double_3_3
Parameters: 0.9999988448018754 -0.0009583215831906935 0.0010286070111066026 0.0009557392982004493 0.9999969706754328 0.0024273175683133114 -0.0010307836630618072 -0.0024273548895282215 0.9999964482162786 0.049894171279859734 0.1785116163095637 -0.24800876225747004
FixedParameters: 0 0 0
#Transform 44
Transform: MatrixOffsetTransformBase_double_3_3
Parameters: 0.9999994086779456 -0.0007191502226113122 0.0010074036881894954 0.0007173952160833075 0.999997650228235 0.0019332276152808914 -0.0010095518226681324 -0.0019326165445392868 0.9999974028140308 0.05397423059105222 0.13079162203706574 -0.18198276244172007
FixedParameters: 0 0 0
#Transform 45
Transform: MatrixOffsetTransformBase_double_3_3
Parameters: 0.9999998714363755 -0.0007286162877686957 0.000731606901969134 0.0007283531152477455 0.9999996044990972 0.0009347243813788569 -0.0007320953264023863 -0.0009335832841164404 0.999999646187422 0.03835823573727737 0.196981849450097 -0.11468318897968288
FixedParameters: 0 0 0
#Transform 46
Transform: MatrixOffsetTransformBase_double_3_3
Parameters: 0.9999990462443431 -0.0008625633738451712 0.0010439409016509277 0.0008604806124427582 0.9999985861578953 0.0016028716046877362 -0.0010449743152717156 -0.00160195636104922 0.9999985659075241 0.04887230309132917 0.09529193617431986 -0.15295288908929194
FixedParameters: 0 0 0
#Transform 47
Transform: MatrixOffsetTransformBase_double_3_3
Parameters: 0.9999987571680657 -0.0005431567145122865 0.0013744581672141265 0.0005415289648484419 0.9999987400062506 0.0013719571864656416 -0.0013753172331594996 -0.0013710781342745476 0.9999983717934499 0.05048915351267169 0.16704953989220428 -0.18828084115052945
FixedParameters: 0 0 0
#Transform 48
Transform: MatrixOffsetTransformBase_double_3_3
Parameters: 0.9999996278040716 -0.0008035209624851292 0.0007786141467703914 0.0008021832962566058 0.9999984625324179 0.0016702149344546002 -0.0007795681059791434 -0.0016698483485638321 0.9999988285421216 0.047632379270623915 0.10759988218623562 -0.16820718496281017
FixedParameters: 0 0 0
#Transform 49
Transform: MatrixOffsetTransformBase_double_3_3
Parameters: 0.9999993938245686 -0.0004891089598573761 0.0011437845088056522 0.0004875015256864306 0.999997990252261 0.00163930924467455 -0.001144756629574556 -0.0016388040073597454 0.9999981473063372 0.0743281181679265 0.17062894688088193 -0.21943575387030023
FixedParameters: 0 0 0
#Transform 50
Transform: MatrixOffsetTransformBase_double_3_3
Parameters: 0.9999995438288685 -0.0005826854300910074 0.0010284316912640007 0.0005811852408439521 0.9999984297179421 0.0017704822924873714 -0.0010298634946256519 -0.0017701221522537641 0.9999979629192105 0.06349348737352045 0.11710041129244075 -0.1990383018667643
FixedParameters: 0 0 0
#Transform 51
Transform: MatrixOffsetTransformBase_double_3_3
Parameters: 0.9999996550196948 -0.0007482371150810017 0.0008501279667875519 0.0007469245781772634 0.9999982145178057 0.00145688229597013 -0.0008514404321705582 -0.0014565077948023447 0.9999983211110346 0.05393483528125387 0.17855350602953024 -0.17553702279349181
FixedParameters: 0 0 0
#Transform 52
Transform: MatrixOffsetTransformBase_double_3_3
Parameters: 0.9999994585546954 -0.0006513670817766349 0.00024137740178425265 0.000651743324474251 0.9999984077153332 0.0014751656989026446 -0.00024255057243059014 -0.0014747764580360784 0.9999988165039979 0.049979557509004735 0.13594457484346378 -0.17020852255413388
FixedParameters: 0 0 0
#Transform 53
Transform: MatrixOffsetTransformBase_double_3_3
Parameters: 0.9999999158694513 -0.0006108163467965638 0.0008054781338359684 0.0006096166901066336 0.9999985925372978 0.0014298393590491815 -0.0008063499046976758 -0.0014287809819129443 0.9999983620083543 0.05652668578262876 0.17945866195563553 -0.17985186313502766
FixedParameters: 0 0 0
#Transform 54
Transform: MatrixOffsetTransformBase_double_3_3
Parameters: 0.9999989981869462 -0.0005611337206513469 0.0007927850616676474 0.0005600526961732745 0.9999985996977517 0.0014075977028158854 -0.0007936214428659744 -0.0014076068095213168 0.9999985525484886 0.07127838956873234 0.12832210559788848 -0.17461028206214735
FixedParameters: 0 0 0
#Transform 55
Transform: MatrixOffsetTransformBase_double_3_3
Parameters: 0.9999998508550103 -0.0005082104560089626 0.0009124810077245152 0.0005063406495618046 0.9999981354777884 0.0016216733533700872 -0.0009133767779329685 -0.001620447819406609 0.9999985764495115 0.05062882214284059 0.1524324643223025 -0.16877800965379208
FixedParameters: 0 0 0
#Transform 56
Transform: MatrixOffsetTransformBase_double_3_3
Parameters: 0.9999995131359833 -0.0007666272873981519 0.0009163542650537718 0.0007657001822136003 0.9999985139166032 0.0016740265819875783 -0.0009182903876726392 -0.0016734585991289158 0.9999985131412034 0.047062060451267484 0.15726838448932767 -0.1542899511760254
FixedParameters: 0 0 0
#Transform 57
Transform: MatrixOffsetTransformBase_double_3_3
Parameters: 0.9999995513069612 -0.000859873056206089 0.0007649539438315187 0.0008586407811306323 0.9999986981058427 0.0016003822963724934 -0.0007658447906896057 -0.0015992034851249198 0.9999979835890838 0.014099165978223027 0.15913312777477984 -0.15545949087146482
FixedParameters: 0 0 0
#Transform 58
Transform: MatrixOffsetTransformBase_double_3_3
Parameters: 0.9999993635330289 -0.000611027696947819 0.00045211726623180237 0.0006106879386956199 0.9999981409407231 0.0015794555708443236 -0.0004532976502773581 -0.001578828555355391 0.9999983519556042 0.05289220030513775 0.11026982836051502 -0.14154545382382366
FixedParameters: 0 0 0
#Transform 59
Transform: MatrixOffsetTransformBase_double_3_3
Parameters: 0.9999996623999556 -0.0009087911850178708 0.0006700388478343491 0.0009080919464054945 0.999998137256637 0.0013904243611200101 -0.0006716992655432866 -0.0013901030301844974 0.9999987840074709 0.049653311028947655 0.14586226713601036 -0.14086778761775065
FixedParameters: 0 0 0
#Transform 60
Transform: MatrixOffsetTransformBase_double_3_3
Parameters: 0.9999996390556943 -0.0006340409468676388 0.0009469683652161484 0.0006324950347568964 0.9999984458683187 0.0014313951509269535 -0.0009479155570560477 -0.0014310927401863655 0.9999982208001342 0.05278771618387168 0.14737103630146464 -0.15302525174682557
FixedParameters: 0 0 0
#Transform 61
Transform: MatrixOffsetTransformBase_double_3_3
Parameters: 0.9999991714553028 -0.0006472909527974659 0.000642945330309376 0.0006462701545818707 0.9999999698384876 0.000782583672859577 -0.0006440808406738968 -0.0007817521279933903 0.9999999702644233 0.03557503915371285 0.18482416146082414 -0.09983344209523182
FixedParameters: 0 0 0
#Transform 62
Transform: MatrixOffsetTransformBase_double_3_3
Parameters: 0.9999995554898475 -0.0005023394056008438 0.0010631235000926054 0.0005010635144019233 0.9999993249268672 0.001148443185777226 -0.0010634102343471882 -0.0011482738598888043 0.9999987176449909 0.0546766278325066 0.16879923074728254 -0.1650220706887353
FixedParameters: 0 0 0
#Transform 63
Transform: MatrixOffsetTransformBase_double_3_3
Parameters: 0.9999997736385098 -0.001051902168655497 0.0002320123680567554 0.001051658370351355 0.9999992459122659 0.0007975299750702242 -0.00023258018903885014 -0.0007972518031890558 0.9999993883780836 0.0238316221678474 0.16451898838579382 -0.08942234511440006
FixedParameters: 0 0 0
#Transform 64
Transform: MatrixOffsetTransformBase_double_3_3
Parameters: 0.9999996393400036 -0.0006678737505847378 0.0008893055354103133 0.0006664074347156393 0.9999980697659675 0.0015433023162792492 -0.0008895131893524311 -0.0015429991195379522 0.999998056006109 0.05168458866553749 0.18071914191870064 -0.16630863793976403
FixedParameters: 0 0 0
#Transform 65
Transform: MatrixOffsetTransformBase_double_3_3
Parameters: 0.9999992104623384 -0.0010688756816006426 0.0007236188393936679 0.001067542787880977 0.9999984958649065 0.0011193152644065618 -0.0007240449747387759 -0.001118713164903043 0.9999994592775027 0.037191647607514255 0.14063542039731658 -0.11127135552227685
FixedParameters: 0 0 0
#Transform 66
Transform: MatrixOffsetTransformBase_double_3_3
Parameters: 1.0000000945763357 -0.000800468044625996 0.0005107177876492383 0.000799963741711515 0.9999991024478568 0.0005076140739786739 -0.0005114058085296733 -0.0005067952801463271 0.999999485402632 0.05255305627160567 0.2165865450289033 -0.08617541906103554
FixedParameters: 0 0 0
#Transform 67
Transform: MatrixOffsetTransformBase_double_3_3
Parameters: 0.999999488184464 -0.0006752758884817503 0.000244312833602843 0.0006747044105607503 0.9999992520503725 0.0011369531125371979 -0.0002459712040516343 -0.0011366230551069362 0.9999996437767061 0.04778140579909973 0.1421106177321434 -0.09707730633323308
FixedParameters: 0 0 0
#Transform 68
Transform: MatrixOffsetTransformBase_double_3_3
Parameters: 0.9999997234117391 -0.0008121695463294103 0.0007446169922596252 0.0008110920985438929 0.9999982074489092 0.0014640747222380152 -0.0007461199211338879 -0.0014627899813256101 0.9999983572238745 0.05078693896606978 0.157215570246791 -0.15512447779923377
FixedParameters: 0 0 0
#Transform 69
Transform: MatrixOffsetTransformBase_double_3_3
Parameters: 0.9999997660908385 -0.0008110494495599165 0.0007166000803594114 0.000810576221490512 0.9999989313576001 0.001143191508898203 -0.000717588162271944 -0.0011429262110031757 0.999999346101059 0.04555983494140037 0.14702040574768205 -0.10112380156105871
FixedParameters: 0 0 0
#Transform 70
Transform: MatrixOffsetTransformBase_double_3_3
Parameters: 0.9999999562307542 -0.0005618096856963607 0.0008160413209186076 0.0005606051009556783 0.9999984724163145 0.0014519000533938092 -0.0008168054134657446 -0.0014518812466852438 0.9999983923725424 0.05017465895549833 0.14662973136594815 -0.14086704831002805
FixedParameters: 0 0 0
#Transform 71
Transform: MatrixOffsetTransformBase_double_3_3
Parameters: 0.9999991226689471 -0.000841460894172693 0.00041142812368046705 0.0008408365881833243 0.999999705752664 0.0007577630967525589 -0.000412702514226794 -0.0007572952670733962 0.9999992692175431 0.030490676816327777 0.19282241572710745 -0.08226568238019638
FixedParameters: 0 0 0
#Transform 72
Transform: MatrixOffsetTransformBase_double_3_3
Parameters: 0.9999994180481306 -0.0007208009367635649 0.000249794185708134 0.0007204149250935512 0.9999998735113212 0.0007710072357063197 -0.0002509052765810385 -0.0007708718146225702 0.9999993558428705 0.04594766333075029 0.18649640687614522 -0.08890988312190018
FixedParameters: 0 0 0
#Transform 73
Transform: MatrixOffsetTransformBase_double_3_3
Parameters: 0.9999989154357796 -0.0009110850521525885 0.0004387378914954068 0.0009108657103509927 0.9999988569004326 0.0004488651651206321 -0.0004385771117790954 -0.0004490242935567823 0.9999997799666606 0.03778149742078085 0.20487748977713238 -0.06221306095591217
FixedParameters: 0 0 0
#Transform 74
Transform: MatrixOffsetTransformBase_double_3_3
Parameters: 0.9999997578604152 -0.0010742443760744054 0.00029028734208522144 0.001073997729815323 0.999999632288936 0.00044870924062236084 -0.0002911271221904127 -0.00044830924209994516 0.9999997310366704 0.018695991428089087 0.19948107152913508 -0.05729010325717354
FixedParameters: 0 0 0
#Transform 75
Transform: MatrixOffsetTransformBase_double_3_3
Parameters: 0.999999419113323 -0.0012177958483475405 0.0003065736110344497 0.0012175166493330154 0.9999992764166911 0.0004778402686687194 -0.00030761293836237963 -0.00047731691174449087 0.9999996943202328 0.017075708814928703 0.18763415550422735 -0.05209209799562586
FixedParameters: 0 0 0
#Transform 76
Transform: MatrixOffsetTransformBase_double_3_3
Parameters: 0.9999997673691254 -0.0010045631984131782 0.0004675306698961046 0.0010051322904259408 0.9999997668702593 0.0004668935200660973 -0.0004684576798712828 -0.0004661167236613417 0.9999995730325486 0.03581627268806642 0.24457047300487034 -0.06816336355988994
FixedParameters: 0 0 0
#Transform 77
Transform: MatrixOffsetTransformBase_double_3_3
Parameters: 0.9999995222476504 -0.0011379461359607834 0.0003418110157378043 0.0011378283384877166 0.9999993797330711 0.00044812071550776045 -0.00034172883478255506 -0.0004485257746020682 0.9999998728452602 0.03262797757207636 0.18536997597881566 -0.05505821929133958
FixedParameters: 0 0 0
#Transform 78
Transform: MatrixOffsetTransformBase_double_3_3
Parameters: 0.9999996732735552 -0.001016206374761925 0.00047773168285480255 0.0010157909708166926 0.9999994437248665 0.0006319826255470062 -0.0004779136219418001 -0.000632194541029002 0.9999995627954209 0.030703734665763704 0.22432446267282558 -0.08193742137547133
FixedParameters: 0 0 0
#Transform 79
Transform: MatrixOffsetTransformBase_double_3_3
Parameters: 0.999998980855312 -0.0013936122752399825 -0.00010266772515358374 0.0013939074149719975 0.9999983643365986 0.0008250285306808797 0.00010147678873745347 -0.000825523538263595 0.9999993866708492 0.015498264406616613 0.18378284913649168 -0.06839263334013879
FixedParameters: 0 0 0
#Transform 80
Transform: MatrixOffsetTransformBase_double_3_3
Parameters: 0.9999997368800349 -0.0009108358268834355 0.0006064949086427157 0.0009100418898793459 0.9999993908335455 0.0008097641589614318 -0.0006068669985542993 -0.0008098423163399038 0.9999991668027698 0.04126106846649691 0.20844755555054917 -0.08258095554546685
FixedParameters: 0 0 0
#Transform 81
Transform: MatrixOffsetTransformBase_double_3_3
Parameters: 0.9999990269398246 -0.0009603851037364155 0.00022520827398869736 0.0009603042050531779 0.9999990455276658 0.0001796870413734858 -0.00022555298195298112 -0.00017925415814702694 0.9999999169945305 0.022455955113272807 0.1606305677348132 -0.023786924556830513
FixedParameters: 0 0 0
#Transform 82
Transform: MatrixOffsetTransformBase_double_3_3
Parameters: 0.9999989647958692 -0.0007962994455833275 0.0005824733467757123 0.0007956568638612868 0.9999997500233627 0.0007011984575336916 -0.0005826110927761793 -0.0007014548013857536 0.9999993555893197 0.04894440368582309 0.21903101263148983 -0.07773170015208564
FixedParameters: 0 0 0
#Transform 83
Transform: MatrixOffsetTransformBase_double_3_3
Parameters: 0.9999991270948299 -0.0008990095480303963 0.00025433292666963286 0.0008988562210572723 0.9999991012531689 0.00030133652141259293 -0.0002548742787224431 -0.00030087878109780197 0.9999998445118581 0.025078054374432668 0.16829241586576416 -0.040361772234163595
FixedParameters: 0 0 0
#Transform 84
Transform: MatrixOffsetTransformBase_double_3_3
Parameters: 1.0000001680064137 -0.0007998892219560063 0.00043298748400173726 0.0008002827569808081 0.9999998555918772 0.0007063009230695722 -0.0004341067396627027 -0.0007057709021730807 0.9999993232282258 0.06034669172781548 0.23753217983481534 -0.0760891002696269
FixedParameters: 0 0 0
#Transform 85
Transform: MatrixOffsetTransformBase_double_3_3
Parameters: 0.9999999903568833 -0.0009680006857296355 0.00026219144797845484 0.0009678255336549651 0.9999999203302481 0.00036069686202917783 -0.00026276569320889814 -0.0003604132599329818 0.999999817812968 0.04978965528368917 0.16913232070366746 -0.041076510466822924
FixedParameters: 0 0 0
#Transform 86
Transform: MatrixOffsetTransformBase_double_3_3
Parameters: 0.9999999835412746 -0.0009713955605714225 0.00026263273636910334 0.0009712489871733648 0.999999950289696 0.0003058052892139368 -0.0002631028026571433 -0.00030551914138256253 0.9999998541790849 0.051157072849406404 0.22838140945778207 -0.04100495970344298
FixedParameters: 0 0 0
#Transform 87
Transform: MatrixOffsetTransformBase_double_3_3
Parameters: 0.9999999185788432 -0.0009458559099108678 0.00042769662048999096 0.000945516097420448 0.9999999219214544 0.000413744291626883 -0.0004283548851266028 -0.00041315924634785506 0.9999996625600015 0.036709472938795784 0.19734950030850484 -0.051515758543757784
FixedParameters: 0 0 0
#Transform 88
Transform: MatrixOffsetTransformBase_double_3_3
Parameters: 0.9999991921614875 -0.0013408091745228277 0.00007853012568061896 0.0013408093364124605 0.9999991815230829 0.00008883136888597487 -0.00007864462923023313 -0.00008884513933263283 1.00000000263914 0.04718771283276624 0.25167901740839227 -0.02479479557052855
FixedParameters: 0 0 0
#Transform 89
Transform: MatrixOffsetTransformBase_double_3_3
Parameters: 0.9999993370639828 -0.0008022800763060134 0.00013885841505688334 0.000802267910361986 0.9999993544380069 0.00004390796766533256 -0.00013892868898787714 -0.00004368510890406796 0.9999999787908939 0.04818967912211747 0.19148054230198852 -0.02229994742029362
FixedParameters: 0 0 0
#Transform 90
Transform: MatrixOffsetTransformBase_double_3_3
Parameters: 0.9999999023476788 -0.0010182038891239278 0.0002386868579274462 0.0010180935287229824 0.9999996859394357 0.0003897052788057742 -0.00023936448638763042 -0.0003904154353041034 0.9999999199004868 0.055680602661951184 0.23167687743294607 -0.04696712602317632
FixedParameters: 0 0 0
#Transform 91
Transform: MatrixOffsetTransformBase_double_3_3
Parameters: 0.9999998599617497 -0.0010543956089489768 0.00015620691403612358 0.0010542752790002833 0.999999691267001 0.0004293493338915627 -0.00015698843245169625 -0.00042924363199867144 0.9999998078892105 0.052988078988917664 0.18798849008994978 -0.03422918256751473
FixedParameters: 0 0 0
#Transform 92
Transform: MatrixOffsetTransformBase_double_3_3
Parameters: 0.9999993270213742 -0.0007742329602760632 0.00010627023436467209 0.0007742835286154662 0.9999993158790345 0.00029240067862380814 -0.00010573707159813872 -0.00029222249921143084 0.9999999647819784 0.07134517419194708 0.24449312482812502 -0.03862024700475786
FixedParameters: 0 0 0
#Transform 93
Transform: MatrixOffsetTransformBase_double_3_3
Parameters: 0.9999993975869498 -0.0007747075280014701 -0.00004733888574259132 0.0007746956164623921 0.9999993840716787 -0.00012559757451023612 0.00004753343015571204 0.00012552407418266187 0.9999999819841356 0.05453514090527278 0.15293053399057044 -0.01423023594578865
FixedParameters: 0 0 0
#Transform 94
Transform: MatrixOffsetTransformBase_double_3_3
Parameters: 0.9999992873761354 -0.0008438887064220798 0.000021794487456025524 0.000843885401092751 0.9999992821374457 0.00007562812294457932 -0.00002192209975040993 -0.00007559123395015077 0.9999999938054505 0.08651789098901475 0.2420427975278585 -0.020071252856496358
FixedParameters: 0 0 0
#Transform 95
Transform: MatrixOffsetTransformBase_double_3_3
Parameters: 1.0000000829119435 -0.0009305362388119963 0.0002175136423792426 0.0009303218588989394 0.9999998466649799 0.0005243257885785835 -0.0002183654431780202 -0.0005241447447302539 0.9999996943874533 0.053883114925497466 0.17743041688559913 -0.03970895192867374
FixedParameters: 0 0 0
#Transform 96
Transform: MatrixOffsetTransformBase_double_3_3
Parameters: 0.9999991070507528 -0.0009197968052423403 0.00021661349913926903 0.0009197453221476701 0.9999991399127759 0.00011897557772015677 -0.00021683199357457744 -0.00011857690993936909 0.9999999389241161 0.05747248659369575 0.24988588304300663 -0.03176351733117144
FixedParameters: 0 0 0
#Transform 97
Transform: MatrixOffsetTransformBase_double_3_3
Parameters: 0.9999998675400795 -0.0009652707221325446 0.00036712001071138173 0.0009648771740175168 0.9999993161495206 0.0007922255287424323 -0.00036754711730587614 -0.0007926993702761648 0.9999994277146693 0.045718193724184175 0.1709705756761224 -0.05211921050243973
FixedParameters: 0 0 0
#Transform 98
Transform: MatrixOffsetTransformBase_double_3_3
Parameters: 0.9999993219676737 -0.0008035235376537865 0.00017994736575411424 0.0008033681536539147 0.9999991687857364 0.000431060745311726 -0.0001806398018511582 -0.00043077103575729636 0.9999997818060815 0.07311400627217779 0.23682347368901446 -0.043860825185063845
FixedParameters: 0 0 0
#Transform 99
Transform: MatrixOffsetTransformBase_double_3_3
Parameters: 0.9999996658735691 -0.0010288686493402192 0.00045683861694729294 0.0010292494245948674 0.9999992854639784 0.000806987388647748 -0.0004575023424647287 -0.0008061961734832507 0.9999992115470457 0.05339836185524405 0.18266061874516026 -0.054871039468793015
FixedParameters: 0 0 0
#Transform 100
Transform: MatrixOffsetTransformBase_double_3_3
Parameters: 0.9999994745195333 -0.0011138334779728122 0.0004668145069996049 0.001114475197192182 0.9999994932117082 0.0005108037745771704 -0.0004669554067713716 -0.0005099131063282802 0.9999995926952673 0.06825933819997942 0.2802216442056107 -0.05263579105159977
FixedParameters: 0 0 0
#Transform 101
Transform: MatrixOffsetTransformBase_double_3_3
Parameters: 0.9999996821656983 -0.0010506255654375582 0.00038491005779872633 0.0010501866597252447 0.9999993454893149 0.0007345635640619019 -0.00038534307018379954 -0.0007339649627082501 0.999999390705934 0.052901487093592436 0.18342221365419675 -0.04838207801570604
FixedParameters: 0 0 0
#Transform 102
Transform: MatrixOffsetTransformBase_double_3_3
Parameters: 0.9999991278300933 -0.0009179026621299394 0.00017211368521646148 0.000917862244643762 0.9999991437221804 0.00011749956389869864 -0.00017232909708352756 -0.00011718340882113654 0.9999999565712959 0.0538025852011117 0.2609215086176846 -0.03397986341080639
FixedParameters: 0 0 0
#Transform 103
Transform: MatrixOffsetTransformBase_double_3_3
Parameters: 0.9999992471184461 -0.0007779851846519423 0.0002924980367331881 0.0007776419525092285 0.9999997764127568 0.0007789219942628406 -0.0002927237474857 -0.0007786781543271393 0.9999993821795329 0.05587484165560852 0.16962030563958308 -0.05068890388476177
FixedParameters: 0 0 0
#Transform 104
Transform: MatrixOffsetTransformBase_double_3_3
Parameters: 0.9999998070074005 -0.0009944802689004382 0.00044730894156971845 0.0009941784334096312 0.9999997078346825 0.0004219694382369549 -0.00044803174939879453 -0.00042227605830721937 0.999999750585105 0.05353656366717985 0.260422846714647 -0.056837670409123575
FixedParameters: 0 0 0
#Transform 105
Transform: MatrixOffsetTransformBase_double_3_3
Parameters: 0.9999995415647175 -0.0011819059093676901 0.00024011229410046686 0.0011816973084441277 0.999999376293386 0.0004630290960948996 -0.00024108257837877206 -0.00046268493046772163 0.9999997445839357 0.021760515861501517 0.18627230792910154 -0.038893936319126965
FixedParameters: 0 0 0
#Transform 106
Transform: MatrixOffsetTransformBase_double_3_3
Parameters: 0.999999019471574 -0.00098460785206325 0.0001052346411634722 0.0009845817200696584 0.9999990151922203 0.00012412018008929604 -0.00010547885354777325 -0.0001239127158812331 0.9999999735201894 0.04089440527974375 0.20575874115377246 -0.022841157829901704
FixedParameters: 0 0 0
#Transform 107
Transform: MatrixOffsetTransformBase_double_3_3
Parameters: 0.9999996791181123 -0.0010958583061834795 0.00023224433434802794 0.0010957310186199033 0.9999994884155211 0.0005467801975725523 -0.00023233278505653543 -0.000546481593955539 0.9999997254089478 0.022847834807393497 0.20731473983848048 -0.04568932089983946
FixedParameters: 0 0 0
#Transform 108
Transform: MatrixOffsetTransformBase_double_3_3
Parameters: 0.9999990801971352 -0.0009208502796795599 0.00009779482620254909 0.0009209040075788735 0.9999990619694117 0.00030145455182586933 -0.00009736404113837305 -0.00030126080392374466 0.9999999611265643 0.043105008021314006 0.26268349985055295 -0.04202340536947702
FixedParameters: 0 0 0
#Transform 109
Transform: MatrixOffsetTransformBase_double_3_3
Parameters: 0.99999942216734 -0.0011851945767933879 0.0003255560055029985 0.0011857582493756992 0.9999988664054577 0.0008507563185620737 -0.0003265760348656749 -0.0008501329276201786 0.999999241566308 0.03733605933780382 0.19643227562583832 -0.05472642923572835
FixedParameters: 0 0 0
#Transform 110
Transform: MatrixOffsetTransformBase_double_3_3
Parameters: 0.9999993669444962 -0.0012606984023413566 0.00019952164217645202 0.0012607682144924687 0.9999993782160195 -0.000139577205936256 -0.0001990456253397957 0.00013985518168461997 0.999999957473181 0.03222482620348899 0.24861105611340406 -0.02862043686300808
FixedParameters: 0 0 0
#Transform 111
Transform: MatrixOffsetTransformBase_double_3_3
Parameters: 0.9999994170469588 -0.0011092985646560987 0.0005343613453593701 0.0011095278448298457 0.9999990733758367 0.0008316878639536562 -0.0005352092311140741 -0.00083065096377892 0.999999094304244 0.03575935916218498 0.20825787149915698 -0.05671068532389256
FixedParameters: 0 0 0
#Transform 112
Transform: MatrixOffsetTransformBase_double_3_3
Parameters: 0.9999989130973972 -0.0013389421271712987 0.0004778457571901276 0.0013382640971088778 0.9999984888520488 0.00084153054475615 -0.0004789877391326372 -0.0008404602012797302 0.9999991420158453 0.020800493710552814 0.2577304135516272 -0.06631944808461299
FixedParameters: 0 0 0
#Transform 113
Transform: MatrixOffsetTransformBase_double_3_3
Parameters: 0.9999993582332455 -0.000790924384501619 0.00012729652106001355 0.0007908495253470902 0.9999992883572619 0.0002935973837537714 -0.00012776076680792725 -0.0002933956649641134 0.9999998975965521 0.025271983193192682 0.18545243185334925 -0.03298956764895422
FixedParameters: 0 0 0
#Transform 114
Transform: MatrixOffsetTransformBase_double_3_3
Parameters: 0.9999995052412222 -0.001211469284303688 0.00015234866834666627 0.0012114567892954724 0.999999511914494 0.00008741252457740434 -0.0001524365603041561 -0.00008726779991223566 0.9999999858557843 0.020809047169635164 0.24140816177629176 -0.02980215922626428
FixedParameters: 0 0 0
#Transform 115
Transform: MatrixOffsetTransformBase_double_3_3
Parameters: 0.9999994030735458 -0.0006807035797969001 0.00026737596949095305 0.0006803970222453767 0.9999999107550684 0.0007836787235070974 -0.0002674567191828514 -0.0007835260962882479 0.9999993887860155 0.041547188476570796 0.17246904347982195 -0.05198169095385197
FixedParameters: 0 0 0
#Transform 116
Transform: MatrixOffsetTransformBase_double_3_3
Parameters: 0.9999995163191451 -0.001106703294202276 0.0004394053586225452 0.0011060528591912222 0.9999989834980776 0.0008837922239711415 -0.0004402505936764445 -0.0008830294689779195 0.9999991043085901 0.036585594093708096 0.22316028767377816 -0.06205259548369213
FixedParameters: 0 0 0
#Transform 117
Transform: MatrixOffsetTransformBase_double_3_3
Parameters: 0.9999998908494697 -0.0009971187679099214 0.00022105674746795284 0.0009970167346011194 0.9999997261664798 0.0005174898382020038 -0.0002209789226410852 -0.00051725957598249 0.9999997616468502 0.04566912386538036 0.16648419952535676 -0.039424341378989425
FixedParameters: 0 0 0
#Transform 118
Transform: MatrixOffsetTransformBase_double_3_3
Parameters: 0.9999995386650918 -0.0011193685576324332 0.00037744836637227525 0.0011188348959943499 0.9999989721710357 0.0008740599455306086 -0.0003782944415242906 -0.0008734246696783798 0.999999171959449 0.027353896899924734 0.21271809675448594 -0.05831602659966961
FixedParameters: 0 0 0
#Transform 119
Transform: MatrixOffsetTransformBase_double_3_3
Parameters: 0.9999992157180954 -0.0008429677864056611 0.00010691758737081669 0.0008429844425308329 0.9999990886974064 0.0004489785569726096 -0.00010668856848776442 -0.00044878446136957517 0.9999998485631652 0.05277159888844096 0.21843504662295743 -0.04395766599013484
FixedParameters: 0 0 0
#Transform 120
Transform: MatrixOffsetTransformBase_double_3_3
Parameters: 0.9999991615758606 -0.0008608748567130392 0.00031186878454451256 0.0008603836137137805 0.999999351141626 0.0008844509339960421 -0.00031339879841949664 -0.000885110569739958 0.9999992447614384 0.03952056261205428 0.20897079609360958 -0.06005771046241648
FixedParameters: 0 0 0
#Transform 121
Transform: MatrixOffsetTransformBase_double_3_3
Parameters: 1.0000000416419026 -0.0008606565675141212 0.00038845187553557953 0.000861141568902467 0.9999995901347559 0.0008149593609700356 -0.0003888582874847085 -0.0008144398707746747 0.9999992563540073 0.054306950445990765 0.21342891497877758 -0.06145836199362975
FixedParameters: 0 0 0
#Transform 122
Transform: MatrixOffsetTransformBase_double_3_3
Parameters: 0.999999492715354 -0.0010035836221101808 0.0006592032595506975 0.0010025540679906514 0.9999992135009812 0.0008771048375163099 -0.0006598521990153483 -0.0008759922105734952 0.9999988748582845 0.04515498015351227 0.21225561757304945 -0.0581141895577133
FixedParameters: 0 0 0
#Transform 123
Transform: MatrixOffsetTransformBase_double_3_3
Parameters: 1.0000000754225356 -0.0008540774346281928 0.0003595302792347155 0.0008536206802717342 0.9999996011259437 0.0008112521447912885 -0.00035980576876078196 -0.0008108484173048047 0.9999992910088089 0.05497668127620159 0.21450264969863042 -0.05802093482844839
FixedParameters: 0 0 0
#Transform 124
Transform: MatrixOffsetTransformBase_double_3_3
Parameters: 0.999999660978645 -0.001026485994037295 0.00046859250416126513 0.0010258102579871042 0.9999992029722005 0.0008559655651890069 -0.0004692388892708274 -0.0008552136882603867 0.9999991262567347 0.05022029703404485 0.21317319348329988 -0.058831752410171134
FixedParameters: 0 0 0
#Transform 125
Transform: MatrixOffsetTransformBase_double_3_3
Parameters: 0.999999667703377 -0.0010250903444010738 0.00046437759900493786 0.0010244563839215213 0.9999990420709096 0.000884916926195356 -0.00046508905143327617 -0.0008851472828837748 0.9999991913862568 0.04872424603642855 0.21323973104024674 -0.060734759354104995
FixedParameters: 0 0 0
#Transform 126
Transform: MatrixOffsetTransformBase_double_3_3
Parameters: 0.9999991461310226 -0.0013571354104787523 0.00009075314839594728 0.0013571107216584551 0.9999992414935696 -0.00012749156230383585 -0.00009027495318502526 0.00012848510102925204 0.999999879661065 0.017424702019170013 0.21408346124712807 -0.01624495406014148
FixedParameters: 0 0 0
#Transform 127
Transform: MatrixOffsetTransformBase_double_3_3
Parameters: 0.9999999276912795 -0.0009727105248620842 0.00024509624883344017 0.0009724681377053747 0.9999991582915639 0.000877879649013702 -0.0002457021048509686 -0.0008785851533594236 0.9999993591318762 0.0320104582091858 0.2017170325298565 -0.054585070946316705
FixedParameters: 0 0 0
#Transform 128
Transform: MatrixOffsetTransformBase_double_3_3
Parameters: 0.9999996749207075 -0.00110123163858421 0.00041290768890486773 0.001101329251258781 0.999999717265549 -0.0002369418898199166 -0.00041324715726360345 0.00023761317355962264 0.999999728310741 0.029057255565490436 0.2121664066416855 -0.01961085963520759
FixedParameters: 0 0 0
#Transform 129
Transform: MatrixOffsetTransformBase_double_3_3
Parameters: 0.9999995038514229 -0.0010039218446281622 0.0006501721944711103 0.0010028938196859028 0.999999193453773 0.0008880745626005104 -0.0006508437601675521 -0.0008869795895078553 0.9999988673074354 0.04593607542123834 0.2248810053543906 -0.06401812543141716
FixedParameters: 0 0 0
#Transform 130
Transform: MatrixOffsetTransformBase_double_3_3
Parameters: 0.9999998165994247 -0.001020922159473323 0.00027219507349229843 0.0010218232908006239 0.9999997926049362 0.0003992153770888268 -0.00027201381704525934 -0.000398809232455527 0.999999837890421 0.03076891385212832 0.19735653632078254 -0.037112633188499444
FixedParameters: 0 0 0
#Transform 131
Transform: MatrixOffsetTransformBase_double_3_3
Parameters: 0.9999989921469415 -0.0008682438644252669 0.0005039311687001086 0.000867427120752242 0.9999993636502865 0.0008703977540803348 -0.0005054492497628543 -0.000870719536635256 0.9999991127540223 0.052167008952636706 0.23712855125702959 -0.06155386438699395
FixedParameters: 0 0 0
#Transform 132
Transform: MatrixOffsetTransformBase_double_3_3
Parameters: 0.9999991939081426 -0.0013294338882252508 0.00018656976821201238 0.0013293124711486167 0.9999990885964816 0.00036256548581521664 -0.00018740964951145106 -0.0003622928392245789 0.9999998503874873 0.02761227299627933 0.20311468107247777 -0.034765696845255434
FixedParameters: 0 0 0
#Transform 133
Transform: MatrixOffsetTransformBase_double_3_3
Parameters: 0.9999993748611973 -0.0012633760936660784 0.0001585198424127604 0.0012634243467610365 0.9999993793888203 -0.00010769078370705121 -0.00015812378042564385 0.00010786631995328422 0.9999999800256233 0.06575296835299582 0.2397879252151256 -0.023251340734347536
FixedParameters: 0 0 0
#Transform 134
Transform: MatrixOffsetTransformBase_double_3_3
Parameters: 0.9999983469340972 -0.0016211834827708884 0.00014466778540656033 0.001621160314267592 0.9999983424037301 0.00012888521382596607 -0.0001449615521964681 -0.00012864018706250369 0.9999999791563974 0.024303730733421958 0.20155643350392438 -0.023214201494198505
FixedParameters: 0 0 0
#Transform 135
Transform: MatrixOffsetTransformBase_double_3_3
Parameters: 0.9999994694185771 -0.0012054804022806238 0.00027114918669064736 0.0012053206418874036 0.9999994316279499 0.00032047557178201125 -0.00027179754498007913 -0.0003200456147578745 0.9999998404432364 0.05527030173385583 0.242394918158098 -0.03727082423296224
FixedParameters: 0 0 0
#Transform 136
Transform: MatrixOffsetTransformBase_double_3_3
Parameters: 0.9999991656466384 -0.0008918727647419947 0.00019726841555180175 0.000891801283190009 0.9999991718545033 0.00018120553947402473 -0.00019759131371362842 -0.00018085339177885407 0.9999999282503618 0.04325523848719115 0.18880433357649906 -0.02594773831495445
FixedParameters: 0 0 0
#Transform 137
Transform: MatrixOffsetTransformBase_double_3_3
Parameters: 1.000000069371031 -0.0008852344724063757 0.0003783261073546651 0.0008847684180714275 0.9999998022920377 0.0006339942036334006 -0.0003793241578856077 -0.0006335481925374559 0.9999994715337102 0.05612826597773335 0.24177620333628624 -0.05209864795082808
FixedParameters: 0 0 0
#Transform 138
Transform: MatrixOffsetTransformBase_double_3_3
Parameters: 0.9999995969733616 -0.0011779228418576605 0.0001078372762561633 0.0011778406567950553 0.9999994020728783 0.0004446577386780365 -0.00010876102240126723 -0.00044462712292403506 0.9999998072716912 0.03009014589562753 0.16763786393734392 -0.03209381959280222
FixedParameters: 0 0 0
#Transform 139
Transform: MatrixOffsetTransformBase_double_3_3
Parameters: 0.999999806735196 -0.0010462638136906838 0.00018029647100260837 0.0010461873451757132 0.999999576178791 0.0005633064941399785 -0.00018036544783315428 -0.000563139637847529 0.9999997284326424 0.05115776295831154 0.23482568268806858 -0.045902645585030655
FixedParameters: 0 0 0
#Transform 140
Transform: MatrixOffsetTransformBase_double_3_3
Parameters: 0.9999999154528478 -0.0010071217743955327 0.00025763979623009275 0.0010069771190749028 0.9999998782683814 0.00030799318739577197 -0.00025813610128704034 -0.0003076982864552852 0.999999855432719 0.05292593858216321 0.19945354166418383 -0.027418666929406754
FixedParameters: 0 0 0
#Transform 141
Transform: MatrixOffsetTransformBase_double_3_3
Parameters: 0.9999989739953091 -0.0009802816285196941 0.000052222194305937 0.000980362460378352 0.9999989469107888 0.0003047845790827286 -0.0000518338428456 -0.00030466854034577606 0.9999999658994079 0.05618058902045675 0.25651693993702906 -0.03171161782205445
FixedParameters: 0 0 0
#Transform 142
Transform: MatrixOffsetTransformBase_double_3_3
Parameters: 0.9999994990872445 -0.001213755540893713 0.00015433600577685613 0.0012136706969372371 0.9999994117185689 0.00032002412584063167 -0.00015498893116223933 -0.00031987320554907606 0.9999998904198844 0.0505888099118863 0.18740025603311494 -0.030534867798721166
FixedParameters: 0 0 0
#Transform 143
Transform: MatrixOffsetTransformBase_double_3_3
Parameters: 0.9999991235423284 -0.0013431739140836486 0.000261650593202524 0.001343015755777252 0.9999990752072683 0.0003289847735401946 -0.000262409938997378 -0.00032850542198498145 0.9999998399745772 0.038435881616550205 0.2556462318129036 -0.04038905330212117
FixedParameters: 0 0 0
#Transform 144
Transform: MatrixOffsetTransformBase_double_3_3
Parameters: 0.9999998511429757 -0.0010225212267273671 0.0001929622230166378 0.0010225290419538912 0.9999998473527522 0.00030843718955973765 -0.00019248326442224128 -0.00030825353915145404 0.9999999459534049 0.05588504580339304 0.18663199505120076 -0.030308229165271428
FixedParameters: 0 0 0
#Transform 145
Transform: MatrixOffsetTransformBase_double_3_3
Parameters: 0.9999998784628453 -0.0010328974174739231 0.00022534677816595655 0.0010327720196611516 0.999999824822444 0.0003093389936902752 -0.00022586179413060237 -0.00030909748077660726 0.9999998701945862 0.04545557867675143 0.20950731588091287 -0.028669044324672655
FixedParameters: 0 0 0
#Transform 146
Transform: MatrixOffsetTransformBase_double_3_3
Parameters: 0.9999995910698246 -0.001165632525334902 0.00021528711658861527 0.0011655097935587902 0.9999995278923817 0.000317529869131819 -0.00021590327334339993 -0.0003172517973098754 0.9999998694894912 0.05109147085333632 0.20484834518346418 -0.02931934158277727
FixedParameters: 0 0 0
#Transform 147
Transform: MatrixOffsetTransformBase_double_3_3
Parameters: 0.9999994697949434 -0.0012285961378892506 0.00012985657299743186 0.0012285267597200332 0.9999993749751939 0.0003207449876617141 -0.00013052083928490749 -0.00032064960952284116 0.9999998969115732 0.026152153298980352 0.20353154093666603 -0.02806018068062599
FixedParameters: 0 0 0
#Transform 148
Transform: MatrixOffsetTransformBase_double_3_3
Parameters: 0.999999039422379 -0.0009673438848482544 0.00015754942030561658 0.0009672834888293192 0.9999990276514058 0.0001915997895673427 -0.00015791979999159322 -0.0001912946349584832 0.9999999384682033 0.03811780613877147 0.1900236766406067 -0.02226396587201407
FixedParameters: 0 0 0
#Transform 149
Transform: MatrixOffsetTransformBase_double_3_3
Parameters: 0.9999990108776615 -0.0009892206653751958 0.00010277806306368403 0.0009892027231716794 0.9999990138532445 0.00008731508578969926 -0.00010295060837058057 -0.00008711157978315287 0.9999999818130805 0.051926284100929365 0.23182028003112976 -0.025070017290715896
FixedParameters: 0 0 0
#Transform 150
Transform: MatrixOffsetTransformBase_double_3_3
Parameters: 0.9999993181106294 -0.0007673052518342924 0.00017593363658178346 0.0007673150726082651 0.9999993265535011 0.00029251578031330716 -0.0001753965076195796 -0.00029223217004063773 0.9999999451242806 0.06173582681728362 0.1729862560839308 -0.023244626343611685
FixedParameters: 0 0 0
#Transform 151
Transform: MatrixOffsetTransformBase_double_3_3
Parameters: 0.9999995644533067 -0.0011899216766988567 0.00012545695538830615 0.0011898557422650915 0.999999470058117 0.000318301640599164 -0.00012609062694902973 -0.0003182268383921938 0.9999998995962553 0.06161635150691325 0.22359706259106815 -0.03428605279509611
FixedParameters: 0 0 0
#Transform 152
Transform: MatrixOffsetTransformBase_double_3_3
Parameters: 0.9999981145109077 -0.0016877320885213447 0.00018207344507854134 0.0016876185441415201 0.9999980167248036 0.0003497778761995529 -0.00018312968236168514 -0.0003493860439490598 0.999999861156489 0.06340894365978045 0.14291817093678105 -0.018797249956662654
FixedParameters: 0 0 0
#Transform 153
Transform: MatrixOffsetTransformBase_double_3_3
Parameters: 0.9999992344932782 -0.0013198282399098761 0.00014023440750284 0.00131975056782856 0.9999991387795439 0.00032651012781481636 -0.0001409723370931551 -0.00032636350583706286 0.9999998903771262 0.06702530997863221 0.16691719127389604 -0.021299217566749462
FixedParameters: 0 0 0
#Transform 154
Transform: MatrixOffsetTransformBase_double_3_3
Parameters: 0.9999988758908006 -0.0014162357264818773 0.0002286922038880826 0.0014162101152359798 0.9999988713751847 0.0003332689839851688 -0.00022852601199833955 -0.0003328319390389356 0.999999914987542 0.06598186919663362 0.2025842773534663 -0.0259790073150441
FixedParameters: 0 0 0
#Transform 155
Transform: MatrixOffsetTransformBase_double_3_3
Parameters: 0.9999995089957092 -0.0012127296910202767 0.00012805162458594949 0.0012126617308634274 0.9999994143468545 0.0003197425477320104 -0.00012870329366001382 -0.0003196556936193168 0.9999998980191294 0.0678156820106608 0.1664448778041674 -0.016989041035955665
FixedParameters: 0 0 0
#Transform 156
Transform: MatrixOffsetTransformBase_double_3_3
Parameters: 0.9999994489840072 -0.0012276203526665665 0.00020019699786873874 0.0012275056831894298 0.9999993771471418 0.0003212679084657333 -0.00020086169600435494 -0.00032100009504834603 0.9999998733685839 0.06876796552087683 0.182180678451914 -0.023894896541278854
FixedParameters: 0 0 0
#Transform 157
Transform: MatrixOffsetTransformBase_double_3_3
Parameters: 0.9999990338237904 -0.0009777132566021335 0.00010125001622402624 0.0009776513291627816 0.9999989511643511 0.0003050124955610717 -0.00010184623362805012 -0.0003048139352156004 0.9999998967161021 0.07914946023660718 0.14991771872351478 -0.01923685174412526
FixedParameters: 0 0 0
#Transform 158
Transform: MatrixOffsetTransformBase_double_3_3
Parameters: 0.9999996172023001 -0.001134967107702888 0.00029935952743889715 0.0011357833578013645 0.999999605212562 0.0003163704180894483 -0.00030006681555724835 -0.00031585357398593306 0.9999998199227784 0.050462084718844835 0.18071426399451695 -0.02521527973729576
FixedParameters: 0 0 0
#Transform 159
Transform: MatrixOffsetTransformBase_double_3_3
Parameters: 0.9999993027008838 -0.0012940452490786854 0.0001373016481259412 0.0012939699451666705 0.9999992072244852 0.0003248806572855728 -0.00013801854751539083 -0.00032474890251395216 0.9999998922524866 0.07867634323766026 0.1510609681746189 -0.024045542552869392
FixedParameters: 0 0 0
#Transform 160
Transform: MatrixOffsetTransformBase_double_3_3
Parameters: 0.9999989424786909 -0.0014249435521373121 0.00015219016995708656 0.0014248560275824627 0.9999988459222047 0.0003331549174730719 -0.0001530155692061122 -0.00033294454175974986 0.9999998824976648 0.06729261771056372 0.16962042925108278 -0.021598727035041065
FixedParameters: 0 0 0
#Transform 161
Transform: MatrixOffsetTransformBase_double_3_3
Parameters: 0.9999995245340866 -0.0006861477934006757 0.0000683121716469684 0.0006861568208209714 0.9999995248236895 -0.000066068166001923 -0.00006822144181718032 0.00006616184660253321 0.9999999909686843 0.08434347208032023 0.16476494387875107 -0.009419890580460333
FixedParameters: 0 0 0
#Transform 162
Transform: MatrixOffsetTransformBase_double_3_3
Parameters: 0.9999989424786909 -0.0014249435521373121 0.00015219016995708656 0.0014248560275824627 0.9999988459222047 0.0003331549174730719 -0.0001530155692061122 -0.00033294454175974986 0.9999998824976648 0.06767780596142359 0.18086828473876437 -0.017640383670411097
FixedParameters: 0 0 0
#Transform 163
Transform: MatrixOffsetTransformBase_double_3_3
Parameters: 0.9999998255847956 -0.0010366570544714446 0.0001834996495964636 0.001036670404699477 0.9999998177378727 0.0003092411387171784 -0.00018303109168022608 -0.00030907164692019207 0.999999949008418 0.08209588501982523 0.1588175747146039 -0.02011621506413519
FixedParameters: 0 0 0
#Transform 164
Transform: MatrixOffsetTransformBase_double_3_3
Parameters: 0.9999997742523807 -0.001088519066582392 0.00019232797770872556 0.0010883795673845452 0.999999643576424 0.000398704171085576 -0.00019307197754091232 -0.0003985091938876195 0.9999998206870625 0.060837652966043265 0.1893098951122738 -0.02657840927454913
FixedParameters: 0 0 0
#Transform 165
Transform: MatrixOffsetTransformBase_double_3_3
Parameters: 0.9999995259856719 -0.0012057881210604726 0.00012726194963017662 0.0012057207790099845 0.9999994314130204 0.0003193039982590795 -0.00012790812734302798 -0.00031922083726235173 0.9999998985009954 0.08822518907690835 0.20363615750295594 -0.02828275883516085
FixedParameters: 0 0 0
#Transform 166
Transform: MatrixOffsetTransformBase_double_3_3
Parameters: 0.9999989424786909 -0.0014249435521373121 0.00015219016995708656 0.0014248560275824627 0.9999988459222047 0.0003331549174730719 -0.0001530155692061122 -0.00033294454175974986 0.9999998824976648 0.08016723619212485 0.16671614846428895 -0.02106139347928604
FixedParameters: 0 0 0
#Transform 167
Transform: MatrixOffsetTransformBase_double_3_3
Parameters: 1.0000000395939914 -0.0009728191541145022 0.00010067786201603535 0.0009727557667561088 0.9999998935990801 0.00038374565781502945 -0.00010130076835339341 -0.0003837736863805258 0.9999998592370533 0.0846040716225076 0.18658454884314324 -0.02324225426022508
FixedParameters: 0 0 0
#Transform 168
Transform: MatrixOffsetTransformBase_double_3_3
Parameters: 0.999999379728518 -0.001264295649576112 0.00013391759033815065 0.0012642230544380045 0.9999992845409597 0.0003230006867455254 -0.00013461043196798944 -0.00032288570927316296 0.9999998943882965 0.07749502615310178 0.14289117585197175 -0.012938951188090186
FixedParameters: 0 0 0
#Transform 169
Transform: MatrixOffsetTransformBase_double_3_3
Parameters: 0.9999994225816262 -0.001247437545771073 0.0001319999078222278 0.0012473664743193787 0.9999993275648733 0.00032193545940900625 -0.00013267921557740675 -0.00032182980969283626 0.99999989558524 0.0978242825917448 0.18498892697084557 -0.021432722040827912
FixedParameters: 0 0 0
#Transform 170
Transform: MatrixOffsetTransformBase_double_3_3
Parameters: 0.9999996227262499 -0.0011565603675282336 0.00018909377211181327 0.001156454548782237 0.9999995494137224 0.0003167489844556892 -0.00018970244374420103 -0.0003165354150785199 0.9999998805737158 0.06028231238161652 0.12814127703512668 -0.013930346386317183
FixedParameters: 0 0 0
#Transform 171
Transform: MatrixOffsetTransformBase_double_3_3
Parameters: 0.99999944529918 -0.0007308065435597377 0.00014360259845558332 0.0007307231655131856 0.999999381953167 0.00028998320684911483 -0.00014402626447188038 -0.0002897730202871679 0.9999998952884686 0.07561457996391141 0.19927232310448062 -0.021347701932157293
FixedParameters: 0 0 0
#Transform 172
Transform: MatrixOffsetTransformBase_double_3_3
Parameters: 0.9999999802582379 -0.0010024994435657436 0.00010413304928399286 0.0010024495893491197 0.9999998883050369 0.0003064656222042522 -0.00010462378564023156 -0.00030648085971189676 0.9999999118867068 0.08191886336102527 0.14680950104983026 -0.01318348856760565
FixedParameters: 0 0 0
#Transform 173
Transform: MatrixOffsetTransformBase_double_3_3
Parameters: 0.9999989424786909 -0.0014249435521373121 0.00015219016995708656 0.0014248560275824627 0.9999988459222047 0.0003331549174730719 -0.0001530155692061122 -0.00033294454175974986 0.9999998824976648 0.07870919816902244 0.22363248871198493 -0.021088448383736136
FixedParameters: 0 0 0
#Transform 174
Transform: MatrixOffsetTransformBase_double_3_3
Parameters: 0.9999995650934705 -0.0006588952720096939 -0.00002762877463199226 0.0006589108691132037 0.9999994850764461 0.0002841828589075085 0.00002725425258284092 -0.0002842190238848824 0.9999999184766147 0.11772182204606452 0.15273369978515916 -0.010017407398976275
FixedParameters: 0 0 0
#Transform 175
Transform: MatrixOffsetTransformBase_double_3_3
Parameters: 0.9999990074746448 -0.000996220519887468 -0.00000836024108104294 0.0009962254381281656 0.9999999014740845 0.0003051671113547677 0.000007751971344331643 -0.000305408550846889 0.9999999195994153 0.1062427712666505 0.2356140512206366 -0.019705046923192526
FixedParameters: 0 0 0
#Transform 176
Transform: MatrixOffsetTransformBase_double_3_3
Parameters: 0.9999996973494748 -0.0011333974832465716 0.00011902640434483663 0.0011333365046752222 0.9999996036236213 0.0003147312065764768 -0.00011961603755690497 -0.0003146852483886242 0.9999999034286019 0.09037021802016909 0.15133060208805205 -0.01244785306447227
FixedParameters: 0 0 0
#Transform 177
Transform: MatrixOffsetTransformBase_double_3_3
Parameters: 0.9999995176700152 -0.001173958121993915 0.0001950949054497983 0.0011739609140644742 0.9999995088307378 0.0003178893414444023 -0.00019473145365767053 -0.0003176421787253886 0.9999999392060567 0.09056271745001254 0.21582949919360317 -0.025812923253639042
FixedParameters: 0 0 0
#Transform 178
Transform: MatrixOffsetTransformBase_double_3_3
Parameters: 0.9999996882346014 -0.0011373640925557461 0.0001194776842818393 0.0011373027691989812 0.9999995944598856 0.0003149817396504717 -0.00012007038167470563 -0.0003149338049162481 0.999999903163207 0.08984828323360716 0.13567941021187835 -0.010278619059562288
FixedParameters: 0 0 0
#Transform 179
Transform: MatrixOffsetTransformBase_double_3_3
Parameters: 0.9999989767192804 -0.0010109742454870816 -0.000035682910621490094 0.0010109208780659847 0.9999990757804263 0.0001215973650429969 0.00003544503960542511 -0.00012069690314420178 0.9999998715859945 0.11345465667120891 0.2059104489856054 -0.016910860825632312
FixedParameters: 0 0 0
#Transform 180
Transform: MatrixOffsetTransformBase_double_3_3
Parameters: 0.9999994480876064 -0.0012168673934260929 0.0002593607081417537 0.0012167148569676885 0.9999994036376901 0.00032108818715696763 -0.00026001788058722247 -0.0003206807231861952 0.9999998463024693 0.088575581150522 0.12267129300106205 -0.01237315479917811
FixedParameters: 0 0 0
#Transform 181
Transform: MatrixOffsetTransformBase_double_3_3
Parameters: 0.9999996905163084 -0.0011363724402175708 0.00011936486448432815 0.0011363112030995303 0.9999995967537813 0.000314919106046585 -0.00011995679546081273 -0.00031487166612249873 0.999999903229606 0.08939407181486558 0.17569204093469182 -0.01866173639304236
FixedParameters: 0 0 0
#Transform 182
Transform: MatrixOffsetTransformBase_double_3_3
Parameters: 0.9999997580411302 -0.0011066228734706507 0.00011598021267422015 0.001106564210378626 0.9999996646525682 0.0003130402018996503 -0.0001165492662236825 -0.0003130073974884767 0.9999999052060328 0.07339162266200105 0.11915256807212415 -0.00873357815153497
FixedParameters: 0 0 0
#Transform 183
Transform: MatrixOffsetTransformBase_double_3_3
Parameters: 0.9999990441636261 -0.0013892440048263108 0.00014812987939524097 0.0013891598619881589 0.9999989478708718 0.00033089791485357845 -0.00014892526018327884 -0.00033070975710570993 0.9999998852158091 0.08663233117886193 0.21604521751730488 -0.021634934597045685
FixedParameters: 0 0 0
#Transform 184
Transform: MatrixOffsetTransformBase_double_3_3
Parameters: 0.9999991870418852 -0.0013186551274074598 0.00008876822770343545 0.0013187239972733428 0.9999991427673396 0.0003260124415857685 -0.00008851847557054399 -0.00032598913360423754 0.9999999640377366 0.08648296008564671 0.14874509474816477 -0.010991654305584575
FixedParameters: 0 0 0
#Transform 185
Transform: MatrixOffsetTransformBase_double_3_3
Parameters: 0.9999986540350593 -0.0015112084874817503 0.00024150993004761617 0.0015110585435674073 0.9999985887109603 0.00033929215154954173 -0.00024241087049746424 -0.0003387853942413699 0.9999998432155031 0.08225541937476066 0.22170494260842588 -0.027431356015810593
FixedParameters: 0 0 0
#Transform 186
Transform: MatrixOffsetTransformBase_double_3_3
Parameters: 0.9999991378286832 -0.001355527772517449 0.00014429501218329172 0.0013554467899066702 0.9999990418062453 0.00032876656722195807 -0.0001450623366656134 -0.0003285988587855698 0.9999998877431838 0.08360317968922004 0.14730047440266958 -0.012749437385551232
FixedParameters: 0 0 0
#Transform 187
Transform: MatrixOffsetTransformBase_double_3_3
Parameters: 0.9999988382118683 -0.0014606431066013859 0.0001562502989258044 0.0014605521637193128 0.9999987414147793 0.00033541220971859687 -0.00015710603732794343 -0.0003351790341227373 0.9999998797362163 0.07834846430698406 0.20398510153324878 -0.018927882213858993
FixedParameters: 0 0 0
#Transform 188
Transform: MatrixOffsetTransformBase_double_3_3
Parameters: 0.9999997371417554 -0.0011219007557561143 0.000017073321227197014 0.0011219040013055502 0.9999996303805654 0.0003131805624970313 -0.00001765251869449702 -0.0003133661148088801 0.9999999182654334 0.1102201716428226 0.16588483294822254 -0.014539501359621454
FixedParameters: 0 0 0
#Transform 189
Transform: MatrixOffsetTransformBase_double_3_3
Parameters: 1.0000000206580686 -0.000987596039879247 -0.000009416466034792292 0.0009876181912564846 0.9999988275313559 0.0004440081420581804 0.000008663164048267058 -0.0004440251239674897 0.9999998066092449 0.0933224888203199 0.14964224045581886 -0.00917844207971541
FixedParameters: 0 0 0
#Transform 190
Transform: MatrixOffsetTransformBase_double_3_3
Parameters: 0.9999993818362798 -0.0007844698695081724 -0.000052634731332934503 0.0007845068272833771 0.9999992600090706 0.0003529016723485823 0.00005208097185864513 -0.00035298382347671853 0.9999998726897525 0.13219518933887286 0.1891587841837037 -0.019090357137585556
FixedParameters: 0 0 0
#Transform 191
Transform: MatrixOffsetTransformBase_double_3_3
Parameters: 0.9999983585486242 -0.0015800944246588408 0.00028053917191474265 0.0015800283152294552 0.9999983733326727 0.0003439317608956577 -0.0002805154318680156 -0.00034325573799801057 0.9999998814200768 0.08793828931773362 0.136642194294609 -0.011052352466009552
FixedParameters: 0 0 0
#Transform 192
Transform: MatrixOffsetTransformBase_double_3_3
Parameters: 0.9999991619709482 -0.0009139060994409988 -0.000052953039907412125 0.0009139376914349137 0.9999990748301255 0.0002998117724464927 0.0000524049421834899 -0.0002999080647320129 0.9999999073086483 0.11073264532930693 0.17382933081680108 -0.014054716145849966
FixedParameters: 0 0 0
#Transform 193
Transform: MatrixOffsetTransformBase_double_3_3
Parameters: 0.9999983726295855 -0.0015966827677544601 0.00010831086242739374 0.001596735048270649 0.9999983205758018 0.00034347427976484657 -0.0001082979645043447 -0.0003433388972496204 0.9999999485139075 0.08277161227663044 0.15164723658375578 -0.011341913764340461
FixedParameters: 0 0 0
#Transform 194
Transform: MatrixOffsetTransformBase_double_3_3
Parameters: 0.9999989545948986 -0.0009906770103544245 0.00004032120333929967 0.0009907650479673794 0.9999989260713922 0.00030533481284426844 -0.00003994030212296079 -0.00030524126582713584 0.9999999666532928 0.14138984189926873 0.20773813301936173 -0.01525885809274996
FixedParameters: 0 0 0
#Transform 195
Transform: MatrixOffsetTransformBase_double_3_3
Parameters: 0.9999993936067898 -0.001265881450354907 0.0000052725689660484965 0.0012658919548305739 0.9999992809467217 0.00032202702649127 -0.000005964408224798379 -0.000322237313557891 0.9999999129063076 0.12061805228833578 0.16146098752477656 -0.008396391211206833
FixedParameters: 0 0 0
#Transform 196
Transform: MatrixOffsetTransformBase_double_3_3
Parameters: 0.999999692767578 -0.0011408134389277718 -0.000043174892920383456 0.0011408544927855903 0.9999995870736892 0.00031386079344215834 0.00004258212581752241 -0.00031418313938245956 0.999999916258518 0.13015791304579238 0.20237922193631164 -0.013238048535811231
FixedParameters: 0 0 0
#Transform 197
Transform: MatrixOffsetTransformBase_double_3_3
Parameters: 0.9999990213380713 -0.0013827746740405454 -0.000015654186807448345 0.001382911713088398 0.9999989673280663 0.00032911785063174936 0.000015853138413124412 -0.000329371898894662 0.999999969521158 0.11994840246995864 0.1579232110562856 -0.0050978058992399156
FixedParameters: 0 0 0
#Transform 198
Transform: MatrixOffsetTransformBase_double_3_3
Parameters: 1.000000032382659 -0.0009764793152893126 0.0001010574320166116 0.0009764080420504749 0.9999998564505632 0.00042104866229111804 -0.000101755991666376 -0.0004210751372676069 0.9999998291309222 0.13322724102576444 0.22194942569488774 -0.024576232303473944
FixedParameters: 0 0 0
#Transform 199
Transform: MatrixOffsetTransformBase_double_3_3
Parameters: 0.9999989123760046 -0.0014430205674132255 0.00003749842348011595 0.0014430094111297026 0.9999987937613645 0.00033330411092033496 -0.000038336789423956685 -0.00033341919186720415 0.9999999041393209 0.1298534165401719 0.15131019244333288 -0.011098428419543893
FixedParameters: 0 0 0
#Transform 200
Transform: MatrixOffsetTransformBase_double_3_3
Parameters: 0.9999994594107238 -0.0007352409307456341 0.0000031032254578094998 0.0007352380230637489 0.9999992784353642 0.0004254284157687166 -0.0000037288059196033396 -0.0004254233952820652 0.9999998190009529 0.155055232762777 0.1740052574523645 -0.016232485150013076
FixedParameters: 0 0 0
#Transform 201
Transform: MatrixOffsetTransformBase_double_3_3
Parameters: 0.9999995746259582 -0.0006242152238806501 -0.00019059689054194695 0.0006233306090700826 0.9999995249927446 0.0002807141667243579 0.00019035970382939166 -0.0002810125810068509 0.9999998918636157 0.13416942135268073 0.14234451944867033 -0.0052738355695112205
FixedParameters: 0 0 0
#Transform 202
Transform: MatrixOffsetTransformBase_double_3_3
Parameters: 0.9999990428785518 -0.0009731434713109461 0.00010056231041656594 0.0009730475055401457 0.9999998146361608 0.00047494223234229027 -0.00010148666716479349 -0.0004749710072725899 0.9999997770755367 0.12792586775026393 0.20971989152522497 -0.022189170843503803
FixedParameters: 0 0 0
#Transform 203
Transform: MatrixOffsetTransformBase_double_3_3
Parameters: 0.9999984624862189 -0.0015826166345427294 0.0001701211865637528 0.0015825137361450328 0.999998365041575 0.0003431268099195889 -0.00017108300340096944 -0.0003428113440833852 0.9999998699745338 0.09680550946369237 0.1361774274804617 -0.010834687624509343
FixedParameters: 0 0 0
#Transform 204
Transform: MatrixOffsetTransformBase_double_3_3
Parameters: 0.9999997852043794 -0.0011003222643434256 0.000013455022021165164 0.0011003237681983134 0.9999995701902004 0.00045408865140568466 -0.000014330797250459992 -0.00045428258931852483 0.9999998102294154 0.12736435203488838 0.22001754143387586 -0.019201904802102376
FixedParameters: 0 0 0
#Transform 205
Transform: MatrixOffsetTransformBase_double_3_3
Parameters: 0.9999997761853001 -0.0011039983765886718 0.000033152615263092045 0.001103991618651678 0.9999996708650302 0.0003121998175115992 -0.00003371838893095197 -0.0003123505035042551 0.999999918073439 0.1295434412956098 0.1346183328413133 -0.005056875382337012
FixedParameters: 0 0 0
#Transform 206
Transform: MatrixOffsetTransformBase_double_3_3
Parameters: 0.9999996924434655 -0.0005161276299410142 -0.0002029022258746363 0.00051623878035594 0.9999996584272001 0.00027398964034135165 0.00020261926007892478 -0.00027419896565002155 0.9999998837596269 0.1479635818887175 0.21037515672473717 -0.016025933886538724
FixedParameters: 0 0 0
#Transform 207
Transform: MatrixOffsetTransformBase_double_3_3
Parameters: 0.9999992378429733 -0.0008343491091099926 -0.00005999805887473009 0.0008344971783282966 0.9999992175908438 0.0002948261852849382 0.00006049177924512955 -0.0002949126941289987 0.9999999708868098 0.16127642623273175 0.13781616431522536 -0.0031705425219428207
FixedParameters: 0 0 0
#Transform 208
Transform: MatrixOffsetTransformBase_double_3_3
Parameters: 0.9999992702614692 -0.0008509563765497254 -0.00007525769150493189 0.0008509464760534571 0.999999267673126 0.00034781399148134384 0.0000746735403683238 -0.00034696920684064436 0.9999997612264109 0.14786704348811952 0.2017423054816021 -0.012233855382291381
FixedParameters: 0 0 0
#Transform 209
Transform: MatrixOffsetTransformBase_double_3_3
Parameters: 0.9999990064916378 -0.0009966720192810035 -0.000012334673748524982 0.000996679364098958 0.9999989134361114 0.0003052755332454138 0.000011726127603466086 -0.00030529951760571716 0.9999999066546128 0.14266566893513755 0.14522679041614595 -0.006176027345091484
FixedParameters: 0 0 0
#Transform 210
Transform: MatrixOffsetTransformBase_double_3_3
Parameters: 0.9999989687801513 -0.0009840098867879687 0.000024332296141529874 0.0009841010659173395 0.9999998259487766 0.00043994353393078667 -0.0000242125025278761 -0.00044010711756624354 0.9999998801181695 0.14677046947157635 0.22195091683589396 -0.01740409250012931
FixedParameters: 0 0 0
#Transform 211
Transform: MatrixOffsetTransformBase_double_3_3
Parameters: 0.9999997203581804 -0.000446861145688056 -0.00013232975676876618 0.0004470706539534165 0.9999996674483954 0.00036542590349647464 0.0001329888567028134 -0.00036553045984179244 0.999999910291213 0.1654712126040181 0.13719414614747905 -0.003387801581411054
FixedParameters: 0 0 0
#Transform 212
Transform: MatrixOffsetTransformBase_double_3_3
Parameters: 0.9999999506239488 -0.001011937228841216 -0.00014640627483764046 0.0010120405942639155 0.9999988827280041 0.0003051400947131494 0.00014591210601242605 -0.0003054350440355458 0.9999998892784012 0.15132056564597463 0.21046169766431433 -0.01257636020821451
FixedParameters: 0 0 0
#Transform 213
Transform: MatrixOffsetTransformBase_double_3_3
Parameters: 0.9999996146315844 -0.0005895081870334069 -0.00019454801006903166 0.0005896165400517709 0.999999574736383 0.0002785963064785707 0.00019421937503871084 -0.00027882551130301025 0.9999998845344609 0.15490603279576476 0.13658850270689982 0.0003314832851231131
FixedParameters: 0 0 0
#Transform 214
Transform: MatrixOffsetTransformBase_double_3_3
Parameters: 0.999999850313799 -0.00035407819867462435 -0.00015593357111473582 0.00035416059423664693 0.9999998047122373 0.00026430680938183126 0.0001557463396992878 -0.00026441718261088765 0.99999990582606 0.1435305306382304 0.17795961191799847 -0.010957290435811728
FixedParameters: 0 0 0
#Transform 215
Transform: MatrixOffsetTransformBase_double_3_3
Parameters: 0.9999999844525472 -0.0006056442385817826 -0.0007656182539161477 0.0006058578992284092 0.9999991305925389 0.0007131443049649966 0.0007658528413714075 -0.0007138933609951437 0.999999960167908 0.12765664704512858 0.12373436711500574 0.014556640971633783
FixedParameters: 0 0 0
#Transform 216
Transform: MatrixOffsetTransformBase_double_3_3
Parameters: 0.9999998597757965 -0.0010139186717836495 -0.00021370630371718435 0.0010142143347201173 0.9999988164064381 0.00039490321049491517 0.00021401450252442333 -0.00039532204055359177 0.9999998634554287 0.12276452318077702 0.19593590913929404 -0.005071174232128328
FixedParameters: 0 0 0
#Transform 217
Transform: MatrixOffsetTransformBase_double_3_3
Parameters: 0.9999990708564298 -0.0005591271455774828 -0.0007880450798260011 0.0005591257674300871 0.9999993474383571 0.0006770297692410693 0.0007872846843503117 -0.0006767744825135064 0.9999997992357543 0.14247323266464207 0.1494379264924106 0.013276302041361987
FixedParameters: 0 0 0
#Transform 218
Transform: MatrixOffsetTransformBase_double_3_3
Parameters: 0.9999996620588746 -0.0011548512958265856 0.000018809235780264943 0.00115485336710139 0.9999995540673355 0.0003152418985973293 -0.00001941383309438799 -0.0003154222680187557 0.9999999169075131 0.11845735019849712 0.18304572276844056 -0.006272683141915536
FixedParameters: 0 0 0
#Transform 219
Transform: MatrixOffsetTransformBase_double_3_3
Parameters: 0.9999992467875093 -0.000829541772184212 -0.00005160345265072669 0.0008296994151813326 0.9999991225159295 0.00043587066208609915 0.00005186599038393275 -0.00043594247186130863 0.9999998687731407 0.11813852827067706 0.14349508980654946 -0.0012243356504342273
FixedParameters: 0 0 0
#Transform 220
Transform: MatrixOffsetTransformBase_double_3_3
Parameters: 0.9999990220162229 -0.0009836631514393108 0.00010192705124826423 0.0009836007332641736 0.9999989392667856 0.0003053880851144053 -0.00010252763329998693 -0.00030518698023293545 0.9999998963492862 0.09923564024985865 0.20970168316630122 -0.012792461591104143
FixedParameters: 0 0 0
#Transform 221
Transform: MatrixOffsetTransformBase_double_3_3
Parameters: 0.9999996312837603 -0.0010406730655985585 -0.0005308543976861174 0.001041200454883629 0.9999997219924671 0.000542146795223214 0.0005298561489345613 -0.0005425030667547265 0.999999328839317 0.10019073181938154 0.1505489685388426 0.005292202222648257
FixedParameters: 0 0 0
#Transform 222
Transform: MatrixOffsetTransformBase_double_3_3
Parameters: 0.9999993435920406 -0.0010710488598676734 -0.0006650519990627629 0.0010715190833009008 0.9999988727779898 0.000304569831934276 0.0006655155840698812 -0.000305007969208862 0.9999994173326692 0.11667369717918064 0.22914425213194534 0.0020076695176953763
FixedParameters: 0 0 0
#Transform 223
Transform: MatrixOffsetTransformBase_double_3_3
Parameters: 0.9999993741975812 -0.0011329695818458954 -0.0005825184725306715 0.0011322901834214978 0.9999997141807156 0.0003088713348665534 0.0005820620898779189 -0.0003095032943054299 0.9999994766041759 0.11289656500569833 0.1697279003571026 0.009800351086596493
FixedParameters: 0 0 0
#Transform 224
Transform: MatrixOffsetTransformBase_double_3_3
Parameters: 0.9999991683392563 -0.0012925706593370093 -0.0003962836469756509 0.0012927765521875082 0.9999993259657938 0.0003203098448967545 0.0003955859812149534 -0.00032058561366862803 0.9999996447818352 0.106455714907014 0.23019016907340983 -0.008893596771926582
FixedParameters: 0 0 0
#Transform 225
Transform: MatrixOffsetTransformBase_double_3_3
Parameters: 0.9999991621842917 -0.0013522616936114716 0.0000728065837964989 0.001352264529112959 0.9999991525651772 0.00007747176182898441 -0.00007289241859965989 -0.00007749925029341964 1.000000005396282 0.08294775654989905 0.1541487991357826 -0.00814217894497915
FixedParameters: 0 0 0
#Transform 226
Transform: MatrixOffsetTransformBase_double_3_3
Parameters: 0.9999990611808719 -0.0013884358057744423 0.00008463183562646553 0.0013883937593026597 0.9999989503872663 0.0003303105441499199 -0.00008542530966988704 -0.00033029894629850454 0.9999999003761465 0.09153711475268267 0.2299817483650628 -0.01584398192571257
FixedParameters: 0 0 0
#Transform 227
Transform: MatrixOffsetTransformBase_double_3_3
Parameters: 0.9999996983731972 -0.0009201854438860282 -0.0006721517602738328 0.0009195429069728993 0.9999991721182986 0.0002951753378328814 0.0006718524265947254 -0.0002954991749986452 0.9999993595868207 0.09474502341812752 0.15288808201721338 0.023498956805340754
FixedParameters: 0 0 0
#Transform 228
Transform: MatrixOffsetTransformBase_double_3_3
Parameters: 0.9999999276689593 -0.0009747267113682182 -0.0003440211471771801 0.0009749897642204533 0.9999999446668042 0.0004524142129780917 0.00034326994703769154 -0.0004523363624665544 0.9999995814976206 0.10468886025871882 0.2187960834287992 0.0016394458241393295
FixedParameters: 0 0 0
#Transform 229
Transform: MatrixOffsetTransformBase_double_3_3
Parameters: 0.9999997101377832 -0.0010453701593260553 -0.00043950548713293097 0.001045590057318655 0.9999989265980168 0.0003048158747588625 0.00043899898939723375 -0.00030476108843086047 0.9999996055293674 0.0948518613917031 0.1389513110785714 0.013709394635711192
FixedParameters: 0 0 0
#Transform 230
Transform: MatrixOffsetTransformBase_double_3_3
Parameters: 0.9999999602144025 -0.0010060188672726322 -0.00015423185265593664 0.0010061601184252608 0.999999804336821 0.0004128103812517381 0.00015352439383453653 -0.0004133445225776855 0.9999998223950315 0.10703053984597943 0.21353012710815733 -0.008554929416533241
FixedParameters: 0 0 0
#Transform 231
Transform: MatrixOffsetTransformBase_double_3_3
Parameters: 0.9999994608928324 -0.0007303285434489713 -0.00007567850011105243 0.0007303342639203014 0.9999994651864732 0.00003775214930828996 0.00007562327617857689 -0.00003786265228260255 0.9999999928472788 0.11666875807823374 0.15674539811045918 -0.002079665700009059
FixedParameters: 0 0 0
#Transform 232
Transform: MatrixOffsetTransformBase_double_3_3
Parameters: 0.9999993085549812 -0.0008272930349074552 -0.00008385062115300046 0.0008273228387942356 0.9999992838649311 0.0001779652524297043 0.00008355604215955909 -0.00017810375226273711 0.9999999612971329 0.11896809262319152 0.18996490060219173 -0.010605845828905558
FixedParameters: 0 0 0
#Transform 233
Transform: MatrixOffsetTransformBase_double_3_3
Parameters: 0.9999999506229709 -0.0010119382113170676 -0.00014640616298089437 0.001012041576785667 0.9999998698617762 0.00030502770767022735 0.00014591199354275358 -0.00030554804165378036 0.9999999021433932 0.1020167763459483 0.17056204655069962 -0.0012724165570006107
FixedParameters: 0 0 0
#Transform 234
Transform: MatrixOffsetTransformBase_double_3_3
Parameters: 0.9999991106609989 -0.0007596745397555581 -0.0005587795377942628 0.0007602230163862465 0.9999991812884349 0.0004906852805215134 0.0005580331009130482 -0.0004915340046039163 0.9999994469911219 0.10420311117199788 0.20018630954534444 0.012013508403910578
FixedParameters: 0 0 0
#Transform 235
Transform: MatrixOffsetTransformBase_double_3_3
Parameters: 0.9999990019116283 -0.0006662687497774504 -0.0007012313579913762 0.0006660494006539737 0.999999328873222 0.00046975320961586964 0.0007017038590069538 -0.0004707345389975276 0.9999993553060298 0.12037351318326728 0.1577456939952384 0.018896351972855996
FixedParameters: 0 0 0
#Transform 236
Transform: MatrixOffsetTransformBase_double_3_3
Parameters: 0.9999996763124639 -0.0010191706385151017 -0.0004670926633286096 0.0010200129040659478 0.9999993610685346 0.0007658065775718453 0.0004666393971564861 -0.0007669690809549295 0.9999992728551096 0.08683702179727959 0.19890906614824644 0.01140694515814289
FixedParameters: 0 0 0
#Transform 237
Transform: MatrixOffsetTransformBase_double_3_3
Parameters: 0.9999995959515812 -0.0002754573174727692 -0.0005151398766772425 0.0002758347927630097 0.9999998588032457 0.0002568029280297507 0.0005159840414538513 -0.0002570731205395055 0.999999729641337 0.1301081044866237 0.16379344065045132 0.010556155861848993
FixedParameters: 0 0 0
#Transform 238
Transform: MatrixOffsetTransformBase_double_3_3
Parameters: 0.9999992842452424 -0.0004686474462169011 -0.000704635421055741 0.0004685494244969649 0.999999371052567 0.0006339361085441336 0.0007041541635647436 -0.0006346570490167874 0.999999108523315 0.12734915837577887 0.1642953678445167 0.02244212975115545
FixedParameters: 0 0 0
#Transform 239
Transform: MatrixOffsetTransformBase_double_3_3
Parameters: 0.9999999953939603 -0.0000674295985834232 0.00000769753260834033 0.00006742953328286484 0.9999999954352675 0.000004242827629216683 -0.000007698104738933231 -0.000004241789739345414 0.9999999999227718 0.14040553843001646 0.15392797496711808 -0.008738985363905272
FixedParameters: 0 0 0
