#Insight Transform File V1.0
#Transform 0
Transform: MatrixOffsetTransformBase_double_3_3
Parameters: 0.999999652870164 -0.0002846402619288207 0.0003917947332387414 0.0002838390403016129 0.9999965707186447 0.0025214556622873002 -0.0003917408015784024 -0.002521146735338195 0.9999965939187746 -0.026220430063318645 0.06318418467147069 -0.2833962534512011
FixedParameters: 0 0 0
#Transform 1
Transform: MatrixOffsetTransformBase_double_3_3
Parameters: 0.9999997900791444 -0.0003079646111433156 0.0002535534171163034 0.00030777657163832614 0.9999968629005519 0.0024597864115571827 -0.00025456651432192307 -0.002459557794888406 0.9999969283650633 0.038765762404281645 0.02292013827022288 -0.4392878805456064
FixedParameters: 0 0 0
#Transform 2
Transform: MatrixOffsetTransformBase_double_3_3
Parameters: 0.9999999237523998 0.00031805009706028283 0.00023804612972078143 -0.00031870820440684476 0.9999954061554839 0.0030818992915198212 -0.00023780132139458732 -0.003082008430110833 0.9999953572287446 0.0010060781214491499 0.018384973191004406 -0.4276240800568445
FixedParameters: 0 0 0
#Transform 3
Transform: MatrixOffsetTransformBase_double_3_3
Parameters: 0.9999991968054317 -0.0007635634803245129 -0.0002211638214737327 0.0007641030190746641 0.9999953613640961 0.0028371341112574805 0.0002194050751660459 -0.0028374928267092953 0.9999960771625506 0.025298700460211876 0.007824086341429393 -0.40870999744788605
FixedParameters: 0 0 0
#Transform 4
Transform: MatrixOffsetTransformBase_double_3_3
Parameters: 0.9999996328272044 -0.00046910493326043825 0.0001958609665362182 0.0004681838132451514 0.9999960875583228 0.0027739469664073146 -0.00019698414618078003 -0.0027737383057248044 0.9999963747627236 0.03322781736461877 0.04976976627810359 -0.4250386422863244
FixedParameters: 0 0 0
#Transform 5
Transform: MatrixOffsetTransformBase_double_3_3
Parameters: 0.9999999007463592 -0.0008941025216061375 -0.00034706812305451695 0.0008951362403380875 0.9999960552841277 0.0024775079929107297 0.00034545787708627207 -0.002478147980310666 0.9999969241952713 0.029936101855128072 0.003295411179919938 -0.43828313495473026
FixedParameters: 0 0 0
#Transform 6
Transform: MatrixOffsetTransformBase_double_3_3
Parameters: 0.9999993171937196 -0.0006862597074979637 -0.00020158953899887533 0.0006866245948105509 0.9999956267344928 0.0028304768409175007 0.0002002868863267837 -0.002829802527297809 0.999996013497864 0.04420882942092419 0.050822425670332905 -0.44527681945099573
FixedParameters: 0 0 0
#Transform 7
Transform: MatrixOffsetTransformBase_double_3_3
Parameters: 0.9999998558249922 -0.0008886649489691688 -0.0004182349855867268 0.0008901122860344602 0.9999964090826476 0.002625781711663111 0.00041639454757719935 -0.002625797474586175 0.9999960151926335 0.01299263215022961 0.010813571815489809 -0.400364853200216
FixedParameters: 0 0 0
#Transform 8
Transform: MatrixOffsetTransformBase_double_3_3
Parameters: 0.9999991009910512 -0.0010662624808385427 -0.000727095996487237 0.001068187411270731 0.9999940477013555 0.003147293598172965 0.0007241725101222243 -0.003147999784281777 0.9999947048466326 0.02917600230105677 0.06476196729775552 -0.36431027482055356
FixedParameters: 0 0 0
#Transform 9
Transform: MatrixOffsetTransformBase_double_3_3
Parameters: 0.9999992634163046 -0.0006511153362105532 -0.00045110186207489994 0.000652987532771405 0.9999955858866646 0.0029946424009382883 0.00044878589516127165 -0.002995490787932917 0.9999949545560742 0.040145214179219124 0.027529584039271526 -0.4098922472255424
FixedParameters: 0 0 0
#Transform 10
Transform: MatrixOffsetTransformBase_double_3_3
Parameters: 0.9999996488550538 -0.0009717574364546538 -0.00048078608617137947 0.0009738431558485262 0.9999953442703157 0.002967082705485083 0.00047771964858883686 -0.002967289472755097 0.9999950463856282 0.04517487594883107 0.08535565910509035 -0.40703606535959125
FixedParameters: 0 0 0
#Transform 11
Transform: MatrixOffsetTransformBase_double_3_3
Parameters: 0.9999998854991244 -0.0006579426110238261 -0.0007540367761495054 0.0006603820383366387 0.999995628586934 0.002814466703414134 0.0007521525186771558 -0.002815555660268171 0.9999956339990603 0.05532454156640654 0.025780418096161384 -0.4093727082971981
FixedParameters: 0 0 0
#Transform 12
Transform: MatrixOffsetTransformBase_double_3_3
Parameters: 0.9999989149467355 -0.0010738160872581946 -0.0013254797315054787 0.001077294341760745 0.9999955110206445 0.0027462083659929026 0.0013226245954624932 -0.0027470900868449832 0.9999956659570213 0.0848226193360091 0.10175098863687992 -0.44359987377605137
FixedParameters: 0 0 0
#Transform 13
Transform: MatrixOffsetTransformBase_double_3_3
Parameters: 0.9999993305186473 -0.0006066230379296938 -0.00044307632691006904 0.000608445405093019 0.9999952572547176 0.0030792281253670534 0.00044080835453933626 -0.0030788298492979427 0.9999953225199345 0.03485184339007219 0.006562319158760488 -0.4003510707624116
FixedParameters: 0 0 0
#Transform 14
Transform: MatrixOffsetTransformBase_double_3_3
Parameters: 1.000000153866081 -0.0006249685602337449 -0.0005888616009257705 0.0006266717773615888 0.9999954357251479 0.003045134396248192 0.0005867604669735835 -0.0030449947615533574 0.999995391186976 0.045205185013060145 0.030114586719335534 -0.45265424151926936
FixedParameters: 0 0 0
#Transform 15
Transform: MatrixOffsetTransformBase_double_3_3
Parameters: 0.9999999249062373 -0.0007783657355616746 -0.0005457805429402163 0.0007801543625607747 0.9999941108298154 0.003204222983827887 0.0005434748919165497 -0.0032051547745710757 0.9999946163983843 0.04148020270486086 0.02957191675153581 -0.37247520427222014
FixedParameters: 0 0 0
#Transform 16
Transform: MatrixOffsetTransformBase_double_3_3
Parameters: 0.9999998163169145 -0.0008956603519753451 -0.0005181345693999681 0.0008975658919037153 0.9999962891615339 0.0026265579430884284 0.0005151373312853799 -0.0026275197415685098 0.9999969501745587 0.05811798737207141 0.07093658334218844 -0.42833844156632495
FixedParameters: 0 0 0
#Transform 17
Transform: MatrixOffsetTransformBase_double_3_3
Parameters: 0.9999992175256134 -0.0006070349121408032 -0.0004964074075227976 0.0006084572133973672 0.9999945994063189 0.0031649849621630255 0.0004951251757761149 -0.00316567141559973 0.9999949141267963 0.03872170791349561 0.026225225031666355 -0.3784366211883565
FixedParameters: 0 0 0
#Transform 18
Transform: MatrixOffsetTransformBase_double_3_3
Parameters: 0.9999995928590348 -0.0009762251504914698 -0.0005284225433925052 0.0009774161854928052 0.9999953637526177 0.002789681674129199 0.0005257920965186583 -0.002789821180955568 0.9999960138786742 0.05834420623233427 0.08207576818190887 -0.4688831162336271
FixedParameters: 0 0 0
#Transform 19
Transform: MatrixOffsetTransformBase_double_3_3
Parameters: 0.9999987355144272 -0.0006786428060895902 -0.0012804839011686872 0.0006835814439838548 0.9999940393076052 0.0034049233280394886 0.0012785200723535173 -0.0034056748385180163 0.9999938308922439 0.08935704001098088 0.052036587245936516 -0.39259448769504957
FixedParameters: 0 0 0
#Transform 20
Transform: MatrixOffsetTransformBase_double_3_3
Parameters: 0.9999983931225721 -0.0010640098399098685 -0.0011416342766603985 0.0010677917065600529 0.999995690936222 0.0028943278231517017 0.0011382797503139627 -0.0028949570059073615 0.999995286686761 0.09477058326923782 0.08648034915168523 -0.43781314291965145
FixedParameters: 0 0 0
#Transform 21
Transform: MatrixOffsetTransformBase_double_3_3
Parameters: 0.9999973423807142 -0.001325688146153848 -0.0016328909313489265 0.0013309308585125286 0.9999941708690124 0.003043517211710353 0.0016288307380764797 -0.003045930965759308 0.9999940977276492 0.08946351711203704 0.08803943587602703 -0.3410114853150503
FixedParameters: 0 0 0
#Transform 22
Transform: MatrixOffsetTransformBase_double_3_3
Parameters: 0.9999981366230438 -0.0008487517133283955 -0.0020076256680250024 0.0008541690030560529 0.9999955434203848 0.0028173885144363864 0.002005120523089446 -0.002818748962790621 0.9999939358222492 0.10908390682492097 0.07754470516267986 -0.3775882413500682
FixedParameters: 0 0 0
#Transform 23
Transform: MatrixOffsetTransformBase_double_3_3
Parameters: 0.9999989326619982 -0.001141625926760756 -0.0012606923200052592 0.0011451065901896358 0.9999955708147418 0.002863989579159981 0.0012571868589621796 -0.0028660997352787793 0.9999952950795152 0.09744505133964765 0.08869251152226809 -0.3220582777913137
FixedParameters: 0 0 0
#Transform 24
Transform: MatrixOffsetTransformBase_double_3_3
Parameters: 0.9999982398917324 -0.001094354664667077 -0.0011547934468047194 0.0010972103039296154 0.9999942522845782 0.0032767291833719348 0.0011515161301385926 -0.0032775638244138122 0.9999939673608248 0.09245211138086518 0.05210654793249603 -0.39175709980433737
FixedParameters: 0 0 0
#Transform 25
Transform: MatrixOffsetTransformBase_double_3_3
Parameters: 0.9999980496308192 -0.0012875017744610803 -0.0014350924315266883 0.0012920361563050322 0.9999941732490044 0.003217072784632513 0.0014308197684224921 -0.0032190757071162424 0.9999936312819728 0.08819210031998637 0.07141344051802889 -0.34216063710701405
FixedParameters: 0 0 0
#Transform 26
Transform: MatrixOffsetTransformBase_double_3_3
Parameters: 0.9999986181568096 -0.0009628722516740133 -0.0015124742765988755 0.0009681024823428412 0.9999942431069655 0.0033030999927722293 0.0015090060296270302 -0.0033050856465032946 0.9999938755871082 0.09193642654841483 0.053179361785751667 -0.37804335727172145
FixedParameters: 0 0 0
#Transform 27
Transform: MatrixOffsetTransformBase_double_3_3
Parameters: 0.9999984692851105 -0.0010373876274359893 -0.001134877249093065 0.0010408841788770622 0.9999947465975718 0.0032023410719083656 0.001131018934050397 -0.0032039286995207417 0.9999945371538658 0.08106572428421543 0.10754484364319694 -0.34771300531009786
FixedParameters: 0 0 0
#Transform 28
Transform: MatrixOffsetTransformBase_double_3_3
Parameters: 0.9999982863988353 -0.0009430435862317638 -0.0012872235623818326 0.0009475115985107686 0.9999949061994823 0.0032244327765554165 0.0012839326909833831 -0.003225123913627115 0.9999939164121392 0.09521840490877764 0.04590850208811048 -0.3815778447738296
FixedParameters: 0 0 0
#Transform 29
Transform: MatrixOffsetTransformBase_double_3_3
Parameters: 0.9999981727530161 -0.0011734353183805533 -0.0011314466368747625 0.001176166860212353 0.9999954814388002 0.002866971743717986 0.0011276305774978318 -0.002868857886373158 0.9999955838568613 0.09095632846128865 0.09439412564225336 -0.32998568772408987
FixedParameters: 0 0 0
#Transform 30
Transform: MatrixOffsetTransformBase_double_3_3
Parameters: 0.9999986574093174 -0.0010643508882442181 -0.0014262791553339982 0.0010688673080899939 0.999995566905238 0.0028940361484899174 0.001423149251714273 -0.0028963066746135607 0.9999946766527548 0.10206481148409807 0.07063787328242199 -0.3668176173054718
FixedParameters: 0 0 0
#Transform 31
Transform: MatrixOffsetTransformBase_double_3_3
Parameters: 0.9999994584117745 -0.0005776823781345405 -0.0003206524096565841 0.0005789671436907916 0.9999946175549055 0.0033207391378988343 0.00031827729169707497 -0.0033213711369253635 0.9999939921134081 0.0771629944814407 0.08216244718339283 -0.3871260315586227
FixedParameters: 0 0 0
#Transform 32
Transform: MatrixOffsetTransformBase_double_3_3
Parameters: 0.9999991045737832 -0.0006622302049820884 -0.0011646121381496677 0.0006663939389415455 0.9999936773363797 0.0034609049965654975 0.0011617026518769488 -0.003461472971905716 0.9999936698482264 0.08046073285794364 0.05811342786908824 -0.39512761050899314
FixedParameters: 0 0 0
#Transform 33
Transform: MatrixOffsetTransformBase_double_3_3
Parameters: 0.9999991185634234 -0.0006783197464317169 -0.0011475228907372875 0.0006817377252340698 0.9999945190152658 0.0031804458542945557 0.0011450097714227545 -0.003181026539773077 0.9999945754572234 0.09114824229931173 0.07498743727036583 -0.3878390072556499
FixedParameters: 0 0 0
#Transform 34
Transform: MatrixOffsetTransformBase_double_3_3
Parameters: 0.9999985078223536 -0.0006975625639169883 -0.0013788644222790733 0.0007017350185642285 0.9999948273796345 0.0032798927524264887 0.0013762000779543732 -0.003281128196310004 0.9999933670091129 0.09865220457670887 0.039830343000076596 -0.3814281431895239
FixedParameters: 0 0 0
#Transform 35
Transform: MatrixOffsetTransformBase_double_3_3
Parameters: 0.9999986954819544 -0.0008010608755440072 -0.0012487017633622047 0.0008044950914175052 0.9999943591394823 0.0033272633076461694 0.0012452846647863017 -0.0033285732920322053 0.9999933963199344 0.09758733217189786 0.10246910348257643 -0.3799024496156562
FixedParameters: 0 0 0
#Transform 36
Transform: MatrixOffsetTransformBase_double_3_3
Parameters: 0.9999983309520369 -0.0009546581991040229 -0.0012595269926648223 0.0009583881743535846 0.9999953067091681 0.0029958897168119447 0.0012567245585206957 -0.0029965563718709065 0.9999944119325812 0.08603710385250452 0.06118829131527548 -0.38193966929313206
FixedParameters: 0 0 0
#Transform 37
Transform: MatrixOffsetTransformBase_double_3_3
Parameters: 0.9999981983228051 -0.0011175163989030302 -0.0011502055050511897 0.0011213763145190014 0.9999941468932266 0.003268235382661286 0.0011466707519593444 -0.003270025633956397 0.999994136129692 0.10330313732040963 0.10893882368307573 -0.41929462434552534
FixedParameters: 0 0 0
#Transform 38
Transform: MatrixOffsetTransformBase_double_3_3
Parameters: 0.9999986678977034 -0.001011988856661315 -0.0010684247610786499 0.00101536340001561 0.9999937817182745 0.003374647480081705 0.0010643884740342002 -0.003375070142859718 0.9999934414141259 0.08810150874958822 0.044489195183970764 -0.3639331244037294
FixedParameters: 0 0 0
#Transform 39
Transform: MatrixOffsetTransformBase_double_3_3
Parameters: 0.9999985990763132 -0.0006997221370155281 -0.001320200138492239 0.0007042618163214751 0.9999947104607443 0.0031453744450960636 0.0013185821606958234 -0.0031462345131589575 0.9999944310487203 0.1127816233245511 0.08944230967321687 -0.4301450890043128
FixedParameters: 0 0 0
#Transform 40
Transform: MatrixOffsetTransformBase_double_3_3
Parameters: 0.9999983078575063 -0.0007315092613532055 -0.0014311320165797045 0.0007357816173551171 0.9999954754705327 0.0028428337742230636 0.0014288965243845347 -0.0028439528438728434 0.9999948804820953 0.10045442536555527 0.06611014775432977 -0.3424448473993067
FixedParameters: 0 0 0
#Transform 41
Transform: MatrixOffsetTransformBase_double_3_3
Parameters: 0.9999988071726427 -0.0009560834209999874 -0.0014517908354894984 0.0009608696984891108 0.999994346368613 0.00330503693120876 0.0014484968573955925 -0.00330613737482513 0.9999929493545554 0.11086236660507609 0.08005434468631734 -0.3976710511011561
FixedParameters: 0 0 0
#Transform 42
Transform: MatrixOffsetTransformBase_double_3_3
Parameters: 0.9999980522891815 -0.0008613256428234165 -0.0017430407125932218 0.00086698624019599 0.9999946186515967 0.003273049351784449 0.0017404070937993357 -0.003275188828023967 0.9999933285205216 0.11552580563672166 0.08901736886932099 -0.3614752347084078
FixedParameters: 0 0 0
#Transform 43
Transform: MatrixOffsetTransformBase_double_3_3
Parameters: 0.9999982299529344 -0.0008991565288886498 -0.001670207039121789 0.0009045298431825987 0.9999951010366491 0.0030474748250577943 0.0016677520374941066 -0.0030485803410354173 0.9999938903570629 0.11513588113304252 0.07872964376130653 -0.3929105170256122
FixedParameters: 0 0 0
#Transform 44
Transform: MatrixOffsetTransformBase_double_3_3
Parameters: 0.9999992517898445 -0.0008167380599508898 -0.0009561489801227577 0.0008191906210456906 0.999993843171685 0.0032534970034342886 0.0009536247000171416 -0.00325406679344932 0.9999945690233858 0.09259017526919422 0.09416340125785894 -0.37039182051758246
FixedParameters: 0 0 0
#Transform 45
Transform: MatrixOffsetTransformBase_double_3_3
Parameters: 0.9999990076673666 -0.0007644726187708362 -0.0011397707199002696 0.0007683340462538851 0.9999947820519478 0.0029553523077982813 0.001137063582417816 -0.002956057321741326 0.9999949710917145 0.11562376405208852 0.06529449493331185 -0.4285016619209614
FixedParameters: 0 0 0
#Transform 46
Transform: MatrixOffsetTransformBase_double_3_3
Parameters: 0.9999982101189405 -0.0009563532796535825 -0.001306862206130903 0.000960965777892152 0.9999948765875776 0.0032070686744489485 0.0013035102395763387 -0.0032088041879898693 0.9999940864240021 0.09707818138750213 0.07534025577481884 -0.36623269472964637
FixedParameters: 0 0 0
#Transform 47
Transform: MatrixOffsetTransformBase_double_3_3
Parameters: 0.9999987859660908 -0.0009236070109908089 -0.001090889871192241 0.0009262925555571146 0.9999955174427494 0.0029512498260863274 0.001088351607845553 -0.002952497686675312 0.9999951838170131 0.11166917919655361 0.07320985438933292 -0.4483413648566028
FixedParameters: 0 0 0
#Transform 48
Transform: MatrixOffsetTransformBase_double_3_3
Parameters: 0.9999983760894394 -0.000755481317298988 -0.0013745912830159662 0.0007600296580741114 0.9999940167478063 0.003390782836498074 0.0013722397940629238 -0.0033919335882515445 0.9999936835287286 0.10496928449563825 0.0825669156295703 -0.409026858508696
FixedParameters: 0 0 0
#Transform 49
Transform: MatrixOffsetTransformBase_double_3_3
Parameters: 0.9999982662836925 -0.0010196078404311653 -0.001234167916320604 0.0010230989417218958 0.9999953862158837 0.0029609658489866963 0.0012310482155575009 -0.0029617435083610782 0.9999946832244913 0.11842588985419411 0.06408949762094096 -0.3998142774612319
FixedParameters: 0 0 0
#Transform 50
Transform: MatrixOffsetTransformBase_double_3_3
Parameters: 0.9999988903217661 -0.0009591465972033043 -0.000979782119494059 0.0009622144693851925 0.9999932749570961 0.0034643072149378312 0.0009769173707564888 -0.003464433622922286 0.9999930707378626 0.10909398173973273 0.10212413919805385 -0.40773644526487374
FixedParameters: 0 0 0
#Transform 51
Transform: MatrixOffsetTransformBase_double_3_3
Parameters: 0.9999992172597523 -0.0007048605337980785 -0.0010593911489332405 0.0007087818444437063 0.9999933597012387 0.003636544159552363 0.0010569248074724785 -0.0036372739427801837 0.9999927301284214 0.10655651950118283 0.036970422341497056 -0.40743961678073504
FixedParameters: 0 0 0
#Transform 52
Transform: MatrixOffsetTransformBase_double_3_3
Parameters: 0.9999987619774878 -0.0009049153465129313 -0.0010902930149663329 0.0009084669477585818 0.9999943392935967 0.0033048363685989346 0.0010880834906021805 -0.0033060304992378886 0.9999940300363842 0.10650798897535196 0.10022078950950686 -0.4305256335445904
FixedParameters: 0 0 0
#Transform 53
Transform: MatrixOffsetTransformBase_double_3_3
Parameters: 0.9999992166619965 -0.0007109007433257694 -0.0010556460971336765 0.000714582591160912 0.9999940743561925 0.003535739897154541 0.0010532803851897449 -0.0035364769421416115 0.9999934609938238 0.11677708981441981 0.046903986084146254 -0.4059371335269333
FixedParameters: 0 0 0
#Transform 54
Transform: MatrixOffsetTransformBase_double_3_3
Parameters: 0.9999989957126947 -0.0007774008675384284 -0.0015138356760693791 0.0007824415478048978 0.9999947518562041 0.0032907047694619163 0.001510759022985718 -0.003291398332786716 0.9999927996510483 0.12554620484418422 0.0984486796482571 -0.42559592207112473
FixedParameters: 0 0 0
#Transform 55
Transform: MatrixOffsetTransformBase_double_3_3
Parameters: 0.9999982801428865 -0.0007445424405380444 -0.0014162516814850146 0.0007500412972738504 0.9999933358760112 0.003632294963322874 0.001413486447167371 -0.0036334798085873588 0.9999928675303569 0.12655048740191432 0.051210850234070904 -0.4047972794263046
FixedParameters: 0 0 0
#Transform 56
Transform: MatrixOffsetTransformBase_double_3_3
Parameters: 0.9999987461631697 -0.000999354324488935 -0.0014437188876306184 0.0010031944584677956 0.9999952280973453 0.002995203792719864 0.0014407625468293925 -0.0029961871475593788 0.9999949120888022 0.12577360926808012 0.13117470569017087 -0.4574115530509175
FixedParameters: 0 0 0
#Transform 57
Transform: MatrixOffsetTransformBase_double_3_3
Parameters: 0.9999979220191765 -0.0008212006687162224 -0.0017976225266722323 0.0008266089752418044 0.9999947971628224 0.003098848926807257 0.0017956633010383777 -0.003100937807893403 0.9999932485518579 0.1379945924520456 0.04965155383901276 -0.4100709493469452
FixedParameters: 0 0 0
#Transform 58
Transform: MatrixOffsetTransformBase_double_3_3
Parameters: 0.9999984926361905 -0.0007546223778083921 -0.0013303163555192232 0.0007596488179436277 0.9999945433816932 0.00332887223408751 0.0013280810872986562 -0.0033291456798352492 0.9999931192375455 0.10518078017162225 0.059971023606678386 -0.46042766294633
FixedParameters: 0 0 0
#Transform 59
Transform: MatrixOffsetTransformBase_double_3_3
Parameters: 0.9999983788336269 -0.0007993400553294389 -0.0016774453492600996 0.0008054215852902743 0.999994017671998 0.0032309012467060805 0.0016751711703287611 -0.0032324343878324113 0.999993808392492 0.11131910127838296 0.034008791717511144 -0.38257018844278434
FixedParameters: 0 0 0
#Transform 60
Transform: MatrixOffsetTransformBase_double_3_3
Parameters: 0.999999008145356 -0.0007912545483475314 -0.0014809451209053942 0.0007964438990621788 0.999995354137924 0.003018437696699655 0.0014790740853469 -0.0030197942928422566 0.9999947662854004 0.12049550854976587 0.04344198604624694 -0.4398647210415447
FixedParameters: 0 0 0
#Transform 61
Transform: MatrixOffsetTransformBase_double_3_3
Parameters: 0.9999985017268698 -0.0007415143978807132 -0.0013359828382712158 0.0007461421046436488 0.9999931016971034 0.0035425183417851364 0.0013335079509736378 -0.00354260093818784 0.9999926273439165 0.12228715958313785 0.047262276934944225 -0.40133987444275476
FixedParameters: 0 0 0
#Transform 62
Transform: MatrixOffsetTransformBase_double_3_3
Parameters: 0.9999987704820159 -0.0006799942428056364 -0.0012662579690879139 0.0006838881531339627 0.999993913808111 0.0034220871378187467 0.0012643782582504523 -0.003422882205377606 0.9999937566815423 0.13349765518958634 0.05003809032731965 -0.4214034106816342
FixedParameters: 0 0 0
#Transform 63
Transform: MatrixOffsetTransformBase_double_3_3
Parameters: 0.9999987843577692 -0.0007901257735680222 -0.0015757547477424083 0.0007953486440889041 0.9999942248503885 0.003198939305294954 0.0015727314484082974 -0.0032005168350353608 0.9999933008174973 0.13378744666134423 0.09553057766146367 -0.39504890605577714
FixedParameters: 0 0 0
#Transform 64
Transform: MatrixOffsetTransformBase_double_3_3
Parameters: 0.9999982908493281 -0.0003656010773722433 -0.001592832903551153 0.00037169164629236896 0.9999938383201297 0.0034807283547318435 0.0015910830188243727 -0.0034809994845252518 0.9999922974131443 0.14694504929640573 0.045997998437400156 -0.4189284350425879
FixedParameters: 0 0 0
#Transform 65
Transform: MatrixOffsetTransformBase_double_3_3
Parameters: 0.9999981818820712 -0.0008102713266990068 -0.0017486420783252507 0.0008154818427531614 0.9999944033620791 0.003184835146473469 0.0017455100268160481 -0.0031856209701044136 0.9999936972254958 0.1366379849477397 0.0882203451903365 -0.42205872487895135
FixedParameters: 0 0 0
#Transform 66
Transform: MatrixOffsetTransformBase_double_3_3
Parameters: 0.9999979820009968 -0.0007922085048686972 -0.0017962010048832022 0.0007991752109124343 0.9999928977438663 0.003544143220838958 0.001793460856820181 -0.0035459042147741454 0.9999922766305661 0.13846409730945197 0.05147613286635533 -0.40624427035297117
FixedParameters: 0 0 0
#Transform 67
Transform: MatrixOffsetTransformBase_double_3_3
Parameters: 0.9999976472695618 -0.001006641811393436 -0.001764481452126744 0.0010125961876355678 0.999993290485625 0.0035882169902425043 0.0017612416436450715 -0.003589981117808644 0.9999920448268214 0.14293376690318382 0.11529014098748291 -0.39340514914590585
FixedParameters: 0 0 0
#Transform 68
Transform: MatrixOffsetTransformBase_double_3_3
Parameters: 0.9999989701305775 -0.0007102404006061134 -0.001536762837649662 0.0007160815780632339 0.999992309387068 0.003776534821641059 0.0015342766896376397 -0.0037778550758974516 0.9999914530792071 0.12275461362089857 0.032953169263606696 -0.4015547720732826
FixedParameters: 0 0 0
#Transform 69
Transform: MatrixOffsetTransformBase_double_3_3
Parameters: 0.9999976288695872 -0.000960404437978294 -0.0018114980606706577 0.0009662398207536194 0.9999939388780247 0.003215458285241002 0.001808333799994323 -0.003216876829859397 0.9999933371016938 0.14102570620924837 0.0991329618784107 -0.3843922130920845
FixedParameters: 0 0 0
#Transform 70
Transform: MatrixOffsetTransformBase_double_3_3
Parameters: 0.9999984728188951 -0.0007356620281239387 -0.0016987922318385529 0.0007416338568025415 0.9999933780476186 0.0034883591557874766 0.0016955533740327933 -0.0034897851427177495 0.9999929497753585 0.145719287286326 0.03550131333071249 -0.41520216764273243
FixedParameters: 0 0 0
#Transform 71
Transform: MatrixOffsetTransformBase_double_3_3
Parameters: 0.9999975836214536 -0.0012554517008879773 -0.0016159509363821087 0.0012606312872577618 0.9999932648754617 0.0033680205740689584 0.0016114918951037824 -0.003370223667531494 0.999993075876551 0.1365545495718834 0.08897825100274304 -0.4084508205465909
FixedParameters: 0 0 0
#Transform 72
Transform: MatrixOffsetTransformBase_double_3_3
Parameters: 0.9999981700113635 -0.0007168203219806999 -0.00177531681137999 0.0007232769608659035 0.9999937217469779 0.0034595734053623067 0.0017732427725046726 -0.0034600608909905184 0.9999928343842323 0.1351253243920496 0.044047988758791234 -0.38424761246405126
FixedParameters: 0 0 0
#Transform 73
Transform: MatrixOffsetTransformBase_double_3_3
Parameters: 0.9999977172823769 -0.0008697233581103922 -0.00183260411459054 0.0008756584199257258 0.9999941678058141 0.003187795726598344 0.0018300634381952854 -0.0031898959543572997 0.9999935465861475 0.15263769656098702 0.10588966829382684 -0.3938059849327544
FixedParameters: 0 0 0
#Transform 74
Transform: MatrixOffsetTransformBase_double_3_3
Parameters: 0.9999973671905343 -0.0008653723790721154 -0.0019288833918836984 0.000871746945196844 0.9999937468191263 0.003420192270666103 0.0019259625730153884 -0.003421533572970814 0.9999925425510103 0.14279963087626868 0.0436721148443695 -0.3724145937190855
FixedParameters: 0 0 0
#Transform 75
Transform: MatrixOffsetTransformBase_double_3_3
Parameters: 0.9999986804495669 -0.000844111142714145 -0.0015808029235911403 0.0008492177116978701 0.9999944336393242 0.0031520677723560347 0.0015775137366942499 -0.003153823415186399 0.9999935825159898 0.13341585209242623 0.08801963579676908 -0.44108010540435316
FixedParameters: 0 0 0
#Transform 76
Transform: MatrixOffsetTransformBase_double_3_3
Parameters: 0.9999984788132416 -0.0006531731453519639 -0.0014121023173830072 0.000658021580897031 0.9999937738247314 0.003447403717785291 0.0014093838239301049 -0.0034483368365411243 0.9999931316300187 0.12968944357530177 0.019958094224548972 -0.3650384351631999
FixedParameters: 0 0 0
#Transform 77
Transform: MatrixOffsetTransformBase_double_3_3
Parameters: 0.9999985005343437 -0.0008495790744143051 -0.0016143906001206201 0.00085393483223682 0.9999945881537932 0.0031250303529754275 0.0016122142786888366 -0.003126906989370959 0.9999937114003012 0.14222767521272317 0.0874507086930123 -0.40541679659816054
FixedParameters: 0 0 0
#Transform 78
Transform: MatrixOffsetTransformBase_double_3_3
Parameters: 0.9999982784716202 -0.0007836318819113997 -0.001395924136444411 0.0007883221456474717 0.9999923352497297 0.0037740272533111074 0.0013927759569095297 -0.003774377722299785 0.9999917729785548 0.12377970237746183 0.03440352356888354 -0.39394376727604197
FixedParameters: 0 0 0
#Transform 79
Transform: MatrixOffsetTransformBase_double_3_3
Parameters: 0.9999982169049272 -0.0009810078676971545 -0.001629160152244298 0.0009858474870538389 0.9999945323885775 0.0032701357770992395 0.0016257590879386954 -0.0032714936154286806 0.9999936226585953 0.13893417989022794 0.09827551111757771 -0.37632304477951095
FixedParameters: 0 0 0
#Transform 80
Transform: MatrixOffsetTransformBase_double_3_3
Parameters: 0.9999986174396409 -0.0006384796828966177 -0.0016763946306200886 0.0006447761733580177 0.9999937320659071 0.0035967840051460837 0.001674679574379133 -0.003598064253963612 0.9999923292395139 0.14368607218102625 0.037370576067573325 -0.37067623854943577
FixedParameters: 0 0 0
#Transform 81
Transform: MatrixOffsetTransformBase_double_3_3
Parameters: 0.9999987904853211 -0.0007869811328266984 -0.001192946083378263 0.000790266452441798 0.9999940836237137 0.0033719318104189905 0.0011905386643875776 -0.0033731053144121226 0.9999932936838591 0.14574274437556767 0.09995228588898897 -0.4138944054435427
FixedParameters: 0 0 0
#Transform 82
Transform: MatrixOffsetTransformBase_double_3_3
Parameters: 0.9999972250128055 -0.0008569965759365359 -0.001969173318833964 0.0008634321531749613 0.9999933504957674 0.0036176126189710472 0.0019660828687424192 -0.0036192770901854465 0.9999910149869924 0.146583838800737 0.05103583105960752 -0.37159779855690545
FixedParameters: 0 0 0
#Transform 83
Transform: MatrixOffsetTransformBase_double_3_3
Parameters: 0.9999980507345337 -0.0008318875053252156 -0.0020369932926989007 0.000838287919846502 0.9999938227316697 0.003250001106311809 0.0020338394242199326 -0.003252378400326647 0.9999923053444817 0.156324517497751 0.1065594601497537 -0.3869460812694143
FixedParameters: 0 0 0
#Transform 84
Transform: MatrixOffsetTransformBase_double_3_3
Parameters: 0.9999964067496181 -0.0009107574317464987 -0.002366576948051015 0.0009183643638819685 0.9999933408875253 0.0034666008102396256 0.0023634821145370605 -0.0034688160624525566 0.9999913426213448 0.17295835756658562 0.05243905884319133 -0.35375398218681653
FixedParameters: 0 0 0
#Transform 85
Transform: MatrixOffsetTransformBase_double_3_3
Parameters: 0.9999969982651792 -0.0010603427957364539 -0.0021694023285717956 0.0010664461431350771 0.9999952378712865 0.0029710641419243705 0.0021663498195854045 -0.0029736661445897844 0.9999934328706845 0.17097045938699296 0.10360736705717954 -0.366118541074016
FixedParameters: 0 0 0
#Transform 86
Transform: MatrixOffsetTransformBase_double_3_3
Parameters: 0.9999971868752913 -0.0009049405869410304 -0.0021969962783354377 0.0009115065288541621 0.9999936973440431 0.003268218510584356 0.0021943166408517276 -0.0032700344645285317 0.9999924497223053 0.15533676321690848 0.04142378256230472 -0.34751323002751633
FixedParameters: 0 0 0
#Transform 87
Transform: MatrixOffsetTransformBase_double_3_3
Parameters: 0.9999989784806409 -0.0008109664845309152 -0.001482145048302276 0.000815518900151445 0.9999933021664373 0.003497459245428422 0.0014794881775651858 -0.003498024629628907 0.9999925424773664 0.16118204771518663 0.0942765062691251 -0.3850660672863455
FixedParameters: 0 0 0
#Transform 88
Transform: MatrixOffsetTransformBase_double_3_3
Parameters: 0.9999982928489927 -0.0005566585027453972 -0.0014942312621942927 0.000561282276747759 0.9999936947276199 0.0034749471651647768 0.001493247391566782 -0.0034757471807218 0.9999927688337724 0.13793418979888372 0.044034427575184054 -0.36188513103725484
FixedParameters: 0 0 0
#Transform 89
Transform: MatrixOffsetTransformBase_double_3_3
Parameters: 0.999997044655396 -0.0009115858058210058 -0.0022264089716637417 0.0009181132662238155 0.9999940218966511 0.0032162792389405365 0.002223780970809032 -0.003218178153098661 0.9999926562141921 0.16558671728755314 0.10627174830395347 -0.37677491400508245
FixedParameters: 0 0 0
#Transform 90
Transform: MatrixOffsetTransformBase_double_3_3
Parameters: 0.9999986942010098 -0.0008095457540215449 -0.001577054966246036 0.0008153887324813692 0.9999928688272758 0.0036810386775435744 0.0015739734918289935 -0.003682728896109974 0.9999920396006274 0.13198299975583438 0.051986703463910544 -0.36987429987594567
FixedParameters: 0 0 0
#Transform 91
Transform: MatrixOffsetTransformBase_double_3_3
Parameters: 0.9999990449018835 -0.0008338076465723874 -0.001445066716247459 0.0008379612272139065 0.9999949128467406 0.003078352000692536 0.0014429547956308492 -0.003079833621938907 0.9999945128254839 0.1644117774942231 0.10742033520048722 -0.436909997300333
FixedParameters: 0 0 0
#Transform 92
Transform: MatrixOffsetTransformBase_double_3_3
Parameters: 0.9999980745522713 -0.0008446287018295069 -0.001744990371816954 0.000849781007084144 0.9999937296463955 0.0034262634329920577 0.0017423292416946998 -0.003427435549643934 0.9999921928742523 0.14631214438797713 0.061961498657524317 -0.35480446356197604
FixedParameters: 0 0 0
#Transform 93
Transform: MatrixOffsetTransformBase_double_3_3
Parameters: 0.9999959673545739 -0.001389308380020434 -0.0024226449275416145 0.001396035718234886 0.9999945074488686 0.0029967313254970207 0.002418676608625013 -0.0029993417135675965 0.9999929503652955 0.17526556728689968 0.0915693403009783 -0.40515966824339955
FixedParameters: 0 0 0
#Transform 94
Transform: MatrixOffsetTransformBase_double_3_3
Parameters: 0.9999985315116365 -0.0008285164170746141 -0.00161698615493467 0.0008337794951523737 0.9999937711072658 0.003425336869051568 0.00161432368713825 -0.003426179424771983 0.9999926233354147 0.1501758000283786 0.05490372581600411 -0.3554524969679136
FixedParameters: 0 0 0
#Transform 95
Transform: MatrixOffsetTransformBase_double_3_3
Parameters: 0.9999968413925026 -0.0012271979421516564 -0.0021029832098612214 0.001234508452863387 0.9999935943639275 0.003329340532991887 0.0020989146270435632 -0.003332490692924267 0.999992516125967 0.18709939884699622 0.08555084605220031 -0.3817011490721711
FixedParameters: 0 0 0
#Transform 96
Transform: MatrixOffsetTransformBase_double_3_3
Parameters: 0.9999981504797114 -0.0012024278634898246 -0.0017791989963457724 0.0012071117068159663 0.9999952746130476 0.002909556331146465 0.0017764508110027222 -0.002911981143525144 0.9999944054331318 0.14728836571134707 0.06374069317575959 -0.30756073816463925
FixedParameters: 0 0 0
#Transform 97
Transform: MatrixOffsetTransformBase_double_3_3
Parameters: 0.9999973232597523 -0.0011750910795636999 -0.00203230242872237 0.0011818139975351433 0.9999937335837635 0.0033447968361885877 0.0020275693536333725 -0.003346601099349353 0.9999925368390771 0.17187228660017695 0.09556828136641116 -0.36935217910169627
FixedParameters: 0 0 0
#Transform 98
Transform: MatrixOffsetTransformBase_double_3_3
Parameters: 0.9999977416758239 -0.0012254501799912653 -0.0018778867842056748 0.001232542988184285 0.999993082779074 0.003407280947115135 0.0018735265540882479 -0.00340980887580368 0.9999928816296917 0.15452321214351628 0.048744139175980195 -0.3164584052524333
FixedParameters: 0 0 0
#Transform 99
Transform: MatrixOffsetTransformBase_double_3_3
Parameters: 0.999996581585992 -0.0015009356182531805 -0.002206408912283943 0.0015089875897991278 0.9999929727184126 0.00332685776875119 0.0022016376284098443 -0.003330482675367355 0.9999920401661998 0.17945229415737174 0.10312320639967254 -0.38491201378313633
FixedParameters: 0 0 0
#Transform 100
Transform: MatrixOffsetTransformBase_double_3_3
Parameters: 0.9999969063210643 -0.0013283285665641065 -0.002256301288796815 0.0013351358765170433 0.9999945438165759 0.0029984320747098586 0.002252696756900742 -0.0030014409631331923 0.999992837947691 0.16681741185487908 0.055288669515888955 -0.3203365094161228
FixedParameters: 0 0 0
#Transform 101
Transform: MatrixOffsetTransformBase_double_3_3
Parameters: 0.9999956891538697 -0.0015875212135608848 -0.002357498577619445 0.001595426954724125 0.9999941210723672 0.0031062900979721003 0.0023518662006481103 -0.00311078993829024 0.9999927089268514 0.16380104759630854 0.10529083805896278 -0.35742514024397565
FixedParameters: 0 0 0
#Transform 102
Transform: MatrixOffsetTransformBase_double_3_3
Parameters: 0.9999966843685381 -0.0014951398662182772 -0.0021869997330785165 0.0015032466085613686 0.9999937110616134 0.0033836653347420614 0.0021821048516364946 -0.0033864594398759634 0.9999916474119699 0.1592189867038485 0.07543341080496191 -0.3385634450775541
FixedParameters: 0 0 0
#Transform 103
Transform: MatrixOffsetTransformBase_double_3_3
Parameters: 0.9999982057455589 -0.0010073238480797636 -0.0016150130485135597 0.0010126913664686658 0.9999942538541327 0.0031506476664636407 0.0016116899988915662 -0.0031520018659039056 0.9999934325599171 0.14581369293109958 0.09925395260071923 -0.3490460705465921
FixedParameters: 0 0 0
#Transform 104
Transform: MatrixOffsetTransformBase_double_3_3
Parameters: 0.9999990347937758 -0.0008280302844917136 -0.0014518536481729419 0.0008327005484053329 0.999993885663328 0.0032422809488868165 0.0014495034696947254 -0.0032437577066585926 0.9999934571427822 0.15606791754558458 0.04942468067507377 -0.3362227300899576
FixedParameters: 0 0 0
#Transform 105
Transform: MatrixOffsetTransformBase_double_3_3
Parameters: 0.9999969174604135 -0.0013425729601642513 -0.0020127411533916797 0.0013493190268683971 0.9999932324452453 0.003339015132915679 0.002007879469485177 -0.003342404914091282 0.9999928234233222 0.1680172622133682 0.08842323079929315 -0.3864345274544405
FixedParameters: 0 0 0
#Transform 106
Transform: MatrixOffsetTransformBase_double_3_3
Parameters: 0.9999980848798824 -0.0010295706606710843 -0.0016412624611988544 0.0010347148364221329 0.99999282117909 0.0036466832036471525 0.0016367546268740499 -0.003648285110493671 0.9999919821833685 0.1513764230740975 0.04596106304568082 -0.38012330144260886
FixedParameters: 0 0 0
#Transform 107
Transform: MatrixOffsetTransformBase_double_3_3
Parameters: 0.9999959555118824 -0.0013923159556757216 -0.002423351696306919 0.0013992629309011002 0.9999941948953674 0.003027986458293802 0.0024192689705845732 -0.003031586129805447 0.9999928683046102 0.1907858422720352 0.1017793230152364 -0.3874333965368777
FixedParameters: 0 0 0
#Transform 108
Transform: MatrixOffsetTransformBase_double_3_3
Parameters: 0.9999956538897317 -0.0014878800125480776 -0.0026144155596502655 0.00149698984142146 0.9999926235523151 0.0034007936308124848 0.0026097403292693264 -0.003404505123919585 0.9999904656531929 0.16420083321142442 0.0454967869797116 -0.32365474553488127
FixedParameters: 0 0 0
#Transform 109
Transform: MatrixOffsetTransformBase_double_3_3
Parameters: 0.9999958684746365 -0.0015166069238553197 -0.0023525800936193206 0.0015246777368314816 0.9999928652318871 0.003334522959827821 0.0023477934285118934 -0.0033387223016110162 0.9999913285201748 0.166610556115117 0.09797057655441677 -0.3781530580033916
FixedParameters: 0 0 0
#Transform 110
Transform: MatrixOffsetTransformBase_double_3_3
Parameters: 0.9999957737348159 -0.0015451461745734371 -0.0025575769675860657 0.0015540719016419397 0.9999934832592753 0.003246411357419418 0.0025528778259110013 -0.0032501845579863964 0.9999917789954722 0.15820743786882474 0.05857770744340485 -0.31374804535303724
FixedParameters: 0 0 0
#Transform 111
Transform: MatrixOffsetTransformBase_double_3_3
Parameters: 0.9999954155473305 -0.0015320047217931452 -0.002437285284534345 0.0015401346948810566 0.9999935316210905 0.0032435222233419547 0.002432683301677757 -0.003247082216041225 0.9999914113465024 0.17104813494285054 0.10244937687095046 -0.3535204415069586
FixedParameters: 0 0 0
#Transform 112
Transform: MatrixOffsetTransformBase_double_3_3
Parameters: 0.999996543392864 -0.0014701020715526588 -0.002000768615013908 0.0014772645675269558 0.9999932137397735 0.0034508778152032155 0.0019957170684090086 -0.003453984593779616 0.9999920747071505 0.1604934238350637 0.058402568084773065 -0.3137281183031746
FixedParameters: 0 0 0
#Transform 113
Transform: MatrixOffsetTransformBase_double_3_3
Parameters: 0.9999954361787967 -0.0015132094763557731 -0.00244584173153118 0.0015219188073219989 0.9999924251256579 0.003543919042310259 0.0024404290314287355 -0.0035484476925796565 0.9999904437942154 0.18336683265943066 0.09663942761969224 -0.3752164198672858
FixedParameters: 0 0 0
#Transform 114
Transform: MatrixOffsetTransformBase_double_3_3
Parameters: 0.9999965402840039 -0.0013168203705214163 -0.0021051876538308936 0.001324416351230531 0.9999931284781951 0.003381789944309363 0.0021013762231988503 -0.0033843370451929755 0.9999921051801401 0.16589913738704354 0.0566595446666156 -0.31461524071417557
FixedParameters: 0 0 0
#Transform 115
Transform: MatrixOffsetTransformBase_double_3_3
Parameters: 0.9999970533371965 -0.0014950011620817232 -0.002116436529137261 0.0015020176409188775 0.9999935086299301 0.003266108184357519 0.0021109134229785054 -0.0032684755270878108 0.9999926611947892 0.17589047221702003 0.10697461897530047 -0.3625991230470902
FixedParameters: 0 0 0
#Transform 116
Transform: MatrixOffsetTransformBase_double_3_3
Parameters: 0.999995709052509 -0.001849284717014012 -0.0023481361741207393 0.0018569957520052837 0.9999919555239722 0.003465619398267561 0.002341749722440098 -0.0034704365520859537 0.9999914149987685 0.16109658243837544 0.063462637702699 -0.3361872869580367
FixedParameters: 0 0 0
#Transform 117
Transform: MatrixOffsetTransformBase_double_3_3
Parameters: 0.9999958287190455 -0.0018706942225021391 -0.002305427873322899 0.0018777710272661792 0.99999240199348 0.003406130459639417 0.002299127140938634 -0.0034099142225726964 0.9999919134210291 0.18914464911743778 0.10690057149766119 -0.35093168146792664
FixedParameters: 0 0 0
#Transform 118
Transform: MatrixOffsetTransformBase_double_3_3
Parameters: 0.999996525822945 -0.0017408236393153583 -0.0020224032798687383 0.001747990567012623 0.9999920392734692 0.003633267361823969 0.0020159430021678623 -0.0036375758622978482 0.9999917621004727 0.17082144260592713 0.05381433704410199 -0.309998610101772
FixedParameters: 0 0 0
#Transform 119
Transform: MatrixOffsetTransformBase_double_3_3
Parameters: 0.9999950675231267 -0.002013349195240378 -0.0023501175291322923 0.0020210439800014248 0.9999923668809373 0.003473280935643683 0.0023425692789297084 -0.0034781261641092798 0.999991255524831 0.1907177692323927 0.10772158972847024 -0.3640079677143717
FixedParameters: 0 0 0
#Transform 120
Transform: MatrixOffsetTransformBase_double_3_3
Parameters: 0.9999964384634167 -0.0017369892042142718 -0.0020471256866061716 0.0017446868103563702 0.99999141737538 0.003735017006811142 0.0020403457354350937 -0.003738424243463684 0.9999908030195288 0.17706858961457783 0.06480265219818193 -0.33667367507621293
FixedParameters: 0 0 0
#Transform 121
Transform: MatrixOffsetTransformBase_double_3_3
Parameters: 0.9999960824836617 -0.0017726057599636823 -0.002313625271190313 0.0017809965731069863 0.9999919845212422 0.003639601428669745 0.002308136345284331 -0.003644150863070919 0.9999904118612883 0.18555502267284396 0.0931137224966676 -0.37705721432563166
FixedParameters: 0 0 0
#Transform 122
Transform: MatrixOffsetTransformBase_double_3_3
Parameters: 0.9999969241968469 -0.0017423705640807969 -0.001935381768034497 0.001749073330438675 0.9999923684658616 0.003462789020769172 0.0019285412378052674 -0.0034657783341148912 0.9999921445921552 0.16669782775558417 0.0773591132684146 -0.31845303730013086
FixedParameters: 0 0 0
#Transform 123
Transform: MatrixOffsetTransformBase_double_3_3
Parameters: 0.9999958073643836 -0.0017722949435439181 -0.0021663918590014153 0.0017794336490743138 0.9999927151342796 0.00339539668141621 0.0021606791132311176 -0.0033993717056084866 0.9999917237136369 0.17821987233014625 0.06652630970320672 -0.34170210296103676
FixedParameters: 0 0 0
#Transform 124
Transform: MatrixOffsetTransformBase_double_3_3
Parameters: 0.999995571899354 -0.0020996483073602405 -0.002144609688187027 0.002107536093906263 0.9999911626025582 0.0035945919868828335 0.0021368242111503913 -0.0035989027177308897 0.9999913765321946 0.18290773794304016 0.10890162671580583 -0.33627785485415984
FixedParameters: 0 0 0
#Transform 125
Transform: MatrixOffsetTransformBase_double_3_3
Parameters: 0.999995716239325 -0.0020217201583802727 -0.0019429797657120884 0.0020292827168837003 0.9999912360729294 0.0036127169038781826 0.0019355623551368176 -0.0036170142112313675 0.9999911860694183 0.18293652407284355 0.06858860312675574 -0.3480322113427121
FixedParameters: 0 0 0
#Transform 126
Transform: MatrixOffsetTransformBase_double_3_3
Parameters: 0.9999954581308059 -0.002168342828833927 -0.0021015648070919282 0.002175554938275346 0.9999915013014612 0.0035037908408134255 0.0020938050469403585 -0.003508431818300864 0.9999912194025777 0.18856913518246188 0.11429412664188021 -0.3317916148562148
FixedParameters: 0 0 0
#Transform 127
Transform: MatrixOffsetTransformBase_double_3_3
Parameters: 0.9999945830379539 -0.0021525316202541996 -0.0023157282587664765 0.0021613266013671304 0.999991451176112 0.0035380796994506775 0.0023078099733056523 -0.0035423843232031266 0.9999909057882146 0.19236200278930937 0.0852266160821955 -0.3547829996484779
FixedParameters: 0 0 0
#Transform 128
Transform: MatrixOffsetTransformBase_double_3_3
Parameters: 0.9999941977746625 -0.0023648192620758174 -0.0025929185202198807 0.002373467346801197 0.9999908341790302 0.0034880915465599766 0.0025850653038925198 -0.003494572188065301 0.9999909575363117 0.2060479920590268 0.13068761642610127 -0.33683519114106275
FixedParameters: 0 0 0
#Transform 129
Transform: MatrixOffsetTransformBase_double_3_3
Parameters: 0.9999952444451402 -0.0021177193862596273 -0.002202759461644617 0.002124522964961635 0.9999919063559186 0.0034778502369831182 0.0021954555410187426 -0.003482544500585341 0.999991954998233 0.19833620929706797 0.066355616825021 -0.3297716520075511
FixedParameters: 0 0 0
#Transform 130
Transform: MatrixOffsetTransformBase_double_3_3
Parameters: 0.9999930085945391 -0.0024182051442831433 -0.002766978967321615 0.0024276830383289606 0.9999910939696808 0.003429505062013588 0.002759040686906876 -0.003436135199757967 0.9999903188444687 0.20862131821982643 0.10286562486608375 -0.33761370733348883
FixedParameters: 0 0 0
#Transform 131
Transform: MatrixOffsetTransformBase_double_3_3
Parameters: 0.9999953658546238 -0.002285364999637385 -0.0019811544399936515 0.00229219350953239 0.9999913413409525 0.003591984371956375 0.001973157197524507 -0.0035967751171025186 0.9999911581237972 0.18857555120783331 0.07652673610249394 -0.3439210166106932
FixedParameters: 0 0 0
#Transform 132
Transform: MatrixOffsetTransformBase_double_3_3
Parameters: 0.9999954753485667 -0.002185897278167221 -0.0020792343225043974 0.002192385571050619 0.9999913814026168 0.0033668714336633765 0.002071954028945555 -0.003371262430967581 0.9999922409482861 0.20910970757219616 0.10801801110356735 -0.37081639129580424
FixedParameters: 0 0 0
#Transform 133
Transform: MatrixOffsetTransformBase_double_3_3
Parameters: 0.9999949930141739 -0.002289201052522857 -0.0022977730494847803 0.0022975296743565172 0.9999909988585345 0.003652479776474843 0.0022895848706180402 -0.0036576034974408755 0.9999902482140691 0.20480286441929252 0.053207994900517974 -0.3312631286112264
FixedParameters: 0 0 0
#Transform 134
Transform: MatrixOffsetTransformBase_double_3_3
Parameters: 0.9999921687881563 -0.002604581652184455 -0.002915012890499044 0.002615762502364622 0.9999892525356852 0.0037096724996329433 0.0029054303503731824 -0.00371718017048063 0.9999884343592693 0.21780633229529656 0.09581889837177471 -0.36602718504299503
FixedParameters: 0 0 0
#Transform 135
Transform: MatrixOffsetTransformBase_double_3_3
Parameters: 0.9999936075405468 -0.002295892549259532 -0.0025753080142478374 0.0023052095459626517 0.9999914208837748 0.0034490187410482764 0.0025680009482680205 -0.00345522905381912 0.9999903250640597 0.19777648248857815 0.082122793018641 -0.292192265707925
FixedParameters: 0 0 0
#Transform 136
Transform: MatrixOffsetTransformBase_double_3_3
Parameters: 0.9999924365514401 -0.0022779531074497757 -0.002991493900364149 0.0022880222011068896 0.9999917098181264 0.0032889424468898476 0.0029841724109094594 -0.0032956143772825686 0.9999898967346527 0.20637101139615766 0.09665333329998305 -0.3589686121395772
FixedParameters: 0 0 0
#Transform 137
Transform: MatrixOffsetTransformBase_double_3_3
Parameters: 0.9999943620792103 -0.0022346565908525655 -0.0026761601744984265 0.0022438837070302836 0.9999910795202125 0.003675939766174363 0.002668362550548989 -0.003682182505685083 0.9999901765277807 0.1954972035021001 0.052308019043010745 -0.3266459774445849
FixedParameters: 0 0 0
#Transform 138
Transform: MatrixOffsetTransformBase_double_3_3
Parameters: 0.9999939999035315 -0.002509309784742398 -0.00249383262376536 0.0025181009181856843 0.9999899274418055 0.003669861715146494 0.002484064453375019 -0.0036758409605159997 0.9999900654802941 0.20831933040012984 0.0923231068335042 -0.37327672923760247
FixedParameters: 0 0 0
#Transform 139
Transform: MatrixOffsetTransformBase_double_3_3
Parameters: 0.999993478954389 -0.002296323301857049 -0.0026005498265695842 0.002305986041423699 0.9999911815502874 0.0034850034670126095 0.002592949497243452 -0.0034911078723972727 0.9999909292888342 0.199078267293487 0.05285513131234154 -0.33007808834636876
FixedParameters: 0 0 0
#Transform 140
Transform: MatrixOffsetTransformBase_double_3_3
Parameters: 0.9999926417485847 -0.002332631049565317 -0.0029142527331723345 0.002342922886755857 0.99999159693296 0.0034150396652893045 0.002905980455332649 -0.0034219010181162773 0.9999895211189822 0.22297440044785333 0.09522790889468524 -0.32909112109574323
FixedParameters: 0 0 0
#Transform 141
Transform: MatrixOffsetTransformBase_double_3_3
Parameters: 0.9999942725739168 -0.002307410249694198 -0.002629790611740457 0.0023171995732209254 0.9999908820917063 0.0036565852272824745 0.0026215548199583355 -0.003663166586478736 0.9999895738023821 0.20722206758719608 0.055699124754070795 -0.31260254074852867
FixedParameters: 0 0 0
#Transform 142
Transform: MatrixOffsetTransformBase_double_3_3
Parameters: 0.9999933470164667 -0.0023131916020004886 -0.0028068780886082514 0.002323133647216126 0.9999912139899626 0.003484024028454713 0.0027984214997573975 -0.003490272959172036 0.999989660793553 0.21586793324365772 0.12258303503888612 -0.35201652168358066
FixedParameters: 0 0 0
#Transform 143
Transform: MatrixOffsetTransformBase_double_3_3
Parameters: 0.9999947641287511 -0.0021069303094503004 -0.002318460147177015 0.0021150615489430643 0.9999916662761079 0.0033761222612178066 0.0023115426508995285 -0.003380975138793041 0.9999921091132543 0.18324930714368293 0.04762512805028507 -0.2765292502694052
FixedParameters: 0 0 0
#Transform 144
Transform: MatrixOffsetTransformBase_double_3_3
Parameters: 0.9999932525115809 -0.0024720031622428402 -0.0026736397004674464 0.0024821875069331494 0.9999903701165715 0.003496765929628637 0.0026648837537108228 -0.0035031700861632153 0.9999903555440093 0.2085979268904481 0.10617831228746866 -0.3321641494955401
FixedParameters: 0 0 0
#Transform 145
Transform: MatrixOffsetTransformBase_double_3_3
Parameters: 0.9999943508410462 -0.0025841957838217446 -0.002340950752617671 0.002592495833810925 0.9999906262883805 0.0033772669732471533 0.002332047709104508 -0.003382706133711458 0.9999918564571051 0.20384465735723722 0.051485986099649494 -0.2600177565570192
FixedParameters: 0 0 0
#Transform 146
Transform: MatrixOffsetTransformBase_double_3_3
Parameters: 0.9999912626463721 -0.002812860244576593 -0.0030456773254547848 0.0028242728667537964 0.9999890565769058 0.003598580501397733 0.003035178267031542 -0.0036068373671205994 0.9999893442453056 0.2178487762148933 0.10138075403165203 -0.3047446994438019
FixedParameters: 0 0 0
#Transform 147
Transform: MatrixOffsetTransformBase_double_3_3
Parameters: 0.9999930950485606 -0.0026741357766810296 -0.0025029068021031955 0.0026822751164938107 0.9999904993221977 0.003323914992946514 0.0024937916630445797 -0.0033307018066534994 0.9999914342827091 0.19737629975030302 0.07710687710401487 -0.2503699448721619
FixedParameters: 0 0 0
#Transform 148
Transform: MatrixOffsetTransformBase_double_3_3
Parameters: 0.9999942509507996 -0.0025074640001412343 -0.0024316651208688284 0.0025159161912567066 0.9999899360782143 0.0036703427492629642 0.002422896004239755 -0.0036759881362133096 0.9999904278254734 0.19806415819840595 0.10138041551186916 -0.29935095705273795
FixedParameters: 0 0 0
#Transform 149
Transform: MatrixOffsetTransformBase_double_3_3
Parameters: 0.9999939372208477 -0.002449128230128739 -0.002553533972819766 0.002459046948914163 0.9999888401588355 0.003980326304311124 0.002543655084803337 -0.003986349165910022 0.999988452483507 0.202410949818983 0.05340265173491332 -0.3255233881124724
FixedParameters: 0 0 0
#Transform 150
Transform: MatrixOffsetTransformBase_double_3_3
Parameters: 0.9999945153705561 -0.002493733900211955 -0.0023911013581918023 0.0025023265063618388 0.9999893047175421 0.0037490849761431383 0.0023820303439702137 -0.003755433015605464 0.999990148974927 0.19759927429322488 0.1056145586623245 -0.34343918517804184
FixedParameters: 0 0 0
#Transform 151
Transform: MatrixOffsetTransformBase_double_3_3
Parameters: 0.9999919500528399 -0.002621034365093676 -0.002927666676871471 0.002632224386790367 0.9999891145583637 0.00384777145068764 0.0029182111842510072 -0.003855489339533738 0.99998837931618 0.20729639716634551 0.054749740786661505 -0.3235969900088378
FixedParameters: 0 0 0
#Transform 152
Transform: MatrixOffsetTransformBase_double_3_3
Parameters: 0.9999935408864316 -0.002522302752524748 -0.0027473083664908 0.0025329900555446537 0.9999896009425874 0.0038355572143500133 0.0027376956212843 -0.0038429344098102197 0.9999885575163601 0.2048050347644761 0.08337637825805189 -0.32387613481819244
FixedParameters: 0 0 0
#Transform 153
Transform: MatrixOffsetTransformBase_double_3_3
Parameters: 0.9999931211966454 -0.002128339136206532 -0.0029890433502330407 0.0021395748804223713 0.9999905385743243 0.003825162528746956 0.0029803952241661477 -0.0038310539253235826 0.9999881063642163 0.21302302628431846 0.047814340402680955 -0.34061435140753815
FixedParameters: 0 0 0
#Transform 154
Transform: MatrixOffsetTransformBase_double_3_3
Parameters: 0.9999936239464616 -0.0025239185916805717 -0.0025421953060518615 0.0025335557731660007 0.9999887644581148 0.003942801782965244 0.002531910667470265 -0.0039491467814505715 0.9999888074509236 0.19769057583420135 0.05600709074110455 -0.3084124832243873
FixedParameters: 0 0 0
#Transform 155
Transform: MatrixOffsetTransformBase_double_3_3
Parameters: 0.9999936384976836 -0.002504348114505255 -0.002558136181780593 0.002514413189410876 0.9999899206187056 0.003807264569932939 0.002548571551815308 -0.0038135323707923635 0.999989769045015 0.19794562302034535 0.04642401461998702 -0.32350834397357175
FixedParameters: 0 0 0
#Transform 156
Transform: MatrixOffsetTransformBase_double_3_3
Parameters: 0.9999949684607012 -0.0020580592266401096 -0.0023195033769470436 0.0020667286598917813 0.9999905037430887 0.00370883344915178 0.002311531714744311 -0.0037135250926675217 0.9999907516245377 0.18495419110109879 0.071017515964229 -0.2892592305027648
FixedParameters: 0 0 0
#Transform 157
Transform: MatrixOffsetTransformBase_double_3_3
Parameters: 0.9999926286987695 -0.0024228624914202374 -0.0028329721324568194 0.0024334196286714214 0.9999896241610111 0.003897047012565033 0.0028227054342067417 -0.003904144035880977 0.9999885323383997 0.21284420256895942 0.04594292443270831 -0.3223680040569832
FixedParameters: 0 0 0
#Transform 158
Transform: MatrixOffsetTransformBase_double_3_3
Parameters: 0.9999942153251046 -0.002242762131928559 -0.002696369828427185 0.002253001828343433 0.9999912495142916 0.0036642541311926735 0.0026884572627935907 -0.003669600341864407 0.9999900380413071 0.20722945576993368 0.0622249583543919 -0.3001334396241191
FixedParameters: 0 0 0
#Transform 159
Transform: MatrixOffsetTransformBase_double_3_3
Parameters: 0.9999914277565709 -0.0024969417276173734 -0.003285687658251664 0.002510334261568742 0.9999891308218509 0.0039434396473326805 0.0032757119864083722 -0.00395088251232327 0.9999872183605074 0.23118058770782568 0.07701244387712336 -0.3348628889956444
FixedParameters: 0 0 0
#Transform 160
Transform: MatrixOffsetTransformBase_double_3_3
Parameters: 0.9999924302985049 -0.0026858884618939493 -0.0029568467009675817 0.0026977511415310195 0.9999881925298105 0.003921480836228605 0.0029466144663861313 -0.003929733956080511 0.9999876386515852 0.22088020674000575 0.09170527570893228 -0.29790249906479005
FixedParameters: 0 0 0
#Transform 161
Transform: MatrixOffsetTransformBase_double_3_3
Parameters: 0.9999916100060429 -0.002202385950646279 -0.0033262040830167525 0.002215898690618487 0.9999895842963222 0.003922846196062521 0.0033175298282669824 -0.003929300531271787 0.999987146879597 0.23138504409166671 0.057709770276659356 -0.31824141792100136
FixedParameters: 0 0 0
#Transform 162
Transform: MatrixOffsetTransformBase_double_3_3
Parameters: 0.9999922105523007 -0.0024297856925071396 -0.003065557775567322 0.00244044221101906 0.9999909051671226 0.003448506658552772 0.0030575532863418367 -0.003456493450554571 0.9999894385829615 0.2191031534120924 0.09146188548969292 -0.2799482425919706
FixedParameters: 0 0 0
#Transform 163
Transform: MatrixOffsetTransformBase_double_3_3
Parameters: 0.9999933102076677 -0.0024775476218536997 -0.0028181722492922265 0.002489103207482281 0.9999891101277588 0.004051651982400942 0.002808801449336734 -0.004059186263990988 0.9999875211414663 0.24680997057112108 0.06683556043005012 -0.3134790215241736
FixedParameters: 0 0 0
#Transform 164
Transform: MatrixOffsetTransformBase_double_3_3
Parameters: 0.999992387632537 -0.002816116161773131 -0.002850942684706745 0.0028268810754107504 0.9999893154153738 0.0035435037800621016 0.002840736600654037 -0.0035518164943395686 0.9999900054311215 0.23620496242112665 0.08887246153710748 -0.269233201721363
FixedParameters: 0 0 0
#Transform 165
Transform: MatrixOffsetTransformBase_double_3_3
Parameters: 0.9999912253833539 -0.002767704562914638 -0.003082401876933906 0.002779949516477741 0.9999885040822352 0.0038228952311529785 0.0030720694189814435 -0.0038323287627119312 0.999987641754837 0.248401782375538 0.0578454806716735 -0.30755699326135755
FixedParameters: 0 0 0
#Transform 166
Transform: MatrixOffsetTransformBase_double_3_3
Parameters: 0.9999897075975688 -0.00264032753573196 -0.003574362133070323 0.002654082717394651 0.999989404378275 0.0038107750049442557 0.0035641856857459714 -0.003820747653952114 0.9999862725167651 0.253010835828988 0.08644535019399768 -0.3162612742426205
FixedParameters: 0 0 0
#Transform 167
Transform: MatrixOffsetTransformBase_double_3_3
Parameters: 0.9999902578933673 -0.0028770126113955245 -0.0032855009770224805 0.0028908703759683895 0.9999875736771973 0.004138902393599833 0.003273605465596907 -0.004148344253177311 0.9999856833516134 0.24701993365894737 0.05585009932080709 -0.31210182291482624
FixedParameters: 0 0 0
#Transform 168
Transform: MatrixOffsetTransformBase_double_3_3
Parameters: 0.9999887468986695 -0.003214216196034331 -0.003508703923592267 0.0032268433152474706 0.9999879821129029 0.003728650655910881 0.0034959324889014057 -0.0037395772498283464 0.9999871070390799 0.25799176040381155 0.11132130389945871 -0.2887069713940349
FixedParameters: 0 0 0
#Transform 169
Transform: MatrixOffsetTransformBase_double_3_3
Parameters: 0.999990065926142 -0.0029860318036062598 -0.0032261875604942883 0.0029978862887514793 0.9999879147929148 0.003765247416379028 0.003214657283119267 -0.0037747709227545223 0.9999879468831703 0.25651170768337295 0.058818658665416024 -0.29690238521727963
FixedParameters: 0 0 0
#Transform 170
Transform: MatrixOffsetTransformBase_double_3_3
Parameters: 0.9999907449540915 -0.002975002284474627 -0.003128715042227441 0.0029871182326468328 0.9999879482952467 0.003753492953442586 0.003117339020122095 -0.0037635016768884644 0.9999877735121291 0.2605813391135996 0.12724412319434464 -0.30961746603179563
FixedParameters: 0 0 0
#Transform 171
Transform: MatrixOffsetTransformBase_double_3_3
Parameters: 0.9999902329825607 -0.0033730835120249275 -0.0027648601191757397 0.0033837378837146574 0.9999873550601505 0.003773426570368957 0.00275235298364309 -0.003783068893691885 0.9999888139390289 0.255320133921046 0.06269144217910139 -0.2933940522356977
FixedParameters: 0 0 0
#Transform 172
Transform: MatrixOffsetTransformBase_double_3_3
Parameters: 0.9999896127485465 -0.0035202706875888208 -0.003041438619688093 0.003531132117452005 0.9999862943589386 0.00380831498422278 0.0030279342229521805 -0.0038186672695399992 0.9999877270357399 0.25601163038133734 0.10281343662008169 -0.2981128389033927
FixedParameters: 0 0 0
#Transform 173
Transform: MatrixOffsetTransformBase_double_3_3
Parameters: 0.9999923382283108 -0.0029587048764330047 -0.002689493074565473 0.002969764238212858 0.9999873769942326 0.003970261431824829 0.0026777149116472346 -0.003977711353743044 0.9999887223074057 0.26161854137599505 0.06716199843955906 -0.3065321559094514
FixedParameters: 0 0 0
#Transform 174
Transform: MatrixOffsetTransformBase_double_3_3
Parameters: 0.9999909064746376 -0.003301070878114664 -0.00272971070889496 0.003311759325333335 0.9999874185404795 0.003828633223178335 0.002717384625069423 -0.0038376464775247976 0.9999885883341488 0.25768966060395826 0.11543829683218121 -0.26819704243790454
FixedParameters: 0 0 0
#Transform 175
Transform: MatrixOffsetTransformBase_double_3_3
Parameters: 0.9999895336846901 -0.003265715866557481 -0.0031810135023884675 0.00327806940884791 0.9999875253686522 0.0037288953239957706 0.003168734548866077 -0.00373932563251779 0.99998748291994 0.2667410890129105 0.07783362269032068 -0.26410653525384475
FixedParameters: 0 0 0
#Transform 176
Transform: MatrixOffsetTransformBase_double_3_3
Parameters: 0.9999883108246255 -0.0037624333210080313 -0.003127738075689765 0.0037738400427317423 0.9999858658175096 0.003628354841776038 0.00311374359920754 -0.0036407654722626914 0.999988526823427 0.2697482888592049 0.119401097658141 -0.2623210840017691
FixedParameters: 0 0 0
#Transform 177
Transform: MatrixOffsetTransformBase_double_3_3
Parameters: 0.9999893707815147 -0.0035311473202206513 -0.0029015085832406473 0.0035419966587767757 0.9999861199458155 0.003822499517790734 0.002887587493798263 -0.0038318666555353237 0.9999884424678026 0.275193097735837 0.08164918731154103 -0.27821233165759907
FixedParameters: 0 0 0
#Transform 178
Transform: MatrixOffsetTransformBase_double_3_3
Parameters: 0.9999876582702837 -0.0038671802685710634 -0.00325171657554766 0.0038798305523497483 0.999984723582424 0.0038365592103564855 0.0032364574273260477 -0.003848685089648321 0.999987029533972 0.2820138590440848 0.13851748700595579 -0.2965201368431849
FixedParameters: 0 0 0
#Transform 179
Transform: MatrixOffsetTransformBase_double_3_3
Parameters: 0.9999893375738278 -0.0037880060706921106 -0.0027391688114198204 0.0037976202886888816 0.9999854002407169 0.003798144273146578 0.0027247017639590865 -0.003808196276808243 0.9999886355191134 0.26348525150575597 0.07923126515741785 -0.2925631040768053
FixedParameters: 0 0 0
#Transform 180
Transform: MatrixOffsetTransformBase_double_3_3
Parameters: 0.9999870126904331 -0.0037976790138363175 -0.003279453329681846 0.003810389497890085 0.9999853821974204 0.0038051281972180523 0.003264833619121242 -0.0038179900586414878 0.9999871931029205 0.28744667086576214 0.12078139170213831 -0.3168259121073618
FixedParameters: 0 0 0
#Transform 181
Transform: MatrixOffsetTransformBase_double_3_3
Parameters: 0.9999881375219303 -0.0036876762312937745 -0.003074363791135938 0.0036999743885252033 0.9999860064003541 0.003831830492632235 0.003060281422452002 -0.003842622527873929 0.9999873010907981 0.2725747943847949 0.06435916493296645 -0.2710523409855483
FixedParameters: 0 0 0
#Transform 182
Transform: MatrixOffsetTransformBase_double_3_3
Parameters: 0.9999875012990217 -0.004124943905817878 -0.0027462432654510247 0.004134832964513299 0.9999837672284176 0.0038059449992669664 0.0027312456183816794 -0.0038171190956695217 0.9999885617379524 0.26434965994285164 0.12349335943005713 -0.3062683231689931
FixedParameters: 0 0 0
#Transform 183
Transform: MatrixOffsetTransformBase_double_3_3
Parameters: 0.9999863634653265 -0.004058225055444099 -0.003197766706796064 0.004071223603214836 0.9999835385756108 0.003920460188220842 0.003182323447662061 -0.003933584759545944 0.9999868572552199 0.25871110416809984 0.07642159398186266 -0.2793649787704169
FixedParameters: 0 0 0
#Transform 184
Transform: MatrixOffsetTransformBase_double_3_3
Parameters: 0.9999857676398425 -0.004200942240881955 -0.0032813368837639537 0.004213193915549076 0.9999849181068301 0.0035962632722120053 0.0032655469660897787 -0.003609991748679875 0.9999885186567383 0.2887139722388383 0.12938816350911964 -0.3062366193231867
FixedParameters: 0 0 0
#Transform 185
Transform: MatrixOffsetTransformBase_double_3_3
Parameters: 0.9999882748492727 -0.0038163999930354666 -0.002899984948155153 0.0038263960834644915 0.9999863792287678 0.003499637185321619 0.00288647864058527 -0.0035108060180299022 0.9999898243805229 0.26124009205607024 0.08446397465526445 -0.2492590272539985
FixedParameters: 0 0 0
#Transform 186
Transform: MatrixOffsetTransformBase_double_3_3
Parameters: 0.9999886963128344 -0.0038729753501739878 -0.0029028230704367664 0.0038839144342328056 0.9999848015421631 0.00379153313249804 0.0028887359473876925 -0.0038030845464165353 0.9999888065872948 0.2905403058527014 0.10595944914072675 -0.3178382625452656
FixedParameters: 0 0 0
#Transform 187
Transform: MatrixOffsetTransformBase_double_3_3
Parameters: 0.9999858056453866 -0.00411765236354251 -0.003218085886374497 0.004129536179182018 0.9999846484621061 0.0035920576681810895 0.0032039224353129017 -0.0036047106788157646 0.9999880191505988 0.26410534624747584 0.10289368384066222 -0.2688761041783465
FixedParameters: 0 0 0
#Transform 188
Transform: MatrixOffsetTransformBase_double_3_3
Parameters: 0.999986799048416 -0.004189039872061675 -0.0031154989475921727 0.004201701335925852 0.9999843569751564 0.0038187800629490287 0.0030999032062511284 -0.00383123855030075 0.9999880639018768 0.2866427043602897 0.15225835264946852 -0.2873495323564157
FixedParameters: 0 0 0
#Transform 189
Transform: MatrixOffsetTransformBase_double_3_3
Parameters: 0.9999874281056023 -0.0041907428630258885 -0.0028610898182230907 0.004200962410754455 0.9999851770992235 0.0033989235002340884 0.002846926442801198 -0.0034111064076820657 0.9999907047753799 0.26468924266477245 0.09589293205787897 -0.2263273126553429
FixedParameters: 0 0 0
#Transform 190
Transform: MatrixOffsetTransformBase_double_3_3
Parameters: 0.999987590753632 -0.004376376572368488 -0.0023179412722114864 0.0043838018009746595 0.9999843467748585 0.003555922965750885 0.00230225845717294 -0.003566251735142398 0.9999906556132361 0.2848367994230756 0.13437926445867276 -0.2777989323524963
FixedParameters: 0 0 0
#Transform 191
Transform: MatrixOffsetTransformBase_double_3_3
Parameters: 0.9999848747699536 -0.004801757731540677 -0.002655818212454593 0.004811383620207945 0.9999817453628757 0.0036945862822883174 0.0026379834544896646 -0.003707238005302149 0.9999897670098468 0.2729808464183492 0.12745628914406382 -0.24390283053588746
FixedParameters: 0 0 0
#Transform 192
Transform: MatrixOffsetTransformBase_double_3_3
Parameters: 0.9999820494096772 -0.005376101219358453 -0.0025921632881440657 0.005386567838839847 0.999976656829509 0.004248205125836388 0.0025694029576314587 -0.004261969948340313 0.9999878424123064 0.3194774654593999 0.15503040721991113 -0.31955152393270225
FixedParameters: 0 0 0
#Transform 193
Transform: MatrixOffsetTransformBase_double_3_3
Parameters: 0.999976923938303 -0.006215099550229411 -0.0027914266779844044 0.006227439086706001 0.9999704161972265 0.00457259320182514 0.0027631366027544915 -0.004590198490540792 0.9999858443121996 0.33311648574382957 0.10518751054590325 -0.3068885029751556
FixedParameters: 0 0 0
#Transform 194
Transform: MatrixOffsetTransformBase_double_3_3
Parameters: 0.9999779685092691 -0.006078185558541802 -0.002758729226571742 0.006089728429124066 0.9999725782426151 0.004166244203603911 0.002733577571304685 -0.0041833746155844065 0.9999874814729154 0.34268323906687215 0.14883332070094468 -0.3073139344797653
FixedParameters: 0 0 0
#Transform 195
Transform: MatrixOffsetTransformBase_double_3_3
Parameters: 0.999980034476409 -0.005882525855088479 -0.0022119336612084553 0.00589246759503247 0.9999729979998875 0.004342040172171116 0.0021858709895031803 -0.004355642633466231 0.9999881453100891 0.32819163072198876 0.10303745110802254 -0.3001996305699919
FixedParameters: 0 0 0
#Transform 196
Transform: MatrixOffsetTransformBase_double_3_3
Parameters: 0.9999711639765196 -0.007188318175799939 -0.0024838694913406206 0.007200458670567192 0.9999623468592831 0.004802339748720519 0.002448925948918844 -0.004820373947721557 0.9999855028377265 0.40081388070665014 0.16027603082122255 -0.363833920960019
FixedParameters: 0 0 0
#Transform 197
Transform: MatrixOffsetTransformBase_double_3_3
Parameters: 0.9999745376857895 -0.006864931588747356 -0.0021420065288107887 0.006874606430012545 0.9999667258875234 0.00435509510026634 0.002112053328038023 -0.0043694305557887 0.9999882393072693 0.33897497687596 0.11375886914430566 -0.3071451918400072
FixedParameters: 0 0 0
#Transform 198
Transform: MatrixOffsetTransformBase_double_3_3
Parameters: 0.9999692597973193 -0.007464784088852271 -0.0024400174622243725 0.007476282557840334 0.9999609698056605 0.004741071328741797 0.002404571139813065 -0.004759271369026374 0.9999862859022743 0.3852399311328014 0.13566197685878478 -0.35243908480683217
FixedParameters: 0 0 0
#Transform 199
Transform: MatrixOffsetTransformBase_double_3_3
Parameters: 0.9999727510816113 -0.007028963709803995 -0.0024427796086541748 0.007040061860859933 0.9999654085488127 0.004491804814293288 0.0024117783326480582 -0.0045094387110545114 0.9999865742991025 0.3323213011182702 0.14203625007759513 -0.32815512647313483
FixedParameters: 0 0 0
#Transform 200
Transform: MatrixOffsetTransformBase_double_3_3
Parameters: 0.9999690875949827 -0.007384194025482997 -0.0025396171800726314 0.007395118326399508 0.9999625784332075 0.00449439917832678 0.00250662096039643 -0.004512527829207302 0.999986822014994 0.34624716936610866 0.140855928697178 -0.3479221939234236
FixedParameters: 0 0 0
#Transform 201
Transform: MatrixOffsetTransformBase_double_3_3
Parameters: 0.9999708272337955 -0.007381482926043994 -0.002177725004360531 0.007391346947971223 0.9999622553667913 0.004499436912397736 0.002144576988737802 -0.004515221845698761 0.99998782283657 0.35225676937153594 0.15411853880617343 -0.35290491143615554
FixedParameters: 0 0 0
#Transform 202
Transform: MatrixOffsetTransformBase_double_3_3
Parameters: 0.9999662461887652 -0.007827355688457532 -0.0025078251273253915 0.007839234652281833 0.9999574323911639 0.004873548023596033 0.0024693293357047133 -0.004892333165343293 0.9999845239635242 0.3942527718820088 0.09905564268684941 -0.3733977290855961
FixedParameters: 0 0 0
#Transform 203
Transform: MatrixOffsetTransformBase_double_3_3
Parameters: 0.9999619359364641 -0.008308210727515752 -0.0024268564367657675 0.008318416878796454 0.9999552016361504 0.004494300823535094 0.002389360365100429 -0.004514763168044583 0.9999874558450247 0.41640470261204143 0.16805440031036767 -0.3393391619930384
FixedParameters: 0 0 0
#Transform 204
Transform: MatrixOffsetTransformBase_double_3_3
Parameters: 0.9999617763496617 -0.008486643841024589 -0.002009943669637762 0.008494853089507214 0.9999538460870728 0.00439791788575751 0.0019726480554371553 -0.004414653222869089 0.9999884260912499 0.4113846384446873 0.13071686798336657 -0.30983564721167056
FixedParameters: 0 0 0
#Transform 205
Transform: MatrixOffsetTransformBase_double_3_3
Parameters: 0.9999559481277872 -0.009182001630238731 -0.0018830602128278723 0.009190326991053162 0.9999493869493139 0.004188569217625018 0.0018441206849883 -0.004206205612812264 0.9999897060840404 0.4427286479117072 0.2009449555379348 -0.30731122531817334
FixedParameters: 0 0 0
#Transform 206
Transform: MatrixOffsetTransformBase_double_3_3
Parameters: 0.9999574148860142 -0.009096220170445129 -0.0015909674314921046 0.009103202782063216 0.9999485903222918 0.004439636439462297 0.0015500520150346642 -0.004453534068142528 0.9999889024941332 0.4346046283242657 0.13450055234210367 -0.2980410014376105
FixedParameters: 0 0 0
#Transform 207
Transform: MatrixOffsetTransformBase_double_3_3
Parameters: 0.9999571440789128 -0.009087895076495343 -0.0017542160009976493 0.009095412250461203 0.9999494590750986 0.004255225889709363 0.0017147447514475264 -0.004270910130796196 0.9999897107097964 0.44743306474286726 0.20946582174497053 -0.310305033024008
FixedParameters: 0 0 0
#Transform 208
Transform: MatrixOffsetTransformBase_double_3_3
Parameters: 0.9999581404037803 -0.00890222924159189 -0.00205996413280346 0.008911697063094751 0.9999495333960015 0.004538043043651463 0.0020198361002472798 -0.004555988647808526 0.9999879796422443 0.42090482643936866 0.12993591003645122 -0.2797378629958587
FixedParameters: 0 0 0
#Transform 209
Transform: MatrixOffsetTransformBase_double_3_3
Parameters: 0.9999542710235723 -0.009381717420358189 -0.0018410366727407423 0.009389346448364491 0.9999466797085249 0.004316253944114723 0.0018003710519376784 -0.0043333377568506165 0.9999888291457117 0.47763472594519385 0.21841305501081365 -0.31799697339864963
FixedParameters: 0 0 0
#Transform 210
Transform: MatrixOffsetTransformBase_double_3_3
Parameters: 0.9999583718666313 -0.009052352788869584 -0.0015190970696422196 0.009059131916070575 0.9999484915747348 0.004527332981086915 0.0014779674752613547 -0.0045407471816029665 0.9999885119229088 0.4564986896418901 0.14478202688106023 -0.29638388116144654
FixedParameters: 0 0 0
#Transform 211
Transform: MatrixOffsetTransformBase_double_3_3
Parameters: 0.9999548706321235 -0.009298118768808098 -0.0020099801874230577 0.009308686420385202 0.9999446758935546 0.004825788512585957 0.0019652091656402956 -0.004844248797182357 0.9999866844794001 0.4860099356655496 0.17181971146247577 -0.3390830557773796
FixedParameters: 0 0 0
#Transform 212
Transform: MatrixOffsetTransformBase_double_3_3
Parameters: 0.9999543992324342 -0.009408786728468028 -0.001619165095442493 0.00941631943639681 0.9999455997589092 0.004469805440488958 0.0015772382011148 -0.004484880210316358 0.9999886008067219 0.45428655730158596 0.14647059052464328 -0.2938593445817901
FixedParameters: 0 0 0
#Transform 213
Transform: MatrixOffsetTransformBase_double_3_3
Parameters: 0.9999523682704526 -0.009705078585488448 -0.0012449545576884297 0.00971152683556039 0.999940334188281 0.005032724789179419 0.0011964943679541457 -0.005044162580789213 0.9999870359157201 0.4638292895535585 0.1692512827366528 -0.3473400262533204
FixedParameters: 0 0 0
#Transform 214
Transform: MatrixOffsetTransformBase_double_3_3
Parameters: 0.9999547165377223 -0.009426989881252422 -0.0009831955335117548 0.00943134014438421 0.9999448162416863 0.004559404532927233 0.0009392158581015692 -0.004568682832805218 0.999989133751261 0.44509949010370065 0.1749281458293126 -0.30904986765544606
FixedParameters: 0 0 0
#Transform 215
Transform: MatrixOffsetTransformBase_double_3_3
Parameters: 0.9999562513679509 -0.009331703409421868 -0.0010749767731113996 0.009337109918085701 0.9999459267374283 0.004645394257565119 0.0010311230209945968 -0.0046549941073738554 0.9999890872381152 0.46255003477895684 0.14240695824669558 -0.32830335291149026
FixedParameters: 0 0 0
#Transform 216
Transform: MatrixOffsetTransformBase_double_3_3
Parameters: 0.999942110391471 -0.01061784833724975 -0.0015314438630119886 0.010624430502032534 0.9999325548701824 0.0045932410287269215 0.0014826189726799416 -0.004609037726849244 0.9999878247899153 0.48144567941695016 0.20766166753293192 -0.302111155956041
FixedParameters: 0 0 0
#Transform 217
Transform: MatrixOffsetTransformBase_double_3_3
Parameters: 0.9999480357628895 -0.010108538314604357 -0.0014545566087248857 0.010115255126200415 0.9999380071870485 0.004576330086486349 0.001408048876050956 -0.004590822056621105 0.9999883326202668 0.4669052277180725 0.1545119986298431 -0.3008745064304179
FixedParameters: 0 0 0
#Transform 218
Transform: MatrixOffsetTransformBase_double_3_3
Parameters: 0.9999456135589146 -0.010405567457025297 -0.0011435300766087786 0.010411093956775972 0.9999344396950641 0.004708622391366726 0.0010937963526700956 -0.004720209477723891 0.999988317065599 0.47580797682999787 0.2164919461598913 -0.30337971419062626
FixedParameters: 0 0 0
#Transform 219
Transform: MatrixOffsetTransformBase_double_3_3
Parameters: 0.9999467142133932 -0.010262900820912843 -0.0010778366171869114 0.010267686257142302 0.9999361108173511 0.004621990858117292 0.0010311087256942505 -0.004632687844766656 0.999988365850132 0.5094439699831383 0.14964854347152823 -0.28892643695704123
FixedParameters: 0 0 0
#Transform 220
Transform: MatrixOffsetTransformBase_double_3_3
Parameters: 0.9999481282333328 -0.010130392259610849 -0.0012857064143197705 0.010135390607159988 0.9999388856107065 0.004530314845216002 0.0012389677878126629 -0.004542654312057692 0.999989281158432 0.5144200574662818 0.17983020154346718 -0.2938170351696954
FixedParameters: 0 0 0
#Transform 221
Transform: MatrixOffsetTransformBase_double_3_3
Parameters: 0.9999463879194336 -0.010228449994518031 -0.0014633432906013127 0.010235312480806223 0.9999360278530856 0.004853767363609984 0.0014131357922751997 -0.0048682418734238425 0.9999867970853092 0.5208988838684689 0.15196120410408298 -0.32634434884316477
FixedParameters: 0 0 0
#Transform 222
Transform: MatrixOffsetTransformBase_double_3_3
Parameters: 0.9999426516570195 -0.010651442347146555 -0.0013535603301729066 0.010658872546322003 0.9999311700087085 0.004953167745152379 0.0013004620676969336 -0.0049672846737706805 0.999987374311597 0.5180975219178663 0.20080986199269546 -0.33377565070341575
FixedParameters: 0 0 0
#Transform 223
Transform: MatrixOffsetTransformBase_double_3_3
Parameters: 0.999943981653472 -0.01044272072350209 -0.0014533766059679348 0.010449034493747565 0.9999341236068242 0.0047054781875621315 0.0014044446060236665 -0.004719624612725792 0.9999881531948397 0.520378023285204 0.14162932677142237 -0.3162333969776796
FixedParameters: 0 0 0
#Transform 224
Transform: MatrixOffsetTransformBase_double_3_3
Parameters: 0.9999424651485073 -0.010678015566282898 -0.0008002475411219984 0.010681571494735607 0.999931721666309 0.004668795653248015 0.0007500592213679838 -0.004677393892612389 0.9999888103672329 0.5195494821660702 0.21305660128135173 -0.32779260527242116
FixedParameters: 0 0 0
#Transform 225
Transform: MatrixOffsetTransformBase_double_3_3
Parameters: 0.9999440311422354 -0.010548703103887263 -0.0009719441296007353 0.010553245827557912 0.9999339900861196 0.004528778747353232 0.0009238221043724529 -0.004538455703492608 0.9999894194943727 0.5135352265449882 0.12723662131843128 -0.2812909609734504
FixedParameters: 0 0 0
#Transform 226
Transform: MatrixOffsetTransformBase_double_3_3
Parameters: 0.9999412306131511 -0.010789287852408803 -0.0011120588895857653 0.010794586624648338 0.9999289845630306 0.004954590043652396 0.0010588186214024534 -0.004966235482100054 0.9999872750639696 0.5440933002897026 0.19892657899563915 -0.3368467710017313
FixedParameters: 0 0 0
#Transform 227
Transform: MatrixOffsetTransformBase_double_3_3
Parameters: 0.9999425295582338 -0.01073351346264658 -0.00012037574278873919 0.010733872572379441 0.9999289856361235 0.005158060059999331 0.00006489717982299803 -0.005159366495885456 0.9999868086054824 0.49883178501482917 0.1283972994771858 -0.3392051263048188
FixedParameters: 0 0 0
#Transform 228
Transform: MatrixOffsetTransformBase_double_3_3
Parameters: 0.9999415059833898 -0.01075919923166678 -0.0008226933218351412 0.0107625594889448 0.9999301611749762 0.0048696362507966995 0.0007705037487734587 -0.004878093424980232 0.9999879516696696 0.5419856277040509 0.19452530103481536 -0.33842229049206196
FixedParameters: 0 0 0
#Transform 229
Transform: MatrixOffsetTransformBase_double_3_3
Parameters: 0.9999273417244054 -0.012024483574208988 -0.0004463778179772393 0.012025414027550582 0.999919014774413 0.004230259592098079 0.00039522140185543203 -0.004234992962820747 0.9999912470870792 0.5518126730613631 0.10867275482746663 -0.3242831823484238
FixedParameters: 0 0 0
#Transform 230
Transform: MatrixOffsetTransformBase_double_3_3
Parameters: 0.999919692033752 -0.012637073212843953 -0.0004492752820538237 0.012639222870870749 0.9999093348661511 0.0046449619045577095 0.00039120835544317195 -0.004649937266528556 0.9999889602362387 0.5372692804928363 0.15571060778945878 -0.32737046800370706
FixedParameters: 0 0 0
#Transform 231
Transform: MatrixOffsetTransformBase_double_3_3
Parameters: 0.9999232892940867 -0.012415640496964666 0.00020171927505054088 0.01241432194472125 0.9999111019848971 0.004943714207309338 -0.00026359920679837334 -0.004940893243533986 0.9999873684323881 0.5332412093141272 0.18708118120193262 -0.36978451249767375
FixedParameters: 0 0 0
#Transform 232
Transform: MatrixOffsetTransformBase_double_3_3
Parameters: 0.999921360062382 -0.012552382767447468 0.0007324902423138102 0.012549335381142477 0.9999094427443115 0.004893448832071864 -0.0007945140404507986 -0.004884312300302285 0.9999881644670331 0.5281334320782065 0.09674423208538485 -0.3709899693483152
FixedParameters: 0 0 0
#Transform 233
Transform: MatrixOffsetTransformBase_double_3_3
Parameters: 0.9999216726135323 -0.012474533877959899 0.0006488326267098249 0.012472221352042977 0.9999118534743527 0.004550288160120403 -0.0007054686323635026 -0.004541310167311033 0.9999890422404184 0.5488804607048365 0.2042938051423846 -0.34209309602513827
FixedParameters: 0 0 0
#Transform 234
Transform: MatrixOffsetTransformBase_double_3_3
Parameters: 0.9999140808427893 -0.01311623060085615 0.0005591473575210087 0.013113927240411785 0.9999027628029685 0.004742191561893691 -0.0006216082795889449 -0.004734476580203678 0.9999885261259409 0.5801439537624162 0.1643791490557618 -0.32843656656406495
FixedParameters: 0 0 0
#Transform 235
Transform: MatrixOffsetTransformBase_double_3_3
Parameters: 0.99991751443668 -0.0128019945546979 0.0009626502564983874 0.012797009039467615 0.9999055126722924 0.004932414736118301 -0.0010257271876044569 -0.0049195829648045475 0.9999877925957242 0.569316224403579 0.22650390896244232 -0.34850613979335776
FixedParameters: 0 0 0
#Transform 236
Transform: MatrixOffsetTransformBase_double_3_3
Parameters: 0.9999201000003622 -0.012627263786084222 0.001074185564435226 0.01262266719221252 0.9999100650129665 0.004473899440492798 -0.001129995886060449 -0.004460207590665469 0.9999897009610825 0.5823741864136309 0.20458347439044644 -0.32302651025563023
FixedParameters: 0 0 0
#Transform 237
Transform: MatrixOffsetTransformBase_double_3_3
Parameters: 0.9999153989864066 -0.012926112837014649 0.0010686694353320217 0.012921610930697424 0.9999063282774037 0.004492241974093716 -0.0011262524923876666 -0.00447792334249518 0.9999895616679854 0.5823015683135964 0.23515872566946427 -0.3202606462016746
FixedParameters: 0 0 0
#Transform 238
Transform: MatrixOffsetTransformBase_double_3_3
Parameters: 0.9999219747733853 -0.012487845388767448 0.0008562894282270472 0.012483764483094508 0.9999113066797 0.00464938125441601 -0.000914519552235149 -0.0046380888623747535 0.9999892156756391 0.5710908611847572 0.17498810186370406 -0.324199997412677
FixedParameters: 0 0 0
#Transform 239
Transform: MatrixOffsetTransformBase_double_3_3
Parameters: 0.9999163285222501 -0.012884990106804892 0.0005863748120369938 0.012882342738984722 0.99990711853968 0.004480022125538066 -0.0006442079732629294 -0.004472293420206136 0.9999897285707112 0.5857530876721029 0.26319866470285547 -0.29249329982589245
FixedParameters: 0 0 0
#Transform 240
Transform: MatrixOffsetTransformBase_double_3_3
Parameters: 0.9999180296189818 -0.012762910979624538 0.0009841584516358734 0.012758109813001472 0.9999095831641939 0.0042709484816146615 -0.0010385907449387763 -0.004257880201204836 0.9999902931863419 0.5714959388195666 0.1817727021443858 -0.26114336281290207
FixedParameters: 0 0 0
#Transform 241
Transform: MatrixOffsetTransformBase_double_3_3
Parameters: 0.9999159277287775 -0.012924261511210983 0.0013381621077513256 0.012917594711124473 0.9999065932138589 0.0044202211718472745 -0.0013955737946365343 -0.0044030878974991305 0.9999888985057844 0.5820133228720437 0.23372084623612466 -0.27847047112685175
FixedParameters: 0 0 0
#Transform 242
Transform: MatrixOffsetTransformBase_double_3_3
Parameters: 0.9999163385598583 -0.012855883912661206 0.0010690667395250944 0.012851330257325967 0.9999079105909536 0.004406740125943595 -0.0011259161936427245 -0.00439237849189672 0.9999901818483389 0.584874792488506 0.19270284612036903 -0.28560905456086516
FixedParameters: 0 0 0
#Transform 243
Transform: MatrixOffsetTransformBase_double_3_3
Parameters: 0.999909675329719 -0.013343481148322681 0.0016807695644228474 0.013335057064277074 0.9999011281777153 0.0045303985464809765 -0.001741308557038225 -0.004508073565661949 0.9999886018931095 0.6165425705743814 0.247424233059931 -0.3082022414760246
FixedParameters: 0 0 0
#Transform 244
Transform: MatrixOffsetTransformBase_double_3_3
Parameters: 0.999915805632834 -0.012929457581431329 0.0011297832512109779 0.012924120138338484 0.9999040801384503 0.004923482383629996 -0.001192627539626949 -0.0049086227783288056 0.9999868599779885 0.5731638787841007 0.16332438800191085 -0.3292599287222657
FixedParameters: 0 0 0
#Transform 245
Transform: MatrixOffsetTransformBase_double_3_3
Parameters: 0.9999140291611066 -0.013023535202533383 0.0014274155139531383 0.013017224296320181 0.9999057738562575 0.004433173013659919 -0.0014850364783807468 -0.004414788232301611 0.9999887338028314 0.6102820151055539 0.24548703145062234 -0.2826668904397138
FixedParameters: 0 0 0
#Transform 246
Transform: MatrixOffsetTransformBase_double_3_3
Parameters: 0.9999101371030141 -0.013300994706690735 0.001656273745314095 0.013293114725540744 0.9999025189330314 0.004286771607491108 -0.001713883902282394 -0.004264139850580842 0.9999894629318183 0.6083165597220557 0.18859450048633164 -0.28290802155169104
FixedParameters: 0 0 0
#Transform 247
Transform: MatrixOffsetTransformBase_double_3_3
Parameters: 0.9999105197017559 -0.01325238332082402 0.0015510475779567448 0.013245006980462607 0.9999018551797464 0.004522167728888568 -0.001610801126585272 -0.004501206791512849 0.9999888400738693 0.6104945815037013 0.24440717714789173 -0.3044777811727073
FixedParameters: 0 0 0
#Transform 248
Transform: MatrixOffsetTransformBase_double_3_3
Parameters: 0.999914479782148 -0.013007363643919564 0.0010113566550838393 0.013002404057385387 0.9999060749519249 0.004406867756077057 -0.0010681960833411538 -0.00439319864283759 0.9999902904738036 0.5890845653130441 0.18845362384223563 -0.26774888618858483
FixedParameters: 0 0 0
#Transform 249
Transform: MatrixOffsetTransformBase_double_3_3
Parameters: 0.9999080531225586 -0.013425899282939179 0.0018143287464872926 0.013417419400217487 0.9999002851754906 0.0044782046370427375 -0.001875157310227027 -0.00445315849029998 0.9999886683025669 0.6216982500665296 0.24661567760605863 -0.2983203766422946
FixedParameters: 0 0 0
#Transform 250
Transform: MatrixOffsetTransformBase_double_3_3
Parameters: 0.9999085857876167 -0.013341859967206621 0.0019863549723337787 0.013332886955899848 0.9999007060279184 0.004536640579253001 -0.0020472397548987817 -0.004509933514215789 0.9999878611898115 0.6225252645449046 0.15496082006626466 -0.30358111843779056
FixedParameters: 0 0 0
#Transform 251
Transform: MatrixOffsetTransformBase_double_3_3
Parameters: 0.9999066012185993 -0.013508339294370349 0.0018426426542704488 0.013499658755775752 0.9998983507864339 0.004544094796506554 -0.0019038994028850384 -0.004519143128290409 0.9999882210509101 0.6325060780382756 0.24578857932691278 -0.30516163231820315
FixedParameters: 0 0 0
#Transform 252
Transform: MatrixOffsetTransformBase_double_3_3
Parameters: 0.9999107911958013 -0.013229934503736846 0.0016723242499910584 0.013221470116370785 0.9999022343042561 0.004523191649680763 -0.0017328817328311347 -0.004501043486837025 0.9999886000927832 0.60959969502332 0.19210900565971656 -0.2684857617630172
FixedParameters: 0 0 0
#Transform 253
Transform: MatrixOffsetTransformBase_double_3_3
Parameters: 0.9999035320717605 -0.013758360282309567 0.0020747431217510437 0.01374920938359079 0.9998936587256172 0.004815142350619306 -0.002140492299620579 -0.0047864315021126785 0.9999864734418934 0.6429886139003571 0.24177964845654287 -0.33206012914656924
FixedParameters: 0 0 0
#Transform 254
Transform: MatrixOffsetTransformBase_double_3_3
Parameters: 0.9999048937450907 -0.013630394009399662 0.001892396514968045 0.013623782584597705 0.9999011086045235 0.0035366817219436852 -0.0019396150321445288 -0.0035105084742937526 0.9999924086181172 0.6173511802358718 0.2334622023798545 -0.2334766378764641
FixedParameters: 0 0 0
