#Insight Transform File V1.0
#Transform 0
Transform: MatrixOffsetTransformBase_double_3_3
Parameters: 0.9999999063341186 -0.0004290325556714882 0.0008927713486291469 0.0004262493547919407 0.9999961584781146 0.002770679500739684 -0.000893766639416739 -0.0027697685063785976 0.9999956252543901 -0.037596630622516614 0.0434528612496905 -0.3713514520339771
FixedParameters: 0 0 0
#Transform 1
Transform: MatrixOffsetTransformBase_double_3_3
Parameters: 0.99999955914171 -0.00041238558745515 0.001076087659670065 0.000409772482219164 0.9999964030628912 0.002708935993902095 -0.0010770610301731945 -0.0027088154728743125 0.9999957057505003 -0.04200852366453489 0.0696015195196793 -0.34687328998347766
FixedParameters: 0 0 0
#Transform 2
Transform: MatrixOffsetTransformBase_double_3_3
Parameters: 0.9999990903182143 -0.0004529390393211673 0.0007717011807710852 0.00045113391198350807 0.9999969279571287 0.0026019909686032933 -0.0007728103978890954 -0.0026021190457614224 0.9999968388983456 -0.029211093725223236 0.013508737379837044 -0.40752037002494035
FixedParameters: 0 0 0
#Transform 3
Transform: MatrixOffsetTransformBase_double_3_3
Parameters: 0.9999991264410975 -0.00045815604643524056 0.0007421752644331259 0.0004565022727758992 0.9999961931686954 0.0025720229010473272 -0.0007431533785216202 -0.0025711966195689773 0.9999959325978114 -0.023646607851461 0.07856402890068637 -0.3794262008594558
FixedParameters: 0 0 0
#Transform 4
Transform: MatrixOffsetTransformBase_double_3_3
Parameters: 0.9999995370811349 -0.00035881933750211287 0.0004743689605379159 0.0003583430118543861 0.9999962251647068 0.002768221900337514 -0.00047510374389220233 -0.002767735317799294 0.9999962064079423 -0.020239077407012473 0.029290107254325903 -0.33227573068329264
FixedParameters: 0 0 0
#Transform 5
Transform: MatrixOffsetTransformBase_double_3_3
Parameters: 0.9999999901384191 -0.000456433981400179 0.0008276434742659558 0.00045462643572117666 0.9999967157969838 0.0024453226575733983 -0.0008283806577207217 -0.0024453927867435638 0.9999965482680226 -0.021042957909799043 0.06463947388181168 -0.41823758933416855
FixedParameters: 0 0 0
#Transform 6
Transform: MatrixOffsetTransformBase_double_3_3
Parameters: 1.0000000433532659 -0.00041884760349370203 0.0008199857267848776 0.00041596943785225226 0.9999954491297521 0.003065065939886036 -0.0008212938460719285 -0.0030642347351474974 0.9999950279467932 -0.029939513632285752 0.004387669563129748 -0.36695881698791766
FixedParameters: 0 0 0
#Transform 7
Transform: MatrixOffsetTransformBase_double_3_3
Parameters: 0.999999277391424 -0.0004780800485163321 0.0006176702134022966 0.00047625759149238014 0.9999965462965688 0.0024741216834144597 -0.0006185513424294964 -0.0024744179534940403 0.9999967127612128 -0.014272610414494125 0.06479756506720946 -0.43717296396236804
FixedParameters: 0 0 0
#Transform 8
Transform: MatrixOffsetTransformBase_double_3_3
Parameters: 0.999999521468938 0.0002705531241831488 0.0006488092152524896 -0.0002723213884300241 0.9999958215798674 0.0028491956383315115 -0.000647983707727659 -0.0028494295833195044 0.9999954315507511 -0.01792970075626954 0.016458771338477618 -0.3496122700079951
FixedParameters: 0 0 0
#Transform 9
Transform: MatrixOffsetTransformBase_double_3_3
Parameters: 1.0000000980830495 -0.000828573665808136 -0.00031419973371679677 0.0008293833888743333 0.9999967245896215 0.0025627726360105546 0.0003117874882064553 -0.002563551424252533 0.9999964673626195 0.029104938975450523 0.07778658973634833 -0.4204287230851804
FixedParameters: 0 0 0
#Transform 10
Transform: MatrixOffsetTransformBase_double_3_3
Parameters: 0.9999994221522105 -0.000439476868471355 0.00047085875003478883 0.0004375589999127353 0.9999945604240442 0.0033553094171374503 -0.0004716993858704041 -0.003354798471272416 0.9999946757949268 -0.020783577766323447 0.04440820089024555 -0.3581315772649418
FixedParameters: 0 0 0
#Transform 11
Transform: MatrixOffsetTransformBase_double_3_3
Parameters: 0.999999474637204 -0.0010843942164487728 -0.000412414469885429 0.001085733168592882 0.9999964974432418 0.002533701102203259 0.0004097460902584213 -0.0025338666527814496 0.9999964950699339 0.014927605095309104 0.07495972668401407 -0.3690471918950351
FixedParameters: 0 0 0
#Transform 12
Transform: MatrixOffsetTransformBase_double_3_3
Parameters: 0.9999996000363089 -0.0005036889231173703 0.00019365004629624816 0.0005027610515303017 0.9999957897563562 0.0028211725581029634 -0.00019501259451990688 -0.0028209524173404277 0.9999961113858671 -0.016112399715865422 0.07043847928510161 -0.31477788409408447
FixedParameters: 0 0 0
#Transform 13
Transform: MatrixOffsetTransformBase_double_3_3
Parameters: 0.9999996175130684 -0.0005075850533196487 0.0002727408066403869 0.0005062215438610598 0.9999968745009278 0.00261848951670178 -0.0002747807922413581 -0.0026184259602038684 0.9999961315249217 -0.01061471123809099 0.1049050634995865 -0.37145998066519326
FixedParameters: 0 0 0
#Transform 14
Transform: MatrixOffsetTransformBase_double_3_3
Parameters: 0.9999999833572447 -0.0004370242418847989 0.0008443813398433114 0.00043464276288952743 0.9999962721414505 0.002727763180143908 -0.000845392122326892 -0.0027278520956476593 0.9999960550336358 -0.03874865700679209 0.04870680858027754 -0.32400753959494466
FixedParameters: 0 0 0
#Transform 15
Transform: MatrixOffsetTransformBase_double_3_3
Parameters: 0.9999996389620999 -0.0004969677967081613 0.00009509749004667223 0.0004965267946691271 0.9999951289786082 0.0031025737142904714 -0.00009682684021153354 -0.0031024546980033263 0.9999954688946279 -0.007853055437635703 0.05051260460716378 -0.3705224110902492
FixedParameters: 0 0 0
#Transform 16
Transform: MatrixOffsetTransformBase_double_3_3
Parameters: 0.9999996214362039 -0.0001924144554090665 0.0005462663635970241 0.0001911725406799165 0.9999955982503604 0.0030438735209804 -0.0005473003854829656 -0.003044504945370438 0.9999955745906317 -0.01197147615694405 0.053053809910352356 -0.35037642452731177
FixedParameters: 0 0 0
#Transform 17
Transform: MatrixOffsetTransformBase_double_3_3
Parameters: 0.999999921342611 0.0002436895611700662 0.00019701141148727175 -0.00024400424677759568 0.9999950726296619 0.00314237829896738 -0.00019621071877772706 -0.0031424177903155437 0.9999950604141028 -0.005153746956196414 0.02915025347458311 -0.3844374576091667
FixedParameters: 0 0 0
#Transform 18
Transform: MatrixOffsetTransformBase_double_3_3
Parameters: 0.999999794261965 0.00010724804172549014 0.0010996370129277358 -0.000110498214950688 0.9999961566799158 0.0028045804642345684 -0.0010998608652598996 -0.002804415710378025 0.9999958760055156 -0.04966410591957526 0.05430088010488987 -0.31903322626931185
FixedParameters: 0 0 0
#Transform 19
Transform: MatrixOffsetTransformBase_double_3_3
Parameters: 0.9999999652721434 0.0001644774223331473 -0.0001644534412576018 -0.00016449804089696454 0.9999949686730997 0.0031617922219184663 0.00016498816529081362 -0.0031618032015964387 0.9999949636962147 -0.0038302118589115253 0.058792757674439144 -0.40460342119165205
FixedParameters: 0 0 0
#Transform 20
Transform: MatrixOffsetTransformBase_double_3_3
Parameters: 0.999999211532379 -0.0007833692278610598 -0.00006300160920545694 0.0007830107381673022 0.9999953409713016 0.0028355699094511216 0.00006113565771295737 -0.0028356893258822957 0.9999961313885178 0.00793009951446777 0.08861674097465766 -0.3171974973806613
FixedParameters: 0 0 0
#Transform 21
Transform: MatrixOffsetTransformBase_double_3_3
Parameters: 0.9999995433774884 -0.0005827906158225116 0.00008972465380702177 0.0005824359692415603 0.9999953365590343 0.0028854389972385736 -0.0000916100616649429 -0.0028853087938334188 0.9999957739357519 -0.009458410803105721 0.06902915432210932 -0.333083104181469
FixedParameters: 0 0 0
#Transform 22
Transform: MatrixOffsetTransformBase_double_3_3
Parameters: 1.000000213857687 -0.0007636877830515375 0.0001673708917692071 0.0007630611642867064 0.9999959072560158 0.0027409954857702534 -0.00016896922599988345 -0.0027406992664880947 0.9999966323295418 -0.01867170346133662 0.08308763542542863 -0.3153063617658063
FixedParameters: 0 0 0
#Transform 23
Transform: MatrixOffsetTransformBase_double_3_3
Parameters: 0.9999996096516777 -0.000512234655946798 0.0001382754441320022 0.0005116297276881029 0.9999959934610159 0.0027832205512892116 -0.00013964828840369592 -0.0027830537174099723 0.9999963423839532 -0.015903477020941637 0.09149104207421033 -0.3226807115919428
FixedParameters: 0 0 0
#Transform 24
Transform: MatrixOffsetTransformBase_double_3_3
Parameters: 0.9999996987452934 -0.0002922725533580075 0.00032707136361340844 0.0002915656251977301 0.999995783777327 0.0028531052570030663 -0.00032737352359164806 -0.002852828874244359 0.9999958540172974 -0.015299021923539158 0.07466445547768785 -0.30181041512747697
FixedParameters: 0 0 0
#Transform 25
Transform: MatrixOffsetTransformBase_double_3_3
Parameters: 0.9999997297308716 -0.00024359534846881033 0.0004051305930839466 0.00024221485034731354 0.9999949920249027 0.0029928877677705967 -0.00040620680910075785 -0.0029926193849841715 0.9999949178952731 -0.012058303323840391 0.0422246386845444 -0.346425583533545
FixedParameters: 0 0 0
#Transform 26
Transform: MatrixOffsetTransformBase_double_3_3
Parameters: 0.9999996786132604 -0.00023163994968892088 0.00039880055574386536 0.00023050893144147076 0.9999957023822641 0.0028728749626752426 -0.0003987646771369535 -0.0028726053278824715 0.9999956888478203 -0.014455391236708692 0.09749835906553983 -0.31120261248847214
FixedParameters: 0 0 0
#Transform 27
Transform: MatrixOffsetTransformBase_double_3_3
Parameters: 0.9999996058300856 -0.0005163536971311469 0.00013675514843606434 0.0005157746294477432 0.9999963352508437 0.002720343980198006 -0.0001380860947912399 -0.0027201775887118473 0.9999966888474355 -0.01855510848079689 0.03784888910631423 -0.27309987094267285
FixedParameters: 0 0 0
#Transform 28
Transform: MatrixOffsetTransformBase_double_3_3
Parameters: 0.9999993383392702 -0.0004510387484472529 0.0005911965244307163 0.00044876269449179405 0.9999949595520043 0.002955151640312473 -0.0005924993050212546 -0.0029555061273808525 0.9999951287215948 -0.015526073213777636 0.08304217174681128 -0.33323805852602106
FixedParameters: 0 0 0
#Transform 29
Transform: MatrixOffsetTransformBase_double_3_3
Parameters: 0.9999995579357872 -0.0005068066922543453 0.0002696218497968486 0.0005055648948620976 0.9999967816250083 0.0026364596330245293 -0.00027069045001729825 -0.0026363860856672 0.9999961005453618 -0.024251008482480074 0.04498105358803173 -0.27085703363864866
FixedParameters: 0 0 0
#Transform 30
Transform: MatrixOffsetTransformBase_double_3_3
Parameters: 1.000000143503236 -0.0007942500748299441 -0.00022481577169942285 0.000794811805939097 0.999995767465398 0.0029490944327125873 0.00022283630121081033 -0.0029487244350724223 0.9999953341050153 0.0026086537712615154 0.1036001355906393 -0.3211957776179304
FixedParameters: 0 0 0
#Transform 31
Transform: MatrixOffsetTransformBase_double_3_3
Parameters: 0.9999995914145666 -0.0005032943324654073 0.00021575935706502625 0.0005022560737241435 0.9999959749508877 0.0027882483581343903 -0.00021708624890805217 -0.002788006178000735 0.9999962870537709 -0.016983180124853448 0.06431754693571179 -0.30261612836841323
FixedParameters: 0 0 0
#Transform 32
Transform: MatrixOffsetTransformBase_double_3_3
Parameters: 0.9999994800077557 -0.000633083196272464 0.00010138894957944372 0.0006326710157620414 0.9999955666043031 0.0028345514812049416 -0.00010349999118557801 -0.0028343972563151937 0.9999960628022463 -0.015248922261591247 0.0921140317542779 -0.35282559197966634
FixedParameters: 0 0 0
#Transform 33
Transform: MatrixOffsetTransformBase_double_3_3
Parameters: 0.9999994700928477 -0.0004946319607847059 0.0004152045932734258 0.0004937304753191707 0.9999960413269999 0.002570842299304696 -0.0004162655937945403 -0.002571317558988928 0.9999964335418974 -0.017437388535640252 0.0650138967747722 -0.2983074448686551
FixedParameters: 0 0 0
#Transform 34
Transform: MatrixOffsetTransformBase_double_3_3
Parameters: 0.9999993845694375 -0.00046846284527515825 0.0005358781264757154 0.00046670778647757254 0.9999959784341109 0.002774491995840192 -0.0005371164984108584 -0.0027748773133052657 0.9999962262843842 -0.01617306062249213 0.06803401549368004 -0.31911402145777856
FixedParameters: 0 0 0
#Transform 35
Transform: MatrixOffsetTransformBase_double_3_3
Parameters: 0.9999995373546966 -0.000154910431451878 0.0006228817641457662 0.00015408223954481524 0.9999976432235587 0.002312653853130439 -0.0006232080837508674 -0.0023123283729402228 0.9999973000740815 -0.016703299860509446 0.08811718190028728 -0.2627594504128723
FixedParameters: 0 0 0
#Transform 36
Transform: MatrixOffsetTransformBase_double_3_3
Parameters: 0.9999998016739551 0.0000038477992959024335 0.00046217042374306627 -0.000005354622558009434 0.9999960493755833 0.0026402690858915168 -0.0004627542429524595 -0.002639990685423782 0.9999967805666325 -0.012594972061037879 0.02163623297430206 -0.2948651650723235
FixedParameters: 0 0 0
#Transform 37
Transform: MatrixOffsetTransformBase_double_3_3
Parameters: 0.9999996073580847 -0.0005002820301570621 0.0001831716545791645 0.0004994484824696749 0.9999952671627552 0.0028930380844810755 -0.00018459466220323295 -0.0028938020667694103 0.9999958143190794 0.022155509346234226 0.09213694745105272 -0.30557547263869367
FixedParameters: 0 0 0
#Transform 38
Transform: MatrixOffsetTransformBase_double_3_3
Parameters: 0.9999995083185442 -0.0005477753672254526 -0.00028750246456937106 0.000548655570693982 0.9999958556541395 0.0029704513953413003 0.00028583516640309087 -0.002971027319780148 0.9999952199635915 0.025670357828971646 0.04578429519602878 -0.30375990511460316
FixedParameters: 0 0 0
#Transform 39
Transform: MatrixOffsetTransformBase_double_3_3
Parameters: 1.000000070152833 -0.0007804052111235167 -0.0004567074394992571 0.0007811604786064595 0.999995228781972 0.0028743538330950613 0.0004540529898197712 -0.0028741886998911587 0.9999955441591954 0.025353610272091487 0.10636084166472415 -0.31274246862382427
FixedParameters: 0 0 0
#Transform 40
Transform: MatrixOffsetTransformBase_double_3_3
Parameters: 0.9999992291947514 -0.0007738107963725207 -0.000022874646277003252 0.0007742193555203176 0.9999958842234307 0.0029163942089079353 0.000020822329630298952 -0.002916614827961614 0.999995675397331 0.012661216246954154 0.05875734673824695 -0.30052886256930833
FixedParameters: 0 0 0
#Transform 41
Transform: MatrixOffsetTransformBase_double_3_3
Parameters: 0.9999999059394018 -0.0009563174326944332 -0.00006290680912740543 0.0009569734681188786 0.9999954389026272 0.0029384352412813036 0.00005987068083113806 -0.0029387386166771085 0.9999955466492096 0.00967577545672782 0.09082882863239661 -0.32743911170715023
FixedParameters: 0 0 0
#Transform 42
Transform: MatrixOffsetTransformBase_double_3_3
Parameters: 0.9999993446366467 -0.0005909157016665912 -0.0004393807599399474 0.0005923500375598712 0.9999961084496665 0.0025562684742354708 0.0004380693267796443 -0.0025568229530272407 0.9999963900088049 0.020921097624793106 0.07012168599305824 -0.2456014591966067
FixedParameters: 0 0 0
#Transform 43
Transform: MatrixOffsetTransformBase_double_3_3
Parameters: 0.9999999558146458 -0.0008248546620380657 -0.0004346303319525194 0.0008255630053934787 0.9999953875460721 0.0028341884152522923 0.0004327726121610975 -0.002834013930451712 0.9999958542077336 0.04587578487999622 0.1288806343272597 -0.3072967482121953
FixedParameters: 0 0 0
#Transform 44
Transform: MatrixOffsetTransformBase_double_3_3
Parameters: 0.9999992296482735 -0.0007827652531918082 0.0002120684536449438 0.0007819430842871504 0.9999968311126202 0.002357774088438222 -0.00021415696539053147 -0.0023574151962708484 0.9999975077256147 0.01533889584632675 0.09919817755087479 -0.25075821247550323
FixedParameters: 0 0 0
#Transform 45
Transform: MatrixOffsetTransformBase_double_3_3
Parameters: 0.9999992937666655 -0.0007615599373175953 0.0001159864448589884 0.0007611502972936172 0.9999960262084674 0.0025290473997414825 -0.00011823686323379073 -0.0025288436402413766 0.9999967021067252 0.02166915912360423 0.0467989526147079 -0.264372745688604
FixedParameters: 0 0 0
#Transform 46
Transform: MatrixOffsetTransformBase_double_3_3
Parameters: 0.9999998916093521 0.0002785542326575862 0.0003228901860656483 -0.00028027756578527605 0.9999970224009538 0.0024285977361475225 -0.00032288994760327344 -0.00242879484305146 0.9999969241767306 0.0011310846289376286 0.06187893898986374 -0.26557492687393847
FixedParameters: 0 0 0
#Transform 47
Transform: MatrixOffsetTransformBase_double_3_3
Parameters: 0.9999993145535194 -0.0007143354395654283 -0.0002485784769202734 0.0007158267251271928 0.9999964879656034 0.0026434448125526033 0.0002463979608399586 -0.002643998715165269 0.9999960737359885 0.026446720853158467 0.07462524357627842 -0.290223351527203
FixedParameters: 0 0 0
#Transform 48
Transform: MatrixOffsetTransformBase_double_3_3
Parameters: 0.9999991603171378 -0.0008099749229176258 -0.00009389424940559749 0.0008097388745384486 0.9999962466083375 0.00246826033106487 0.00009259568708515353 -0.002468432677501284 0.9999970784566846 0.02287028752061815 0.08947022085716583 -0.2413334649826595
FixedParameters: 0 0 0
#Transform 49
Transform: MatrixOffsetTransformBase_double_3_3
Parameters: 1.000000223569984 -0.0007851655111713336 -0.00019692581121414504 0.0007862259956288855 0.999997681837895 0.0021652781221714185 0.00019537080892934738 -0.0021657845467912273 0.999997403944642 0.014845440651129138 0.0675375186315108 -0.21667491870873334
FixedParameters: 0 0 0
#Transform 50
Transform: MatrixOffsetTransformBase_double_3_3
Parameters: 0.9999997233264527 -0.0009603638045782492 -0.00048424636903429685 0.000960655420682929 0.9999973249412606 0.0021997644912920278 0.00048210168943825515 -0.0022000400680856347 0.9999969605028658 0.025904724483893915 0.13020759350827404 -0.21544047340545092
FixedParameters: 0 0 0
#Transform 51
Transform: MatrixOffsetTransformBase_double_3_3
Parameters: 1.0000000855446114 -0.0008930407005126881 -0.0000029569678429777757 0.0008932455992983765 0.999996610772055 0.0023649673629857343 4.566430131941468e-7 -0.0023649441033838786 0.9999975222171626 0.016407406671774538 0.06939319228668239 -0.22420462664439356
FixedParameters: 0 0 0
#Transform 52
Transform: MatrixOffsetTransformBase_double_3_3
Parameters: 0.9999998258868547 -0.0009781753155968676 -0.00019594035834297197 0.0009785135205317127 0.9999961641581838 0.0026190521785092458 0.00019363825286532882 -0.0026196791452000323 0.9999962975697754 0.0324649303989446 0.12227830698132891 -0.26579648836410286
FixedParameters: 0 0 0
#Transform 53
Transform: MatrixOffsetTransformBase_double_3_3
Parameters: 0.9999996455299935 -0.0005366582736825928 0.00012617097816684103 0.0005361140334011914 0.9999968765838638 0.0024159272250900976 -0.0001281480141913996 -0.002415779412357169 0.9999971974124643 0.019227353987844253 0.05938483309228104 -0.23045223698727568
FixedParameters: 0 0 0
#Transform 54
Transform: MatrixOffsetTransformBase_double_3_3
Parameters: 0.9999993602183985 -0.0007008175317585064 0.00017691231318384126 0.0007012807174203743 0.9999974831587798 0.002215096154535856 -0.00017841481315945817 -0.002215957718611966 0.9999972934218349 0.02614712615910264 0.11149230430783064 -0.23257190164306962
FixedParameters: 0 0 0
#Transform 55
Transform: MatrixOffsetTransformBase_double_3_3
Parameters: 0.999999115089769 -0.0008425344072916108 -0.00024192347153920157 0.0008428070696801038 0.9999973659821808 0.00221450823843973 0.00024002807550878996 -0.0022151742226732135 0.999997171540274 0.025290129440136866 0.06817932239552249 -0.20084098166034892
FixedParameters: 0 0 0
#Transform 56
Transform: MatrixOffsetTransformBase_double_3_3
Parameters: 1.0000001468430257 -0.0008403673622068225 0.00017415657135676915 0.0008396803891949798 0.9999969365297497 0.002519265473564125 -0.00017666481301045062 -0.00251916985019425 0.9999967508740814 0.0358914343907486 0.11232286095587085 -0.26461174637772444
FixedParameters: 0 0 0
#Transform 57
Transform: MatrixOffsetTransformBase_double_3_3
Parameters: 0.9999994424380713 -0.0006475251355445941 -0.00015826797426204964 0.0006484616273756743 0.9999968564772276 0.002392622706380604 0.00015676748972704574 -0.002392801415782478 0.9999973615107367 0.030776883354789675 0.0799600721994409 -0.21538554483655048
FixedParameters: 0 0 0
#Transform 58
Transform: MatrixOffsetTransformBase_double_3_3
Parameters: 0.9999994416528218 -0.0005744802661553222 -0.000339632820095033 0.0005754613883361265 0.9999966793254921 0.0026400584318279074 0.00033831017452028156 -0.0026407089637862924 0.9999960447552475 0.03407882714671473 0.10039578660494897 -0.26317564397417925
FixedParameters: 0 0 0
#Transform 59
Transform: MatrixOffsetTransformBase_double_3_3
Parameters: 0.9999994789134404 -0.000979366995207352 -0.0006639361380675265 0.0009809820465183933 0.999997711997356 0.0018529923975016405 0.0006622714461726673 -0.0018533535373730647 0.9999981396804123 0.024881210723620484 0.07454187462820983 -0.15611887062566154
FixedParameters: 0 0 0
#Transform 60
Transform: MatrixOffsetTransformBase_double_3_3
Parameters: 0.9999996382340134 -0.0010386221929590623 -0.00032825651737736217 0.0010397277834723884 0.999995311668131 0.0027571215224575923 0.00032522497164816366 -0.0027578219231902262 0.999996469468627 0.04032773762637021 0.09970228818775695 -0.2544890076495818
FixedParameters: 0 0 0
#Transform 61
Transform: MatrixOffsetTransformBase_double_3_3
Parameters: 0.9999995532792204 -0.0010653217183413466 -0.00036409528645226646 0.0010663194254655175 0.9999962133441643 0.002399758978978414 0.0003618103057442604 -0.0023995807329580676 0.9999971811039113 0.03146838330111734 0.10455568870273169 -0.2049574732307775
FixedParameters: 0 0 0
#Transform 62
Transform: MatrixOffsetTransformBase_double_3_3
Parameters: 0.9999996251142376 -0.0010602039560683651 -0.00026797732002464825 0.0010607551547212107 0.9999965329520806 0.0023100520552915282 0.0002659003526384873 -0.0023106386622649966 0.9999977747793846 0.0371962692168637 0.09340856395540698 -0.22844711210446178
FixedParameters: 0 0 0
#Transform 63
Transform: MatrixOffsetTransformBase_double_3_3
Parameters: 0.9999992005362274 -0.0008195223481813722 -0.00012104381936425129 0.0008203098833052952 0.9999969412266688 0.002524695384611017 0.00011850385311296119 -0.002525091747661551 0.9999967348241424 0.03359306958195418 0.09840150320282248 -0.22914946587800955
FixedParameters: 0 0 0
#Transform 64
Transform: MatrixOffsetTransformBase_double_3_3
Parameters: 0.9999999504269154 -0.0009262030139508652 -0.00011411636738107439 0.0009260938241101128 0.9999967159628336 0.002531310351357424 0.00011225038986781982 -0.0025317658245601754 0.9999967750993205 0.04577824524361063 0.09877493355456579 -0.24596488074705292
FixedParameters: 0 0 0
#Transform 65
Transform: MatrixOffsetTransformBase_double_3_3
Parameters: 0.9999999792495278 -0.000936634476202308 -0.00016204682798710152 0.0009375731315493284 0.9999967990344601 0.002307306101116055 0.00015944636330544187 -0.00230758106622235 0.999997765101371 0.03034725110688896 0.07723154080910888 -0.20550531725606902
FixedParameters: 0 0 0
#Transform 66
Transform: MatrixOffsetTransformBase_double_3_3
Parameters: 0.9999997904676475 -0.0010094221105477648 0.0001075635988012566 0.0010091989140328973 0.9999969677103671 0.0024501219903519666 -0.00010979945292490662 -0.002450087645959817 0.9999971747423827 0.041706765844381266 0.11366211974586804 -0.2651339326122013
FixedParameters: 0 0 0
#Transform 67
Transform: MatrixOffsetTransformBase_double_3_3
Parameters: 0.9999997884227434 -0.0010155153563946254 0.00003274121736470542 0.0010156561153200723 0.9999967776491294 0.0024859761642550965 -0.000035080801419284935 -0.0024860923280409924 0.9999970080495504 0.038134303706186756 0.09145548716976748 -0.22749408730702214
FixedParameters: 0 0 0
#Transform 68
Transform: MatrixOffsetTransformBase_double_3_3
Parameters: 0.9999996384747826 -0.0010597421649806548 -0.00024182681201833506 0.0010611453445219573 0.9999967182577966 0.0022712176275861834 0.00023971929417936078 -0.0022716879399007905 0.9999979592325208 0.037878680643771645 0.08271155414553277 -0.20773066039416221
FixedParameters: 0 0 0
#Transform 69
Transform: MatrixOffsetTransformBase_double_3_3
Parameters: 0.9999993723277245 -0.0011167743606794438 -0.0005096314004992414 0.0011178705107947103 0.9999973411505811 0.0018446671538881881 0.000507469012407509 -0.001845837181096835 0.9999984625314922 0.036976849110757826 0.09950317369860784 -0.17119548097063841
FixedParameters: 0 0 0
#Transform 70
Transform: MatrixOffsetTransformBase_double_3_3
Parameters: 0.9999992859430481 -0.001124027650701213 -0.000574225364561802 0.0011253621354719518 0.9999973246214358 0.0018445906427902725 0.0005720357682092794 -0.001845913435428101 0.9999983926759031 0.05112044086448009 0.10225967968938221 -0.1828628032466213
FixedParameters: 0 0 0
#Transform 71
Transform: MatrixOffsetTransformBase_double_3_3
Parameters: 0.9999991612277136 -0.0011478407068659935 -0.0006295560189223115 0.0011489857309256663 0.9999983126495571 0.0015689257635431164 0.0006280435319096014 -0.0015696557403107464 0.9999981722832181 0.04052517971402381 0.12333964755916327 -0.15330757804471773
FixedParameters: 0 0 0
#Transform 72
Transform: MatrixOffsetTransformBase_double_3_3
Parameters: 0.9999984433286657 -0.001174975091139673 -0.001027369153992909 0.001176927099197673 0.9999973140972622 0.001843953283551275 0.0010251119223374447 -0.001845488912129739 0.9999975644965282 0.07410853660844907 0.08791978979438397 -0.1661477030104095
FixedParameters: 0 0 0
#Transform 73
Transform: MatrixOffsetTransformBase_double_3_3
Parameters: 0.9999979485605881 -0.0015374764524848468 -0.0012006370389315499 0.0015403212768591691 0.9999965525783068 0.002295326311605908 0.001197742531925533 -0.0022974249177130646 0.9999963396103092 0.07196717263673236 0.14983299771164127 -0.19582149570817364
FixedParameters: 0 0 0
#Transform 74
Transform: MatrixOffsetTransformBase_double_3_3
Parameters: 0.9999987625814751 -0.001367859376815622 -0.00042793678729690504 0.0013686570510817054 0.9999971780773806 0.0017155381552195065 0.0004261874717175415 -0.001716726383230796 0.9999990600855456 0.02894791118680473 0.10584399837487979 -0.15259884775217358
FixedParameters: 0 0 0
#Transform 75
Transform: MatrixOffsetTransformBase_double_3_3
Parameters: 0.9999989624414575 -0.0013252800948070093 -0.00031358022681569897 0.0013259145777332632 0.9999965603635853 0.0021856638174321957 0.00031073945205904036 -0.0021857639911322113 0.9999972131730958 0.04602495106539095 0.1440675809321874 -0.19766564816569598
FixedParameters: 0 0 0
#Transform 76
Transform: MatrixOffsetTransformBase_double_3_3
Parameters: 0.9999993110798447 -0.001107480731459957 -0.0005279738542706344 0.0011088851928337607 0.9999977686471845 0.002024183120560838 0.0005264410226562891 -0.0020246241811379267 0.9999977118097336 0.044694370716797494 0.08114487293026684 -0.18059971827118204
FixedParameters: 0 0 0
#Transform 77
Transform: MatrixOffsetTransformBase_double_3_3
Parameters: 0.9999989078948502 -0.0013278557181631793 -0.0003869236788072439 0.0013289259206302074 0.9999960593676797 0.0022735204815679394 0.0003837052176014627 -0.002274564621463665 0.9999978639916531 0.0667517566405138 0.15536670297824173 -0.21555496279083286
FixedParameters: 0 0 0
#Transform 78
Transform: MatrixOffsetTransformBase_double_3_3
Parameters: 0.9999996794303728 -0.0010719570472392474 -0.00022405881163908847 0.0010730800445819689 0.9999976486250076 0.0020465524183309464 0.00022151604837251926 -0.0020472285062946155 0.9999978925508177 0.044960759901371716 0.10591383448246461 -0.18779098621595836
FixedParameters: 0 0 0
#Transform 79
Transform: MatrixOffsetTransformBase_double_3_3
Parameters: 0.9999996412479353 -0.0010825422976774284 -0.00025596229722466696 0.0010837398492483897 0.9999970798454375 0.0019358431849747781 0.00025361603713042885 -0.0019363679462686134 0.9999983056569614 0.038929476128657825 0.09740349933171899 -0.1912377333445079
FixedParameters: 0 0 0
#Transform 80
Transform: MatrixOffsetTransformBase_double_3_3
Parameters: 0.9999997718764287 -0.0010451033463129682 -0.00012166237638716604 0.0010458648768889639 0.9999966496445414 0.0022901881167356614 0.0001187210829720689 -0.0022906376339177498 0.999996871501335 0.04497605165043694 0.1198786154295135 -0.21414183361829942
FixedParameters: 0 0 0
#Transform 81
Transform: MatrixOffsetTransformBase_double_3_3
Parameters: 0.9999992720844769 -0.0011117463302448387 -0.0006090770406225535 0.0011135178085626253 0.9999973347257044 0.002098949387109833 0.0006063656237959222 -0.0021005607118328995 0.9999973606745871 0.05215732884030899 0.10487034157489461 -0.19093261211321533
FixedParameters: 0 0 0
#Transform 82
Transform: MatrixOffsetTransformBase_double_3_3
Parameters: 0.9999993054563877 -0.001113037192788934 -0.0005786685157304836 0.0011145346202199027 0.9999977473110526 0.0020261125825258436 0.0005761227385553055 -0.0020266853833835613 0.9999975868226538 0.047985799206088586 0.12162140563086155 -0.17840892092745264
FixedParameters: 0 0 0
#Transform 83
Transform: MatrixOffsetTransformBase_double_3_3
Parameters: 0.9999993563477371 -0.0010793253630279262 -0.0005467716891086605 0.0010813090851501802 0.9999966754133289 0.0025002478592108385 0.0005441993339713527 -0.002500699908882298 0.9999965341934167 0.05990532230315182 0.1465513426124403 -0.24934902675921933
FixedParameters: 0 0 0
#Transform 84
Transform: MatrixOffsetTransformBase_double_3_3
Parameters: 0.9999989100258254 -0.001191144638382973 -0.0012450614270519827 0.001194158660091235 0.9999969063202349 0.001973523327623683 0.0012424413611188678 -0.001974414306055175 0.9999974518517329 0.07605900119065723 0.12258424782176292 -0.1654286562795022
FixedParameters: 0 0 0
#Transform 85
Transform: MatrixOffsetTransformBase_double_3_3
Parameters: 0.9999985273255922 -0.0012025649308372846 -0.0013806941719606766 0.0012052850311947512 0.9999976235879597 0.002032058414585869 0.0013780010897021522 -0.0020335900973197235 0.9999968802437532 0.0805885099804442 0.10640686611108663 -0.17236853608669378
FixedParameters: 0 0 0
#Transform 86
Transform: MatrixOffsetTransformBase_double_3_3
Parameters: 0.9999994380517739 -0.0011070190151932146 -0.00046451561506481026 0.0011080168749735796 0.999997084944276 0.0019185775360389679 0.00046222581693838166 -0.001919637516725109 0.999998228422891 0.042007231602838147 0.1489724575493625 -0.16589893501291897
FixedParameters: 0 0 0
#Transform 87
Transform: MatrixOffsetTransformBase_double_3_3
Parameters: 0.9999991722074929 -0.0011622955858266596 -0.001136873342003554 0.0011656485802472687 0.999996755336242 0.0022330858783143476 0.0011347399885784926 -0.002234837949866106 0.9999968014787763 0.0876622048289164 0.13372614013550788 -0.18601920654789694
FixedParameters: 0 0 0
#Transform 88
Transform: MatrixOffsetTransformBase_double_3_3
Parameters: 0.9999991066638604 -0.0012907355506477092 -0.00021136480867071233 0.0012908457338772147 0.9999969099249864 0.0018488403621111649 0.0002095380581765699 -0.001849403223342122 0.9999987240355508 0.05152202946581497 0.11655449184969768 -0.15945918073842336
FixedParameters: 0 0 0
#Transform 89
Transform: MatrixOffsetTransformBase_double_3_3
Parameters: 0.9999996212757575 -0.0010659462757027583 -0.00024197449914567515 0.0010673177842761188 0.9999971270549155 0.0021732933038032393 0.0002401712508053877 -0.002173991742693046 0.9999974105693925 0.051661542404360716 0.1100067539551759 -0.19698970271856808
FixedParameters: 0 0 0
#Transform 90
Transform: MatrixOffsetTransformBase_double_3_3
Parameters: 0.9999993798111724 -0.0011175825177032767 -0.0005004534051490095 0.0011186160015341073 0.9999974453923892 0.0018157337034253596 0.000498352873760731 -0.0018168840659571195 0.9999985777296656 0.05226150730531742 0.10858709797950894 -0.14792042950568884
FixedParameters: 0 0 0
#Transform 91
Transform: MatrixOffsetTransformBase_double_3_3
Parameters: 0.9999992911055975 -0.0011706002691484326 -0.001103544547343946 0.0011732768955938421 0.9999975390527989 0.002045476802909091 0.0011008295772119633 -0.0020471822037156917 0.999997618383372 0.08567004978080206 0.15182036557803258 -0.18342372314732813
FixedParameters: 0 0 0
#Transform 92
Transform: MatrixOffsetTransformBase_double_3_3
Parameters: 0.9999987094335461 -0.0011517682368316542 -0.0009184575553910015 0.0011536327437565623 0.9999976925558112 0.002015655924248544 0.0009158903485243647 -0.0020171177727091316 0.99999712650403 0.0823038410395327 0.09754132528145476 -0.1668940226587523
FixedParameters: 0 0 0
#Transform 93
Transform: MatrixOffsetTransformBase_double_3_3
Parameters: 0.9999988017659301 -0.0011780003848878588 -0.0013001770442522126 0.0011810194692353226 0.9999966414743802 0.00227371371966871 0.0012970134536368153 -0.0022749875540402226 0.999996056189835 0.09303718481142198 0.1286997452687757 -0.2033658691396738
FixedParameters: 0 0 0
#Transform 94
Transform: MatrixOffsetTransformBase_double_3_3
Parameters: 0.9999981279915603 -0.0011862087330281618 -0.0011610753149100053 0.001188775943275061 0.9999970789114383 0.0019027810028724168 0.0011585119213582754 -0.0019044330004997362 0.9999980351143247 0.08543659414978322 0.12024550612743212 -0.14664875745090455
FixedParameters: 0 0 0
#Transform 95
Transform: MatrixOffsetTransformBase_double_3_3
Parameters: 0.9999989529229063 -0.0011836595582287507 -0.001234935046044626 0.00118687696173866 0.9999975111621288 0.0020722402380259353 0.0012321099026133264 -0.0020733139862400135 0.9999970902050456 0.09062959876519017 0.1392180257909672 -0.179829715073339
FixedParameters: 0 0 0
#Transform 96
Transform: MatrixOffsetTransformBase_double_3_3
Parameters: 0.9999983467308131 -0.0011807629836466538 -0.0010669482673452343 0.0011828163909376622 0.9999973772194032 0.001822941449539553 0.0010647190329487535 -0.0018245826436097123 0.9999975585524778 0.08753840161158166 0.1321879112886819 -0.1533795797906663
FixedParameters: 0 0 0
#Transform 97
Transform: MatrixOffsetTransformBase_double_3_3
Parameters: 0.9999983598874373 -0.0012063519139744279 -0.0014144863524268997 0.001209323913183423 0.9999966278199169 0.0020321297733889715 0.0014127631755726927 -0.0020335156361357687 0.9999968331104716 0.0956125462320756 0.12743912717361638 -0.18401567234243998
FixedParameters: 0 0 0
#Transform 98
Transform: MatrixOffsetTransformBase_double_3_3
Parameters: 0.9999981225859893 -0.0011762553636657305 -0.0011734455454393555 0.0011792830225535109 0.999997385270507 0.0020793208355020243 0.0011705030505686706 -0.0020812043572211725 0.9999973158013905 0.09189865350867876 0.14044786991730973 -0.17833813350890182
FixedParameters: 0 0 0
#Transform 99
Transform: MatrixOffsetTransformBase_double_3_3
Parameters: 0.9999991210097721 -0.0011188448306218915 -0.0006656296851747165 0.0011209524834954118 0.9999973694562263 0.002086912083087658 0.0006639003909425095 -0.0020886459723798434 0.9999973997023488 0.07940549663580043 0.10748322692386125 -0.17968148764943237
FixedParameters: 0 0 0
#Transform 100
Transform: MatrixOffsetTransformBase_double_3_3
Parameters: 0.9999986057126222 -0.0010415860134442559 -0.001091986312339914 0.0010443963816830128 0.999997451324126 0.002134892261956317 0.0010894891525820502 -0.0021362904097695506 0.9999972663601742 0.08843696811662483 0.13952651747804623 -0.18328535011818303
FixedParameters: 0 0 0
#Transform 101
Transform: MatrixOffsetTransformBase_double_3_3
Parameters: 0.9999995239902889 -0.0010007242330068366 -0.0005400640552127162 0.0010013888647791023 0.9999973317398483 0.00215373676988026 0.0005388107570829803 -0.002155122514003932 0.9999972749089999 0.058660480519691305 0.11495425769727774 -0.19902448865106237
FixedParameters: 0 0 0
#Transform 102
Transform: MatrixOffsetTransformBase_double_3_3
Parameters: 0.9999982853699441 -0.00101364049171328 -0.001252956040702323 0.0010166700420864644 0.9999973023391175 0.001972673886711157 0.0012509151494381823 -0.001973140835759127 0.9999974317742052 0.09039034498486842 0.16393029419749894 -0.16589917185415004
FixedParameters: 0 0 0
#Transform 103
Transform: MatrixOffsetTransformBase_double_3_3
Parameters: 0.9999984893761249 -0.0011784366920241486 -0.0010007109233227604 0.0011800282398559403 0.9999977788480731 0.0017441640683525245 0.0009986852267888369 -0.001744671458148911 0.9999978658036097 0.08034310808574219 0.11259308617414376 -0.14365265452876486
FixedParameters: 0 0 0
#Transform 104
Transform: MatrixOffsetTransformBase_double_3_3
Parameters: 0.9999988181298531 -0.0011974470903010634 -0.0012755005131132799 0.0012005276920015583 0.999996955912959 0.0019275815857676126 0.0012729572515675566 -0.001929533782038903 0.9999976648009631 0.08592549752852108 0.16396618641527994 -0.16378645379859336
FixedParameters: 0 0 0
#Transform 105
Transform: MatrixOffsetTransformBase_double_3_3
Parameters: 0.999998161806883 -0.0011870838445775297 -0.0011437601026915573 0.0011894993332656175 0.9999972294634683 0.00185877260527538 0.0011414217617250755 -0.0018606100808077203 0.9999972566931347 0.09039306962341698 0.11978198418412944 -0.15164114292835507
FixedParameters: 0 0 0
#Transform 106
Transform: MatrixOffsetTransformBase_double_3_3
Parameters: 0.999998065652228 -0.0011844890000581839 -0.0011623089559704564 0.0011872424418180238 0.9999969725411236 0.0019317317935887285 0.0011606689224742603 -0.001933370004500598 0.9999979816102149 0.09084949407761655 0.15768694334262534 -0.16942797406429122
FixedParameters: 0 0 0
#Transform 107
Transform: MatrixOffsetTransformBase_double_3_3
Parameters: 0.9999988488223066 -0.00119750088598191 -0.0012633971411465592 0.0012004187643211697 0.9999971507583985 0.0019066244489836515 0.0012609125187631257 -0.0019075752483544428 0.9999976652593731 0.0900018702496368 0.09984876518554131 -0.13650933879776517
FixedParameters: 0 0 0
#Transform 108
Transform: MatrixOffsetTransformBase_double_3_3
Parameters: 0.9999985964122431 -0.0011585065233498818 -0.0009700120128511014 0.001160549947697903 0.9999977369181692 0.0020006190622213343 0.0009674519892028527 -0.002002213001784367 0.9999970894195871 0.09029121363657566 0.15758547682843016 -0.1735308471182293
FixedParameters: 0 0 0
#Transform 109
Transform: MatrixOffsetTransformBase_double_3_3
Parameters: 0.9999988050200804 -0.0013618109972044724 -0.0010735733122588242 0.0013637525931672412 0.9999973512805512 0.0016996767578272565 0.0010721288825886258 -0.001701707980999334 0.9999980426079502 0.09105180335383523 0.11379594763795353 -0.1272729482440127
FixedParameters: 0 0 0
#Transform 110
Transform: MatrixOffsetTransformBase_double_3_3
Parameters: 0.9999982456944149 -0.0012760344404467968 -0.0013936195280038893 0.0012790497645271664 0.9999972310179444 0.0020554770961804247 0.0013915445153292669 -0.0020582040225294446 0.9999969192754979 0.09011965780551634 0.15220080936032332 -0.182240303042704
FixedParameters: 0 0 0
#Transform 111
Transform: MatrixOffsetTransformBase_double_3_3
Parameters: 0.9999984024560518 -0.0011919627600086328 -0.0010271889016254046 0.001194361699393542 0.9999981892546498 0.001578516573837077 0.0010253884199480715 -0.0015800268602539774 0.9999984662683205 0.09257944499508142 0.12214186794049908 -0.11858071975294138
FixedParameters: 0 0 0
#Transform 112
Transform: MatrixOffsetTransformBase_double_3_3
Parameters: 0.9999975546994068 -0.0012386594262647323 -0.0016704165001172125 0.0012423708499265098 0.9999977582547458 0.001975756676671922 0.0016677133212209538 -0.0019781081040790988 0.9999962211702005 0.10065918764782111 0.14634652772610934 -0.15959914055110858
FixedParameters: 0 0 0
#Transform 113
Transform: MatrixOffsetTransformBase_double_3_3
Parameters: 0.9999991657491556 -0.0011829514248546374 -0.001146311645820186 0.0011855338380288684 0.9999969910529234 0.0019277538717368953 0.001143825257038808 -0.0019293625749486482 0.9999979772796286 0.08288842033157096 0.13290201388748812 -0.14379928626544825
FixedParameters: 0 0 0
#Transform 114
Transform: MatrixOffsetTransformBase_double_3_3
Parameters: 0.9999988228903766 -0.0011951693710085297 -0.0012757948453988588 0.001198281841416439 0.9999969319675762 0.001964498956056132 0.0012731801947944849 -0.0019654736342936685 0.999997409832059 0.09255620751613947 0.1500053410622968 -0.16271158124402518
FixedParameters: 0 0 0
#Transform 115
Transform: MatrixOffsetTransformBase_double_3_3
Parameters: 0.9999991801412019 -0.0012406181584036407 -0.0010752154428604749 0.0012426333017769567 0.9999973709408376 0.0017844434984679303 0.0010729871013889641 -0.0017862318944658895 0.9999976833811973 0.08126729821751155 0.11988557416678702 -0.1344571336600069
FixedParameters: 0 0 0
#Transform 116
Transform: MatrixOffsetTransformBase_double_3_3
Parameters: 0.9999982738759778 -0.0011567070160257292 -0.0011275676605363022 0.001159987693716968 0.9999965560936701 0.0023049417450785314 0.0011241916508354238 -0.002305700584253903 0.9999963222266646 0.08660708023666075 0.1540053278860114 -0.18456233004506828
FixedParameters: 0 0 0
#Transform 117
Transform: MatrixOffsetTransformBase_double_3_3
Parameters: 0.9999986159684265 -0.0010802888024812208 -0.001046984307922813 0.0010821526899586409 0.9999978066539243 0.0017668670919484403 0.0010452434399890811 -0.001768251261391074 0.9999978020450236 0.08183340845837961 0.12121713777409582 -0.13223113383787677
FixedParameters: 0 0 0
#Transform 118
Transform: MatrixOffsetTransformBase_double_3_3
Parameters: 0.9999988749469176 -0.0012073418238581698 -0.0012418990026637905 0.0012097804981126854 0.9999976948241744 0.0017149124189423104 0.0012399563882828715 -0.0017170330263459321 0.9999975400404224 0.08741234912932327 0.14866740659064703 -0.1324709779181461
FixedParameters: 0 0 0
#Transform 119
Transform: MatrixOffsetTransformBase_double_3_3
Parameters: 0.9999984500282062 -0.0012232341196775553 -0.0013901282570025694 0.001226139711727978 0.9999977379004689 0.0017277861024537072 0.001387983090468975 -0.0017291126724851696 0.9999979783131613 0.08268600257240166 0.1443265390129227 -0.1235897634331593
FixedParameters: 0 0 0
#Transform 120
Transform: MatrixOffsetTransformBase_double_3_3
Parameters: 0.9999982315598224 -0.001012317381825307 -0.001274003264505108 0.0010140212963354097 0.9999979024443322 0.0017778738638132702 0.0012725934822579166 -0.0017796367894627602 0.9999972424337652 0.08130312934622452 0.1271093079506187 -0.13435604077164953
FixedParameters: 0 0 0
#Transform 121
Transform: MatrixOffsetTransformBase_double_3_3
Parameters: 0.9999980667074878 -0.001267399566366162 -0.001098359832184842 0.0012693456884433473 0.9999975234548945 0.0017217576783008365 0.0010960711270123005 -0.0017236630471779146 0.9999978490501925 0.0899516581568065 0.18451688575896696 -0.14273412301930932
FixedParameters: 0 0 0
#Transform 122
Transform: MatrixOffsetTransformBase_double_3_3
Parameters: 0.9999982822631929 -0.0009294170341495366 -0.001317694723256782 0.0009325876324295865 0.9999976146915096 0.001904926136074861 0.001316104133484576 -0.001906275711916372 0.9999976384148345 0.09312280896192249 0.11363049330374508 -0.15320389132749312
FixedParameters: 0 0 0
#Transform 123
Transform: MatrixOffsetTransformBase_double_3_3
Parameters: 0.9999985306824527 -0.001164412067253727 -0.0009964717348094482 0.0011664092070002323 0.999997028294768 0.001955768370279054 0.0009940010883855571 -0.0019562377276329396 0.999997091744059 0.08591278730348506 0.14968213292952726 -0.1513335493977621
FixedParameters: 0 0 0
#Transform 124
Transform: MatrixOffsetTransformBase_double_3_3
Parameters: 0.999999329002837 -0.0010390824783418975 -0.0006864021052410754 0.0010397732525365688 0.999997627819148 0.0018413913750285615 0.0006846549262857077 -0.0018419384963017094 0.9999981589894125 0.047416724721188075 0.1003120100245809 -0.1373941634879543
FixedParameters: 0 0 0
#Transform 125
Transform: MatrixOffsetTransformBase_double_3_3
Parameters: 0.9999982264821534 -0.0010143869087412983 -0.0012759449314831348 0.0010163694549748595 0.9999974984920184 0.001890325674823723 0.0012741754203281497 -0.001891873295948962 0.999997808951875 0.08854250987027967 0.175311457930448 -0.15637225546741718
FixedParameters: 0 0 0
#Transform 126
Transform: MatrixOffsetTransformBase_double_3_3
Parameters: 0.9999990227323986 -0.0011938202089417605 -0.0011963265206802742 0.0011963394266163892 0.9999973848673187 0.0018468270481117183 0.0011939998280003708 -0.0018476079305060067 0.999998054700128 0.08352828754171071 0.10904098125101314 -0.1329564994590129
FixedParameters: 0 0 0
#Transform 127
Transform: MatrixOffsetTransformBase_double_3_3
Parameters: 0.9999984140890442 -0.001224257578131621 -0.001402094043110945 0.0012272184902593387 0.99999771804906 0.0017327601587113356 0.001399933009410985 -0.0017341189635525223 0.9999979276740214 0.09078020403855191 0.1796967492248598 -0.13006299619570427
FixedParameters: 0 0 0
#Transform 128
Transform: MatrixOffsetTransformBase_double_3_3
Parameters: 0.9999981069770132 -0.001210139118020574 -0.001171020777808729 0.0012118144034368632 0.9999982354568859 0.0015473161339637914 0.001168366427830192 -0.001549285123146421 0.9999981937829641 0.08661577984291569 0.10592332777814306 -0.10520010770561328
FixedParameters: 0 0 0
#Transform 129
Transform: MatrixOffsetTransformBase_double_3_3
Parameters: 0.999998041164971 -0.001242199064196159 -0.0015147071537347581 0.0012453028756092858 0.9999979505987702 0.0016507545791699246 0.0015126872490909896 -0.0016524441588965377 0.9999978762648932 0.10484508737663134 0.18224309619219525 -0.13075188954275063
FixedParameters: 0 0 0
#Transform 130
Transform: MatrixOffsetTransformBase_double_3_3
Parameters: 0.9999990015469057 -0.0008742454226918096 -0.0010549514888470862 0.000875881669265199 0.9999986266076442 0.0016450005610940122 0.001054153062396375 -0.0016459681676155025 0.9999982009695421 0.09093974409985606 0.11771575391810529 -0.11620357404329695
FixedParameters: 0 0 0
#Transform 131
Transform: MatrixOffsetTransformBase_double_3_3
Parameters: 0.9999986087296214 -0.0009045778068606427 -0.0012067889812241092 0.0009063832649945222 0.9999975769752143 0.001925272324999297 0.0012053722066486111 -0.0019264147723293962 0.9999978474854523 0.09232474571474825 0.13720765228491416 -0.15834939296451012
FixedParameters: 0 0 0
#Transform 132
Transform: MatrixOffsetTransformBase_double_3_3
Parameters: 0.9999986992012017 -0.0007709198459486567 -0.0012838253455955753 0.000772753804261739 0.9999983461783658 0.0014726848339240567 0.0012826468784035497 -0.0014735763879417385 0.9999981295275101 0.1003960493050613 0.1504419732559512 -0.10466351875825808
FixedParameters: 0 0 0
#Transform 133
Transform: MatrixOffsetTransformBase_double_3_3
Parameters: 0.9999979124566071 -0.0009694111441714403 -0.0014250961288600067 0.0009726191901523792 0.9999976602076501 0.0021448012471713823 0.0014230078374592586 -0.002145778097819462 0.9999962811793389 0.10746203609457439 0.15023171178805228 -0.15851775278336788
FixedParameters: 0 0 0
#Transform 134
Transform: MatrixOffsetTransformBase_double_3_3
Parameters: 0.9999979050602958 -0.0012551424651476026 -0.001547246063140155 0.00125792410338309 0.9999983599053555 0.0015068616197121132 0.0015456688414215505 -0.0015088967337395093 0.9999972467991226 0.11030935814252985 0.1549725850882595 -0.10768630817379687
FixedParameters: 0 0 0
#Transform 135
Transform: MatrixOffsetTransformBase_double_3_3
Parameters: 0.9999972872360915 -0.0013491111378986726 -0.0016456799459239266 0.001352055121753441 0.9999973727388217 0.0017372547730084564 0.0016441715358517933 -0.00173966899865588 0.9999972357844842 0.11884132918505941 0.13701949875597563 -0.12746614169448378
FixedParameters: 0 0 0
#Transform 136
Transform: MatrixOffsetTransformBase_double_3_3
Parameters: 0.9999987709499316 -0.0011662189496434326 -0.001320504764932312 0.001167609271898966 0.999998327540889 0.001238901291602687 0.0013198243938715715 -0.0012399057017158932 0.999998620218014 0.10596852973640125 0.1684474926225903 -0.1099112753767173
FixedParameters: 0 0 0
#Transform 137
Transform: MatrixOffsetTransformBase_double_3_3
Parameters: 0.9999986362307419 -0.0008787221040609215 -0.0015905506449680681 0.0008800922529784063 0.9999985674614666 0.0013695293731342678 0.0015894807715058912 -0.0013703241039431102 0.9999974398864163 0.11967919802876281 0.10435747328702405 -0.10615843303411054
FixedParameters: 0 0 0
#Transform 138
Transform: MatrixOffsetTransformBase_double_3_3
Parameters: 0.999998800130085 -0.0012140717134438228 -0.0012652251738687337 0.0012164291514058546 0.999997893747204 0.0016510007362357942 0.001263414851408677 -0.0016531948003669361 0.9999976965732742 0.10573021358004553 0.1577432352274286 -0.1274238371347849
FixedParameters: 0 0 0
#Transform 139
Transform: MatrixOffsetTransformBase_double_3_3
Parameters: 0.9999982527860063 -0.0011985535403413192 -0.0010908605485474218 0.0012001816059855367 0.9999981390234495 0.0015873550299742994 0.0010891321977940793 -0.0015890916529773952 0.9999983101213289 0.10264106922033989 0.09937439230110101 -0.11486966705656698
FixedParameters: 0 0 0
#Transform 140
Transform: MatrixOffsetTransformBase_double_3_3
Parameters: 0.9999987693411668 -0.0012153012885387365 -0.0012761561887940434 0.0012176948380354675 0.9999978907132743 0.0016509858239097813 0.0012743417438665638 -0.0016532096331235702 0.9999976688183266 0.10992264457249235 0.15923638264101214 -0.12796463857337415
FixedParameters: 0 0 0
#Transform 141
Transform: MatrixOffsetTransformBase_double_3_3
Parameters: 0.9999988429342068 -0.0009158411639196918 -0.0011227135664949525 0.0009175615673364295 0.9999985870062069 0.001633971428457226 0.0011208123107708523 -0.0016351641130563088 0.9999980290386559 0.09683952721940159 0.09796186419534081 -0.11161162429706906
FixedParameters: 0 0 0
#Transform 142
Transform: MatrixOffsetTransformBase_double_3_3
Parameters: 0.9999987212822984 -0.0012172015402298463 -0.001293049573557338 0.001219650898456456 0.9999978860183523 0.0016509627231622026 0.0012912287575451986 -0.0016532326093274957 0.9999976254544459 0.10326147039477007 0.16993090205362194 -0.1346516033470948
FixedParameters: 0 0 0
#Transform 143
Transform: MatrixOffsetTransformBase_double_3_3
Parameters: 0.9999987161625787 -0.0012198838795655573 -0.0013168951805241497 0.001222297843565835 0.9999978787169689 0.001650923033795118 0.0013140797467714113 -0.0016532708619325237 0.9999975031075609 0.10048863462705526 0.11385153364845735 -0.1184860596684274
FixedParameters: 0 0 0
#Transform 144
Transform: MatrixOffsetTransformBase_double_3_3
Parameters: 0.9999972908318251 -0.001308859422556298 -0.001714505434020401 0.0013115265389815802 0.9999977641041691 0.0016530685326408001 0.0017113863349589656 -0.0016555561886475167 0.9999971699522245 0.12553637750264102 0.17973874697652548 -0.13979612648243744
FixedParameters: 0 0 0
#Transform 145
Transform: MatrixOffsetTransformBase_double_3_3
Parameters: 0.9999988245619708 -0.0011059089778766113 -0.0013749927277554655 0.001108494987522541 0.9999981685648976 0.0016435221023779617 0.0013725701842142446 -0.0016456993769444483 0.9999973710192264 0.10801062608972245 0.12957000975852395 -0.1201619572498771
FixedParameters: 0 0 0
#Transform 146
Transform: MatrixOffsetTransformBase_double_3_3
Parameters: 0.9999982685656349 -0.0013342893126399242 -0.0013513338686014231 0.0013368857980474167 0.9999976781923542 0.001657582903139998 0.0013491160064100227 -0.0016593383539353912 0.9999973384308594 0.10656455364447481 0.1580741779576158 -0.13623821781258982
FixedParameters: 0 0 0
#Transform 147
Transform: MatrixOffsetTransformBase_double_3_3
Parameters: 0.9999975331562607 -0.001122383558806464 -0.0017566559672489643 0.0011254499640039146 0.9999980802077311 0.0016945775177737016 0.0017550463225503993 -0.0016965094172217976 0.9999969444690691 0.10971747461674397 0.1291846100839109 -0.12216877952873517
FixedParameters: 0 0 0
#Transform 148
Transform: MatrixOffsetTransformBase_double_3_3
Parameters: 0.9999982227773422 -0.0009841464817386576 -0.001658436455878605 0.000987619523063781 0.999998466614514 0.0016339770906130396 0.0016563080503683367 -0.0016361557020838219 0.9999975260057313 0.12270588386326153 0.1491687858438553 -0.1385575855406529
FixedParameters: 0 0 0
#Transform 149
Transform: MatrixOffsetTransformBase_double_3_3
Parameters: 0.9999981666006484 -0.0007799327639783837 -0.0014719514137583253 0.0007820947902389833 0.9999985526168518 0.0013956134120844954 0.001470866048315693 -0.0013968224507630023 0.9999978318654001 0.1100749152660967 0.11039328776762147 -0.10592436911741743
FixedParameters: 0 0 0
#Transform 150
Transform: MatrixOffsetTransformBase_double_3_3
Parameters: 0.9999974984322452 -0.0010740290754105509 -0.001796258248715106 0.0010770277508076386 0.999998374680618 0.0016382296832274656 0.0017949339928340566 -0.0016400771497705052 0.999996991361479 0.12315665392627295 0.15619646842534962 -0.12292059151536705
FixedParameters: 0 0 0
#Transform 151
Transform: MatrixOffsetTransformBase_double_3_3
Parameters: 0.9999985971859753 -0.001340370530514303 -0.0012150207369665475 0.001342065948662259 0.9999983000630462 0.0010579278572823148 0.0012144038136516488 -0.001059273346785683 0.9999983126872682 0.11010366058457066 0.13717974493678753 -0.07598779928586907
FixedParameters: 0 0 0
#Transform 152
Transform: MatrixOffsetTransformBase_double_3_3
Parameters: 0.9999979185771836 -0.001229085924257101 -0.0015856116936374814 0.0012313141830721857 0.9999979807191313 0.0016493096356822445 0.0015827672395125336 -0.0016512064469572235 0.9999976078828593 0.11726563870095674 0.12147167989901675 -0.11882008781695674
FixedParameters: 0 0 0
#Transform 153
Transform: MatrixOffsetTransformBase_double_3_3
Parameters: 0.9999983874015133 -0.0011797884241072278 -0.00146932828899754 0.0011826958495932717 0.9999979861844586 0.0016472388613332917 0.0014666529245993196 -0.0016498421365407495 0.9999970903537133 0.11548405766966141 0.1706255863138324 -0.11190924099922483
FixedParameters: 0 0 0
#Transform 154
Transform: MatrixOffsetTransformBase_double_3_3
Parameters: 0.9999976035592015 -0.0013843101994333706 -0.0018317531371557227 0.001387507476428091 0.9999975480056048 0.0016566511182883187 0.0018294823416743766 -0.0016597094222319253 0.9999968054665884 0.12912896891781145 0.13401371116945882 -0.10236042158508951
FixedParameters: 0 0 0
#Transform 155
Transform: MatrixOffsetTransformBase_double_3_3
Parameters: 0.9999977205106815 -0.0014328695638072333 -0.0014510093564529744 0.0014357975038282655 0.9999973994525149 0.0016628476716929325 0.001448324660450119 -0.0016649305423456079 0.9999980252621913 0.11877348306484237 0.19234593874008965 -0.11913438057933945
FixedParameters: 0 0 0
#Transform 156
Transform: MatrixOffsetTransformBase_double_3_3
Parameters: 0.9999975411207153 -0.001420859298324759 -0.0015227996890520082 0.0014240224165065363 0.9999974375779298 0.0016615147904440603 0.001520158118971722 -0.0016637674779543393 0.9999978160480234 0.11353743855543996 0.13313266035798677 -0.11640257311836422
FixedParameters: 0 0 0
#Transform 157
Transform: MatrixOffsetTransformBase_double_3_3
Parameters: 0.9999982625521749 -0.0010526689466813675 -0.0012280377102824314 0.0010547334806041428 0.9999984672251411 0.001587367623504185 0.0012267720649803138 -0.0015890762692481325 0.9999979916937112 0.10454145517523727 0.1719248794328081 -0.1168944586032552
FixedParameters: 0 0 0
#Transform 158
Transform: MatrixOffsetTransformBase_double_3_3
Parameters: 0.9999980120370262 -0.0011609804224015615 -0.0015872349692613932 0.0011633151346221995 0.9999981583091482 0.0016451803918392516 0.0015856107973961225 -0.0016468527427023344 0.9999976762486013 0.11996647979175634 0.11820521748897761 -0.10464151848978531
FixedParameters: 0 0 0
#Transform 159
Transform: MatrixOffsetTransformBase_double_3_3
Parameters: 0.9999978643971388 -0.0013829610100866236 -0.001448437487203788 0.0013856633851384382 0.9999978319967255 0.0016045980908972607 0.0014462125727629851 -0.0016057815824871563 0.9999971281724896 0.12345074459834393 0.179131296679941 -0.1189209268738125
FixedParameters: 0 0 0
#Transform 160
Transform: MatrixOffsetTransformBase_double_3_3
Parameters: 0.9999972448749427 -0.001243687075382578 -0.001757115981891287 0.001246794828869159 0.9999977535006576 0.001705904762397889 0.0017550661717711524 -0.0017082633173560041 0.9999969043560646 0.1230484561974663 0.1260860678071083 -0.10918678435089646
FixedParameters: 0 0 0
#Transform 161
Transform: MatrixOffsetTransformBase_double_3_3
Parameters: 0.9999969493737823 -0.0015106548692809738 -0.0018920207324958777 0.0015141296835685294 0.9999972716777713 0.00166374622034339 0.0018903024134904745 -0.0016664643388557554 0.9999965061108557 0.1378086299319108 0.19090000135565788 -0.11396552872290044
FixedParameters: 0 0 0
#Transform 162
Transform: MatrixOffsetTransformBase_double_3_3
Parameters: 0.9999972463685234 -0.001480224575709216 -0.001854179356414458 0.0014835171715508882 0.9999972535311894 0.0016622439428891495 0.0018515731188416817 -0.0016657195588675316 0.999996704201278 0.13424968385000113 0.10578640695393915 -0.0994608870398821
FixedParameters: 0 0 0
#Transform 163
Transform: MatrixOffsetTransformBase_double_3_3
Parameters: 0.9999974620292972 -0.0013650233471732926 -0.0019013386525940715 0.0013673393934825074 0.9999976001512734 0.0016548397671489051 0.001898265357669078 -0.0016580896971813003 0.9999964986328358 0.14588732358016898 0.18371301107821125 -0.118978273171777
FixedParameters: 0 0 0
#Transform 164
Transform: MatrixOffsetTransformBase_double_3_3
Parameters: 0.9999975098220083 -0.0016259659422586054 -0.001311708264521233 0.0016280401533900497 0.9999982937201377 0.0011295987210608593 0.0013101276910713541 -0.001131952439003367 0.9999989078459587 0.12045412967626135 0.11742700542403384 -0.07104817427546095
FixedParameters: 0 0 0
#Transform 165
Transform: MatrixOffsetTransformBase_double_3_3
Parameters: 0.9999964236319524 -0.0018258409329999486 -0.0017479224426468765 0.001828905912579941 0.9999971378582191 0.0016838908010476938 0.0017450799208793971 -0.0016874969731335704 0.999996976214911 0.14094051310841849 0.17765894019579775 -0.12172950041930619
FixedParameters: 0 0 0
#Transform 166
Transform: MatrixOffsetTransformBase_double_3_3
Parameters: 0.9999974736055768 -0.001629798711058953 -0.0016572433657751073 0.0016324703526429708 0.9999977403884137 0.0016728463607081218 0.001654105579288745 -0.0016764571678069967 0.9999973733425133 0.13918475035677602 0.12305635718973917 -0.10340460167105903
FixedParameters: 0 0 0
#Transform 167
Transform: MatrixOffsetTransformBase_double_3_3
Parameters: 0.9999967220615591 -0.0016498657009047478 -0.001835117383187701 0.0016531833745977763 0.9999968012653443 0.0016726232696597787 0.001832905842117205 -0.0016756788658851968 0.9999966887975814 0.14752417342380397 0.15502548784370163 -0.13060001122151732
FixedParameters: 0 0 0
#Transform 168
Transform: MatrixOffsetTransformBase_double_3_3
Parameters: 0.9999972282280136 -0.0012466928804737024 -0.0017778466938317208 0.0012495546340650261 0.9999979371216198 0.0016487909521610278 0.0017749437049839611 -0.0016512243507948998 0.9999969627787214 0.1299447443328603 0.0998163548604083 -0.11541578222302462
FixedParameters: 0 0 0
#Transform 169
Transform: MatrixOffsetTransformBase_double_3_3
Parameters: 0.9999980591297232 -0.0010627164690392241 -0.0019377333177501219 0.001066574919310643 0.9999969801263535 0.0020262590849426942 0.0019347457770932178 -0.0020282163742556536 0.9999959763271609 0.15176763917625635 0.11675328716040667 -0.15142995694861838
FixedParameters: 0 0 0
#Transform 170
Transform: MatrixOffsetTransformBase_double_3_3
Parameters: 0.9999977375234693 -0.001017184941177916 -0.0017638364498347367 0.0010207086425018958 0.9999967208853192 0.0020850552217579754 0.0017617689470174197 -0.002087441312827995 0.9999965452357401 0.1419105558960183 0.13966429799521052 -0.17281994835367698
FixedParameters: 0 0 0
#Transform 171
Transform: MatrixOffsetTransformBase_double_3_3
Parameters: 0.9999979161238952 -0.0011747974437021453 -0.001892954530733973 0.0011785207893910826 0.9999977887617603 0.0020082146976185405 0.0018905404804146625 -0.002010712401946904 0.9999962927262338 0.14735383777944833 0.0845896768587977 -0.1524044469027217
FixedParameters: 0 0 0
#Transform 172
Transform: MatrixOffsetTransformBase_double_3_3
Parameters: 0.9999979053740243 -0.0011585033364667485 -0.001904435293318546 0.0011618876065628055 0.9999981706933451 0.0016424438489313076 0.0019029467777971973 -0.0016448453168069338 0.999996580583742 0.14129827183570853 0.14782862117151296 -0.13692904550575236
FixedParameters: 0 0 0
#Transform 173
Transform: MatrixOffsetTransformBase_double_3_3
Parameters: 0.9999978179056381 -0.0011136433733523916 -0.0019698531529851043 0.0011171160098592961 0.9999982825282294 0.0016392048049735791 0.0019675333839111325 -0.0016415946818695432 0.9999962780593342 0.14767186762068718 0.09956014755594822 -0.13042698167095068
FixedParameters: 0 0 0
#Transform 174
Transform: MatrixOffsetTransformBase_double_3_3
Parameters: 0.9999978589899233 -0.0010838490986051982 -0.0017055898712641099 0.0010865042454007278 0.9999982348294765 0.0016395646278184461 0.0017032373036180645 -0.0016422352524553124 0.9999973557827718 0.13868698123894774 0.16202730822104172 -0.15187572668278904
FixedParameters: 0 0 0
#Transform 175
Transform: MatrixOffsetTransformBase_double_3_3
Parameters: 0.9999976265701439 -0.001180671034203635 -0.001963096607803326 0.0011833087389852793 0.9999978625496756 0.0014029128801492236 0.0019621026981252107 -0.0014053112026298636 0.9999970700002483 0.13658619393294202 0.10470476542907647 -0.11514141585385573
FixedParameters: 0 0 0
#Transform 176
Transform: MatrixOffsetTransformBase_double_3_3
Parameters: 0.9999968125276405 -0.0015999267385965197 -0.0018717664116822894 0.0016028251630850494 0.999997334143058 0.0015580607550032127 0.0018691039737506673 -0.0015610630927081065 0.999996862954672 0.14243134322452988 0.15005576721793545 -0.12200043104719782
FixedParameters: 0 0 0
#Transform 177
Transform: MatrixOffsetTransformBase_double_3_3
Parameters: 0.9999973726689635 -0.0011199674681189988 -0.0018046254494711936 0.0011235212058584645 0.9999967023701851 0.002063857090987428 0.0018021842392357268 -0.0020657243256298197 0.9999963770367791 0.14204669121546942 0.11175268696243279 -0.15057542558244563
FixedParameters: 0 0 0
#Transform 178
Transform: MatrixOffsetTransformBase_double_3_3
Parameters: 0.9999978688966912 -0.001130226921190522 -0.0016530830767650662 0.0011327707489492515 0.999998236406023 0.0016427835857183576 0.0016515651673273957 -0.0016445078271027508 0.999997470608869 0.1327553378249604 0.14527449723797758 -0.13376689820830734
FixedParameters: 0 0 0
#Transform 179
Transform: MatrixOffsetTransformBase_double_3_3
Parameters: 0.9999979624102887 -0.0011250372409494242 -0.00164769156777278 0.0011276822768062009 0.9999980092440514 0.0017136524120326124 0.0016450451069689315 -0.001715360289339385 0.9999971908274877 0.15366790934145058 0.09952472809847279 -0.13831609423812097
FixedParameters: 0 0 0
#Transform 180
Transform: MatrixOffsetTransformBase_double_3_3
Parameters: 0.999997884167531 -0.0010419177749064635 -0.0017055388492027979 0.0010456657301647753 0.9999973401814024 0.001945654739705191 0.0017036771729585093 -0.001947198290170954 0.9999962080790455 0.13606276939439965 0.1182420685600647 -0.14387738085108026
FixedParameters: 0 0 0
#Transform 181
Transform: MatrixOffsetTransformBase_double_3_3
Parameters: 0.9999967771681902 -0.0013339311746414784 -0.002079244520425551 0.0013378203521586798 0.9999970015285587 0.0018830694086255234 0.0020765321477609205 -0.0018854690816740433 0.9999959159410925 0.1503752420389617 0.1156932335961045 -0.14247712912099075
FixedParameters: 0 0 0
#Transform 182
Transform: MatrixOffsetTransformBase_double_3_3
Parameters: 0.9999968993320075 -0.0013644379468000407 -0.002029535184215149 0.0013681527211726928 0.9999978942268215 0.0018862075133757594 0.002026699308736883 -0.0018888229808388113 0.9999961209285116 0.15402214067032105 0.14005644718352528 -0.1365733521082575
FixedParameters: 0 0 0
#Transform 183
Transform: MatrixOffsetTransformBase_double_3_3
Parameters: 0.9999971000075516 -0.0012398903497115856 -0.0020596455485211024 0.001243839460038627 0.9999971208163448 0.00191566258945286 0.002057207054317986 -0.0019176232325023301 0.9999958733941282 0.15303698468446214 0.12264066740347346 -0.1391597942260745
FixedParameters: 0 0 0
#Transform 184
Transform: MatrixOffsetTransformBase_double_3_3
Parameters: 0.9999973203246054 -0.0012346238944002021 -0.0017419746915287096 0.0012374797679496176 0.9999979695582856 0.0016483648375226756 0.0017400985869467367 -0.0016506539010150145 0.9999971502606849 0.14501793132743046 0.18978412104964093 -0.1282137039643203
FixedParameters: 0 0 0
#Transform 185
Transform: MatrixOffsetTransformBase_double_3_3
Parameters: 0.9999976450009 -0.001151868755243651 -0.001704754686523001 0.0011547413563440271 0.999997950419846 0.0013983381742284917 0.0017036158389226591 -0.0013999679357045436 0.9999980205825643 0.14421138806645217 0.11105889191210849 -0.10152399516627497
FixedParameters: 0 0 0
#Transform 186
Transform: MatrixOffsetTransformBase_double_3_3
Parameters: 0.9999976395179453 -0.0012391767342130964 -0.0016638061959024786 0.0012411308261675944 0.9999984593572572 0.0014889475857988027 0.0016613263586806731 -0.0014910703326575236 0.9999978566389224 0.14875275832709178 0.1777545613719127 -0.12494181164548479
FixedParameters: 0 0 0
#Transform 187
Transform: MatrixOffsetTransformBase_double_3_3
Parameters: 0.9999981298252903 -0.000869499753441352 -0.001433840276475383 0.0008722230522609604 0.9999986854432203 0.0016286976326276847 0.0014320976795318338 -0.001630329511544279 0.9999972504816144 0.12769263647774665 0.11047731805359717 -0.11666224021841742
FixedParameters: 0 0 0
#Transform 188
Transform: MatrixOffsetTransformBase_double_3_3
Parameters: 0.9999978527791227 -0.0011095414243621525 -0.00167183459589227 0.0011133229444400877 0.9999969991386571 0.001995105519557658 0.0016695995078211887 -0.0019968043376961536 0.9999961272103599 0.14770107040193636 0.1604485711359871 -0.1549871468016164
FixedParameters: 0 0 0
#Transform 189
Transform: MatrixOffsetTransformBase_double_3_3
Parameters: 0.9999973836443736 -0.0012948817599924027 -0.0016790015535592187 0.0012980103648627724 0.9999973227134029 0.0017918112314216916 0.0016765542020950944 -0.0017941465711867055 0.9999968726351355 0.13780491588477162 0.11253792360567161 -0.12514370375136252
FixedParameters: 0 0 0
#Transform 190
Transform: MatrixOffsetTransformBase_double_3_3
Parameters: 0.9999968119697126 -0.0013369570143210155 -0.0020686517057187936 0.0013410828935751058 0.9999976224135492 0.001710039325327914 0.002066277767477996 -0.00171236336560604 0.9999965743851889 0.17046319220911244 0.1663512992847842 -0.1410221633821891
FixedParameters: 0 0 0
#Transform 191
Transform: MatrixOffsetTransformBase_double_3_3
Parameters: 0.9999963849256728 -0.0015396949108787937 -0.0020148068031771646 0.0015441805725056506 0.999996660357973 0.001816876801835829 0.00201239371494788 -0.001819859754884856 0.9999964774158394 0.15312871310366916 0.12208981373711936 -0.12115917903042828
FixedParameters: 0 0 0
#Transform 192
Transform: MatrixOffsetTransformBase_double_3_3
Parameters: 0.9999967173104843 -0.0016474280155148518 -0.0021080948898618487 0.0016515368589025137 0.9999968269587045 0.0016702239357087867 0.0021049111648963753 -0.001673959632570679 0.9999965475991027 0.16445757693757912 0.16191943425003785 -0.13963456435880062
FixedParameters: 0 0 0
#Transform 193
Transform: MatrixOffsetTransformBase_double_3_3
Parameters: 0.9999963498197584 -0.0015149896880320146 -0.0020577355698030153 0.0015192175690218893 0.9999969956189237 0.0017438721479605124 0.0020546484299038686 -0.001746898355604709 0.9999965027059141 0.15237459799233477 0.14603147896166035 -0.12609335697128188
FixedParameters: 0 0 0
#Transform 194
Transform: MatrixOffsetTransformBase_double_3_3
Parameters: 0.9999969208745413 -0.0016075036130502353 -0.0020905450633106684 0.001611853561267528 0.9999976985632013 0.0017420218284691091 0.0020872633093220877 -0.0017457585558011274 0.9999963890378082 0.16685433732970978 0.1300136828493237 -0.1345206215884076
FixedParameters: 0 0 0
#Transform 195
Transform: MatrixOffsetTransformBase_double_3_3
Parameters: 0.9999980469049394 -0.0016006015094857757 -0.00148457998825869 0.001603058496408718 0.9999975853204288 0.0017787722460781419 0.0014821965147034655 -0.0017807476553498847 0.9999975000694926 0.13681577548339874 0.15077241161355914 -0.1473924923636929
FixedParameters: 0 0 0
#Transform 196
Transform: MatrixOffsetTransformBase_double_3_3
Parameters: 0.9999977378823883 -0.0014594171603760303 -0.0017157441391965483 0.0014626402158989795 0.9999970400936257 0.001743334188533785 0.001713956851747793 -0.0017463152109254004 0.9999969825298819 0.16543297703502446 0.10020876406696289 -0.13733178543290592
FixedParameters: 0 0 0
#Transform 197
Transform: MatrixOffsetTransformBase_double_3_3
Parameters: 0.9999967799999424 -0.0018895060045845402 -0.001860710985802455 0.0018933190671734396 0.9999966208737369 0.0018000643014288026 0.0018572212124514029 -0.0018031218369137653 0.9999970412155256 0.1634848232802142 0.14699831054936396 -0.13497231509489893
FixedParameters: 0 0 0
#Transform 198
Transform: MatrixOffsetTransformBase_double_3_3
Parameters: 0.9999961864364652 -0.0018130509547138254 -0.002098539664894386 0.0018161787386460808 0.9999972003870017 0.001680077812583891 0.002094879432095985 -0.0016847598406486558 0.9999965740186254 0.17081112431657175 0.10252274921204219 -0.1262618104469766
FixedParameters: 0 0 0
#Transform 199
Transform: MatrixOffsetTransformBase_double_3_3
Parameters: 0.9999965604019943 -0.001896077556737612 -0.0019122792489409887 0.0019000307055727942 0.9999966387157779 0.0017879772348051853 0.001908811008931699 -0.0017912552652142588 0.999996889796914 0.1537032428389864 0.15473165225816388 -0.1268985426343221
FixedParameters: 0 0 0
#Transform 200
Transform: MatrixOffsetTransformBase_double_3_3
Parameters: 0.9999971632786708 -0.0018839958365560773 -0.001777639407678333 0.0018872611352819587 0.999996727079155 0.0017402410871794477 0.0017735252684135394 -0.0017441735727769664 0.9999966224412762 0.16335996365943117 0.14323716786471152 -0.14118146698129408
FixedParameters: 0 0 0
#Transform 201
Transform: MatrixOffsetTransformBase_double_3_3
Parameters: 0.9999964552534097 -0.001899715887214752 -0.001935996107766437 0.0019036960877577662 0.9999966781992324 0.001772954329337148 0.0019325717368539053 -0.0017763366031106897 0.9999968518844751 0.16262773694955968 0.1597113390861722 -0.13810833252304633
FixedParameters: 0 0 0
#Transform 202
Transform: MatrixOffsetTransformBase_double_3_3
Parameters: 0.9999975043709632 -0.001838508313156466 -0.0013883968160157412 0.0018415835857841243 0.9999968099547548 0.001768054706652658 0.0013850911045057215 -0.001770320413991 0.999997807938021 0.1370841893981094 0.0903215706973981 -0.13228566573641842
FixedParameters: 0 0 0
#Transform 203
Transform: MatrixOffsetTransformBase_double_3_3
Parameters: 0.9999972086919521 -0.0017659188386642856 -0.0015968328764817963 0.001768626674836177 0.9999971075385006 0.001787790717643234 0.0015928500144125265 -0.0017896925634813265 0.9999969509959754 0.15736311502982403 0.16877367067283444 -0.14295340838408777
FixedParameters: 0 0 0
#Transform 204
Transform: MatrixOffsetTransformBase_double_3_3
Parameters: 0.9999960859606641 -0.0019068050415930633 -0.00202281458128567 0.001910266937449512 0.9999964983429415 0.0018136342053036714 0.002019323092894411 -0.0018174349515328453 0.9999963688477433 0.16041070206398444 0.09733620023072831 -0.12176067926816359
FixedParameters: 0 0 0
#Transform 205
Transform: MatrixOffsetTransformBase_double_3_3
Parameters: 0.9999962385875252 -0.0019054265667343678 -0.00198566521088666 0.001909575115231551 0.9999966632057172 0.0017708519988108018 0.001982227887107016 -0.00177444615606126 0.999996664373976 0.1517644488709209 0.16777016095740294 -0.14292697736780724
FixedParameters: 0 0 0
#Transform 206
Transform: MatrixOffsetTransformBase_double_3_3
Parameters: 0.9999971272336933 -0.0018808871601548108 -0.001773029970576795 0.001884331641775286 0.9999967092531951 0.0017811692744111873 0.0017697670471062549 -0.0017840888762932078 0.9999964437942636 0.14528646683319835 0.08915443851830673 -0.11505904736156936
FixedParameters: 0 0 0
#Transform 207
Transform: MatrixOffsetTransformBase_double_3_3
Parameters: 0.999997178446342 -0.0018848061279439048 -0.0017543185234724992 0.0018879193293969967 0.9999969066272515 0.0016873944530208518 0.0017513872035863354 -0.0016912297570744472 0.9999969456202324 0.1599993406464364 0.15050936437548046 -0.1418531068989921
FixedParameters: 0 0 0
#Transform 208
Transform: MatrixOffsetTransformBase_double_3_3
Parameters: 0.9999972674094875 -0.0016423904837807044 -0.0017063007434565958 0.001645535929062296 0.9999974333131284 0.001782391919221596 0.00170276814992186 -0.0017852334833949324 0.9999967191561826 0.14724702011257307 0.09342468797014192 -0.1195062625082528
FixedParameters: 0 0 0
#Transform 209
Transform: MatrixOffsetTransformBase_double_3_3
Parameters: 0.9999972419470575 -0.0014580280809691855 -0.0018728571520210263 0.0014615606922749715 0.9999972134304602 0.0017268679879337417 0.0018701442446635158 -0.0017293437963649821 0.9999963048476953 0.15467395020094443 0.1549261841345526 -0.12676865821180172
FixedParameters: 0 0 0
#Transform 210
Transform: MatrixOffsetTransformBase_double_3_3
Parameters: 0.9999959167922414 -0.001908066626927417 -0.0020630074134716445 0.0019118798263270242 0.9999963091640965 0.001863456550153561 0.00205932008050784 -0.0018674162699847813 0.9999960214790391 0.15613796700257865 0.11068628569736916 -0.1132056885221715
FixedParameters: 0 0 0
#Transform 211
Transform: MatrixOffsetTransformBase_double_3_3
Parameters: 0.9999963460864758 -0.001903018899400314 -0.0019607686294824678 0.001907055774407312 0.9999966937927021 0.0017649161827189563 0.0019573628557082584 -0.0017684057657753188 0.999996783674706 0.1595560376013907 0.16313844438688818 -0.12739426970425427
FixedParameters: 0 0 0
#Transform 212
Transform: MatrixOffsetTransformBase_double_3_3
Parameters: 0.9999970744283223 -0.0017503805484576467 -0.0019337433393950415 0.001753538902347411 0.9999968908383027 0.0018320767823694212 0.0019297628115401283 -0.0018359180698520466 0.9999967055298566 0.1565518942799855 0.09951098028351169 -0.1119956598461016
FixedParameters: 0 0 0
#Transform 213
Transform: MatrixOffsetTransformBase_double_3_3
Parameters: 0.9999953268962745 -0.0019974898366659413 -0.002105297633921095 0.0020015756274433024 0.9999959588946323 0.001863444226212027 0.0021022609738680573 -0.0018679295347366065 0.9999959045138049 0.1666537770666423 0.17473908780293357 -0.1323969099701685
FixedParameters: 0 0 0
#Transform 214
Transform: MatrixOffsetTransformBase_double_3_3
Parameters: 0.999996142437277 -0.00178982347169402 -0.0018617931925961687 0.0017935250089997478 0.9999970869869295 0.0017688812798491577 0.0018587747850049227 -0.0017717981078386458 0.9999961608073058 0.16313931147526262 0.10002595541699577 -0.10555563184958316
FixedParameters: 0 0 0
#Transform 215
Transform: MatrixOffsetTransformBase_double_3_3
Parameters: 0.9999969899693639 -0.0017545038899862732 -0.0019352033723794501 0.0017575468501148305 0.9999970969826085 0.0017711925792064237 0.0019324075632011148 -0.0017750427464852253 0.999996978664532 0.16567762408220688 0.12422594480500493 -0.1377292736313649
FixedParameters: 0 0 0
#Transform 216
Transform: MatrixOffsetTransformBase_double_3_3
Parameters: 0.999997362229449 -0.0014852929774074944 -0.0018185675236246993 0.0014889745728510501 0.999996752923935 0.0018021385019822977 0.0018155278127883687 -0.0018055270587286065 0.9999963507079399 0.16852214119613507 0.09705351970831089 -0.11344901702832999
FixedParameters: 0 0 0
#Transform 217
Transform: MatrixOffsetTransformBase_double_3_3
Parameters: 0.9999968886026595 -0.0017407375758419635 -0.0019730204688031133 0.0017450202082489909 0.9999970464231605 0.001800155713606158 0.0019700570799149053 -0.001804025785982391 0.9999967206812693 0.17058476347645524 0.12654712250795797 -0.13759449468604146
FixedParameters: 0 0 0
#Transform 218
Transform: MatrixOffsetTransformBase_double_3_3
Parameters: 0.9999961656218999 -0.0019080450278783 -0.002001449711137762 0.0019121977166335893 0.999996699032185 0.0017578419590914135 0.001998052663139342 -0.001761506892448944 0.9999966472434021 0.15168252663242754 0.11407608670384661 -0.1224822374577883
FixedParameters: 0 0 0
#Transform 219
Transform: MatrixOffsetTransformBase_double_3_3
Parameters: 0.9999959096288513 -0.0019725806112245213 -0.0020033127602490583 0.0019758840256128294 0.9999963220538974 0.0017917082449428745 0.0019996689246254626 -0.001795697243770003 0.9999965263978887 0.16357561490528383 0.12046608765696476 -0.13217018569460492
FixedParameters: 0 0 0
#Transform 220
Transform: MatrixOffsetTransformBase_double_3_3
Parameters: 0.9999962389007802 -0.001668914794441474 -0.0019640006176662034 0.0016718776289331508 0.9999974949267015 0.0017737841729313086 0.001960399340168166 -0.001776440560332812 0.9999966831793814 0.16084134124474758 0.14082956141902514 -0.12135588728179414
FixedParameters: 0 0 0
#Transform 221
Transform: MatrixOffsetTransformBase_double_3_3
Parameters: 0.9999974052482709 -0.0014001399594253056 -0.0015856720963595833 0.0014028828851583297 0.999997138509722 0.0017959335628488227 0.0015828447422313319 -0.001797386944775825 0.9999970520143241 0.17776647322544648 0.09626006480435478 -0.13314586233134662
FixedParameters: 0 0 0
#Transform 222
Transform: MatrixOffsetTransformBase_double_3_3
Parameters: 0.9999970983301533 -0.0013813038450549587 -0.00196822616423524 0.001384631446294326 0.9999970092168546 0.0018467599285073438 0.0019654369094524796 -0.0018490481259776509 0.9999965008626585 0.16086326011762253 0.11403195253723197 -0.12034527451649524
FixedParameters: 0 0 0
#Transform 223
Transform: MatrixOffsetTransformBase_double_3_3
Parameters: 0.9999962410626682 -0.0014838520307466465 -0.002331996699203101 0.0014872427484566289 0.9999970112810227 0.0017977769307305769 0.0023290936262189074 -0.00180041229785724 0.9999959975465667 0.17360558781611246 0.13064844283844934 -0.1348582975406174
FixedParameters: 0 0 0
#Transform 224
Transform: MatrixOffsetTransformBase_double_3_3
Parameters: 0.9999967604986373 -0.001447747065692978 -0.0020059776689429973 0.00145098447246572 0.9999970295072946 0.0017893120350738895 0.002003109007518253 -0.0017919707393528883 0.9999965594469243 0.15947541857636338 0.11496112291419536 -0.1148498383688974
FixedParameters: 0 0 0
#Transform 225
Transform: MatrixOffsetTransformBase_double_3_3
Parameters: 0.9999971038585252 -0.0014357517141054144 -0.0019107492730495584 0.0014388986731657437 0.9999968825142381 0.0018084561932381477 0.0019088465218736056 -0.0018117526024265113 0.9999970341728165 0.16062670093707254 0.13348282821333157 -0.13047747875391735
FixedParameters: 0 0 0
#Transform 226
Transform: MatrixOffsetTransformBase_double_3_3
Parameters: 0.9999980206774078 -0.0014163867759696353 -0.0013827646423812887 0.0014176815883185402 0.9999977995657761 0.0011894485237872038 0.001380617403764245 -0.001191301742626355 0.9999985116428673 0.15831948372537852 0.12125539235613303 -0.08070869612470233
FixedParameters: 0 0 0
#Transform 227
Transform: MatrixOffsetTransformBase_double_3_3
Parameters: 0.9999969332707059 -0.0014647363502485067 -0.0021902395439181294 0.001468896619336144 0.9999967716976053 0.001845894632754197 0.0021872652235100237 -0.0018491628260742798 0.9999955838713207 0.16043286644085697 0.1356153698801421 -0.1280755335484116
FixedParameters: 0 0 0
#Transform 228
Transform: MatrixOffsetTransformBase_double_3_3
Parameters: 0.9999978395877589 -0.0010566083544642987 -0.0014093024613224883 0.0010577838178473702 0.9999987662080363 0.001107276240214089 0.0014080548139482063 -0.0011091653987929523 0.999998733808523 0.1758624606578394 0.08298292666756879 -0.0712908367673748
FixedParameters: 0 0 0
#Transform 229
Transform: MatrixOffsetTransformBase_double_3_3
Parameters: 0.9999979906991093 -0.0012986707443650436 -0.0017882410781323438 0.0013023394338294242 0.9999971761553543 0.0018292136188830105 0.0017858052277631015 -0.0018318458486609734 0.9999963618955716 0.1858184434575776 0.11451745347262943 -0.12701920220033003
FixedParameters: 0 0 0
#Transform 230
Transform: MatrixOffsetTransformBase_double_3_3
Parameters: 0.9999970546449939 -0.0014500006377779944 -0.0016677632744161452 0.0014519007543208687 0.9999987412198797 0.0011669187639649081 0.0016655990059256665 -0.0011699181103615452 0.9999977075375747 0.181184310253812 0.10354043210899988 -0.07909258385033979
FixedParameters: 0 0 0
#Transform 231
Transform: MatrixOffsetTransformBase_double_3_3
Parameters: 0.9999964470096561 -0.001217056425285407 -0.0022250305686727714 0.0012207510370290473 0.99999790392502 0.0017155238587415328 0.00222316761697805 -0.0017177938529618353 0.9999958904986661 0.1874299712103351 0.11857298589708876 -0.12515855662371678
FixedParameters: 0 0 0
#Transform 232
Transform: MatrixOffsetTransformBase_double_3_3
Parameters: 0.9999968282996429 -0.0017331450292237373 -0.0017263492033706487 0.0017365947259407035 0.9999970024680445 0.0018167670616503623 0.0017233581906906242 -0.0018199750054997549 0.9999965864496314 0.18734137452669586 0.11528547107938891 -0.11731336102208445
FixedParameters: 0 0 0
#Transform 233
Transform: MatrixOffsetTransformBase_double_3_3
Parameters: 0.9999969920718806 -0.0014492896588212947 -0.0019452034780517088 0.0014518838787553907 0.9999973468481848 0.0016595509987360618 0.0019428220664363116 -0.0016632358687821563 0.9999963738035605 0.21513052827802426 0.16112245739161324 -0.13473194579094638
FixedParameters: 0 0 0
#Transform 234
Transform: MatrixOffsetTransformBase_double_3_3
Parameters: 0.9999966634142322 -0.0014495530283339586 -0.0020128031746842814 0.00145286500386193 0.9999970818956188 0.001773336695136643 0.0020109600733436567 -0.0017760100529101153 0.9999966483700569 0.2007456673835577 0.08151656815923047 -0.11431468212693119
FixedParameters: 0 0 0
#Transform 235
Transform: MatrixOffsetTransformBase_double_3_3
Parameters: 0.9999973620978585 -0.0012878396045680474 -0.0016907998456960338 0.0012907557652536124 0.9999976553030693 0.0017351560282956868 0.0016885325434047305 -0.0017365256614385732 0.9999969217619025 0.19913789584083474 0.13558877958399762 -0.13995886167145954
FixedParameters: 0 0 0
#Transform 236
Transform: MatrixOffsetTransformBase_double_3_3
Parameters: 0.9999972155150973 -0.001435242536808442 -0.001898711383603445 0.0014381824271446544 0.9999969302770102 0.0017954931162269122 0.0018958623189730336 -0.001798765269757363 0.9999970671435648 0.1923969023193024 0.08344589149885451 -0.1204508361601313
FixedParameters: 0 0 0
#Transform 237
Transform: MatrixOffsetTransformBase_double_3_3
Parameters: 0.9999966529253487 -0.0017659331907663835 -0.0020103738215147687 0.0017691830945863662 0.9999971087722784 0.0017561910924998453 0.0020075895960771015 -0.0017603516242739176 0.9999967346853276 0.19364850218708796 0.11604912581120175 -0.14102398947922268
FixedParameters: 0 0 0
#Transform 238
Transform: MatrixOffsetTransformBase_double_3_3
Parameters: 0.9999955225896883 -0.0018594450698533587 -0.0021979838959023043 0.0018639583779911156 0.9999971418107526 0.0016820315862891289 0.0021950385225789 -0.0016862354877456298 0.999996081728143 0.19894946278051862 0.0766389461888366 -0.11113305051904376
FixedParameters: 0 0 0
#Transform 239
Transform: MatrixOffsetTransformBase_double_3_3
Parameters: 0.9999965087265094 -0.0016142722531398788 -0.00216733220018428 0.0016182029668456652 0.9999975159685083 0.001785806416284355 0.002164984530871418 -0.0017898670178932152 0.9999959736026589 0.2084352556886273 0.12852377527372028 -0.13143874035159797
FixedParameters: 0 0 0
#Transform 240
Transform: MatrixOffsetTransformBase_double_3_3
Parameters: 0.9999951209963293 -0.001999185217208723 -0.002386803359946725 0.002002984766480272 0.9999962012552847 0.0018279783787172321 0.0023830373000743588 -0.0018324724500139306 0.9999955938476298 0.19517105311751948 0.09070341979672492 -0.1155111753746354
FixedParameters: 0 0 0
#Transform 241
Transform: MatrixOffsetTransformBase_double_3_3
Parameters: 0.9999953653490129 -0.002014548608025849 -0.002095244868651598 0.0020182860940520632 0.9999960633447997 0.0018164516486329774 0.002091348819156416 -0.001820979760357777 0.9999960601067317 0.1989653024654956 0.1520519839456398 -0.13267264598168538
FixedParameters: 0 0 0
#Transform 242
Transform: MatrixOffsetTransformBase_double_3_3
Parameters: 0.9999978489351388 -0.0014190284476217506 -0.0014409111396459229 0.0014206367877860789 0.9999986301122452 0.0012501314788821438 0.0014385843561163444 -0.0012523826772892627 0.9999982120522446 0.1852598415992901 0.10812224292769201 -0.08488411044265831
FixedParameters: 0 0 0
#Transform 243
Transform: MatrixOffsetTransformBase_double_3_3
Parameters: 0.9999949436127789 -0.0021830209068254697 -0.0022440914257503553 0.0021868490130454556 0.9999958748909932 0.0017009308024090591 0.0022412030236510783 -0.0017058297906778486 0.9999957715870047 0.18713168077898956 0.15224283276279493 -0.12109609332556204
FixedParameters: 0 0 0
#Transform 244
Transform: MatrixOffsetTransformBase_double_3_3
Parameters: 0.999995488988759 -0.0018984154291034703 -0.002172584121664406 0.0019021537679564035 0.9999967499735997 0.0017516735296325414 0.002169357060290797 -0.0017560106406610682 0.9999959606516691 0.1896627677514573 0.10512769486223306 -0.1145041203674424
FixedParameters: 0 0 0
#Transform 245
Transform: MatrixOffsetTransformBase_double_3_3
Parameters: 0.9999956782276305 -0.0023262940091175483 -0.0019291330550077965 0.002329040673574957 0.9999960649892065 0.0017123448613403647 0.0019247114860796305 -0.0017176260234350316 0.9999971122391642 0.18698167713704095 0.17003805371965086 -0.13705035061886406
FixedParameters: 0 0 0
#Transform 246
Transform: MatrixOffsetTransformBase_double_3_3
Parameters: 0.9999956030175676 -0.0023344170030694033 -0.0019382837197910383 0.0023381243264172964 0.9999961444776707 0.0017127913969163522 0.0019337266640331308 -0.0017171149994447132 0.9999969577575377 0.1832098593483522 0.08674651964193458 -0.10909742324699323
FixedParameters: 0 0 0
#Transform 247
Transform: MatrixOffsetTransformBase_double_3_3
Parameters: 0.9999953574410753 -0.00207509677085585 -0.0022684295042200986 0.0020792856323730863 0.9999959675434418 0.0017734226456053298 0.002264612855976504 -0.0017789239604983353 0.9999954616512031 0.18917365931740449 0.12834766799589659 -0.13303019748401823
FixedParameters: 0 0 0
#Transform 248
Transform: MatrixOffsetTransformBase_double_3_3
Parameters: 0.9999947787676693 -0.002129800015241724 -0.00234492950347763 0.0021343497174384843 0.999995734688002 0.0018091658764416846 0.0023406501507000355 -0.0018140443240978743 0.9999958538050794 0.18901653630808823 0.08316843824479747 -0.11431323096063295
FixedParameters: 0 0 0
#Transform 249
Transform: MatrixOffsetTransformBase_double_3_3
Parameters: 0.9999955025990153 -0.0020736861779274487 -0.001986750960193677 0.002076668051489537 0.9999962452324735 0.001696733929212435 0.0019841243166993025 -0.0017010463493923739 0.9999969830109635 0.18446439586891472 0.13649814742620947 -0.13620910258833874
FixedParameters: 0 0 0
#Transform 250
Transform: MatrixOffsetTransformBase_double_3_3
Parameters: 0.999996302137707 -0.0015300659082907522 -0.002287497768935408 0.0015343763265802147 0.9999967424032231 0.0017998793388094292 0.0022844218877608527 -0.0018037317341317027 0.9999953157497536 0.19359110640996846 0.09206269084357643 -0.1295286970426588
FixedParameters: 0 0 0
#Transform 251
Transform: MatrixOffsetTransformBase_double_3_3
Parameters: 0.9999967491516673 -0.0019189112586955898 -0.001838124060803449 0.0019215162394470861 0.9999965832395087 0.0017417563373009898 0.001834981836123989 -0.0017460925434862745 0.999996464716992 0.17060800738673265 0.15242085250373805 -0.14114008698751945
FixedParameters: 0 0 0
#Transform 252
Transform: MatrixOffsetTransformBase_double_3_3
Parameters: 0.9999962839132409 -0.0019517107996526936 -0.0019290035967601815 0.0019543553359818054 0.9999967607841299 0.001689908194213413 0.001925834187403913 -0.0016935229952140807 0.9999971728964218 0.16683979203224908 0.08907338601720483 -0.11745055624284362
FixedParameters: 0 0 0
#Transform 253
Transform: MatrixOffsetTransformBase_double_3_3
Parameters: 0.9999957305610205 -0.0021921629532832276 -0.002066962739919527 0.0021963363776317836 0.9999957198835219 0.0017031750708306342 0.0020629262488179798 -0.0017082616104575066 0.9999965730683641 0.18007973742554384 0.16331802686593733 -0.1386810792324269
FixedParameters: 0 0 0
#Transform 254
Transform: MatrixOffsetTransformBase_double_3_3
Parameters: 0.9999961851329542 -0.0020782121031697074 -0.002089131223138807 0.002080851755783014 0.9999973736083239 0.0013562850259766779 0.00208607614398533 -0.0013602581901644845 0.9999963863277247 0.17235254201931127 0.09379941663397062 -0.10689983494197008
FixedParameters: 0 0 0
