#Insight Transform File V1.0
#Transform 0
Transform: MatrixOffsetTransformBase_double_3_3
Parameters: 0.9999876154855545 0.00018286573596754173 -0.005035302117893062 -0.0001959273327706506 0.9999968012220342 -0.00262172706358077 0.0050341471846738015 0.0026222757839418076 0.9999840643772474 -0.006164250709247199 0.2205473152053372 -0.3915293896974106
FixedParameters: 0 0 0
#Transform 1
Transform: MatrixOffsetTransformBase_double_3_3
Parameters: 0.9999856436690625 0.0006911871120624262 -0.00527999853387973 -0.0006901469079400824 0.9999995241980305 0.0001005952717131886 0.00528013460520085 -0.00009640189809309585 0.9999861000668466 -0.0006097091503676211 0.10530742732521503 -0.4469384746624385
FixedParameters: 0 0 0
#Transform 2
Transform: MatrixOffsetTransformBase_double_3_3
Parameters: 0.9999877089810368 0.0010718514306705701 -0.00491345205414268 -0.001071786780758073 0.9999994299259221 0.00010856175394535761 0.0049134662585907 -0.00010344066690470832 0.999988256582712 0.010316625862657247 0.13969816975667015 -0.41196857600585446
FixedParameters: 0 0 0
#Transform 3
Transform: MatrixOffsetTransformBase_double_3_3
Parameters: 0.9999853023649888 0.0011440447585482512 -0.005233408266871191 -0.0011412920119006798 0.999999034791561 0.0005460663699653479 0.005234010129973877 -0.0005399334190912819 0.9999856778714146 0.006754195754780312 0.1556418736609828 -0.420331173926094
FixedParameters: 0 0 0
#Transform 4
Transform: MatrixOffsetTransformBase_double_3_3
Parameters: 0.9999842749056205 0.0011731404510874756 -0.005417429787858869 -0.0011806965282277542 0.9999982820104903 -0.0014157469740375128 0.005415793915300619 0.0014222527036768795 0.9999839657406321 0.013596596022679819 0.2248906268419546 -0.38339239654355595
FixedParameters: 0 0 0
#Transform 5
Transform: MatrixOffsetTransformBase_double_3_3
Parameters: 0.9999850816076995 0.001249673954516358 -0.005325140586025249 -0.0012573005182835901 0.9999984721006853 -0.001355401960478675 0.005323226056636444 0.0013615962090232914 0.9999849184358367 0.015653523760050803 0.19842626340555114 -0.3673234551608573
FixedParameters: 0 0 0
#Transform 6
Transform: MatrixOffsetTransformBase_double_3_3
Parameters: 0.9999856600767181 0.0013685995180503327 -0.005240970032260369 -0.001373979798807128 0.9999980489990192 -0.0009758894344445435 0.0052393488145925 0.0009831076542217987 0.9999856922256986 0.019023612330158812 0.17133967245274562 -0.3617328356477145
FixedParameters: 0 0 0
#Transform 7
Transform: MatrixOffsetTransformBase_double_3_3
Parameters: 0.9999843561423296 0.0014140660221686936 -0.005444552381728913 -0.0014087715207309183 0.9999984362426811 0.0008484436177678689 0.0054460855775895975 -0.0008415512213091059 0.9999844918428902 0.009575894624134662 0.15253919377865088 -0.4206270442091764
FixedParameters: 0 0 0
#Transform 8
Transform: MatrixOffsetTransformBase_double_3_3
Parameters: 0.9999852402292329 0.0010110205885968022 -0.005360784564825011 -0.0010074499984049543 0.9999989675109892 0.0007002433970373367 0.005361340345686479 -0.0006947571463112312 0.9999852996980813 0.004106972060284875 0.14755513659662256 -0.415693416857593
FixedParameters: 0 0 0
#Transform 9
Transform: MatrixOffsetTransformBase_double_3_3
Parameters: 0.9999883875881161 0.0008250686720362967 -0.0046834779466319665 -0.0008310105571831471 0.999998680244993 -0.001385458244771015 0.00468169429524125 0.0013895431874975661 0.9999878570049916 -0.003476983422615376 0.19565743281765435 -0.411636881534335
FixedParameters: 0 0 0
#Transform 10
Transform: MatrixOffsetTransformBase_double_3_3
Parameters: 0.9999861183102415 0.0006732522334997018 -0.005141045668446052 -0.000678938028627272 0.9999991814496646 -0.0012373227934021902 0.005139884468242274 0.0012406805597756643 0.9999858665924783 -0.000809807913668692 0.18365903766553515 -0.38791572370216443
FixedParameters: 0 0 0
#Transform 11
Transform: MatrixOffsetTransformBase_double_3_3
Parameters: 0.9999902444253947 0.0002437386593313924 -0.004437988062513659 -0.00025544894458509864 0.9999959354537901 -0.002798112315928969 0.004437406392067987 0.0027988924844196683 0.9999866456458631 -0.04749195346981594 0.1909109824742643 -0.4200903309111226
FixedParameters: 0 0 0
#Transform 12
Transform: MatrixOffsetTransformBase_double_3_3
Parameters: 0.9999875021398595 0.000004831454924319198 -0.005049168885207352 -0.00002729899130322639 0.999989812028821 -0.004437641366093786 0.005049804815056912 0.0044373544313188185 0.9999773068723921 -0.0199719320572882 0.2201691985462162 -0.413984778633683
FixedParameters: 0 0 0
#Transform 13
Transform: MatrixOffsetTransformBase_double_3_3
Parameters: 0.9999858264594454 0.0003618777891331769 -0.005295479476844793 -0.00038210529980608294 0.9999923917840593 -0.0039071295954258844 0.005294114473837924 0.003908877905403396 0.9999788893866256 -0.008986364220163523 0.1961516668559824 -0.31768470498868595
FixedParameters: 0 0 0
#Transform 14
Transform: MatrixOffsetTransformBase_double_3_3
Parameters: 0.999986939919935 -0.0001319768861361638 -0.005199942197012772 0.00011292987275557192 0.999993605410875 -0.003698410173476885 0.005200987286713902 0.003697596590449992 0.9999799837976276 -0.022731350353495827 0.18628367496167186 -0.3537130393664327
FixedParameters: 0 0 0
#Transform 15
Transform: MatrixOffsetTransformBase_double_3_3
Parameters: 0.9999896267887697 0.00008816703525483854 -0.004512635838806582 -0.00010389672800269893 0.9999932602152181 -0.0036538329810835712 0.004512624425482156 0.003654173852384951 0.9999836628916806 -0.012621719254440222 0.20865349665017163 -0.3143336189590258
FixedParameters: 0 0 0
#Transform 16
Transform: MatrixOffsetTransformBase_double_3_3
Parameters: 0.9999843447944144 -0.000041935201727863036 -0.005626047264205978 0.00002860012137676556 0.9999971377671315 -0.0024574317606572416 0.0056262719079054205 0.00245757165263763 0.9999811282926223 -0.024164798338844662 0.17889779543628492 -0.28800304656974873
FixedParameters: 0 0 0
#Transform 17
Transform: MatrixOffsetTransformBase_double_3_3
Parameters: 0.9999894192715645 -0.00023594206075648594 -0.004639213909151739 0.00021859960817662298 0.9999932497258116 -0.003751155307417764 0.0046406320362296465 0.003749845915709482 0.9999820367900643 -0.02967409499943585 0.2611215429263751 -0.31925167996809733
FixedParameters: 0 0 0
#Transform 18
Transform: MatrixOffsetTransformBase_double_3_3
Parameters: 0.9999837986879869 0.00026852943626667577 -0.005755597989459555 -0.00028228132412269895 0.9999965449776247 -0.002419016885453651 0.005755293360565533 0.0024209820170777163 0.9999805407988007 -0.017844556399424505 0.1849285135405978 -0.29813387849691964
FixedParameters: 0 0 0
#Transform 19
Transform: MatrixOffsetTransformBase_double_3_3
Parameters: 0.9999835717726661 0.0000537286104490952 -0.005694251164225533 -0.00006815795521464338 0.9999966160175504 -0.0026100485333834245 0.005694197373908514 0.0026099537998275912 0.9999803314154248 -0.02942858875435661 0.2145438718505659 -0.3147143606248832
FixedParameters: 0 0 0
#Transform 20
Transform: MatrixOffsetTransformBase_double_3_3
Parameters: 0.9999861092222685 0.00008620796754360755 -0.005185200754182705 -0.00010417365908396421 0.9999938676400326 -0.0034164380968296215 0.0051842636559218894 0.0034165597327673602 0.9999808964200703 -0.01521807957180954 0.2547068233629375 -0.3304335643955909
FixedParameters: 0 0 0
#Transform 21
Transform: MatrixOffsetTransformBase_double_3_3
Parameters: 0.9999853264042887 -0.00011161039088931814 -0.0054463920264079604 0.0000977296192884369 0.9999960962878006 -0.0026987582518356312 0.005446244124086364 0.0026972455975976806 0.9999816715641123 -0.024075182513684013 0.1673517851510411 -0.2934748748619853
FixedParameters: 0 0 0
#Transform 22
Transform: MatrixOffsetTransformBase_double_3_3
Parameters: 0.9999852007740228 0.00004671542131129067 -0.005366213041106705 -0.00006108522421984625 0.9999957438465321 -0.002763898143946064 0.005366179410786371 0.0027641041263842814 0.9999821773902121 -0.028717523271652112 0.19070522927684408 -0.3718097674404035
FixedParameters: 0 0 0
#Transform 23
Transform: MatrixOffsetTransformBase_double_3_3
Parameters: 0.9999959912448824 0.0024468569088864477 -0.001738378672503711 -0.0024556420859114646 0.9999857549178769 -0.004800573299679117 0.0017257554806154468 0.004805427908437104 0.9999870983332457 -0.050862515696138644 0.22649775767601454 -0.2989922769674678
FixedParameters: 0 0 0
#Transform 24
Transform: MatrixOffsetTransformBase_double_3_3
Parameters: 0.9999954248072375 0.00003158805838612876 -0.002928047830381303 -0.000044706032663647864 0.9999915577974725 -0.0041478122980447285 0.002928120611071108 0.004148189065046659 0.9999874549744127 -0.08514017614284342 0.2134666931549134 -0.32195324734012587
FixedParameters: 0 0 0
#Transform 25
Transform: MatrixOffsetTransformBase_double_3_3
Parameters: 0.9999889267861879 0.0010341353621972618 -0.004583054450622962 -0.0010505464715012903 0.9999924691892158 -0.0036017226224148713 0.004579162712759789 0.003606277507752609 0.9999834797372782 -0.011639692244102662 0.2757897191775527 -0.33919416810648073
FixedParameters: 0 0 0
#Transform 26
Transform: MatrixOffsetTransformBase_double_3_3
Parameters: 0.9999774856377325 -0.0005814924277394622 -0.0066465362645875955 0.0005615696019839053 0.9999950917370115 -0.002993297751305718 0.006648140540928061 0.002988700823687962 0.9999735015041796 0.003106521812611618 0.1797442218252172 -0.2743039466782804
FixedParameters: 0 0 0
#Transform 27
Transform: MatrixOffsetTransformBase_double_3_3
Parameters: 0.9999791533669327 -0.0007537310824042135 -0.006346558199499593 0.0007339282020743759 0.9999941210121926 -0.0032186413862501095 0.006348764622507339 0.0032143577045397886 0.9999743403485617 0.0008224112994668076 0.21314308445064967 -0.30503652952298665
FixedParameters: 0 0 0
#Transform 28
Transform: MatrixOffsetTransformBase_double_3_3
Parameters: 0.9999811219179677 -0.0009501395306133276 -0.0060806933808958295 0.0009348710845566805 0.9999965515261765 -0.0023901869561201716 0.006083077140085565 0.0023838053105240953 0.9999781747485703 -0.024137870100503278 0.16256710076368108 -0.3382228979743829
FixedParameters: 0 0 0
#Transform 29
Transform: MatrixOffsetTransformBase_double_3_3
Parameters: 0.9999842913815881 -0.0011311310445239844 -0.005425099664064612 0.0011111433100421183 0.9999920508463379 -0.00373187314747056 0.005428714270467168 0.003725126915164134 0.9999784368006754 -0.034393650063293535 0.23950814409587906 -0.35059597707367374
FixedParameters: 0 0 0
#Transform 30
Transform: MatrixOffsetTransformBase_double_3_3
Parameters: 0.9999826609806726 -0.0009923762017806067 -0.005775541340137261 0.0009755673694632492 0.9999954526401367 -0.0029397277647326414 0.005777890436853828 0.0029342748784378925 0.9999789562095255 -0.013424748011004795 0.16281574606121296 -0.330103461496293
FixedParameters: 0 0 0
#Transform 31
Transform: MatrixOffsetTransformBase_double_3_3
Parameters: 0.9999825457627339 -0.00041856294096607257 -0.005854816541082415 0.00040253989909047345 0.999995358829649 -0.0028789354706645343 0.005855915600316071 0.0028760664803158253 0.9999786267382877 0.005648111918219456 0.19032164422596054 -0.35848774940466654
FixedParameters: 0 0 0
#Transform 32
Transform: MatrixOffsetTransformBase_double_3_3
Parameters: 0.9999848328944632 -0.0003561451413209701 -0.005480950633780588 0.0003394074531380491 0.9999949504858193 -0.003139976708158604 0.0054818703001103895 0.0031380263160637467 0.9999801755599949 -0.01912436927290173 0.24774299369134667 -0.3409264502343987
FixedParameters: 0 0 0
#Transform 33
Transform: MatrixOffsetTransformBase_double_3_3
Parameters: 0.9999961690709792 0.0012203420753493753 -0.002311336488348016 -0.0012277310102870357 0.999993814134998 -0.003198704774904443 0.0023071609540291044 0.0032012907148962766 0.9999918748630818 -0.06089252130593081 0.1982165306975361 -0.42927383714216916
FixedParameters: 0 0 0
#Transform 34
Transform: MatrixOffsetTransformBase_double_3_3
Parameters: 0.9999865200779082 0.001082555802020372 -0.0051291081760521905 -0.0010844176210254956 0.9999993230138086 -0.0003693569913201522 0.005128728124373788 0.00037464336074674587 0.9999869202940473 0.022973402336077697 0.18274446720424464 -0.5613018056597241
FixedParameters: 0 0 0
#Transform 35
Transform: MatrixOffsetTransformBase_double_3_3
Parameters: 0.9999895295498825 0.0014695710716047283 -0.0042790699689372515 -0.001476692249606568 0.9999977381179186 -0.0017176907299077393 0.004276680707790643 0.0017243132801506023 0.9999898677086982 -0.0062460538380975095 0.16966853216098343 -0.4991577183588447
FixedParameters: 0 0 0
#Transform 36
Transform: MatrixOffsetTransformBase_double_3_3
Parameters: 0.9999892100453662 -0.00021648751882031875 -0.004662690234203299 0.00019919805889322093 0.9999932332138 -0.0037261157667485 0.0046639524369003005 0.003725886186968591 0.9999822104249598 -0.022952651080146325 0.20524449591319183 -0.43485478307560754
FixedParameters: 0 0 0
#Transform 37
Transform: MatrixOffsetTransformBase_double_3_3
Parameters: 0.9999913922022502 0.0016558168392057189 -0.0038556057136784694 -0.0016690281310029638 0.9999927381000073 -0.0035301274463466203 0.0038499838756140344 0.00353687954484061 0.999986682645444 0.003690681540717833 0.17844108999219088 -0.4311355749067616
FixedParameters: 0 0 0
#Transform 38
Transform: MatrixOffsetTransformBase_double_3_3
Parameters: 0.9999981992979496 0.0006357939977448309 -0.0015480896825743825 -0.0006406446220427029 0.9999943303307214 -0.003393176010008575 0.0015460133015667145 0.003393825233327624 0.9999928371961002 -0.09583785118076094 0.26071927585512356 -0.4449348060558549
FixedParameters: 0 0 0
#Transform 39
Transform: MatrixOffsetTransformBase_double_3_3
Parameters: 0.9999949428601452 0.001250506840607398 -0.003080989777750538 -0.0012590998785579313 0.9999944232092671 -0.0029103402381568666 0.0030777649073737605 0.0029146613923406173 0.999991554251225 -0.08750970530608981 0.16206817598877876 -0.4459711095332892
FixedParameters: 0 0 0
#Transform 40
Transform: MatrixOffsetTransformBase_double_3_3
Parameters: 0.9999954558104793 0.0017412895057107589 -0.0025520158226338373 -0.0017489616654018825 0.9999942324145512 -0.002910038035481094 0.0025464857968701014 0.002914959068945344 0.9999922580155263 -0.07964790168560398 0.23664717558244774 -0.4968736287639004
FixedParameters: 0 0 0
#Transform 41
Transform: MatrixOffsetTransformBase_double_3_3
Parameters: 0.9999953238620459 0.0013333825204547745 -0.002810052688256015 -0.0013406526430190864 0.9999966935386243 -0.002259985524401875 0.0028072362734344308 0.002264012382994701 0.9999933970023522 -0.08359058542760067 0.15723377196135857 -0.46806351488067577
FixedParameters: 0 0 0
#Transform 42
Transform: MatrixOffsetTransformBase_double_3_3
Parameters: 0.9999903616352944 0.00197068810987856 -0.00396909575597655 -0.001981051605303973 0.999994886042926 -0.0025768100159747065 0.0039641726970268045 0.0025841925182793213 0.9999891575379961 -0.008077921998335569 0.2339667942944743 -0.5221035819406126
FixedParameters: 0 0 0
#Transform 43
Transform: MatrixOffsetTransformBase_double_3_3
Parameters: 0.9999890569775207 0.0017501565370187215 -0.004228744674144307 -0.0017526118104431298 0.9999987678685321 -0.0006332870928942302 0.0042271524910289324 0.0006407132347980293 0.9999904775666264 -0.007050202145521212 0.1557728533460505 -0.5360248023333298
FixedParameters: 0 0 0
#Transform 44
Transform: MatrixOffsetTransformBase_double_3_3
Parameters: 0.999991632398875 0.002069636276835473 -0.0036174620562255365 -0.0020786312108386973 0.9999940734867798 -0.002638731849248427 0.0036117746626414386 0.0026462662116785163 0.999989593219829 0.002113020314197911 0.24446177579856965 -0.49186168367490524
FixedParameters: 0 0 0
#Transform 45
Transform: MatrixOffsetTransformBase_double_3_3
Parameters: 0.9999925586355871 0.0014749017940262846 -0.0036419212446314794 -0.0014840498392727293 0.9999965935138889 -0.0022689338296832673 0.003638858292144224 0.0022740639545582586 0.9999906456491315 -0.015044551611438806 0.15833859516703797 -0.49276781978901596
FixedParameters: 0 0 0
#Transform 46
Transform: MatrixOffsetTransformBase_double_3_3
Parameters: 0.9999901720596523 0.0021069708821229737 -0.003793066275129453 -0.002116030189813825 0.9999947901087745 -0.0022664320031423046 0.003788326301869635 0.0022745638114383127 0.9999900715580885 0.0033009745369412258 0.2588459829116516 -0.5216061939984655
FixedParameters: 0 0 0
#Transform 47
Transform: MatrixOffsetTransformBase_double_3_3
Parameters: 0.9999887075691472 0.002104892054961014 -0.004226064735519301 -0.0021136795111609966 0.9999957548875887 -0.0021169009094617885 0.004222178526068702 0.002125102562753778 0.9999889553322294 0.0031724692695860313 0.1843623725750092 -0.4726054240540236
FixedParameters: 0 0 0
#Transform 48
Transform: MatrixOffsetTransformBase_double_3_3
Parameters: 0.9999904208281675 0.0020194718835880978 -0.003807736837451197 -0.002027910705114603 0.9999953478472995 -0.0021757819576594672 0.0038037618960500906 0.0021842182015952005 0.9999905681253527 0.0006112041145627245 0.22189771601350117 -0.503613514842634
FixedParameters: 0 0 0
#Transform 49
Transform: MatrixOffsetTransformBase_double_3_3
Parameters: 0.9999900201344181 0.002146702490120274 -0.003791200244765107 -0.002157015493082561 0.9999935074775989 -0.002691284025017171 0.0037848739625628985 0.0026997103817912593 0.9999889811361874 0.004253936517500279 0.24064109476657336 -0.45550951161374087
FixedParameters: 0 0 0
#Transform 50
Transform: MatrixOffsetTransformBase_double_3_3
Parameters: 0.9999895253487482 0.0020641898452916337 -0.00402654397443495 -0.0020706042220279917 0.9999966357349447 -0.0015893255962189934 0.004023400443196391 0.001597675425505568 0.9999908110984348 0.0018909461895901813 0.18458872611182642 -0.5111769916166651
FixedParameters: 0 0 0
#Transform 51
Transform: MatrixOffsetTransformBase_double_3_3
Parameters: 0.9999932819610283 0.001981443370599645 -0.002965417814207035 -0.0019889405114032234 0.9999943490646976 -0.00263893163460463 0.0029597784005712035 0.0026440667755910086 0.9999919777875241 -0.0251469685635044 0.24493334340161255 -0.4961439131297496
FixedParameters: 0 0 0
#Transform 52
Transform: MatrixOffsetTransformBase_double_3_3
Parameters: 0.9999899798835269 0.0021882111586905037 -0.0039030340925671494 -0.002196286467617362 0.9999956674536825 -0.0019778859444915253 0.0038980001048599896 0.0019871114480307928 0.9999904517756761 0.004027203512208644 0.1850447108270572 -0.4951354903259073
FixedParameters: 0 0 0
#Transform 53
Transform: MatrixOffsetTransformBase_double_3_3
Parameters: 0.9999919043752469 0.001864418057623499 -0.0036905033979269747 -0.0018709788417616109 0.999996131412537 -0.0018875946403414667 0.003687098058915238 0.0018944066580162677 0.9999916211612521 -0.019851364451980658 0.19530215143491603 -0.5161436101804853
FixedParameters: 0 0 0
#Transform 54
Transform: MatrixOffsetTransformBase_double_3_3
Parameters: 0.9999901430236695 0.0022233640674866302 -0.0037300964639300524 -0.002232039444653013 0.9999943447457798 -0.002253132538436925 0.003724886734205382 0.0022618637183757506 0.9999906056131126 0.008387775884884263 0.24173938782398352 -0.5282018671862829
FixedParameters: 0 0 0
#Transform 55
Transform: MatrixOffsetTransformBase_double_3_3
Parameters: 0.9999903295398908 0.0021099334940515514 -0.0039009519104027824 -0.0021164331769675296 0.999996595755925 -0.001526196844708172 0.0038977156943904153 0.00153480053384486 0.9999910489017663 0.0024390232689626146 0.17989259670365243 -0.501047920136692
FixedParameters: 0 0 0
#Transform 56
Transform: MatrixOffsetTransformBase_double_3_3
Parameters: 0.9999947956891916 0.0013716120719831017 -0.0028847622372250065 -0.0013789459753965646 0.999996068325191 -0.0023819846650418586 0.0028816501838831612 0.0023860152590045036 0.999993360407174 -0.05826500333665763 0.252019951978113 -0.5566106747679171
FixedParameters: 0 0 0
#Transform 57
Transform: MatrixOffsetTransformBase_double_3_3
Parameters: 0.9999906739612638 0.0020367162565676205 -0.0038962133334933175 -0.0020421778573601864 0.9999972094875369 -0.0014224956295696978 0.003892649987367376 0.001430504263696314 0.9999913946476281 -0.005710415584189832 0.1901381378908127 -0.5189587364975807
FixedParameters: 0 0 0
#Transform 58
Transform: MatrixOffsetTransformBase_double_3_3
Parameters: 0.9999908455445128 0.002006885947781322 -0.0037583979555588574 -0.002012146383287092 0.9999972938462479 -0.0014196803608791941 0.003755909105921273 0.0014273204213746948 0.9999914989724936 -0.014454147408102358 0.19440646113581295 -0.5578525410886002
FixedParameters: 0 0 0
#Transform 59
Transform: MatrixOffsetTransformBase_double_3_3
Parameters: 0.9999922205737303 0.0019919134572138637 -0.0032879689096935987 -0.001999643723263475 0.9999951837393904 -0.0022654626815987455 0.0032835493965204616 0.0022715341942344813 0.9999917446057681 -0.0010969886518665817 0.2432803839800073 -0.5090038943021611
FixedParameters: 0 0 0
#Transform 60
Transform: MatrixOffsetTransformBase_double_3_3
Parameters: 0.9999872017178049 0.002248385928211123 -0.004554434733271616 -0.0022473838667603175 0.9999976829248024 0.00011521980470535764 0.004554929267084895 -0.00010477737693756484 0.9999894945932296 0.016229599866107947 0.17948941403138008 -0.5665108325281025
FixedParameters: 0 0 0
#Transform 61
Transform: MatrixOffsetTransformBase_double_3_3
Parameters: 0.9999754453070634 0.004170834879790377 -0.00567102855800245 -0.004181353096978883 0.999989749469788 -0.0018568009183762002 0.0056628638802445 0.0018801969677215702 0.9999817131643914 0.07881263020394158 0.22696008722910221 -0.22253877354165752
FixedParameters: 0 0 0
#Transform 62
Transform: MatrixOffsetTransformBase_double_3_3
Parameters: 0.9999907666788677 0.0037617393892247705 -0.0022547136386607105 -0.003766052913106178 0.9999907997033538 -0.001972120099301977 0.0022469753097598332 0.001980880964689763 0.9999961538240434 0.04657001846217668 0.14838776124817343 0.02035626400483892
FixedParameters: 0 0 0
#Transform 63
Transform: MatrixOffsetTransformBase_double_3_3
Parameters: 0.9999908788748689 0.0027975752373608585 -0.0032082391066415223 -0.002806436228008382 0.9999925020129357 -0.0027027454418194763 0.00320105871312098 0.002712258402092632 0.9999917156461509 0.09006408899838902 0.2690653278804831 0.07731898619634592
FixedParameters: 0 0 0
#Transform 64
Transform: MatrixOffsetTransformBase_double_3_3
Parameters: 0.9999903609274421 0.0033111117319778783 -0.002945324883255196 -0.0033182745921353594 0.9999918060357313 -0.00232441945644149 0.002937451458793031 0.0023335779805245815 0.9999927063479126 0.09008769778816372 0.2137041018431063 0.01998971012987738
FixedParameters: 0 0 0
#Transform 65
Transform: MatrixOffsetTransformBase_double_3_3
Parameters: 0.999991176717693 0.00344022345239492 -0.00223401804607777 -0.003444091508704193 0.9999922514372325 -0.0019389133411604476 0.002226808592665641 0.0019460851760131626 0.9999953786320055 0.06517344753649468 0.20173616684316187 -0.0013238470974386018
FixedParameters: 0 0 0
#Transform 66
Transform: MatrixOffsetTransformBase_double_3_3
Parameters: 0.9999921352415305 0.0026315026968584117 -0.002817996643976051 -0.0026377474534608055 0.999993328732013 -0.002478146527685049 0.002811720780201068 0.002485858275644598 0.9999934857849845 0.047690799633372194 0.2981630949695244 0.007023139853387761
FixedParameters: 0 0 0
#Transform 67
Transform: MatrixOffsetTransformBase_double_3_3
Parameters: 0.9999959626219147 0.002213449808112081 -0.001771091272794499 -0.0022170350344719197 0.9999962117129686 -0.001659107074157451 0.001767302438547562 0.0016628922785169864 0.9999972330531703 -0.014055107837663172 0.21781520287960632 -0.003965542919850407
FixedParameters: 0 0 0
#Transform 68
Transform: MatrixOffsetTransformBase_double_3_3
Parameters: 0.9999904185809352 0.0028954946195842855 -0.0031930247256104476 -0.00290104612157922 0.9999947076040714 -0.0016502216694545824 0.0031886177553037227 0.0016597784978450714 0.9999932328975224 0.03520484880087338 0.2566583840102794 -0.04255685048518387
FixedParameters: 0 0 0
#Transform 69
Transform: MatrixOffsetTransformBase_double_3_3
Parameters: 0.9999967704881532 0.001495532107811779 -0.001998429961212824 -0.0014972526084596005 0.9999980335320614 -0.001109336426268287 0.001996721103692574 0.001112663725100077 0.999997268309428 -0.014289883120810032 0.27321809936702834 -0.0014938368661177037
FixedParameters: 0 0 0
#Transform 70
Transform: MatrixOffsetTransformBase_double_3_3
Parameters: 0.9999890199220407 -0.0007604364828725175 -0.004626392001863744 0.0007551241724661746 0.999999245032346 -0.0010444876934916913 0.004626870029639613 0.001040510120086352 0.9999886012670791 0.028979166213574103 0.18482758431282775 -0.04225487263354921
FixedParameters: 0 0 0
#Transform 71
Transform: MatrixOffsetTransformBase_double_3_3
Parameters: 0.9999518011040344 -0.0020774220108516176 -0.009637106479029375 0.002049917927657811 0.9999932809000379 -0.002875232306532305 0.009643725000741643 0.002855762760857611 0.9999490976051252 0.0537438788666833 0.2532333216534539 -0.14516591780719068
FixedParameters: 0 0 0
#Transform 72
Transform: MatrixOffsetTransformBase_double_3_3
Parameters: 0.9999484575772307 -0.0038332429665871837 -0.009372459179775128 0.003813234083293865 0.9999906246031914 -0.002158775235999194 0.009380940769161926 0.002123224882711633 0.99995366496628 0.014382672475392155 0.18586550681024505 -0.10656617198333151
FixedParameters: 0 0 0
#Transform 73
Transform: MatrixOffsetTransformBase_double_3_3
Parameters: 0.9999473480929906 -0.0031643409389423066 -0.009779181608475199 0.003131303617253011 0.9999893324501647 -0.003386299039836338 0.009790186019260403 0.0033556979322973968 0.9999462877061667 0.005128770343077349 0.1906370685899077 -0.13531574628508025
FixedParameters: 0 0 0
#Transform 74
Transform: MatrixOffsetTransformBase_double_3_3
Parameters: 0.99995519724502 -0.0026533752079727184 -0.0090976837119285 0.002623950159321235 0.9999913102439841 -0.0031998979836542762 0.009105388756433602 0.003175099724301106 0.999953566188326 0.017164493881111298 0.19021149908319046 -0.13385614309800786
FixedParameters: 0 0 0
#Transform 75
Transform: MatrixOffsetTransformBase_double_3_3
Parameters: 0.9999619183223867 -0.002554024385172147 -0.008339748896300847 0.0025307945226057463 0.9999931543728333 -0.0027728276045687617 0.008347519637293122 0.0027511707798405782 0.9999615063468642 0.0052601295522265445 0.1809867409816519 -0.14497427041513333
FixedParameters: 0 0 0
#Transform 76
Transform: MatrixOffsetTransformBase_double_3_3
Parameters: 0.9999596988261984 -0.0021078548968575775 -0.00870958981605834 0.0020703321785672225 0.9999896446011789 -0.00420760381190094 0.008718529661879462 0.004189389541193189 0.9999527985858533 0.026131799714008253 0.22842333264257775 -0.12784797368682632
FixedParameters: 0 0 0
#Transform 77
Transform: MatrixOffsetTransformBase_double_3_3
Parameters: 0.9999605881352326 -0.0024831611727741017 -0.008499189458824613 0.0024572691460784933 0.9999926704501784 -0.0030618748551226316 0.008507653731531475 0.003041126282123996 0.9999592939687928 0.007756393508159931 0.20326307273965938 -0.12579595875698857
FixedParameters: 0 0 0
#Transform 78
Transform: MatrixOffsetTransformBase_double_3_3
Parameters: 0.9999578224445231 -0.0020025007172260858 -0.0089538830736867 0.0019672070343969457 0.9999899431154566 -0.0039688501448545965 0.00896100080937379 0.003951146824556495 0.9999515153584011 0.022800463691879713 0.2571870572803192 -0.13701023563041304
FixedParameters: 0 0 0
#Transform 79
Transform: MatrixOffsetTransformBase_double_3_3
Parameters: 0.9999633699505543 -0.0020047399919875305 -0.008342966190386408 0.0019807999434082314 0.999993916702866 -0.002857734434903364 0.008349239461501255 0.0028412634378169044 0.9999612136213444 0.02221926683807851 0.26047792126385616 -0.11293352447115979
FixedParameters: 0 0 0
#Transform 80
Transform: MatrixOffsetTransformBase_double_3_3
Parameters: 0.9999612557195369 -0.0015071827716080946 -0.008687446155861077 0.0014778998240263933 0.9999932840434624 -0.003344022360333293 0.00869241343884633 0.0033309751549489564 0.9999566933768131 0.03245317475337117 0.24294353509175437 -0.11003993691939229
FixedParameters: 0 0 0
#Transform 81
Transform: MatrixOffsetTransformBase_double_3_3
Parameters: 0.9999628751408781 -0.0011335209196109185 -0.008534932209802337 0.001096389021822034 0.9999899455020916 -0.004287594637944592 0.008539023492487783 0.004277397796681376 0.9999542492110861 0.023888816976224803 0.27313815643184114 -0.0752906946573546
FixedParameters: 0 0 0
#Transform 82
Transform: MatrixOffsetTransformBase_double_3_3
Parameters: 0.9999692459099712 -0.0008429496710931456 -0.007813030714242226 0.0007989580492393745 0.9999838026485011 -0.00563348434252009 0.00781754434428991 0.00562752057742244 0.9999540366920872 0.013223162582292503 0.2410102990870655 -0.10044577177421132
FixedParameters: 0 0 0
#Transform 83
Transform: MatrixOffsetTransformBase_double_3_3
Parameters: 0.9999722133008617 -0.0008834374529564158 -0.007416722144872035 0.0008474957448031736 0.9999883477954703 -0.004836774714317316 0.007420607285566401 0.004830232115928618 0.999961139103555 0.003470643039875654 0.28070333854846297 -0.06676225080731513
FixedParameters: 0 0 0
#Transform 84
Transform: MatrixOffsetTransformBase_double_3_3
Parameters: 0.9999753470336444 0.0009948284133625518 -0.006904072426702906 -0.0010299892773151624 0.9999857909943298 -0.005138186808212486 0.006898398569842452 0.005145807078007242 0.9999626747503959 0.003507894053484506 0.24357820841018452 -0.05142201607979047
FixedParameters: 0 0 0
#Transform 85
Transform: MatrixOffsetTransformBase_double_3_3
Parameters: 0.9999757162761141 0.0005711819349210043 -0.006924926022684854 -0.000612751684584217 0.999981824391665 -0.005970169666983938 0.006921704468573252 0.005973831276269492 0.9999585608140023 0.018366569642793706 0.2616868108689232 -0.12211129493370265
FixedParameters: 0 0 0
#Transform 86
Transform: MatrixOffsetTransformBase_double_3_3
Parameters: 0.9999929860292147 0.00007441001670199061 -0.0038741693104923365 -0.00007969104516026095 0.9999992147354775 -0.0012132935220341978 0.003873857393077239 0.001213704264137555 0.9999918261195543 -0.015503389304981852 0.16252231720260113 -0.07733024308480196
FixedParameters: 0 0 0
#Transform 87
Transform: MatrixOffsetTransformBase_double_3_3
Parameters: 0.999999565121998 0.0011868713623748393 0.00016485041206297572 -0.0011872219598810568 0.9999700693174869 0.007725067952788572 -0.00015627955680170305 -0.00772594214611852 0.999970127202598 -0.11288975234421628 0.20617995244913345 -0.5725423817681872
FixedParameters: 0 0 0
#Transform 88
Transform: MatrixOffsetTransformBase_double_3_3
Parameters: 0.9999990899969031 0.0010071824576466963 0.001376842865149551 -0.0010160535892167306 0.9999769010904717 0.006771570097848373 -0.0013702295126996572 -0.006773439914177365 0.9999764542075293 -0.13471144280985925 0.19952988666037186 -0.5263999540586752
FixedParameters: 0 0 0
#Transform 89
Transform: MatrixOffsetTransformBase_double_3_3
Parameters: 0.9999996476785813 0.000041892546801343704 -0.0005925324219839882 -0.000036253798836578924 0.9999527315497085 0.009709018865536184 0.0005920129398439839 -0.00970897263261547 0.9999523823897727 -0.08897413270356935 0.052384392988670925 -0.6471607404683226
FixedParameters: 0 0 0
#Transform 90
Transform: MatrixOffsetTransformBase_double_3_3
Parameters: 0.9999971225689613 0.0009758276492716198 0.0019814141970240654 -0.0009953809726133687 0.9999474140756731 0.010149703364122992 -0.001971248995094852 -0.010151287856367291 0.9999466377227099 -0.11078932047576018 0.16198630676464632 -0.6156124852098372
FixedParameters: 0 0 0
#Transform 91
Transform: MatrixOffsetTransformBase_double_3_3
Parameters: 0.9999979920926765 0.0008466708135972572 0.0018140273506167515 -0.0008633307670034903 0.9999593641182101 0.009026365778013551 -0.001806355925754137 -0.009027642848009332 0.9999576509553741 -0.1440636230135084 0.2135018129713444 -0.6316844194306199
FixedParameters: 0 0 0
#Transform 92
Transform: MatrixOffsetTransformBase_double_3_3
Parameters: 0.9999975513680185 0.0010586998228066225 0.0020807754793270646 -0.0010769733912925367 0.9999582220401637 0.009068484920210812 -0.002070484554611247 -0.00907151574358897 0.9999567959140758 -0.12235906343973113 0.15121129081019546 -0.6133781252726607
FixedParameters: 0 0 0
#Transform 93
Transform: MatrixOffsetTransformBase_double_3_3
Parameters: 0.9999972593803886 0.0010773057294480484 0.001891968218639887 -0.0010945062650321575 0.9999599255453262 0.00891386091451199 -0.0018823252822112088 -0.008916141105350162 0.9999583760201823 -0.11745712032073641 0.14959736790470402 -0.6002770642888748
FixedParameters: 0 0 0
#Transform 94
Transform: MatrixOffsetTransformBase_double_3_3
Parameters: 0.9999961029560344 0.0011171059159060933 0.002578815527336021 -0.0011402325852104612 0.9999602779595295 0.008867708339035968 -0.0025682127821467994 -0.008870297144550482 0.9999575032216376 -0.10958730695742247 0.24360852490788432 -0.6134528511965485
FixedParameters: 0 0 0
#Transform 95
Transform: MatrixOffsetTransformBase_double_3_3
Parameters: 0.9999972766859709 0.0011671971015600317 0.0018328826431632157 -0.0011839862830723617 0.9999574123874283 0.00920676866684883 -0.0018229057562666982 -0.0092092480457438 0.9999562858220978 -0.11157734500403649 0.14713419177599008 -0.6012137759709759
FixedParameters: 0 0 0
#Transform 96
Transform: MatrixOffsetTransformBase_double_3_3
Parameters: 0.9999974294636461 0.0013388343306898168 0.0019437849476617918 -0.0013565133744034047 0.9999564843680471 0.00922225403741117 -0.001931361131632861 -0.009224748924503035 0.9999557953079644 -0.10676627346526857 0.2225102502117835 -0.6388167772514137
FixedParameters: 0 0 0
#Transform 97
Transform: MatrixOffsetTransformBase_double_3_3
Parameters: 0.9999974577377301 0.0009549071240462957 0.0019054610530828012 -0.0009724219319535828 0.999958223184368 0.009133079756254242 -0.0018963855309657195 -0.009134925119498816 0.9999563709270094 -0.14089084547177322 0.15433209362674916 -0.5816120824451687
FixedParameters: 0 0 0
#Transform 98
Transform: MatrixOffsetTransformBase_double_3_3
Parameters: 0.9999972879151021 0.001614999383400296 0.0014504612837293416 -0.001627406755558143 0.9999622499584996 0.008522776806829085 -0.0014365379372714342 -0.008525222603183252 0.9999627179986031 -0.12925626632394938 0.23766769403094656 -0.7414150449914771
FixedParameters: 0 0 0
#Transform 99
Transform: MatrixOffsetTransformBase_double_3_3
Parameters: 0.9999982464988694 0.0010128440603521015 0.0016518042795828811 -0.0010272148812941885 0.9999586494981364 0.00899322240316619 -0.0016424107594904716 -0.00899476424467957 0.9999578096254021 -0.132955240897914 0.18051091257939333 -0.667902179144356
FixedParameters: 0 0 0
#Transform 100
Transform: MatrixOffsetTransformBase_double_3_3
Parameters: 0.9999979115673524 0.0010195983898229335 0.0017460616010761142 -0.0010368335244903101 0.9999492235979704 0.01001411583033135 -0.001735949101647356 -0.010015877759762176 0.9999480823482805 -0.1499330394840399 0.2285823402706768 -0.7464922656975119
FixedParameters: 0 0 0
#Transform 101
Transform: MatrixOffsetTransformBase_double_3_3
Parameters: 0.9999969468018067 0.0009534090581517971 -0.0022682866771721343 -0.0009339800431256503 0.9999643019472154 0.008388607003640913 0.002275949589503087 -0.00838738591064217 0.9999619251383494 -0.11312989893656322 0.11734047037873552 -0.8087721692720322
FixedParameters: 0 0 0
#Transform 102
Transform: MatrixOffsetTransformBase_double_3_3
Parameters: 0.9999958925638943 0.0017594397097459766 -0.002239483879025928 -0.0017417031630338976 0.999971075622274 0.007392444597152631 0.0022517544603181876 -0.007388558828356984 0.999970576222868 -0.1028515764792104 0.23992576087165673 -0.7613009417278391
FixedParameters: 0 0 0
#Transform 103
Transform: MatrixOffsetTransformBase_double_3_3
Parameters: 0.9999978886208692 0.0008230608327287501 -0.001559660721851473 -0.0008105276411405286 0.9999666972408829 0.008179118634490445 0.0015671077253804518 -0.008177890217447276 0.9999654132418831 -0.1324098910178293 0.11182362743944907 -0.723458920808632
FixedParameters: 0 0 0
#Transform 104
Transform: MatrixOffsetTransformBase_double_3_3
Parameters: 0.9999980591117201 0.0007239007018452823 -0.0015548104625884107 -0.0007125537913857386 0.9999738609262082 0.0072029532011772535 0.001559669157731694 -0.007202041820319333 0.9999724447869586 -0.1158747622610008 0.2705026353187776 -0.7179361562059583
FixedParameters: 0 0 0
#Transform 105
Transform: MatrixOffsetTransformBase_double_3_3
Parameters: 0.9999999871971703 -0.00007138509305972686 -0.00008789288416925595 0.00007151633826220401 0.9999712931889478 0.007529988411320826 0.0000875808434508143 -0.007530000987514995 0.9999712906803975 -0.1504290903430956 0.21343076565069907 -0.7061609040029921
FixedParameters: 0 0 0
#Transform 106
Transform: MatrixOffsetTransformBase_double_3_3
Parameters: 0.9999989266513354 0.0007063880432451061 -0.0016047059553714782 -0.0006935469642658038 0.9999695384564729 0.00774791239553943 0.0016098508829920804 -0.007746078595531503 0.9999683543536121 -0.12976415486191684 0.1800157917285503 -0.7068190967309746
FixedParameters: 0 0 0
#Transform 107
Transform: MatrixOffsetTransformBase_double_3_3
Parameters: 0.9999998538100283 0.0005338747186568889 0.0009281958731758544 -0.0005401767871821361 0.9999747027086123 0.007141505670699377 -0.0009241319420204806 -0.007142500467858859 0.9999741333994593 -0.16770780076636527 0.22484831275761508 -0.7148344567908822
FixedParameters: 0 0 0
#Transform 108
Transform: MatrixOffsetTransformBase_double_3_3
Parameters: 0.9999999420616867 0.00022603255747057828 0.0000839897600137629 -0.00022616284664520386 0.99996801179323 0.007995981487649073 -0.00008113793091508634 -0.007996018863658083 0.9999680561878234 -0.1518776951339902 0.14755647292537333 -0.727907822142221
FixedParameters: 0 0 0
#Transform 109
Transform: MatrixOffsetTransformBase_double_3_3
Parameters: 0.9999988054863456 0.0008688861399982445 -0.0015621403866426953 -0.0008575457319717688 0.9999741927261515 0.00709698032130493 0.001567927615003286 -0.007096020197477848 0.9999738907835249 -0.12958779199806258 0.22522347786721753 -0.7401174922877658
FixedParameters: 0 0 0
#Transform 110
Transform: MatrixOffsetTransformBase_double_3_3
Parameters: 0.999999236956974 0.0008228340950817012 0.0002919620492188189 -0.0008259889605025859 0.9999675518309954 0.00804496919011441 -0.0002855363816115554 -0.0080450290571433 0.9999672389709104 -0.14213691359933023 0.13243149500745233 -0.7485217079775737
FixedParameters: 0 0 0
#Transform 111
Transform: MatrixOffsetTransformBase_double_3_3
Parameters: 0.9999991728507205 0.0009062686483779476 -0.00007740267109182045 -0.0009055628690727905 0.9999735119460691 0.00727112363315352 0.00008331218334479095 -0.00727188731108705 0.9999739099812267 -0.15012857717613315 0.21293125984843186 -0.7829981766466148
FixedParameters: 0 0 0
#Transform 112
Transform: MatrixOffsetTransformBase_double_3_3
Parameters: 0.999999050610359 0.0009449386947713041 0.00023726452627832113 -0.0009470504960380284 0.9999695211781346 0.007718778490770073 -0.0002294993471524687 -0.0077192200949053325 0.9999703617176283 -0.15390946401208794 0.1755158381558175 -0.7338940813971675
FixedParameters: 0 0 0
#Transform 113
Transform: MatrixOffsetTransformBase_double_3_3
Parameters: 0.9999984630852575 0.001227287108252656 -0.0014244502300946016 -0.0012168549119100903 0.9999703206648998 0.007645590147504183 0.0014345031175367114 -0.007643421805026168 0.9999702637579339 -0.1198232120832472 0.1704015270353807 -0.7636234080937783
FixedParameters: 0 0 0
#Transform 114
Transform: MatrixOffsetTransformBase_double_3_3
Parameters: 0.9999999561836826 0.00006828831434853221 -0.0001978123121156443 -0.00006625120785965681 0.9999711889778427 0.0076030145574547126 0.00019862220934051971 -0.007602987927395888 0.9999711542969023 -0.1589252196837947 0.23311756346508616 -0.7811988471665856
FixedParameters: 0 0 0
#Transform 115
Transform: MatrixOffsetTransformBase_double_3_3
Parameters: 0.9999991901568707 0.0008988193283454486 -0.000043509572317755965 -0.0008985204397630783 0.9999669048347442 0.008080044830735406 0.00005076693833495194 -0.008079960147379911 0.9999677103242033 -0.15071277201958821 0.14759577895117104 -0.7617585210145847
FixedParameters: 0 0 0
#Transform 116
Transform: MatrixOffsetTransformBase_double_3_3
Parameters: 0.9999991568856533 0.0009124090020305242 -0.00010199303403093913 -0.0009116857895984677 0.9999577383083003 0.009186306757636209 0.0001102940645129624 -0.009185696904427026 0.9999576497558732 -0.13807067799720585 0.18839564810895126 -0.8250098642517258
FixedParameters: 0 0 0
#Transform 117
Transform: MatrixOffsetTransformBase_double_3_3
Parameters: 0.9999995808584414 0.0007380695942689637 0.0009349263166766427 -0.0007459292825691337 0.9999597713309021 0.00891426193181502 -0.000928999174833627 -0.008914735796287099 0.9999598697131581 -0.1647811563112782 0.22183576085244283 -0.7911932376971365
FixedParameters: 0 0 0
#Transform 118
Transform: MatrixOffsetTransformBase_double_3_3
Parameters: 0.999999190912974 0.00038772395935336896 0.0012878112065273666 -0.00040046883646055725 0.9999488004626742 0.01009324201415196 -0.0012841383504514964 -0.01009376273011442 0.9999486276360269 -0.1740686197824175 0.09649674663978658 -0.8294727743942545
FixedParameters: 0 0 0
#Transform 119
Transform: MatrixOffsetTransformBase_double_3_3
Parameters: 0.999990814402806 0.0038116065486228008 0.002158053389311976 -0.003844120470053993 0.9998782582022276 0.015144256360634212 -0.002099583494787298 -0.015151769435620493 0.9998836034713062 -0.008394561306047876 0.11842329837288901 -1.5441113798190287
FixedParameters: 0 0 0
#Transform 120
Transform: MatrixOffsetTransformBase_double_3_3
Parameters: 0.9999492034181463 0.009510126733507967 -0.003514387867860377 -0.009387333281491437 0.9993973678941215 0.03342201759755961 0.003830477029725897 -0.033387005452938795 0.9994354331899596 0.25723543142920846 -0.008569782577524165 -2.526356191197756
FixedParameters: 0 0 0
#Transform 121
Transform: MatrixOffsetTransformBase_double_3_3
Parameters: 0.9999571483644456 0.008052347794412863 -0.004473988793890232 -0.007914932029904507 0.9995239081092547 0.029812405026487354 0.004711318570870405 -0.029775577873482312 0.9995454440412468 0.15824831511990567 -0.23076285637613125 -2.194374878221815
FixedParameters: 0 0 0
#Transform 122
Transform: MatrixOffsetTransformBase_double_3_3
Parameters: 0.9999594720629194 0.00811695731674476 -0.003826498696159213 -0.008002276215502783 0.9995421450798303 0.029177442815048832 0.004060673560032364 -0.029145574336093244 0.9995671443174333 0.1322107302254949 -0.15990398745732648 -2.201068213597104
FixedParameters: 0 0 0
#Transform 123
Transform: MatrixOffsetTransformBase_double_3_3
Parameters: 0.9999613600989733 0.008008814723545853 -0.0035356458179228644 -0.007901410919917196 0.9995413215275782 0.029227818614604828 0.0037686366514151836 -0.029199177673981946 0.9995667844649049 0.11541376300378658 -0.07367618920511632 -2.2781353673826885
FixedParameters: 0 0 0
#Transform 124
Transform: MatrixOffsetTransformBase_double_3_3
Parameters: 0.9999611136186235 0.008125901710471867 -0.003442962454513373 -0.008022626972734542 0.9995463318333767 0.02903894201070681 0.0036773572874160094 -0.029010083970006706 0.9995725500158565 0.11404093795820813 -0.09403045343975691 -2.2111639584452405
FixedParameters: 0 0 0
#Transform 125
Transform: MatrixOffsetTransformBase_double_3_3
Parameters: 0.9999657254980645 0.007580270876278173 -0.0034370181138494186 -0.007475888932484957 0.9995395976415846 0.029410128952967185 0.003658438863862726 -0.029383868989437123 0.9995613571780427 0.08875975742910214 -0.05005510301838001 -2.1973456385645633
FixedParameters: 0 0 0
#Transform 126
Transform: MatrixOffsetTransformBase_double_3_3
Parameters: 0.9999664148112181 0.007676031508497615 -0.00276821271124191 -0.00759218795929525 0.9995478172571122 0.02908909654268782 0.002990377999791368 -0.02906789961352732 0.9995730935361353 0.09162917765375767 0.006470000120643249 -2.215229025852352
FixedParameters: 0 0 0
#Transform 127
Transform: MatrixOffsetTransformBase_double_3_3
Parameters: 0.9999685298788176 0.007400509821203008 -0.002949120276738032 -0.007312269767323024 0.9995504172568743 0.029080140468163207 0.003162931416723836 -0.02905786584947015 0.9995727149132686 0.08733799024162181 0.012340241118351969 -2.177370304183242
FixedParameters: 0 0 0
#Transform 128
Transform: MatrixOffsetTransformBase_double_3_3
Parameters: 0.9999657552648015 0.007769269017012434 -0.002807338256728544 -0.007682464637683305 0.9995277629851607 0.02974892823945932 0.003037133759344194 -0.029727031660875758 0.9995528747793595 0.0993365351265112 -0.03631027301040035 -2.1601814449376064
FixedParameters: 0 0 0
#Transform 129
Transform: MatrixOffsetTransformBase_double_3_3
Parameters: 0.9999682683279046 0.007364767447551401 -0.0030815179269641437 -0.007272139424180522 0.9995547949573591 0.028946794991512093 0.0032926883753934526 -0.02892324957469103 0.9995766263070033 0.07670462667151412 0.027707627641206045 -2.182628999092209
FixedParameters: 0 0 0
#Transform 130
Transform: MatrixOffsetTransformBase_double_3_3
Parameters: 0.9999663864041627 0.0076175534597436 -0.0029306199008356246 -0.007527998242627167 0.9995416537213273 0.029314936670516212 0.003152539202160641 -0.029292050651433033 0.9995659453736623 0.08481641765857262 -0.07019855599570235 -2.1643624860888977
FixedParameters: 0 0 0
#Transform 131
Transform: MatrixOffsetTransformBase_double_3_3
Parameters: 0.9999651793443087 0.007798631927757897 -0.0030006941789340793 -0.007707770306233019 0.9995480863660507 0.029061347234612678 0.003225891908569541 -0.029037653496687993 0.9995729603660721 0.09135072409313238 -0.029652503220802373 -2.1805403514924606
FixedParameters: 0 0 0
#Transform 132
Transform: MatrixOffsetTransformBase_double_3_3
Parameters: 0.9999699043600734 0.0073263495821515225 -0.002722854170594146 -0.007245181622232999 0.9995527406342856 0.02899817236024041 0.002933845361086927 -0.028977829477057293 0.9995761764947512 0.08413670720528899 -0.05403225281322932 -2.131015713539007
FixedParameters: 0 0 0
#Transform 133
Transform: MatrixOffsetTransformBase_double_3_3
Parameters: 0.9999688264267935 0.0075524838465224516 -0.002475974859885855 -0.0074778467849182725 0.9995509761530678 0.02900160654353573 0.002693790922099262 -0.028982377000812826 0.9995763986570741 0.08434502591831006 -0.106641662966652 -2.1752431947781687
FixedParameters: 0 0 0
#Transform 134
Transform: MatrixOffsetTransformBase_double_3_3
Parameters: 0.9999651184904994 0.007638720256000058 -0.0033955714634791977 -0.007537197217078128 0.9995523918609369 0.02896924173105192 0.0036154328924410013 -0.02894278181609597 0.9995744451141043 0.11318352350163252 -0.03140642460712684 -2.118420978155349
FixedParameters: 0 0 0
#Transform 135
Transform: MatrixOffsetTransformBase_double_3_3
Parameters: 0.9999675522501476 0.007606568693855955 -0.0025670854019252407 -0.007530993333431541 0.9995745759485801 0.028193687659893052 0.0027798858720491423 -0.028173332683977842 0.9995990151829891 0.11147985207001909 -0.07898033294883078 -2.0583452535538527
FixedParameters: 0 0 0
#Transform 136
Transform: MatrixOffsetTransformBase_double_3_3
Parameters: 0.9999702477563956 0.007262952978083853 -0.002646413360426751 -0.007187420678270346 0.9995998243179852 0.027357563528133927 0.0028442392583567346 -0.027337438616317017 0.9996223497393097 0.09258779460164135 -0.004785649200584885 -2.107879704458263
FixedParameters: 0 0 0
#Transform 137
Transform: MatrixOffsetTransformBase_double_3_3
Parameters: 0.9999695412800995 0.007458067709060979 -0.002415066311348399 -0.007386669543316996 0.9995660097628679 0.028534076169005412 0.0026262931377288626 -0.028514954539414272 0.999589880276617 0.09184470826475888 -0.08998478840186408 -2.1579437243548583
FixedParameters: 0 0 0
#Transform 138
Transform: MatrixOffsetTransformBase_double_3_3
Parameters: 0.999966734259096 0.00782056217229424 -0.0022588415046371248 -0.007754032637121631 0.999573034211332 0.028155242935526542 0.0024780296207554467 -0.028136729573679492 0.9996009660135774 0.10768662443777544 -0.04314714803298614 -2.1931185617259104
FixedParameters: 0 0 0
#Transform 139
Transform: MatrixOffsetTransformBase_double_3_3
Parameters: 0.9999676731762714 0.007642230615717439 -0.0024341631546375177 -0.007567385725916437 0.9995423737473348 0.02928279146044102 0.0026565774274560764 -0.029264192205602474 0.9995680293942942 0.10458575481895593 -0.059625283434996845 -2.1983640995254277
FixedParameters: 0 0 0
#Transform 140
Transform: MatrixOffsetTransformBase_double_3_3
Parameters: 0.9999680796776764 0.0075743749068901195 -0.0025595753703529624 -0.007491461681406706 0.9994949675714733 0.030871372012421877 0.0027917740741522927 -0.030851590537962853 0.9995197646565098 0.13347937837188795 -0.10502975531781544 -2.2401045442980845
FixedParameters: 0 0 0
#Transform 141
Transform: MatrixOffsetTransformBase_double_3_3
Parameters: 0.9999708748354478 0.00682448892590804 -0.003543182087638103 -0.006713569377664677 0.9995153083897317 0.030384825771503393 0.0037481726074332766 -0.030360161174844358 0.9995321363503238 0.13405054102639724 0.060927948176683344 -2.2843695674861593
FixedParameters: 0 0 0
#Transform 142
Transform: MatrixOffsetTransformBase_double_3_3
Parameters: 0.9999665741506085 0.007523065120743872 -0.0032909865546121705 -0.007425708386600502 0.9995637481855322 0.02856871679987452 0.00350444909794458 -0.02854326301655441 0.9995865761505393 0.132901039181192 0.04858382186665722 -2.261841953105396
FixedParameters: 0 0 0
#Transform 143
Transform: MatrixOffsetTransformBase_double_3_3
Parameters: 0.9999517385068468 0.008098588042667675 -0.005538541411661433 -0.0079574297766068 0.999654646140255 0.02506164461955601 0.005738915526799816 -0.025016401383689296 0.999670961386328 0.1627589636804032 0.2615118620521315 -2.3656843774574625
FixedParameters: 0 0 0
#Transform 144
Transform: MatrixOffsetTransformBase_double_3_3
Parameters: 0.9999494534991709 0.009001931553525954 -0.004528854851723227 -0.00887637645942573 0.9995978297111754 0.02692970895428526 0.004769961917025435 -0.026888283593361817 0.9996271363898291 0.16870925778978574 -0.09280667805128928 -2.3682321966171713
FixedParameters: 0 0 0
#Transform 145
Transform: MatrixOffsetTransformBase_double_3_3
Parameters: 0.9999415945290977 0.007066172861127725 -0.008153259387888854 -0.006886269591889172 0.9997370307508054 0.021866769065535918 0.008305242469188812 -0.021810223865819794 0.9997275822462548 0.16025778047787753 -0.18862111953592375 -2.1578054173392758
FixedParameters: 0 0 0
#Transform 146
Transform: MatrixOffsetTransformBase_double_3_3
Parameters: 0.9999415477443572 0.006296546511591569 -0.008763606131170647 -0.006094875291439893 0.9997202800388207 0.022845071322669358 0.00890521535721 -0.022789929210501825 0.9997008251860683 0.1273244858018927 -0.32280830908622704 -2.160898531548739
FixedParameters: 0 0 0
#Transform 147
Transform: MatrixOffsetTransformBase_double_3_3
Parameters: 0.9999485074548841 0.006568345967300467 -0.007704091001514172 -0.006368260385084221 0.999650183625018 0.0256560300392015 0.007869489535691967 -0.025605952715852476 0.9996411784051773 0.1204884640069821 -0.22675602187598543 -2.2054101257684025
FixedParameters: 0 0 0
#Transform 148
Transform: MatrixOffsetTransformBase_double_3_3
Parameters: 0.9999544100522958 0.006321777075188944 -0.007115420092350689 -0.006133302389181309 0.999637728415814 0.0262023535049577 0.007277658026296048 -0.026157660833188934 0.9996316304375882 0.11384625657314018 -0.08370621147770407 -2.200984710533156
FixedParameters: 0 0 0
#Transform 149
Transform: MatrixOffsetTransformBase_double_3_3
Parameters: 0.9999593134583639 0.006131119551719201 -0.006564627775872247 -0.005953590911016844 0.9996246018071654 0.02673957625024695 0.0067260335415183685 -0.026699402377310416 0.9996205651033758 0.12969582438324778 -0.010250794970829702 -2.2026755447291038
FixedParameters: 0 0 0
#Transform 150
Transform: MatrixOffsetTransformBase_double_3_3
Parameters: 0.9999537754543427 0.007184401185615784 -0.0064503653018461345 -0.007001629677035844 0.9995866045921078 0.02787611303808052 0.006648242904272339 -0.027829851201472577 0.9995902554159549 0.13863081940131394 0.01552871301413461 -2.180631459828497
FixedParameters: 0 0 0
#Transform 151
Transform: MatrixOffsetTransformBase_double_3_3
Parameters: 0.9999542880512647 0.007373381379386807 -0.006028275880924294 -0.007194721212574283 0.9995492478667111 0.02916241052834287 0.006240902951995848 -0.029117605782220835 0.9995563612980048 0.1346561077755979 0.0034207298830892796 -2.205133092222269
FixedParameters: 0 0 0
#Transform 152
Transform: MatrixOffsetTransformBase_double_3_3
Parameters: 0.9999505267177616 0.007541166863095451 -0.006527146041785036 -0.00734442261747112 0.9995355525094743 0.029579452239981985 0.006747466439688999 -0.029530515616410402 0.9995405539685638 0.14854021574163312 0.00255153857381174 -2.1961947737143817
FixedParameters: 0 0 0
#Transform 153
Transform: MatrixOffsetTransformBase_double_3_3
Parameters: 0.9999573289445648 0.007398985323782524 -0.005470027999767323 -0.007240943776602995 0.9995705231731261 0.028402421662461763 0.005678110101798367 -0.02836057595409519 0.9995814280785474 0.1323648505114079 -0.08792243688176882 -2.1722477954501045
FixedParameters: 0 0 0
#Transform 154
Transform: MatrixOffsetTransformBase_double_3_3
Parameters: 0.9999580414000062 0.007857376774319101 -0.0048190038942661564 -0.007715751285540275 0.9995595215685372 0.02864430339437668 0.005041790194106192 -0.02860569237404509 0.9995783680352459 0.1448000700594747 -0.13534809479688192 -2.1833377672203156
FixedParameters: 0 0 0
#Transform 155
Transform: MatrixOffsetTransformBase_double_3_3
Parameters: 0.9999587013739989 0.00770057118815861 -0.004795913832928329 -0.007555033585405841 0.99953275869723 0.029622320901222327 0.005021526922384284 -0.02958469626788815 0.999549787479324 0.1335717537736798 -0.18178142027909416 -2.192213768925221
FixedParameters: 0 0 0
#Transform 156
Transform: MatrixOffsetTransformBase_double_3_3
Parameters: 0.9999545633879066 0.0078067755034683176 -0.0054297873157570856 -0.007652566803091187 0.9995807835178371 0.027911807913736097 0.005646145966250655 -0.02786917312268719 0.9995956825566417 0.11949257601047236 -0.08838453501485333 -2.2143109317783214
FixedParameters: 0 0 0
#Transform 157
Transform: MatrixOffsetTransformBase_double_3_3
Parameters: 0.9999561755003897 0.007716405200630874 -0.005222450004766385 -0.00756725606075483 0.9995769431529632 0.02806685153846139 0.00543735826582606 -0.028026135672469837 0.9995926767162728 0.11074663330107626 -0.2005003249700792 -2.1602646121015354
FixedParameters: 0 0 0
#Transform 158
Transform: MatrixOffsetTransformBase_double_3_3
Parameters: 0.9999623178435164 0.007179706614416246 -0.0049120322505059755 -0.0070446734521189035 0.9996087350899643 0.02708374052366863 0.005104689602501038 -0.02704828532490372 0.9996211491783403 0.08413710663346308 -0.09747518742311456 -2.2408842766869057
FixedParameters: 0 0 0
#Transform 159
Transform: MatrixOffsetTransformBase_double_3_3
Parameters: 0.999959151892869 0.007583722905988771 -0.004830187151800152 -0.0074483314811492965 0.99959307491417 0.02752569063838753 0.00503702533079939 -0.027488298713494536 0.9996094902127743 0.0852950297944659 -0.17711028045653165 -2.1663166468812847
FixedParameters: 0 0 0
#Transform 160
Transform: MatrixOffsetTransformBase_double_3_3
Parameters: 0.9999619278765913 0.007546490693843451 -0.004485636193440956 -0.007423176222192578 0.9996090908716166 0.026953470875012986 0.004686928064886145 -0.02691852057329694 0.9996264497623438 0.10008005102856998 -0.04828075466033965 -2.219422196854694
FixedParameters: 0 0 0
#Transform 161
Transform: MatrixOffsetTransformBase_double_3_3
Parameters: 0.9999556454951183 0.008221961961332468 -0.0045556202659468945 -0.00809333993791637 0.9995866620690772 0.027597129966087458 0.004780021870117188 -0.02755888205132756 0.999608567982632 0.11903713229914104 -0.0916693072629613 -2.1736941964247336
FixedParameters: 0 0 0
#Transform 162
Transform: MatrixOffsetTransformBase_double_3_3
Parameters: 0.9999563939622068 0.008203283118835338 -0.004394149531253016 -0.008081626051210832 0.9996014051149361 0.027051876418934473 0.004614452984195963 -0.02701510886316663 0.9996240701971408 0.11882205188017281 -0.011978882665104607 -2.1718045833818067
FixedParameters: 0 0 0
#Transform 163
Transform: MatrixOffsetTransformBase_double_3_3
Parameters: 0.9999611757832992 0.007756147616893021 -0.004082831450598669 -0.007637082549033774 0.9995703197934118 0.02831625666579618 0.004300359952276205 -0.028283773692515862 0.999590723506627 0.11613692909118356 -0.034534684905295876 -2.182026736894869
FixedParameters: 0 0 0
#Transform 164
Transform: MatrixOffsetTransformBase_double_3_3
Parameters: 0.9999523534668084 0.008505018913782652 -0.004828285855597567 -0.008368079162489158 0.9995828161056259 0.027654747178113143 0.005061240458764238 -0.02761327415212403 0.9996059326352964 0.1316867829931141 -0.04070098213496465 -2.1948998628213303
FixedParameters: 0 0 0
#Transform 165
Transform: MatrixOffsetTransformBase_double_3_3
Parameters: 0.9999578060520237 0.008093083508499212 -0.004323132997582371 -0.007971677870111837 0.9995893165701614 0.027539784566252168 0.004544145630260049 -0.02750423467139107 0.9996112490968689 0.12240515118440953 -0.0130054232708261 -2.193545969729314
FixedParameters: 0 0 0
#Transform 166
Transform: MatrixOffsetTransformBase_double_3_3
Parameters: 0.9999562041242432 0.008120385102963232 -0.004566283701635839 -0.007989123200043094 0.9995744885725262 0.028041278091284094 0.004792725164686056 -0.02800372551418276 0.9995968519007294 0.10559506708541733 -0.08403886962084073 -2.168586800543409
FixedParameters: 0 0 0
#Transform 167
Transform: MatrixOffsetTransformBase_double_3_3
Parameters: 0.9999542955122032 0.008361649559744598 -0.004559471411809561 -0.008231796631098418 0.9995826476420323 0.027704081491956856 0.004789192837638548 -0.027664919578297392 0.9996054561587816 0.1292643433831131 -0.08720031959248331 -2.2152268972294564
FixedParameters: 0 0 0
#Transform 168
Transform: MatrixOffsetTransformBase_double_3_3
Parameters: 0.9999573464509398 0.008109764982694011 -0.004345859550012845 -0.007985841989217549 0.9995814042326375 0.027823048646929166 0.004568921755120208 -0.027786979254979027 0.9996033736776847 0.12502654625896525 -0.09122388662341052 -2.1792133097424227
FixedParameters: 0 0 0
#Transform 169
Transform: MatrixOffsetTransformBase_double_3_3
Parameters: 0.9999553383028471 0.008353115088017563 -0.004345642899574771 -0.008232089540681364 0.9995956299073945 0.027226440958166398 0.004570886632307605 -0.027189577006853843 0.9996198504372321 0.13218075458082978 -0.11315176383678249 -2.1806929658356538
FixedParameters: 0 0 0
#Transform 170
Transform: MatrixOffsetTransformBase_double_3_3
Parameters: 0.99995644170519 0.008091701897901848 -0.004590851891916548 -0.007962862285221506 0.9995913981449497 0.027455523052593578 0.004811863864853813 -0.02741746105690243 0.9996122049023141 0.11469584323255333 -0.037945266369050046 -2.221445713629201
FixedParameters: 0 0 0
#Transform 171
Transform: MatrixOffsetTransformBase_double_3_3
Parameters: 0.9999563278345284 0.008208385710256437 -0.004392985809549572 -0.008081741260805932 0.999574328019287 0.02805093760024774 0.004620619053050899 -0.028014104816769414 0.9995970135594003 0.12404825370209949 -0.1342143376780882 -2.212952437291257
FixedParameters: 0 0 0
#Transform 172
Transform: MatrixOffsetTransformBase_double_3_3
Parameters: 0.9999604707455446 0.007979381678137958 -0.003854492594141299 -0.007869470360314034 0.9995851276335315 0.027718023634038247 0.004074208073810736 -0.027685984474519587 0.9996082165648554 0.11778958893003733 -0.05848825130739499 -2.2571136896660775
FixedParameters: 0 0 0
#Transform 173
Transform: MatrixOffsetTransformBase_double_3_3
Parameters: 0.999954829485512 0.00839279482193486 -0.004441290329937402 -0.008262610635052877 0.9995573828589279 0.02858729276088237 0.004679981744221163 -0.028549734389582387 0.9995817574523411 0.12967136628296316 -0.0804771503059527 -2.1742576271814116
FixedParameters: 0 0 0
#Transform 174
Transform: MatrixOffsetTransformBase_double_3_3
Parameters: 0.9999591785595437 0.008069532297274409 -0.003962497113533336 -0.007956864121744501 0.9995860489025996 0.027648123931949653 0.004184393653622914 -0.027615866786415255 0.999609752594044 0.11807904277134185 -0.02486650454119399 -2.223918444273856
FixedParameters: 0 0 0
#Transform 175
Transform: MatrixOffsetTransformBase_double_3_3
Parameters: 0.9999614236120072 0.007819185320315832 -0.004053739481519659 -0.00770190994543449 0.9995732393791414 0.02817628922797885 0.004272926410687046 -0.028143709070795275 0.999594867765613 0.11318481064942887 -0.05031531396558364 -2.1930938580556543
FixedParameters: 0 0 0
#Transform 176
Transform: MatrixOffsetTransformBase_double_3_3
Parameters: 0.9999573275901599 0.008141994164190085 -0.004286895585318892 -0.008019455667085406 0.9995788065892166 0.027895723120553773 0.004512205724992963 -0.027860295060172402 0.9996018196789455 0.12273986885669785 -0.04581863259356567 -2.2292476839979543
FixedParameters: 0 0 0
#Transform 177
Transform: MatrixOffsetTransformBase_double_3_3
Parameters: 0.9999607205632847 0.008065688382532956 -0.003771480411294713 -0.007957481598276797 0.9995806934205075 0.027843915412889192 0.003994350666343234 -0.027812073799365122 0.9996049015980023 0.12001758245152416 -0.07347868112378819 -2.1761458943077656
FixedParameters: 0 0 0
#Transform 178
Transform: MatrixOffsetTransformBase_double_3_3
Parameters: 0.9999566822203899 0.00826408693822038 -0.004245390168511489 -0.008145020065800812 0.9995937217621976 0.02732017331793854 0.004469009027319223 -0.027284844050335988 0.9996177968470028 0.12585644663536755 -0.06656026910640378 -2.1888680242778946
FixedParameters: 0 0 0
#Transform 179
Transform: MatrixOffsetTransformBase_double_3_3
Parameters: 0.9999645519404853 0.007582093494615168 -0.0037357898814831684 -0.007476480384308497 0.9995937114703223 0.02749895057271523 0.003943546374196634 -0.027470028088800114 0.9996147331540187 0.10559262977332651 -0.09191828754107689 -2.1415911663896665
FixedParameters: 0 0 0
#Transform 180
Transform: MatrixOffsetTransformBase_double_3_3
Parameters: 0.9999584942103215 0.00811251464725617 -0.004085308622455773 -0.00799565840427302 0.9995798509688163 0.027861139024847853 0.004309871243050364 -0.02782787387568042 0.999603677844325 0.12178519337578564 -0.052496699519124945 -2.247770821890086
FixedParameters: 0 0 0
#Transform 181
Transform: MatrixOffsetTransformBase_double_3_3
Parameters: 0.9999608991938458 0.008118213733436462 -0.0034928550351502018 -0.008017154763817366 0.9995808031403703 0.0278231156004122 0.003717314634438173 -0.02779490582033553 0.9996070851352511 0.11768989142514386 -0.07643590344716245 -2.1868020833522337
FixedParameters: 0 0 0
#Transform 182
Transform: MatrixOffsetTransformBase_double_3_3
Parameters: 0.999957432143713 0.008355146791137441 -0.003841945589143865 -0.008244910640133786 0.9995779140389766 0.027856809077662192 0.004072412717168147 -0.02782422160658443 0.9996049970746449 0.12835012695060755 -0.08833471814790528 -2.1928298626523812
FixedParameters: 0 0 0
#Transform 183
Transform: MatrixOffsetTransformBase_double_3_3
Parameters: 0.9999588400120412 0.008227905016995291 -0.003802724729847852 -0.008119637788068174 0.9995843476974368 0.027662876225215627 0.0040285110841485955 -0.027630149476452814 0.9996105100513367 0.12492719121028983 -0.03297091359809201 -2.184284525756574
FixedParameters: 0 0 0
#Transform 184
Transform: MatrixOffsetTransformBase_double_3_3
Parameters: 0.9999587395546811 0.0081034147618635 -0.004073234718523583 -0.007987849846607485 0.9995847748321753 0.02770220759158057 0.0042959562050148515 -0.02766880648956563 0.9996076651040289 0.12119196843183033 -0.09588533457272774 -2.204702432862881
FixedParameters: 0 0 0
#Transform 185
Transform: MatrixOffsetTransformBase_double_3_3
Parameters: 0.9999608767132651 0.008042099841547096 -0.003800189719811807 -0.00793472963598814 0.9995897689675782 0.027524854806248472 0.004020792140310742 -0.02749316909206298 0.9996143005304663 0.11961037946581143 -0.03822600024648182 -2.18583854765577
FixedParameters: 0 0 0
#Transform 186
Transform: MatrixOffsetTransformBase_double_3_3
Parameters: 0.999957725989946 0.008336573810861772 -0.003843060883644083 -0.008224932699114491 0.9995647749480981 0.02832774864326118 0.0040776667288388345 -0.028295260600243177 0.9995915135572372 0.12798853670817323 -0.08516304181273426 -2.2368478703567476
FixedParameters: 0 0 0
#Transform 187
Transform: MatrixOffsetTransformBase_double_3_3
Parameters: 0.9999523039687032 0.009153109772607693 -0.0034515384857321924 -0.009044775496594338 0.9995016136606676 0.030259626159379605 0.0037265327807369597 -0.03022639404184388 0.9995359493307256 0.15269195121301493 0.04029563788954249 -2.44319121862047
FixedParameters: 0 0 0
#Transform 188
Transform: MatrixOffsetTransformBase_double_3_3
Parameters: 0.9999549137408036 0.00879424123073342 -0.00357129923656319 -0.008679582222656964 0.9994895077668331 0.030759473213092997 0.0038393415376312126 -0.030727563407571157 0.9995205897815381 0.18250217049288153 -0.1911842506289645 -2.464771769452234
FixedParameters: 0 0 0
#Transform 189
Transform: MatrixOffsetTransformBase_double_3_3
Parameters: 0.9999535178824813 0.008715444992138097 -0.004185760751551414 -0.008587008731265854 0.9995180460177511 0.029834507937768096 0.004443383441674946 -0.02979749920608679 0.9995460470276328 0.18083808237625476 -0.12661065309053754 -2.391177630811505
FixedParameters: 0 0 0
#Transform 190
Transform: MatrixOffsetTransformBase_double_3_3
Parameters: 0.9999559919224872 0.008366822103646622 -0.004242634307222572 -0.008240372595242008 0.9995445001600021 0.029017641175678316 0.004483840921270678 -0.028981346520351725 0.9995701593240391 0.1593094884672297 -0.07842692983746247 -2.3881909326118134
FixedParameters: 0 0 0
#Transform 191
Transform: MatrixOffsetTransformBase_double_3_3
Parameters: 0.9999512181575653 0.008780705296308962 -0.00443601577748339 -0.00864608875514402 0.9995282445862496 0.029484838800238417 0.004693092535427915 -0.029445170965823803 0.99955518175542 0.1829193887402738 -0.0953261056627639 -2.370036965071016
FixedParameters: 0 0 0
#Transform 192
Transform: MatrixOffsetTransformBase_double_3_3
Parameters: 0.999949821546593 0.009055818162856387 -0.004378341314682959 -0.00892056949689336 0.9995120747142846 0.029933932214528586 0.004647329437553175 -0.029894086727920294 0.9995426056172416 0.19110847716304136 -0.11303454633738852 -2.407364991952626
FixedParameters: 0 0 0
#Transform 193
Transform: MatrixOffsetTransformBase_double_3_3
Parameters: 0.9999514654074283 0.00872330994151282 -0.0046294708386688975 -0.008579245080297757 0.9995034822822283 0.030323867626495138 0.004892129725872263 -0.030283111475056468 0.9995289128864507 0.17787735306039565 -0.06265820817489498 -2.3668365419256787
FixedParameters: 0 0 0
#Transform 194
Transform: MatrixOffsetTransformBase_double_3_3
Parameters: 0.9999531423950926 0.008446271620494265 -0.004637845367680782 -0.008303837175763558 0.9995141625881309 0.030050051688851914 0.0048895838230239436 -0.030009982760329623 0.9995379282672113 0.18719503306661522 -0.14002162512991845 -2.2330934031034673
FixedParameters: 0 0 0
#Transform 195
Transform: MatrixOffsetTransformBase_double_3_3
Parameters: 0.9999565046779124 0.008319866723144937 -0.0042751035046681 -0.008191002826463916 0.9995382152344994 0.02927591603422111 0.004516375084551146 -0.02923908847507531 0.999561882700344 0.17003520414775153 -0.006317783725478421 -2.2974187508729997
FixedParameters: 0 0 0
#Transform 196
Transform: MatrixOffsetTransformBase_double_3_3
Parameters: 0.9999503209081403 0.008896106264703016 -0.0044199901909441905 -0.008762589673274571 0.9995318516450731 0.029307264638641445 0.0046790242566871485 -0.02926771318172311 0.9995605442189576 0.165670936154811 -0.007634290886969097 -2.3170681814527256
FixedParameters: 0 0 0
#Transform 197
Transform: MatrixOffsetTransformBase_double_3_3
Parameters: 0.9999478392003025 0.009363540702793487 -0.004180814832501938 -0.009237640940118601 0.9995304028246673 0.029206366358333763 0.004452752719470179 -0.02916659313663822 0.999564326193101 0.19480243874623682 -0.0709699244509352 -2.3869351356500346
FixedParameters: 0 0 0
#Transform 198
Transform: MatrixOffsetTransformBase_double_3_3
Parameters: 0.9999515149247463 0.008950763628777737 -0.0041675340873606566 -0.00882515264388911 0.9995365526777593 0.029147847503320723 0.004426923824817535 -0.02910918106335353 0.999566620903302 0.15864138927352656 -0.038501560568093396 -2.3648399731389915
FixedParameters: 0 0 0
#Transform 199
Transform: MatrixOffsetTransformBase_double_3_3
Parameters: 0.9999502572801837 0.009118426827238207 -0.003948497565128152 -0.00899857612843379 0.9995269575782728 0.029410224966634507 0.004215415912035803 -0.02937274429026862 0.9995591640944175 0.1628881056886229 -0.12280427763126056 -2.3836272398363576
FixedParameters: 0 0 0
#Transform 200
Transform: MatrixOffsetTransformBase_double_3_3
Parameters: 0.9999529708479946 0.008813655030478243 -0.0040429302395801475 -0.008697779598437308 0.9995744954853906 0.027829994342522424 0.0042867944731490365 -0.02779296613019716 0.9996041817604284 0.1495552306960235 -0.06043851616261975 -2.4635871796383952
FixedParameters: 0 0 0
#Transform 201
Transform: MatrixOffsetTransformBase_double_3_3
Parameters: 0.9999518763145019 0.008985225324064792 -0.0040477563445046015 -0.008864986742127382 0.9995434524832099 0.02887810631158136 0.004305357530422145 -0.028840859192225177 0.9995742958934689 0.15920166072508835 -0.11350603617576382 -2.4404371677957357
FixedParameters: 0 0 0
#Transform 202
Transform: MatrixOffsetTransformBase_double_3_3
Parameters: 0.9999533113821981 0.008847987085239805 -0.003924096070869216 -0.008729980090805351 0.9995364932738532 0.029152345703086252 0.004180291490091025 -0.029116603686691195 0.9995667812148707 0.14159840617689667 -0.13012727950004432 -2.3819281459345305
FixedParameters: 0 0 0
#Transform 203
Transform: MatrixOffsetTransformBase_double_3_3
Parameters: 0.999951300838552 0.008962745369628912 -0.00404583426386265 -0.008843025987544448 0.9995506181947142 0.02865601182331859 0.004300577483452527 -0.028619010215972934 0.9995810930975814 0.16232482262455505 -0.042423529826024264 -2.402269580823557
FixedParameters: 0 0 0
#Transform 204
Transform: MatrixOffsetTransformBase_double_3_3
Parameters: 0.9999512577979859 0.009079603191862224 -0.0037808113974091254 -0.008966407481938499 0.9995378112559917 0.02904251415908085 0.004043446634002551 -0.02900748004807993 0.9995711496720467 0.16174769349653673 -0.09659046669220572 -2.382724161253549
FixedParameters: 0 0 0
#Transform 205
Transform: MatrixOffsetTransformBase_double_3_3
Parameters: 0.9999495215776595 0.00918348611482417 -0.0040184575318470955 -0.00906262119687531 0.9995395012055909 0.02895696929168648 0.004282081272726982 -0.028919040731338358 0.9995728115228546 0.17354613917247264 -0.07442007638594816 -2.3858208520176376
FixedParameters: 0 0 0
#Transform 206
Transform: MatrixOffsetTransformBase_double_3_3
Parameters: 0.9999550949203144 0.00873492498486108 -0.0036891022312195644 -0.008626629938633727 0.9995630979983857 0.028273927068835997 0.003934332042168718 -0.02824009507902231 0.9995937253882237 0.15232867899759128 -0.002178847266193884 -2.3986028494913256
FixedParameters: 0 0 0
#Transform 207
Transform: MatrixOffsetTransformBase_double_3_3
Parameters: 0.9999495721557091 0.009324755340163788 -0.003804453653924116 -0.009210785870905873 0.9995394803747858 0.02890820906744876 0.004072721844738248 -0.028871754784108666 0.9995744378199556 0.18186386545939115 -0.09893601326197654 -2.3845736017986283
FixedParameters: 0 0 0
#Transform 208
Transform: MatrixOffsetTransformBase_double_3_3
Parameters: 0.9999521444839908 0.008973861160078506 -0.003784445166132997 -0.008863616261549143 0.9995608538365262 0.028271887599173012 0.004036163523703808 -0.028238119202706635 0.9995932437137103 0.15942008648674744 -0.01314322894729969 -2.4392466904615233
FixedParameters: 0 0 0
#Transform 209
Transform: MatrixOffsetTransformBase_double_3_3
Parameters: 0.9999531017192849 0.008928553857246573 -0.003630299215819816 -0.00882141778940875 0.9995561205054874 0.028465674229182808 0.003882865113606806 -0.02843232593576614 0.9995879247371713 0.1571925324386143 -0.07196202190802126 -2.37427346528505
FixedParameters: 0 0 0
#Transform 210
Transform: MatrixOffsetTransformBase_double_3_3
Parameters: 0.9999510750588644 0.009158273211406144 -0.0037473792788940362 -0.009047790932946642 0.9995498464184034 0.028599721271075906 0.0040082068025849805 -0.028564270291940558 0.9995839935850274 0.16412826324673802 -0.09176910529217253 -2.3990725416898897
FixedParameters: 0 0 0
#Transform 211
Transform: MatrixOffsetTransformBase_double_3_3
Parameters: 0.999953002262195 0.008915641196765512 -0.0038095352427874327 -0.008807783540842573 0.9995874380488069 0.027322773441648074 0.0040512631019336545 -0.027288186453019003 0.9996190715302617 0.1621731654629599 -0.011208253044813432 -2.4827617464649805
FixedParameters: 0 0 0
#Transform 212
Transform: MatrixOffsetTransformBase_double_3_3
Parameters: 0.9999535168800996 0.008831428250333345 -0.003934588842155441 -0.008717527759809275 0.9995637745405505 0.028210345708706175 0.004182278679136416 -0.02817461276762584 0.9995937562317643 0.16707089945450093 -0.12152521976997832 -2.450850858212597
FixedParameters: 0 0 0
#Transform 213
Transform: MatrixOffsetTransformBase_double_3_3
Parameters: 0.999947130423093 0.009383510211473257 -0.004338141990491126 -0.009258262136619264 0.9995645993143013 0.028030750293098677 0.004598751324449171 -0.027989300844507847 0.9995980596392013 0.1712092062500261 -0.08207889591216144 -2.494110231582553
FixedParameters: 0 0 0
#Transform 214
Transform: MatrixOffsetTransformBase_double_3_3
Parameters: 0.9999533434758873 0.00886652132727175 -0.0038769692397989906 -0.008753290446807976 0.9995547112586686 0.028535041484927137 0.004128266125366555 -0.02850000440511305 0.9995857663681427 0.16958392123335386 -0.095111807733673 -2.4572344833199793
FixedParameters: 0 0 0
#Transform 215
Transform: MatrixOffsetTransformBase_double_3_3
Parameters: 0.9999530550609598 0.008921057053484395 -0.003788100249193168 -0.008812710755096941 0.9995721643427442 0.02790486246272922 0.004035677701550437 -0.027870146451340144 0.9996031260678757 0.18584760230596942 -0.07745118041297872 -2.4867834035296426
FixedParameters: 0 0 0
#Transform 216
Transform: MatrixOffsetTransformBase_double_3_3
Parameters: 0.9999509825310607 0.008891552886179517 -0.0042373504893076525 -0.008768343237833556 0.9995615676915303 0.02829901075370106 0.0044868211019905395 -0.028261023931504647 0.9995905383041926 0.16775784211917255 -0.09066044133216167 -2.4283769084881612
FixedParameters: 0 0 0
#Transform 217
Transform: MatrixOffsetTransformBase_double_3_3
Parameters: 0.9999555209470423 0.008668451435186892 -0.0036521823865602165 -0.008560403383315018 0.9995565058440437 0.028515328077111046 0.0038978334185053444 -0.028482634391912426 0.9995862642547492 0.14979633298497674 -0.09564238966483174 -2.4074799221298093
FixedParameters: 0 0 0
#Transform 218
Transform: MatrixOffsetTransformBase_double_3_3
Parameters: 0.9999516781636181 0.00910608476133172 -0.003794420668852858 -0.008998265878826756 0.9995790519887807 0.027580707493063128 0.004043738855911956 -0.02754532076627353 0.9996128617710065 0.16812474287122825 -0.03812043681477917 -2.443310753920521
FixedParameters: 0 0 0
#Transform 219
Transform: MatrixOffsetTransformBase_double_3_3
Parameters: 0.9999548967459349 0.008685854956986896 -0.0038281655082014025 -0.008579279803791367 0.9995969275735551 0.027053550700891826 0.004061957838903589 -0.027020435875939275 0.9996266705686878 0.17236199357607518 -0.009475337242747628 -2.5019127583914553
FixedParameters: 0 0 0
#Transform 220
Transform: MatrixOffsetTransformBase_double_3_3
Parameters: 0.9999523068302234 0.008889244448585496 -0.00395995782734841 -0.008774715702454413 0.9995722679275209 0.02788079228684537 0.0042054840533734235 -0.027844163534735428 0.9996030640911463 0.18469912487620377 -0.0921265443637651 -2.4842702933690575
FixedParameters: 0 0 0
#Transform 221
Transform: MatrixOffsetTransformBase_double_3_3
Parameters: 0.9999491059607896 0.00915343401117911 -0.00413638859308055 -0.00903646917353842 0.9995833641534685 0.027411691882519962 0.004385212477721072 -0.027373312871124073 0.9996157240717694 0.19026197097947772 -0.07760633603483313 -2.4750321113095026
FixedParameters: 0 0 0
#Transform 222
Transform: MatrixOffsetTransformBase_double_3_3
Parameters: 0.9999543431780847 0.008570810212755017 -0.004147259805985234 -0.008452175396701617 0.9995810768520447 0.027698440647683564 0.004383121213557073 -0.02766257169964703 0.999607517420598 0.1909251193088437 -0.019953470799336515 -2.490255461074817
FixedParameters: 0 0 0
#Transform 223
Transform: MatrixOffsetTransformBase_double_3_3
Parameters: 0.9999503569300764 0.009019179381754509 -0.004278244866545367 -0.008895172627257225 0.9995687487465975 0.02798993716649853 0.004528592561935083 -0.027950099694399322 0.9995996202193898 0.1863675552263544 -0.09913120695115651 -2.4819796618690972
FixedParameters: 0 0 0
#Transform 224
Transform: MatrixOffsetTransformBase_double_3_3
Parameters: 0.9999501569460542 0.00958494225903505 -0.0028231607864339517 -0.009499528301424334 0.9995413949709483 0.028739400612096233 0.003098177197605053 -0.028711574953715346 0.9995830721771755 0.1820698823932787 -0.07136020121899378 -2.4932436224816925
FixedParameters: 0 0 0
#Transform 225
Transform: MatrixOffsetTransformBase_double_3_3
Parameters: 0.9999309219344249 0.011376435824644439 -0.002940404277352996 -0.011293629812455318 0.9995751572804377 0.0268517135571871 0.003245165426928725 -0.026816267252537912 0.9996353289772845 0.19645393740577788 -0.028619568629196124 -2.4537068595695857
FixedParameters: 0 0 0
#Transform 226
Transform: MatrixOffsetTransformBase_double_3_3
Parameters: 0.9999233765018408 0.012225694482753822 -0.002037264187594239 -0.01217012515062839 0.9996044872560131 0.025338422723523935 0.002346304209343372 -0.025311561419836565 0.9996769233739077 0.1735107082523797 -0.12905083747178026 -2.4307074792533356
FixedParameters: 0 0 0
#Transform 227
Transform: MatrixOffsetTransformBase_double_3_3
Parameters: 0.9999423119780868 0.010110668419866143 -0.0035297761481142215 -0.010013193817535689 0.999594127632674 0.026682407443759076 0.003797420817597326 -0.02664463063465028 0.9996380052651734 0.20296147007223908 -0.07929079601932187 -2.4842219556066354
FixedParameters: 0 0 0
#Transform 228
Transform: MatrixOffsetTransformBase_double_3_3
Parameters: 0.9999474133785023 0.00967230068192981 -0.0033223748588981222 -0.009575831312716618 0.9995690029089035 0.027746174853463867 0.003588809791128742 -0.027712806307799043 0.9996092246811399 0.2259070340692091 -0.06979090024572088 -2.4631440442754737
FixedParameters: 0 0 0
#Transform 229
Transform: MatrixOffsetTransformBase_double_3_3
Parameters: 0.9999491817637156 0.00957516060231343 -0.003184621342788488 -0.009482965358607343 0.999576060331593 0.02751642024735748 0.0034466055131004555 -0.027484558471746218 0.9996162424069477 0.18824467606810913 -0.11439824746111071 -2.448353822240648
FixedParameters: 0 0 0
#Transform 230
Transform: MatrixOffsetTransformBase_double_3_3
Parameters: 0.9999545135378435 0.009249472826660157 -0.002434919084745071 -0.009178539606314949 0.9995700218980208 0.027861772545974967 0.0026910387022715536 -0.027838259616465272 0.9996089093310406 0.1731293431102614 -0.05435204358261103 -2.494567141421797
FixedParameters: 0 0 0
#Transform 231
Transform: MatrixOffsetTransformBase_double_3_3
Parameters: 0.9999514460594412 0.009442156646874323 -0.0028976694700325574 -0.009355306786559922 0.9995462408101942 0.02863345079538715 0.003167117363770997 -0.02860554300007037 0.9995856783089565 0.19212060615919313 -0.0826564915163317 -2.4949609696049464
FixedParameters: 0 0 0
#Transform 232
Transform: MatrixOffsetTransformBase_double_3_3
Parameters: 0.9999486361911571 0.009474578825330841 -0.0035476057932441385 -0.009370627570263966 0.9995518187427165 0.028444010939977282 0.0038158324864676517 -0.02840902108388013 0.9995893167316828 0.1957114052166844 -0.054640838731387475 -2.4835844738378228
FixedParameters: 0 0 0
#Transform 233
Transform: MatrixOffsetTransformBase_double_3_3
Parameters: 0.9999501584139014 0.009311404585817012 -0.0034841733792292115 -0.009208275684815822 0.9995537503778088 0.028424541009249238 0.0037475613797028464 -0.028391476741484595 0.9995900129275334 0.19073072622082066 -0.03239013967476012 -2.4662640842524084
FixedParameters: 0 0 0
#Transform 234
Transform: MatrixOffsetTransformBase_double_3_3
Parameters: 0.999953192457994 0.009252683916301834 -0.002862250088722841 -0.009165031890132597 0.9995273018297448 0.02935927895285592 0.003131826412263059 -0.02933177164685788 0.9995651610272274 0.18849599788148907 -0.08044245186489718 -2.473936890333654
FixedParameters: 0 0 0
#Transform 235
Transform: MatrixOffsetTransformBase_double_3_3
Parameters: 0.9999469572625843 0.009630931740303224 -0.0036456205432515093 -0.009522960579916216 0.9995497196275999 0.028471826753111773 0.003917617250868627 -0.02843518822846064 0.9995876630708618 0.200406148199761 -0.028635570741670335 -2.542168041416552
FixedParameters: 0 0 0
#Transform 236
Transform: MatrixOffsetTransformBase_double_3_3
Parameters: 0.9999525298051779 0.009189304797845294 -0.003166005101730321 -0.009094404797129205 0.9995435640975513 0.028815434788751176 0.003429396348189384 -0.02878457278716473 0.9995797021574935 0.1869305177297349 -0.04955311789872496 -2.4971066531163757
FixedParameters: 0 0 0
#Transform 237
Transform: MatrixOffsetTransformBase_double_3_3
Parameters: 0.9999508623346709 0.00941109828754606 -0.0030920381813741857 -0.00931743916198828 0.9995296608784029 0.029210783903237086 0.0033654594752316335 -0.029180238987305845 0.999569041066237 0.1980642742207408 -0.1273026705007112 -2.4731104327934332
FixedParameters: 0 0 0
#Transform 238
Transform: MatrixOffsetTransformBase_double_3_3
Parameters: 0.9999490472024081 0.00965725791832816 -0.0029466821170912494 -0.009568640263109647 0.9995386716639478 0.028819868057425035 0.003224272542866577 -0.028790132689138243 0.9995805327758969 0.18790244075903217 -0.03833624283112158 -2.6036807539189795
FixedParameters: 0 0 0
#Transform 239
Transform: MatrixOffsetTransformBase_double_3_3
Parameters: 0.9999589673878668 0.008560889881503124 -0.002783130748989751 -0.008477066690738817 0.9995523131406142 0.028692336639988936 0.003027629729404845 -0.028667646929425583 0.9995841981436433 0.20697810426842977 -0.11034580624959744 -2.553949824166345
FixedParameters: 0 0 0
#Transform 240
Transform: MatrixOffsetTransformBase_double_3_3
Parameters: 0.9999569063896249 0.008815127839403922 -0.0030641001279063337 -0.008723449251577765 0.9995502343225783 0.02870071387357781 0.003315081990890352 -0.028672311297676445 0.9995834661877028 0.2189814145487503 -0.18408608582693375 -2.5208370410752465
FixedParameters: 0 0 0
#Transform 241
Transform: MatrixOffsetTransformBase_double_3_3
Parameters: 0.9999609683883671 0.008283793223736421 -0.0030673612801639973 -0.00819321515266444 0.9995622904369172 0.028407937778220288 0.003301720608772991 -0.028381033591402233 0.9995918268800204 0.193565113968873 -0.12774167651467394 -2.5295615723753215
FixedParameters: 0 0 0
#Transform 242
Transform: MatrixOffsetTransformBase_double_3_3
Parameters: 0.9999595574929582 0.008497259859523319 -0.002870170249530736 -0.008412047442195493 0.9995570931861245 0.028541663444109494 0.0031109285318221547 -0.02851632362064138 0.9995882928825478 0.2035362880839955 -0.04917773067521125 -2.5800412104037562
FixedParameters: 0 0 0
#Transform 243
Transform: MatrixOffsetTransformBase_double_3_3
Parameters: 0.9999577208574738 0.008756311742774253 -0.0029323254743584765 -0.008668621008770227 0.9995461672605036 0.02883631074296203 0.003184042854131662 -0.028809651703578798 0.9995796433466617 0.23056505575330277 -0.12071360438388012 -2.562472102092407
FixedParameters: 0 0 0
#Transform 244
Transform: MatrixOffsetTransformBase_double_3_3
Parameters: 0.9999564538159612 0.008794630247614128 -0.0031942503955946435 -0.008699185629981922 0.9995516617004213 0.028652600616934393 0.003444414053590353 -0.028623396159958958 0.9995841497484309 0.22778239669700895 -0.098476970685212 -2.5380746643019805
FixedParameters: 0 0 0
#Transform 245
Transform: MatrixOffsetTransformBase_double_3_3
Parameters: 0.9999560671970747 0.008697332491837493 -0.003360132035760587 -0.008597765609048161 0.9995546585215773 0.028580288507979 0.0036063963066254767 -0.028549740605540247 0.9995861208735559 0.2224396178193757 -0.06565402304293855 -2.522360831963219
FixedParameters: 0 0 0
#Transform 246
Transform: MatrixOffsetTransformBase_double_3_3
Parameters: 0.9999607730146921 0.00841836380414352 -0.0027110717417391642 -0.008336411350005674 0.9995410797036423 0.02912823600623554 0.0029557339311808 -0.029103756830525324 0.9995718179429753 0.2007471583916356 -0.12498032739843268 -2.5493221997016775
FixedParameters: 0 0 0
#Transform 247
Transform: MatrixOffsetTransformBase_double_3_3
Parameters: 0.999959536374819 0.008391623114796451 -0.0031695302736750273 -0.008294843532842103 0.9995390517386069 0.029205279325723976 0.0034138389702745024 -0.029177737481886012 0.9995687992658595 0.21432342602271603 -0.05641277717442961 -2.5988737274337197
FixedParameters: 0 0 0
#Transform 248
Transform: MatrixOffsetTransformBase_double_3_3
Parameters: 0.999952085404112 0.00926011940923474 -0.003188042250962541 -0.009165175449498268 0.9995515842871684 0.02851692374237938 0.0034511990357544513 -0.02848610020221451 0.9995884603691934 0.22291222537810995 -0.10842103027621874 -2.5271245703514396
FixedParameters: 0 0 0
#Transform 249
Transform: MatrixOffsetTransformBase_double_3_3
Parameters: 0.999954820727856 0.009038920413220622 -0.0029118680881769646 -0.00895150978541725 0.9995486277469261 0.028677547640673984 0.0031692102459177883 -0.028650462256172626 0.999584568162248 0.19703989347644324 -0.11090923412325537 -2.5300565898272396
FixedParameters: 0 0 0
#Transform 250
Transform: MatrixOffsetTransformBase_double_3_3
Parameters: 0.9999549623342908 0.009175896149552118 -0.002415695024033471 -0.009101759365728906 0.9995315735303283 0.02922220056017588 0.0026826503932631633 -0.02919883158837172 0.999570478630262 0.21954444219667835 -0.06820253815374144 -2.4706487548457616
FixedParameters: 0 0 0
#Transform 251
Transform: MatrixOffsetTransformBase_double_3_3
Parameters: 0.9999578825153029 0.008863592164296559 -0.0025595967835929196 -0.008783836589473883 0.9995203242134314 0.029694963997999646 0.002821491915657879 -0.029671045844811506 0.9995559711856827 0.20859982491134588 -0.17740391401660816 -2.491946718371281
FixedParameters: 0 0 0
#Transform 252
Transform: MatrixOffsetTransformBase_double_3_3
Parameters: 0.9999568259447611 0.009047883525860688 -0.002304403040764099 -0.008974900893905123 0.9995153991128684 0.02981883891076545 0.0025731590963225734 -0.029797200200263246 0.9995529582766038 0.21238985785498699 -0.1373596495890439 -2.502200894031681
FixedParameters: 0 0 0
#Transform 253
Transform: MatrixOffsetTransformBase_double_3_3
Parameters: 0.9999611810445732 0.008588714235225118 -0.00201243289650737 -0.008526100862417755 0.9995323313274007 0.029362502307727606 0.0022637576511967484 -0.029344512653296878 0.9995671884443245 0.19807056922132915 -0.07039255049303961 -2.563701092595565
FixedParameters: 0 0 0
#Transform 254
Transform: MatrixOffsetTransformBase_double_3_3
Parameters: 0.9999625290543375 0.008378639902346822 -0.0022953963830754038 -0.008306334639732797 0.9995213159989198 0.0297827493366474 0.00254427735286274 -0.029762225506994894 0.9995539837926721 0.17765741274922675 -0.14800975117485393 -2.5599872859934223
FixedParameters: 0 0 0
