#Insight Transform File V1.0
#Transform 0
Transform: MatrixOffsetTransformBase_double_3_3
Parameters: 0.9999902308926019 0.00032553010039459724 0.004434182774822333 -0.00032357236512821607 0.9999995687081716 -0.0005595101077758447 -0.004434566568494193 0.0005584919170033356 0.9999900372182867 0.256947946257128 0.05699563651637618 -0.4279677415639469
FixedParameters: 0 0 0
#Transform 1
Transform: MatrixOffsetTransformBase_double_3_3
Parameters: 0.9999866521189094 -0.00002801225231588916 0.005132920950272495 0.000035657644715872487 0.9999986770271614 -0.0015239270456420062 -0.005132879766783337 0.0015240723507281475 0.9999853299074815 0.27004602100193154 0.05785740050733068 -0.4718939296390161
FixedParameters: 0 0 0
#Transform 2
Transform: MatrixOffsetTransformBase_double_3_3
Parameters: 0.999989911519439 -0.000020040360439707013 0.0044819541272874954 0.00003154005386181459 0.9999966996829605 -0.0025099527959877594 -0.004481901453635861 0.002510044355118114 0.9999866115605622 0.2827339050820967 0.09439064147724707 -0.5470058207271151
FixedParameters: 0 0 0
#Transform 3
Transform: MatrixOffsetTransformBase_double_3_3
Parameters: 0.999985516211845 -0.000030507805069437237 0.005336911288373406 0.00003701042570973022 0.9999993993039038 -0.0012649184284234116 -0.005336874745992282 0.0012650832979744413 0.9999849164316704 0.2766859692806918 0.0411057232790597 -0.5521869252889999
FixedParameters: 0 0 0
#Transform 4
Transform: MatrixOffsetTransformBase_double_3_3
Parameters: 0.9999826006582863 -0.00029703731082695055 0.005942487212100531 0.00030693932317888664 0.9999983869479243 -0.0015893293940771056 -0.005941589406774429 0.001591667069607082 0.9999811542876659 0.27005475869880513 0.029464051758750998 -0.5691413658780604
FixedParameters: 0 0 0
#Transform 5
Transform: MatrixOffsetTransformBase_double_3_3
Parameters: 0.999984851996399 -0.000514010452502066 0.005466614129977471 0.0005263361750217553 0.9999978026000259 -0.0022232537754386713 -0.005465383612278388 0.0022257451764289794 0.9999821525117837 0.29474458417439564 0.05136949645776667 -0.570457669224993
FixedParameters: 0 0 0
#Transform 6
Transform: MatrixOffsetTransformBase_double_3_3
Parameters: 0.999985001311151 -0.0005823715597239246 0.005445938537643469 0.0005916902174824082 0.9999981505389931 -0.0015879052424141935 -0.005445128178602144 0.0015910895479042068 0.9999837977190349 0.30602191679086843 0.026014197969843167 -0.582630123921696
FixedParameters: 0 0 0
#Transform 7
Transform: MatrixOffsetTransformBase_double_3_3
Parameters: 0.9999821288658772 -0.00038883467783164857 0.005892227028466619 0.00040244997716488165 0.9999977596399197 -0.0022567876541252415 -0.005891531021725371 0.002259212693444687 0.9999801719952487 0.3155923151881552 0.05595927962056635 -0.6268910376937171
FixedParameters: 0 0 0
#Transform 8
Transform: MatrixOffsetTransformBase_double_3_3
Parameters: 0.9999847133179072 -0.0006616752997505048 0.005553890256600219 0.00067290298957853 0.999997830926172 -0.0021784026893625144 -0.005553071560845181 0.002181605251085004 0.9999823774890028 0.32268713590360676 0.016772297179656448 -0.6043248799902656
FixedParameters: 0 0 0
#Transform 9
Transform: MatrixOffsetTransformBase_double_3_3
Parameters: 0.9999714362878506 -0.000952647681030928 0.007460040124338877 0.000964554660442229 0.9999983473169597 -0.0016650395101784517 -0.007458931932446886 0.0016719647646635466 0.9999705210967036 0.33086592387364533 -0.0017307440168252697 -0.5902820406575131
FixedParameters: 0 0 0
#Transform 10
Transform: MatrixOffsetTransformBase_double_3_3
Parameters: 0.9999726258758066 -0.0008089752747956173 0.0073969464563147 0.0008223348044321229 0.999997953911573 -0.0018451563754623016 -0.007396028620825914 0.0018518460367439593 0.9999708379549571 0.37044053009154254 0.021985327119935505 -0.5844659349329575
FixedParameters: 0 0 0
#Transform 11
Transform: MatrixOffsetTransformBase_double_3_3
Parameters: 0.9999670112451164 -0.0007784327147956679 0.008086025604841215 0.0007924962110698665 0.999998416204011 -0.001731872091802417 -0.008084397710626556 0.0017381273975152836 0.9999655744882509 0.3618195391892698 0.0029019568372348203 -0.5838112630091032
FixedParameters: 0 0 0
#Transform 12
Transform: MatrixOffsetTransformBase_double_3_3
Parameters: 0.9999551582303468 -0.0012792254824010203 0.009338253069273003 0.0012942037126071203 0.9999978487322463 -0.0015982850486092898 -0.009336228574459893 0.0016107150525628737 0.9999551605396759 0.37977856451476555 -0.0021693317557378577 -0.5700160224045447
FixedParameters: 0 0 0
#Transform 13
Transform: MatrixOffsetTransformBase_double_3_3
Parameters: 0.9999551898725292 -0.0017038957574416831 0.009268674663734463 0.001722568895432357 0.9999960444371454 -0.002023415302262249 -0.009264846205740118 0.0020395833547090132 0.9999548912619022 0.39280674210732514 0.002124106422613181 -0.5805353183119877
FixedParameters: 0 0 0
#Transform 14
Transform: MatrixOffsetTransformBase_double_3_3
Parameters: 0.9999585850504678 -0.0022278285023483104 0.008800560851738639 0.00223114867352496 0.9999969910734257 -0.00040563856427937653 -0.008799736006280564 0.0004253643064026603 0.9999612486883774 0.4338355650993293 -0.07814666571599105 -0.5673729296411238
FixedParameters: 0 0 0
#Transform 15
Transform: MatrixOffsetTransformBase_double_3_3
Parameters: 0.9999505996524594 -0.0018178689777802967 0.009751564503890068 0.0018293586669247148 0.9999974669797913 -0.0011435368374923538 -0.00974943771697339 0.0011614594419163517 0.9999514760983385 0.4217737297905302 -0.06435402251106837 -0.5788890929047668
FixedParameters: 0 0 0
#Transform 16
Transform: MatrixOffsetTransformBase_double_3_3
Parameters: 0.9999473032885252 -0.0020499213969559435 0.010074794060909442 0.00205882684610641 0.9999970415736376 -0.0009276471793561308 -0.01007200973842108 0.0009483551699377641 0.9999485019780434 0.4513751982077565 -0.079721862842149 -0.552313568675217
FixedParameters: 0 0 0
#Transform 17
Transform: MatrixOffsetTransformBase_double_3_3
Parameters: 0.9999443355589028 -0.0021897293060606795 0.01028929078120354 0.0022060128302757963 0.9999958666019809 -0.0015567415371832618 -0.010285509693786303 0.0015792536785384417 0.9999455515775812 0.4646729678677133 -0.04976325967116679 -0.5639252913637378
FixedParameters: 0 0 0
#Transform 18
Transform: MatrixOffsetTransformBase_double_3_3
Parameters: 0.9999383255125451 -0.0025644426260167624 0.01077509629556529 0.0025761050566506967 0.9999963801129348 -0.0010836918345804919 -0.01077153809629374 0.0011113090178974947 0.9999415363115665 0.4710878233442486 -0.07765392477604394 -0.5307966157440234
FixedParameters: 0 0 0
#Transform 19
Transform: MatrixOffsetTransformBase_double_3_3
Parameters: 0.9999450887687099 -0.002282241578858668 0.010183309065699938 0.002305020417830841 0.9999948551998434 -0.002234998019293533 -0.010178163934281666 0.0022580051787845397 0.9999461397497045 0.4883043612309592 -0.03360057233959424 -0.615330767296669
FixedParameters: 0 0 0
#Transform 20
Transform: MatrixOffsetTransformBase_double_3_3
Parameters: 0.9999445375917435 -0.002337497912668034 0.010246506444661293 0.002362654779271895 0.9999946638773024 -0.0024342753013718976 -0.010241183928674666 0.0024577285222885476 0.9999449075251858 0.4584086862940353 -0.032913263395499825 -0.5851623051045394
FixedParameters: 0 0 0
#Transform 21
Transform: MatrixOffsetTransformBase_double_3_3
Parameters: 0.9999446506464952 -0.0021855967325987704 0.010323392621524706 0.0022026269476021565 0.9999967849383128 -0.0015877060205360671 -0.010319487286974145 0.001610290139427371 0.9999457519669073 0.448368263857958 -0.09643943633815866 -0.5784574557437594
FixedParameters: 0 0 0
#Transform 22
Transform: MatrixOffsetTransformBase_double_3_3
Parameters: 0.9999368525447085 -0.0025532756479990436 0.010937101241925032 0.002569531570515589 0.9999954589929386 -0.0014593850616760485 -0.010933664146716267 0.0014876135259691706 0.9999390510100977 0.4601864590751177 -0.11190391365440178 -0.5486788248492616
FixedParameters: 0 0 0
#Transform 23
Transform: MatrixOffsetTransformBase_double_3_3
Parameters: 0.9999394699271491 -0.0029431186822044338 0.010576547856145835 0.00296067373251897 0.9999946841855478 -0.001664149630047732 -0.01057175767053326 0.0016948561013844163 0.9999431441179776 0.48287366749232774 -0.10762161477583732 -0.6434214777514029
FixedParameters: 0 0 0
#Transform 24
Transform: MatrixOffsetTransformBase_double_3_3
Parameters: 0.9999440270669 -0.002810388663741473 0.010250446693875056 0.002823847407488521 0.9999953376488577 -0.0013724733789022923 -0.010246736394931144 0.001401536565597117 0.9999468417556582 0.4980490262802135 -0.10320410510216504 -0.638902150696282
FixedParameters: 0 0 0
#Transform 25
Transform: MatrixOffsetTransformBase_double_3_3
Parameters: 0.9999367593661229 -0.00290270742308107 0.010854113692518647 0.0029109689795035784 0.9999952088488002 -0.0007328321934027288 -0.01085181782478928 0.0007641649425742499 0.9999404299796917 0.4865240972124383 -0.12394019664891687 -0.6257256156789808
FixedParameters: 0 0 0
#Transform 26
Transform: MatrixOffsetTransformBase_double_3_3
Parameters: 0.9999326026059194 -0.0031977791188869905 0.011143084878421543 0.003201953869289233 0.9999948733005635 -0.0003487398723452332 -0.01114176720263419 0.00038425840684783944 0.9999374606525797 0.4787136769158593 -0.12991937622487626 -0.6174196195392128
FixedParameters: 0 0 0
#Transform 27
Transform: MatrixOffsetTransformBase_double_3_3
Parameters: 0.9999266170056149 -0.003217524575401312 0.011705647515631731 0.003232052572977937 0.9999943793717898 -0.0011986928673789598 -0.011701892513567977 0.0012363040064286013 0.9999302729150555 0.4900099451159008 -0.11966867132623804 -0.6112927563145192
FixedParameters: 0 0 0
#Transform 28
Transform: MatrixOffsetTransformBase_double_3_3
Parameters: 0.9999301441635712 -0.0030059027961675685 0.011437878023673983 0.0030189084206453127 0.999994661418835 -0.0012059781388002126 -0.011433611037070284 0.0012410303526885179 0.999933488724361 0.4832997497604623 -0.10313748531802958 -0.6335254423255421
FixedParameters: 0 0 0
#Transform 29
Transform: MatrixOffsetTransformBase_double_3_3
Parameters: 0.9999255183758685 -0.0032145014855287537 0.01179595304313026 0.0032373134474625756 0.9999930889042753 -0.0019214093548102435 -0.011789593237901852 0.001959593097502101 0.9999288980978684 0.4827086815595578 -0.10322827033641602 -0.6324419908946908
FixedParameters: 0 0 0
#Transform 30
Transform: MatrixOffsetTransformBase_double_3_3
Parameters: 0.9999232838946123 -0.004495648871033852 0.011554440184651609 0.004512859862451856 0.9999888891961363 -0.001453363459941591 -0.011547234635310766 0.0015046324941461239 0.9999320196522541 0.49168569089347613 -0.1694339251530721 -0.634199998691173
FixedParameters: 0 0 0
#Transform 31
Transform: MatrixOffsetTransformBase_double_3_3
Parameters: 0.9999203866716356 -0.003848657648624033 0.011991428734775217 0.0038679083940098983 0.9999908910091038 -0.0015701929747702547 -0.01198526439204329 0.0016168025104175482 0.9999264169809433 0.4913375294763682 -0.1548024655352691 -0.6509443620659567
FixedParameters: 0 0 0
#Transform 32
Transform: MatrixOffsetTransformBase_double_3_3
Parameters: 0.9999244940204922 -0.003463110779644256 0.011811391114396845 0.0034749489321854762 0.9999933145941746 -0.0009454797830913304 -0.011807765424627014 0.000986514796493654 0.9999303130486743 0.47671567424644934 -0.1339079074754892 -0.6331992767582832
FixedParameters: 0 0 0
#Transform 33
Transform: MatrixOffsetTransformBase_double_3_3
Parameters: 0.9999205862201822 -0.0038535891073214396 0.012023179435172828 0.003871427229486078 0.9999910552502761 -0.0015070317522292423 -0.012017488300557872 0.0015539756777758745 0.9999268459087892 0.4762076376925819 -0.15456837003964097 -0.6413144668888009
FixedParameters: 0 0 0
#Transform 34
Transform: MatrixOffsetTransformBase_double_3_3
Parameters: 0.9999221547108583 -0.0035867431419520073 0.011957189261848722 0.0036033605512855514 0.9999924058148979 -0.001383480549300797 -0.011952208926998938 0.001425522069060452 0.9999278034966369 0.4928622163537568 -0.11371496177613949 -0.622214670871621
FixedParameters: 0 0 0
#Transform 35
Transform: MatrixOffsetTransformBase_double_3_3
Parameters: 0.9999247584582027 -0.0037306386864301004 0.011718244104552893 0.003750119982755571 0.9999916208970006 -0.001618607808650834 -0.011712103957459042 0.00166238808555367 0.9999297548802286 0.4950964424108406 -0.1485132583569566 -0.6403885678719305
FixedParameters: 0 0 0
#Transform 36
Transform: MatrixOffsetTransformBase_double_3_3
Parameters: 0.9999077046404126 -0.003977680110711956 0.012979251896763093 0.004006666547716987 0.9999894325224982 -0.0022057345253981044 -0.012970632218249959 0.002258265734005483 0.9999133079980967 0.4819116119409017 -0.08132111279472554 -0.6854635248016621
FixedParameters: 0 0 0
#Transform 37
Transform: MatrixOffsetTransformBase_double_3_3
Parameters: 0.9999228346047222 -0.003908140120571244 0.011784894055483972 0.003929545379590776 0.9999907280990271 -0.001774257547798858 -0.011777951702347661 0.001820739045518445 0.9999286442451897 0.5065395269166828 -0.11290028612920366 -0.660415785279703
FixedParameters: 0 0 0
#Transform 38
Transform: MatrixOffsetTransformBase_double_3_3
Parameters: 0.9999032014299584 -0.0038646298925324317 0.013335870351914254 0.0038847139161887556 0.9999911958196461 -0.0014379017549772553 -0.013330657264862883 0.001490090927657053 0.9999097188202359 0.475039074029155 -0.158889578076284 -0.7060429057764992
FixedParameters: 0 0 0
#Transform 39
Transform: MatrixOffsetTransformBase_double_3_3
Parameters: 0.9999114859075418 -0.004054513824773936 0.01265155991296585 0.004075279622571986 0.9999901091429141 -0.0016230918140385407 -0.012645299707506313 0.001674911234079931 0.9999189381140778 0.4765409639957454 -0.12807927291622434 -0.6655576044147793
FixedParameters: 0 0 0
#Transform 40
Transform: MatrixOffsetTransformBase_double_3_3
Parameters: 0.9999088494423889 -0.003730849479255518 0.012969952662955796 0.0037543721962812046 0.9999909732229879 -0.0018060118937207655 -0.012963417698624427 0.001854990503357707 0.9999141744439373 0.4929683387734798 -0.1219086767428621 -0.7277478747721347
FixedParameters: 0 0 0
#Transform 41
Transform: MatrixOffsetTransformBase_double_3_3
Parameters: 0.9999056794487793 -0.003101008538847668 0.01336763746256992 0.0031277501249144103 0.9999927036025787 -0.001950971348999555 -0.013361538254791796 0.001992023352726068 0.9999092018591903 0.4782923195578377 -0.07191305132147363 -0.7043697171795102
FixedParameters: 0 0 0
#Transform 42
Transform: MatrixOffsetTransformBase_double_3_3
Parameters: 0.9998977100957188 -0.0036212839958945763 0.013862562735889265 0.00364341074798617 0.9999927352445457 -0.001529277372933761 -0.01385641568359759 0.0015797156737309822 0.9999031416708408 0.4764123767153734 -0.1279281225643274 -0.7063065631109993
FixedParameters: 0 0 0
#Transform 43
Transform: MatrixOffsetTransformBase_double_3_3
Parameters: 0.9999041925305716 -0.003163739012250873 0.013482711663775272 0.0031696697979205616 0.9999950394585654 -0.0004579064352103314 -0.01348172662507796 0.0005001022343661945 0.999908694164057 0.4708146794404797 -0.15446785239926442 -0.6885308063959528
FixedParameters: 0 0 0
#Transform 44
Transform: MatrixOffsetTransformBase_double_3_3
Parameters: 0.999893036836192 -0.003632052963338649 0.014168727454874451 0.0036639000416975537 0.9999912881621642 -0.0021549721045776397 -0.01416102337417565 0.0022070164738700465 0.9998972346568855 0.49444891639191724 -0.1366068524807531 -0.7752970700834609
FixedParameters: 0 0 0
#Transform 45
Transform: MatrixOffsetTransformBase_double_3_3
Parameters: 0.9998849685363388 -0.003885899761830447 0.014660054410180527 0.003907942335183734 0.9999908526230106 -0.0015065844117359353 -0.014654250581006964 0.0015634218465970995 0.9998914031801077 0.45474064127539293 -0.1944239170389892 -0.7766500237557068
FixedParameters: 0 0 0
#Transform 46
Transform: MatrixOffsetTransformBase_double_3_3
Parameters: 0.9998886234337552 -0.0035104571980072116 0.014492539765037489 0.003547994795470107 0.9999904616592283 -0.0025095562685918654 -0.014483893143773833 0.0025614351377222667 0.9998923035407863 0.44317741749648576 -0.17274464261141986 -0.7847382448205096
FixedParameters: 0 0 0
#Transform 47
Transform: MatrixOffsetTransformBase_double_3_3
Parameters: 0.9998818686516618 -0.003662482182836734 0.01495664125541153 0.003699473916522252 0.9999897205813704 -0.0024446938484378117 -0.014947699496586236 0.0024993029727501514 0.999884925767062 0.4683559202888574 -0.1710144499970454 -0.811664000572506
FixedParameters: 0 0 0
#Transform 48
Transform: MatrixOffsetTransformBase_double_3_3
Parameters: 0.9998879436157382 -0.004278182487235347 0.014378402220682474 0.0043226949606746685 0.999986466265123 -0.003044842540653867 -0.014365251241084866 0.0031071535101381952 0.999891552701508 0.4913070128338859 -0.16449866008900926 -0.8297762323459423
FixedParameters: 0 0 0
#Transform 49
Transform: MatrixOffsetTransformBase_double_3_3
Parameters: 0.9998816925119783 -0.004461489016784151 0.014710300018569931 0.004498050076079001 0.999986975098593 -0.0024998167557084014 -0.014698873614053263 0.002565195081295298 0.9998888894926996 0.48457291247085266 -0.21529717271130266 -0.8255334392825588
FixedParameters: 0 0 0
#Transform 50
Transform: MatrixOffsetTransformBase_double_3_3
Parameters: 0.9998792208351652 -0.004310305628509855 0.014905571995121642 0.00433597154072073 0.9999887558713988 -0.001699289713400073 -0.014898781360602752 0.0017637140180992595 0.9998874684073574 0.4944769880414981 -0.2105056996810788 -0.802692063451147
FixedParameters: 0 0 0
#Transform 51
Transform: MatrixOffsetTransformBase_double_3_3
Parameters: 0.9998623261804686 -0.004419710714151093 0.01597251390908616 0.004456444261842146 0.999987469250261 -0.002270959434288607 -0.015962297674901007 0.0023420438026682316 0.9998702162934555 0.48472155591412047 -0.20964543067087504 -0.8191736688940523
FixedParameters: 0 0 0
#Transform 52
Transform: MatrixOffsetTransformBase_double_3_3
Parameters: 0.9998692419791833 -0.0038307592557867303 0.015686399143577983 0.003867376533001151 0.9999900948267039 -0.002314443788361373 -0.015677603880680863 0.002375560173907682 0.9998741483612803 0.5089100797735568 -0.1561213623118789 -0.8101961492969778
FixedParameters: 0 0 0
#Transform 53
Transform: MatrixOffsetTransformBase_double_3_3
Parameters: 0.9998743719841621 -0.004941557131069776 0.015073056807992872 0.004976054088117894 0.9999846168328641 -0.002265995974588571 -0.015061454188837376 0.0023410057864588947 0.9998841422413302 0.5033185472162103 -0.20519257739444186 -0.7701733629196639
FixedParameters: 0 0 0
#Transform 54
Transform: MatrixOffsetTransformBase_double_3_3
Parameters: 0.9998763167362628 -0.004602523331276517 0.015015943945169044 0.004625313175332713 0.9999879699272721 -0.001455440930776525 -0.01500934704578276 0.0015245523785257986 0.9998859063427018 0.4967966404970525 -0.1891385239574106 -0.761664420601079
FixedParameters: 0 0 0
#Transform 55
Transform: MatrixOffsetTransformBase_double_3_3
Parameters: 0.9998672358578578 -0.004088012369336582 0.015780752798845783 0.004123458478760295 0.9999886118365976 -0.0021980325844119094 -0.015771680009877415 0.0022629599199603416 0.9998726731043212 0.4805796054902771 -0.17416758594193027 -0.7919437596750782
FixedParameters: 0 0 0
#Transform 56
Transform: MatrixOffsetTransformBase_double_3_3
Parameters: 0.9998504748035696 -0.0036883021370900135 0.01690848031745779 0.0037249161950262486 0.9999909593737792 -0.0021442930270368036 -0.016900609745642177 0.002206712668164093 0.9998550490969546 0.5089085751254885 -0.18781329772262723 -0.867233310792983
FixedParameters: 0 0 0
#Transform 57
Transform: MatrixOffsetTransformBase_double_3_3
Parameters: 0.99986917138723 -0.004476647044033899 0.015548850622825553 0.004507613027309916 0.9999883352051392 -0.001955939697493133 -0.015540177971463565 0.002026061776774497 0.9998769074905907 0.5173351540886273 -0.21239990121853225 -0.786393542995306
FixedParameters: 0 0 0
#Transform 58
Transform: MatrixOffsetTransformBase_double_3_3
Parameters: 0.9998737112633072 -0.004507711099846058 0.015230209038725438 0.004536096498156124 0.9999884799323803 -0.0018478847197543327 -0.015221385233741103 0.0019171192966387033 0.9998821432578315 0.5164135724116363 -0.2201842489967305 -0.7890751906078677
FixedParameters: 0 0 0
#Transform 59
Transform: MatrixOffsetTransformBase_double_3_3
Parameters: 0.9998603726092232 -0.004280342111032383 0.01613319074876484 0.0043180601870736295 0.9999876412494507 -0.002279500263311838 -0.016123550715568244 0.0023484916089411443 0.9998670214264311 0.5000361363343586 -0.21515884501994265 -0.859792065482047
FixedParameters: 0 0 0
#Transform 60
Transform: MatrixOffsetTransformBase_double_3_3
Parameters: 0.9998535841048989 -0.004407339561867254 0.016521937742778655 0.004435504984589688 0.9999890663061772 -0.0016618427987297136 -0.016514112373513194 0.0017351537163692475 0.9998617475743699 0.49854571502446277 -0.2154023922263235 -0.8754626304010671
FixedParameters: 0 0 0
#Transform 61
Transform: MatrixOffsetTransformBase_double_3_3
Parameters: 0.9998636175065678 -0.004542617492285443 0.015897061989721958 0.0045695078421307215 0.9999879727829603 -0.0016253930555935239 -0.015890097916820473 0.0016986006845640996 0.999872119864919 0.5224092425950602 -0.26207338766734267 -0.8115257230048059
FixedParameters: 0 0 0
#Transform 62
Transform: MatrixOffsetTransformBase_double_3_3
Parameters: 0.9998499104037986 -0.004556415183237714 0.016712214407584688 0.004574109701426081 0.9999886043199819 -0.0009986171188495355 -0.016707863906586837 0.001075378286808211 0.9998601551890359 0.5143376976669032 -0.2324501324616648 -0.8233351345352702
FixedParameters: 0 0 0
#Transform 63
Transform: MatrixOffsetTransformBase_double_3_3
Parameters: 0.9998718060717046 -0.004570269344889277 0.015338893940649138 0.004599057116132992 0.9999879172925192 -0.001846443402936531 -0.015330838365718 0.0019175617243177377 0.9998808044619061 0.5632675682228125 -0.21387382904416086 -0.9243974724753485
FixedParameters: 0 0 0
#Transform 64
Transform: MatrixOffsetTransformBase_double_3_3
Parameters: 0.9998548194459006 -0.004148256096948761 0.016551410753059066 0.004173003939460156 0.999989996490638 -0.0014370447900308421 -0.01654533253908974 0.001505949574913153 0.9998624920216018 0.5241115812796124 -0.24160382893450105 -0.8933623624011986
FixedParameters: 0 0 0
#Transform 65
Transform: MatrixOffsetTransformBase_double_3_3
Parameters: 0.999859277672147 -0.004673236373854814 0.016088928880297733 0.0046906052215024835 0.9999883257859122 -0.0010915209152648373 -0.016084488818062112 0.0011664966493547353 0.9998704024047969 0.5289696728249282 -0.28510357858759505 -0.8655313757790353
FixedParameters: 0 0 0
#Transform 66
Transform: MatrixOffsetTransformBase_double_3_3
Parameters: 0.9998496382559402 -0.0037948903694264634 0.016909645627491456 0.003820365107368985 0.999991543130041 -0.001518581025807277 -0.016904025607441732 0.0015824338779847113 0.999856286638612 0.5147200493776865 -0.24539984258727543 -0.9129721659997685
FixedParameters: 0 0 0
#Transform 67
Transform: MatrixOffsetTransformBase_double_3_3
Parameters: 0.9998648040006439 -0.0033756761404603727 0.016117722728567405 0.00340949077159163 0.9999924448236174 -0.002075191218925388 -0.016110693130654358 0.0021298101473326463 0.9998675175526218 0.5152804908472604 -0.19473626903346997 -0.8837597691910517
FixedParameters: 0 0 0
#Transform 68
Transform: MatrixOffsetTransformBase_double_3_3
Parameters: 0.999857262834524 -0.003419785259080622 0.01655370749701432 0.003430501394626 0.9999942282440548 -0.0006272214043599482 -0.016551293556864164 0.0006837811698992904 0.9998631751670395 0.5033885613667053 -0.224637795334516 -0.8556519578541923
FixedParameters: 0 0 0
#Transform 69
Transform: MatrixOffsetTransformBase_double_3_3
Parameters: 0.9998464016212876 -0.003146074732381472 0.017224309264190062 0.0031615638717339503 0.9999945413097131 -0.0009156871159029878 -0.017221482451521768 0.000969325818391458 0.9998510835504686 0.48688791585594515 -0.21879647466157337 -0.8806638067965764
FixedParameters: 0 0 0
#Transform 70
Transform: MatrixOffsetTransformBase_double_3_3
Parameters: 0.9998536474719886 -0.0031751141606776788 0.01680029532960722 0.0031866073480011493 0.9999948034967926 -0.0006425121028836482 -0.016798115781766855 0.000695483974517591 0.999858948790463 0.5188084237426693 -0.20570676438607904 -0.8631504077871881
FixedParameters: 0 0 0
#Transform 71
Transform: MatrixOffsetTransformBase_double_3_3
Parameters: 0.9998659797963366 -0.0038178544139885755 0.015919143389762212 0.0038275866918943773 0.9999923803705084 -0.0006199857426547294 -0.0159172463957495 0.0006810258703709932 0.9998727530611117 0.5370312591475823 -0.20251699796982336 -0.8130195819618962
FixedParameters: 0 0 0
#Transform 72
Transform: MatrixOffsetTransformBase_double_3_3
Parameters: 0.9998547461016182 -0.0039011998015461014 0.01658373956470184 0.003917512779892408 0.9999922717163938 -0.0009110696552715727 -0.016579466747040864 0.0009759169655111149 0.9998616938840068 0.512279570402498 -0.20890355743367195 -0.8896118534170583
FixedParameters: 0 0 0
#Transform 73
Transform: MatrixOffsetTransformBase_double_3_3
Parameters: 0.9998569934170802 -0.002507361019845119 0.016754157666800006 0.0025026972208564463 0.9999969092180078 0.00033901788972455233 -0.0167547091321653 -0.00029699411092416837 0.9998598819325913 0.5078651956144711 -0.16235767323142625 -0.937140242837188
FixedParameters: 0 0 0
#Transform 74
Transform: MatrixOffsetTransformBase_double_3_3
Parameters: 0.9998589347737267 -0.002895391992987466 0.016572766991275766 0.0028921711159393564 0.9999959352976611 0.00018102375981900783 -0.016573664618203466 -0.0001339649829219889 0.9998629498621302 0.5120221404174714 -0.1999016775440623 -0.8142739877581988
FixedParameters: 0 0 0
#Transform 75
Transform: MatrixOffsetTransformBase_double_3_3
Parameters: 0.9998590121439539 -0.0027797168993157623 0.016590752516172137 0.002772072852323276 0.9999963857060228 0.000494127473093531 -0.016591311800696593 -0.0004478777074884621 0.9998621827219639 0.5273616811856527 -0.19387721131344904 -0.8210159175249743
FixedParameters: 0 0 0
#Transform 76
Transform: MatrixOffsetTransformBase_double_3_3
Parameters: 0.9998485387953779 -0.0022237317404621296 0.01724812764306324 0.0022172013628818533 0.9999971958539021 0.00038227580234142904 -0.01724869795803192 -0.0003437198221938548 0.9998510793851881 0.4962527659532725 -0.19888792463146387 -0.9043573141973056
FixedParameters: 0 0 0
#Transform 77
Transform: MatrixOffsetTransformBase_double_3_3
Parameters: 0.999850022169043 -0.0020873291901048357 0.01719313198703978 0.0020808387819985117 0.9999977689666428 0.0003808156297820074 -0.017193603278750275 -0.0003451805997094935 0.999851989646031 0.48412218502650717 -0.1753346225592054 -0.8691799028719558
FixedParameters: 0 0 0
#Transform 78
Transform: MatrixOffsetTransformBase_double_3_3
Parameters: 0.9998541309512871 -0.00204411085164079 0.01693147676149973 0.0020384030748296068 0.9999979508902358 0.00036257636025428114 -0.01693184551298725 -0.00032842704881366844 0.9998569413020347 0.4982446040294093 -0.19360254108779884 -0.8329866619961237
FixedParameters: 0 0 0
#Transform 79
Transform: MatrixOffsetTransformBase_double_3_3
Parameters: 0.9998508241221764 -0.002024104679448012 0.017147910709641757 0.0020204334869309147 0.9999981097397652 0.0002116671010473723 -0.01714867648070617 -0.00017732634087822344 0.9998526387177156 0.49251459499100747 -0.1766722280277122 -0.8719016256671779
FixedParameters: 0 0 0
#Transform 80
Transform: MatrixOffsetTransformBase_double_3_3
Parameters: 0.999851839570069 -0.0018433577592044507 0.017109762610250774 0.001835642348296056 0.9999986218014627 0.0004744671846953121 -0.017110395572245925 -0.00044353622872633173 0.9998537963742192 0.49654357771781577 -0.19166088207173004 -0.9198273504060808
FixedParameters: 0 0 0
#Transform 81
Transform: MatrixOffsetTransformBase_double_3_3
Parameters: 0.99985345561331 -0.0015650442310403904 0.017061253454907374 0.0015622530554843203 0.999998707690336 0.00018266979149580108 -0.017060762653419548 -0.0001563331793201818 0.9998546904578274 0.4942462250093058 -0.21891295919373022 -0.8630330183323451
FixedParameters: 0 0 0
#Transform 82
Transform: MatrixOffsetTransformBase_double_3_3
Parameters: 0.999853773310671 -0.0015967594494681737 0.017019273066369096 0.0015969466704086335 0.9999986313864436 0.000008176012728125341 -0.017019255501691526 0.00001917440415793569 0.9998551418637428 0.5035708412554669 -0.2087840025463521 -0.8972553869987863
FixedParameters: 0 0 0
#Transform 83
Transform: MatrixOffsetTransformBase_double_3_3
Parameters: 0.999852592903896 -0.0022024496125128165 0.01701534759622761 0.0021972350272536556 0.9999973030557803 0.00034844132995616277 -0.017016755519313146 -0.0003105636432535622 0.9998550726901022 0.5106190721896127 -0.1935926893890212 -0.9052621760121013
FixedParameters: 0 0 0
#Transform 84
Transform: MatrixOffsetTransformBase_double_3_3
Parameters: 0.9998490443597087 -0.0017936088040467894 0.017254006610804187 0.0017844033038106144 0.9999987305588268 0.0005428451252175769 -0.01725583131973949 -0.0005121517809712553 0.9998507572481606 0.49537355049952225 -0.19640751384180533 -0.8636230968981451
FixedParameters: 0 0 0
#Transform 85
Transform: MatrixOffsetTransformBase_double_3_3
Parameters: 0.9998527554417614 -0.0020106876844293475 0.017063555315466872 0.0020036696527127047 0.9999980077312937 0.00045725357631172265 -0.017065265921796365 -0.00042275330223055275 0.9998543604787468 0.4932343320823094 -0.1836303002790629 -0.8459992929178597
FixedParameters: 0 0 0
#Transform 86
Transform: MatrixOffsetTransformBase_double_3_3
Parameters: 0.9998546343312359 -0.0014743477473912778 0.017004888375574897 0.0014591666566827783 0.9999981760145493 0.0009289436606401587 -0.017006465466568275 -0.0009040619404168627 0.999854778244369 0.5082404984643745 -0.19030580078465675 -0.8672293491603043
FixedParameters: 0 0 0
#Transform 87
Transform: MatrixOffsetTransformBase_double_3_3
Parameters: 0.9998576593754085 -0.0014225197864188982 0.016801842329724273 0.0014021597261229183 0.9999985778426311 0.0012717636992346975 -0.016803248149644144 -0.0012482510953301966 0.9998579060872966 0.5191002241792404 -0.20042512959425096 -0.8476904807062695
FixedParameters: 0 0 0
#Transform 88
Transform: MatrixOffsetTransformBase_double_3_3
Parameters: 0.9998516499684261 -0.0015111210874423678 0.017176859954607583 0.0014858057057299207 0.9999977857006206 0.0014767162318946757 -0.017179073295580924 -0.001451281436487973 0.9998515773582269 0.5202051476571228 -0.21099474682699793 -0.8707076377718579
FixedParameters: 0 0 0
#Transform 89
Transform: MatrixOffsetTransformBase_double_3_3
Parameters: 0.9998594366502165 -0.0019710134498526497 0.01666349802745079 0.00194277059737315 0.9999964468592707 0.0017326558556220312 -0.01666601415958899 -0.0017003527981882625 0.9998600966126434 0.5389573473165967 -0.21066184689989598 -0.8959631033999287
FixedParameters: 0 0 0
#Transform 90
Transform: MatrixOffsetTransformBase_double_3_3
Parameters: 0.9998629087484329 -0.001990237120595879 0.01646543519565622 0.0019627880056564393 0.9999965851369588 0.001668613246713302 -0.0164687795931254 -0.001636381809137481 0.9998628617276724 0.5332229541250086 -0.2262939040608387 -0.8631407817982293
FixedParameters: 0 0 0
#Transform 91
Transform: MatrixOffsetTransformBase_double_3_3
Parameters: 0.999860779592813 -0.002169996765880764 0.0165380048948786 0.002135051130291752 0.9999952710694472 0.002100659994976154 -0.01654173568950799 -0.002065331637635358 0.9998608301498839 0.532377181764474 -0.2483699514010027 -0.8684619581206405
FixedParameters: 0 0 0
#Transform 92
Transform: MatrixOffsetTransformBase_double_3_3
Parameters: 0.9998500539402511 -0.0014260697799249986 0.017259550253102586 0.0014000119862325148 0.9999979848321359 0.0014903547758271908 -0.017261554432631884 -0.0014666356183092892 0.9998496968678555 0.5443479549408323 -0.19702800410172472 -0.914914550608728
FixedParameters: 0 0 0
#Transform 93
Transform: MatrixOffsetTransformBase_double_3_3
Parameters: 0.9998632119828443 -0.0021738520448162184 0.01637179973758616 0.0021388846104669333 0.9999949017095193 0.002183388193056658 -0.016376890549169146 -0.0021486187480925503 0.9998639264956294 0.557224470040282 -0.2669537001409026 -0.8671720707557569
FixedParameters: 0 0 0
#Transform 94
Transform: MatrixOffsetTransformBase_double_3_3
Parameters: 0.9998618385949161 -0.0016241237284174283 0.016537848042979714 0.001588877012558909 0.9999959574034544 0.0021666259860553382 -0.016541514883904755 -0.0021393766442833863 0.9998606097174386 0.558347856486435 -0.21394361579221766 -0.8526963575639712
FixedParameters: 0 0 0
#Transform 95
Transform: MatrixOffsetTransformBase_double_3_3
Parameters: 0.9998591612202653 -0.0011059705896124916 0.016751298079365862 0.0010819755300688217 0.9999988708854616 0.0014413525004044392 -0.016752263944067845 -0.0014226510262393601 0.999859188791252 0.5706921811083419 -0.1764099622110109 -0.8878551323560586
FixedParameters: 0 0 0
#Transform 96
Transform: MatrixOffsetTransformBase_double_3_3
Parameters: 0.9998645299139333 -0.0019372734676656343 0.01633097981590243 0.0019018610040886568 0.9999958816994575 0.002170432951645487 -0.016335007561219857 -0.0021385641815014553 0.9998643638416768 0.5655422784067952 -0.19525763391189344 -0.8212794557719931
FixedParameters: 0 0 0
#Transform 97
Transform: MatrixOffsetTransformBase_double_3_3
Parameters: 0.9998733022645264 -0.0016105022307250005 0.015814208821992443 0.0015684042439893674 0.9999955773116671 0.0026702774895553576 -0.015818364209974428 -0.002644724743325437 0.9998715994172602 0.5748741105069115 -0.19993658869452702 -0.8239822545346556
FixedParameters: 0 0 0
#Transform 98
Transform: MatrixOffsetTransformBase_double_3_3
Parameters: 0.9998677097925187 -0.001725844382132856 0.01619561882277631 0.0016983930474116183 0.9999973285788968 0.0017248297572980383 -0.01619828268639172 -0.0016971764282760838 0.9998675257683776 0.5600103092449018 -0.1645666423013239 -0.8578191597097984
FixedParameters: 0 0 0
#Transform 99
Transform: MatrixOffsetTransformBase_double_3_3
Parameters: 0.9998699452846173 -0.0014392652634880416 0.016061242412521583 0.0014020836326756898 0.9999965147305961 0.0023819371994151708 -0.016064706093314302 -0.0023590787675126894 0.9998681912292838 0.5716048869627457 -0.19879293932039843 -0.8262045752124791
FixedParameters: 0 0 0
#Transform 100
Transform: MatrixOffsetTransformBase_double_3_3
Parameters: 0.9998626325137415 -0.001743984269249506 0.01647157924404873 0.0017171092917424328 0.9999975282510453 0.001648575748595578 -0.016474048369204203 -0.001620426197969576 0.9998627607091302 0.5667604251556781 -0.19233952912844643 -0.8463504456775084
FixedParameters: 0 0 0
#Transform 101
Transform: MatrixOffsetTransformBase_double_3_3
Parameters: 0.9998556054412834 -0.0016751490983976576 0.016898788663486482 0.0016429014549480707 0.9999968256008968 0.0019140493660398375 -0.016901870093579737 -0.0018859492066988217 0.9998555593159888 0.5562303984032582 -0.1964654988251766 -0.874886024180519
FixedParameters: 0 0 0
#Transform 102
Transform: MatrixOffsetTransformBase_double_3_3
Parameters: 0.9998662968953125 -0.0011142236946977886 0.016292303403651034 0.0010753297115015342 0.9999963543112235 0.002367907858656001 -0.016295203671168944 -0.0023500847812672043 0.9998648120818976 0.5415164383829705 -0.21190429748735085 -0.8219941295279511
FixedParameters: 0 0 0
#Transform 103
Transform: MatrixOffsetTransformBase_double_3_3
Parameters: 0.9998713788035402 -0.001372606747211513 0.015960148330434968 0.001325316021104615 0.9999946011751063 0.0029636467580475374 -0.015963786471503223 -0.0029413509868352885 0.9998683419662233 0.5466466822354334 -0.21663601305327518 -0.848222605706269
FixedParameters: 0 0 0
#Transform 104
Transform: MatrixOffsetTransformBase_double_3_3
Parameters: 0.999868529661249 -0.0019898899112335755 0.016078033493642455 0.0019507286741105333 0.9999955824687435 0.0024137955601981264 -0.016082218553545042 -0.002382195945964059 0.9998674456338901 0.5427738714978858 -0.17560182315642692 -0.8564151784959364
FixedParameters: 0 0 0
#Transform 105
Transform: MatrixOffsetTransformBase_double_3_3
Parameters: 0.9998658018198808 -0.0010688566746744378 0.016371802448912773 0.0010307989371648198 0.9999967577088507 0.0023002512480298862 -0.016374355883870526 -0.0022827405012839303 0.9998635414647669 0.5451865072793396 -0.20375056330755115 -0.839014183115907
FixedParameters: 0 0 0
#Transform 106
Transform: MatrixOffsetTransformBase_double_3_3
Parameters: 0.9998628954201413 -0.0012510887061900975 0.01650778172677479 0.0012074809174139234 0.9999959021183357 0.0026023415290908868 -0.016511861626786205 -0.002581645161961737 0.9998605554650098 0.5519883639524323 -0.1798438931765105 -0.8166372505021826
FixedParameters: 0 0 0
#Transform 107
Transform: MatrixOffsetTransformBase_double_3_3
Parameters: 0.9998622895218643 -0.00174161001673947 0.016512519216030884 0.0017030647301697062 0.9999958618799318 0.002330501514942313 -0.016516234161832427 -0.0023024931902281068 0.9998606945556302 0.5394599773127595 -0.18477082092942965 -0.8926237847897269
FixedParameters: 0 0 0
#Transform 108
Transform: MatrixOffsetTransformBase_double_3_3
Parameters: 0.9998629131478318 -0.0015355709836694658 0.016514203414799426 0.0014941222787217521 0.9999956538068254 0.002507071374336022 -0.016517476874569694 -0.002482926601861961 0.9998608084206904 0.5354881069481934 -0.2066363879270483 -0.8578731114470699
FixedParameters: 0 0 0
#Transform 109
Transform: MatrixOffsetTransformBase_double_3_3
Parameters: 0.9998603754782378 -0.0011901531424447565 0.016678850059208508 0.0011547918507314582 0.9999971771438007 0.0021485927609402626 -0.016681613819524575 -0.002128414769525192 0.9998590513043353 0.5085425845608142 -0.21853346435234755 -0.8983797081769183
FixedParameters: 0 0 0
#Transform 110
Transform: MatrixOffsetTransformBase_double_3_3
Parameters: 0.9999007614325306 -0.000319725425774547 0.014111323572230864 0.0002613305859279513 0.9999919371883059 0.004125409259453998 -0.014112314786513227 -0.004121591060934465 0.9998918159000275 0.4509019008227 -0.2443611859602015 -1.0266592061886186
FixedParameters: 0 0 0
#Transform 111
Transform: MatrixOffsetTransformBase_double_3_3
Parameters: 0.9999197801563954 -0.00048407797627107057 0.012687586628700294 0.0003991089206579516 0.9999775189511066 0.006660035798932723 -0.012690879955495653 -0.006653958755936164 0.9998976253891341 0.39410019015917896 -0.3668053431176759 -0.9963579108253526
FixedParameters: 0 0 0
#Transform 112
Transform: MatrixOffsetTransformBase_double_3_3
Parameters: 0.9998985648368973 -0.0005960087598860048 0.014250294110480196 0.00050502134088144 0.9999795510228331 0.006422145727493361 -0.014253719274073049 -0.0064148624454043665 0.999877614437886 0.44010713554746417 -0.42491051285477965 -0.9969754192458993
FixedParameters: 0 0 0
#Transform 113
Transform: MatrixOffsetTransformBase_double_3_3
Parameters: 0.999889517373198 -0.00005125994830252169 0.014881578081486851 -0.000037468042416674734 0.9999827421826557 0.005937331970538087 -0.014882045588996955 -0.005937662675175366 0.9998712628843224 0.4677084212982976 -0.40088385102410484 -0.9840780530151036
FixedParameters: 0 0 0
#Transform 114
Transform: MatrixOffsetTransformBase_double_3_3
Parameters: 0.9998847555395112 0.00032221395033910094 0.015170284123390013 -0.00040800132695919346 0.9999837574196602 0.005659657822657941 -0.015167548553526958 -0.005665341504146222 0.9998688661055574 0.46531026060398517 -0.3754928472350514 -0.9711935830129406
FixedParameters: 0 0 0
#Transform 115
Transform: MatrixOffsetTransformBase_double_3_3
Parameters: 0.999869379063589 -0.00038500885374934357 0.016169472792347067 0.00029679290451568104 0.9999852352152466 0.005450600410678149 -0.01617157318220029 -0.005445403207892068 0.9998547780974322 0.46097728571663765 -0.3911140798857815 -1.0319005648205177
FixedParameters: 0 0 0
#Transform 116
Transform: MatrixOffsetTransformBase_double_3_3
Parameters: 0.9998646975491254 -0.00022796365642433955 0.01646944028949934 0.00013400505445777515 0.9999834256573007 0.0057070305962296525 -0.016469849437937573 -0.005703967425841271 0.9998481614965035 0.4611291216223634 -0.39258347841882824 -1.0215404533233396
FixedParameters: 0 0 0
#Transform 117
Transform: MatrixOffsetTransformBase_double_3_3
Parameters: 0.9998740740075415 -0.0004961569886857157 0.015863926561811764 0.00040239352414406037 0.9999822105030143 0.0058882423956631465 -0.015866565670352554 -0.005881744374082077 0.9998565921701473 0.4747590955461618 -0.39964403836825113 -1.0082007924032936
FixedParameters: 0 0 0
#Transform 118
Transform: MatrixOffsetTransformBase_double_3_3
Parameters: 0.9998752050313099 -0.0004444659571902807 0.015766669044690863 0.00035771697851001016 0.9999841808072075 0.005543456671323247 -0.015768499527057667 -0.005537552149794542 0.9998606256047559 0.48587107513527883 -0.3846897197789758 -1.036582424600752
FixedParameters: 0 0 0
#Transform 119
Transform: MatrixOffsetTransformBase_double_3_3
Parameters: 0.9998660334572479 -0.0005816203555237614 0.016328100183192605 0.0004953919408178724 0.999986277796133 0.005246861177969888 -0.01633115298073398 -0.005237128915496477 0.9998527945395087 0.4819306489359292 -0.39228346493190713 -1.0323046514117777
FixedParameters: 0 0 0
#Transform 120
Transform: MatrixOffsetTransformBase_double_3_3
Parameters: 0.9998647301427713 -0.0004021100835686259 0.016434237473457597 0.00030938574682508736 0.9999843324050907 0.005621903608893478 -0.01643659342200326 -0.005616093489467946 0.9998492466665485 0.46463472719666754 -0.42057269811481035 -1.0187666866533291
FixedParameters: 0 0 0
#Transform 121
Transform: MatrixOffsetTransformBase_double_3_3
Parameters: 0.9998674228593948 -0.00004027646837370552 0.016295775583710606 -0.0000507472486479691 0.9999841433363713 0.005553978414446647 -0.016296089094696327 -0.005554006199933038 0.9998515812044106 0.46590116413179317 -0.41072172355362113 -1.0155532020869131
FixedParameters: 0 0 0
#Transform 122
Transform: MatrixOffsetTransformBase_double_3_3
Parameters: 0.9998666905561242 -0.0003793133605682231 0.016344543978786704 0.00028993365472748916 0.9999844828900284 0.005519540753553443 -0.016346601206398276 -0.005514471303822233 0.9998513284899377 0.466926592995236 -0.39595232931537794 -1.0607313708316823
FixedParameters: 0 0 0
#Transform 123
Transform: MatrixOffsetTransformBase_double_3_3
Parameters: 0.9998693350516941 -0.0006979895139820376 0.016160415312048402 0.0006046977379138929 0.9999834348214237 0.005767619400051915 -0.016164272797944045 -0.005756377576516155 0.9998524940647974 0.4730094048504583 -0.4300872082924201 -1.0556198216157142
FixedParameters: 0 0 0
#Transform 124
Transform: MatrixOffsetTransformBase_double_3_3
Parameters: 0.9998618144052025 -0.00043582224743270886 0.016642867769886608 0.00034359497048170744 0.9999845989844396 0.0055065120786080834 -0.01664452234551884 -0.005500479045403424 0.999846633788314 0.4683463288317853 -0.43009762074781577 -1.0271881457046774
FixedParameters: 0 0 0
#Transform 125
Transform: MatrixOffsetTransformBase_double_3_3
Parameters: 0.9998620445996718 -0.0003225366456845552 0.016608243322430324 0.00022836968040415389 0.9999835206672704 0.005696613244382255 -0.016609717259230147 -0.005691389046355477 0.9998456756481803 0.47524731891643057 -0.4232397934793113 -1.0758952445127719
FixedParameters: 0 0 0
#Transform 126
Transform: MatrixOffsetTransformBase_double_3_3
Parameters: 0.9998533243608487 -0.000704792626436234 0.01709274941670154 0.0006179154702443887 0.9999870724257627 0.005061284250067109 -0.017095836591687404 -0.005049709256830753 0.9998411317402727 0.4648715390249123 -0.3930421662778656 -1.0110805154277358
FixedParameters: 0 0 0
#Transform 127
Transform: MatrixOffsetTransformBase_double_3_3
Parameters: 0.9998633876915529 -0.0003293868970204065 0.01650715255990806 0.00023512331688087238 0.9999834383683504 0.005703703454849703 -0.016508715134565078 -0.0056992964075033865 0.9998479301600087 0.4689632655658329 -0.41964398895413524 -1.0247930989769642
FixedParameters: 0 0 0
#Transform 128
Transform: MatrixOffsetTransformBase_double_3_3
Parameters: 0.9998663848014333 -0.00039856505024321896 0.016323270259857286 0.0003073806171588451 0.9999844353400326 0.0056128386244839595 -0.016324588670324096 -0.005607170579258136 0.9998510005186264 0.4681180324929102 -0.4271838728108861 -1.134720236402842
FixedParameters: 0 0 0
#Transform 129
Transform: MatrixOffsetTransformBase_double_3_3
Parameters: 0.9998643078522125 -0.0008261131563678319 0.0164619960669962 0.000735805629582211 0.9999845010714782 0.005480909488206708 -0.01646591921341999 -0.00546808999539369 0.9998498619624269 0.4397568945480259 -0.4331301475153424 -1.0677092626608484
FixedParameters: 0 0 0
#Transform 130
Transform: MatrixOffsetTransformBase_double_3_3
Parameters: 0.9998620904665606 -0.0007672092766137657 0.016622610753994647 0.0006719480011376075 0.9999838263122748 0.005727004197664564 -0.0166261816790534 -0.005715003073975931 0.9998457993630618 0.46889722288653957 -0.44216427363859623 -1.0698841368680618
FixedParameters: 0 0 0
#Transform 131
Transform: MatrixOffsetTransformBase_double_3_3
Parameters: 0.9998593237873968 -0.0012818997559927259 0.01673372936868497 0.001180863291027941 0.9999812169952345 0.006043640502227444 -0.01674088466898831 -0.0060233561552378865 0.9998412947780159 0.48452598929674195 -0.4341082270453569 -1.1591170902385173
FixedParameters: 0 0 0
#Transform 132
Transform: MatrixOffsetTransformBase_double_3_3
Parameters: 0.9998573422801725 -0.0013188373761616125 0.016849354366095453 0.0012335193949734307 0.99998599117944 0.005062514929559762 -0.016855655357293706 -0.00504047868603082 0.9998453118582263 0.47380578486433933 -0.4286968126129267 -1.0466009144558868
FixedParameters: 0 0 0
#Transform 133
Transform: MatrixOffsetTransformBase_double_3_3
Parameters: 0.9998605653177786 -0.0011765930972125651 0.01664432415021659 0.001079905483599879 0.9999823777828325 0.005794814480510386 -0.01665071007258982 -0.005776171580116419 0.9998442383747983 0.46143324682539344 -0.43565432257550185 -1.0289389421843893
FixedParameters: 0 0 0
#Transform 134
Transform: MatrixOffsetTransformBase_double_3_3
Parameters: 0.9998645782303215 -0.0005572951033969591 0.016465288928900992 0.00046465394125584365 0.999984370347907 0.005609469063386158 -0.016467375658262673 -0.005601524351614207 0.9998483599007095 0.4438308276875915 -0.41758553700621803 -1.1044021866791809
FixedParameters: 0 0 0
#Transform 135
Transform: MatrixOffsetTransformBase_double_3_3
Parameters: 0.9998644408108255 -0.0012302972471593626 0.016402273937012997 0.0011298344398857044 0.9999800616228801 0.006147422170632099 -0.0164090565784438 -0.006128582880671239 0.9998470232624862 0.41024606201365543 -0.4209181047701236 -1.1720524236771084
FixedParameters: 0 0 0
#Transform 136
Transform: MatrixOffsetTransformBase_double_3_3
Parameters: 0.9998603194154462 -0.0010503000287696127 0.016660070910388368 0.0009564073940380649 0.9999833321021314 0.005644750085877948 -0.016665726471348702 -0.005628249226228625 0.9998454421207538 0.4231552998431738 -0.46593020649989114 -1.081660090468958
FixedParameters: 0 0 0
#Transform 137
Transform: MatrixOffsetTransformBase_double_3_3
Parameters: 0.9998441127175234 -0.0015236961047000687 0.017593767683584595 0.0014190781369702121 0.9999815556269828 0.005966827070312457 -0.01760255621810956 -0.005940182989935465 0.9998276625505855 0.4356226450343428 -0.46662650953327045 -1.2245858379145815
FixedParameters: 0 0 0
#Transform 138
Transform: MatrixOffsetTransformBase_double_3_3
Parameters: 0.999835143401042 -0.002607482651672986 0.01794506901331236 0.002526281201089314 0.9999858295619506 0.004593980367229963 -0.017956958346295366 -0.004548031707343412 0.9998285220477224 0.4087620603657314 -0.4520036946396857 -1.265572480718923
FixedParameters: 0 0 0
#Transform 139
Transform: MatrixOffsetTransformBase_double_3_3
Parameters: 0.999847732647826 -0.0018161548625380758 0.017347834780327073 0.0017332153691789066 0.9999872144668656 0.004794758312180802 -0.017356221120894147 -0.004764242080827524 0.9998378272021591 0.39556761152184094 -0.4313336075935723 -1.1421682278247047
FixedParameters: 0 0 0
#Transform 140
Transform: MatrixOffsetTransformBase_double_3_3
Parameters: 0.9998380691235538 -0.0021339556283959684 0.01787026062273125 0.002058736795083038 0.9999892224861707 0.004218373778332867 -0.01787934800915585 -0.004181626461076789 0.9998315636237969 0.38394467363866625 -0.47457190731292087 -1.2912378715136228
FixedParameters: 0 0 0
#Transform 141
Transform: MatrixOffsetTransformBase_double_3_3
Parameters: 0.9998304403007748 -0.0017577520464950494 0.018314927410936432 0.00168609752258158 0.9999908814509655 0.003935383906041899 -0.018321924285679258 -0.003903621226414802 0.9998248311504231 0.35994287382079904 -0.445008132744249 -1.33022847803187
FixedParameters: 0 0 0
#Transform 142
Transform: MatrixOffsetTransformBase_double_3_3
Parameters: 0.9998236269048372 -0.0015379517373036306 0.0187075606084999 0.0014543806844463717 0.9999886723568852 0.004516788185112141 -0.01871444306812074 -0.0044892203642959636 0.9998143967131848 0.3533701702150154 -0.49231989708640356 -1.3209452676001021
FixedParameters: 0 0 0
#Transform 143
Transform: MatrixOffsetTransformBase_double_3_3
Parameters: 0.9998248222095789 -0.0018808722238146047 0.018644304474719302 0.001803594694250295 0.9999899604946012 0.004125147100130082 -0.01865191124023676 -0.004090844831200593 0.999818107314289 0.36394954749526676 -0.4675499296098877 -1.398266442975185
FixedParameters: 0 0 0
#Transform 144
Transform: MatrixOffsetTransformBase_double_3_3
Parameters: 0.999814895634476 -0.002243803622310829 0.01910604215649029 0.00215315217968074 0.9999861359565597 0.004744752874908342 -0.019116187312123244 -0.004703237241127443 0.9998061229937107 0.3462665635391886 -0.5050379336859265 -1.3300489491322836
FixedParameters: 0 0 0
#Transform 145
Transform: MatrixOffsetTransformBase_double_3_3
Parameters: 0.9998400441316975 -0.0018214010159066565 0.017765311036446352 0.0017417797293915636 0.9999881291151685 0.004477561017878363 -0.01777365818595494 -0.0044454288689991135 0.9998321017243359 0.36694400933602367 -0.49507740735096206 -1.2814637748920958
FixedParameters: 0 0 0
#Transform 146
Transform: MatrixOffsetTransformBase_double_3_3
Parameters: 0.9998225562784924 -0.002109638868567502 0.018734186721225298 0.002027097244870578 0.9999884871753042 0.004434554616807095 -0.018742872914115218 -0.004395456918706724 0.9998150809480133 0.3400375427969209 -0.4881155582285146 -1.3263798536968707
FixedParameters: 0 0 0
#Transform 147
Transform: MatrixOffsetTransformBase_double_3_3
Parameters: 0.9998247382288965 -0.0020376308305910303 0.018603147804581784 0.0019472692539464294 0.9999865465780277 0.004889890284298844 -0.018612925029617155 -0.00485211627528154 0.9998147339001758 0.34146250591751937 -0.4602402152323748 -1.3313581739682832
FixedParameters: 0 0 0
#Transform 148
Transform: MatrixOffsetTransformBase_double_3_3
Parameters: 0.9998354169688938 -0.002039828508858549 0.018010751172510126 0.0019488036682623903 0.99998576080578 0.005067817711777509 -0.01802125851485669 -0.005031182716628933 0.9998246567464435 0.34903978461281326 -0.48834461180894095 -1.2797288341173072
FixedParameters: 0 0 0
#Transform 149
Transform: MatrixOffsetTransformBase_double_3_3
Parameters: 0.9998334873702639 -0.002139939037289536 0.018107880625974924 0.0020510544274561456 0.9999860393454421 0.004899825276255798 -0.01811872248942136 -0.004861164077455965 0.99982380527235 0.321946712734956 -0.4870878278878479 -1.2894763874266033
FixedParameters: 0 0 0
#Transform 150
Transform: MatrixOffsetTransformBase_double_3_3
Parameters: 0.9998257986583653 -0.0020736849217078057 0.01854355392632448 0.001981394575232503 0.9999854828825793 0.004984419022606116 -0.018554049261419202 -0.004946579207897407 0.9998159988071665 0.3091640712942336 -0.4569485808664808 -1.36246975575461
FixedParameters: 0 0 0
#Transform 151
Transform: MatrixOffsetTransformBase_double_3_3
Parameters: 0.9998293769896245 -0.0020465928335380943 0.01834161165530015 0.001952663200737475 0.9999853157542176 0.005110526948832222 -0.01835132872229871 -0.0050734623243786775 0.9998181996098346 0.31642821861646553 -0.49884478397686394 -1.3320720079042232
FixedParameters: 0 0 0
#Transform 152
Transform: MatrixOffsetTransformBase_double_3_3
Parameters: 0.9998386015868185 -0.0018175875261291403 0.017890143971403934 0.0017243483472422802 0.9999847235110352 0.0052455882014387275 -0.017900012139064777 -0.005213416497685935 0.999826177914235 0.3272785216367424 -0.4962983825413545 -1.276624312190819
FixedParameters: 0 0 0
#Transform 153
Transform: MatrixOffsetTransformBase_double_3_3
Parameters: 0.9998258346615122 -0.0026172831444111755 0.018500703857676166 0.0025302408897526323 0.9999856101634329 0.004723459784184172 -0.018513289806283886 -0.004675540937053748 0.9998180497941951 0.328879788384711 -0.4736245397023424 -1.4020676061749597
FixedParameters: 0 0 0
#Transform 154
Transform: MatrixOffsetTransformBase_double_3_3
Parameters: 0.99982069019629 -0.002452651427671362 0.018795243333606576 0.0023689715134571836 0.9999868649893511 0.004453104546747028 -0.018806028343514882 -0.004407885602984539 0.9998135628706283 0.3166529293267928 -0.4757167567534708 -1.3492321243915697
FixedParameters: 0 0 0
#Transform 155
Transform: MatrixOffsetTransformBase_double_3_3
Parameters: 0.999814528699939 -0.0020990709297322393 0.01915820363902747 0.002003600628145778 0.9999848609147427 0.005039045905750202 -0.019168122104850194 -0.00499996950691197 0.9998042719501148 0.2864975358997697 -0.49655512668587676 -1.318604789511177
FixedParameters: 0 0 0
#Transform 156
Transform: MatrixOffsetTransformBase_double_3_3
Parameters: 0.9998137919671515 -0.002571840726873351 0.019119595760191677 0.0024853216314139675 0.9999861399289313 0.004584110591286733 -0.019131044619760354 -0.0045359039407347704 0.9998070606857713 0.31517366044720063 -0.48910315485420597 -1.4090348999024442
FixedParameters: 0 0 0
#Transform 157
Transform: MatrixOffsetTransformBase_double_3_3
Parameters: 0.999808666133163 -0.003108445733622346 0.019303676032315965 0.0030293065855559256 0.9999870212211912 0.004148001376509444 -0.019316395651271037 -0.0040880048175127555 0.9998047256529272 0.3004696966835354 -0.492934906218494 -1.3873797717942296
FixedParameters: 0 0 0
#Transform 158
Transform: MatrixOffsetTransformBase_double_3_3
Parameters: 0.9998099370983587 -0.002941283154847313 0.019245345905982193 0.002846663928111701 0.9999837793173529 0.004949456362218459 -0.019259171302051313 -0.0048935499630289 0.9998027105406161 0.30512383143567945 -0.5049947120587746 -1.3488224906966266
FixedParameters: 0 0 0
#Transform 159
Transform: MatrixOffsetTransformBase_double_3_3
Parameters: 0.9998083914485445 -0.0023554541270274514 0.019442589342588138 0.0022532068959513867 0.9999831738950019 0.005296517377575229 -0.019455179137024898 -0.005251481604631964 0.999796581684577 0.28171542350763445 -0.48223703446467425 -1.3648360670341617
FixedParameters: 0 0 0
#Transform 160
Transform: MatrixOffsetTransformBase_double_3_3
Parameters: 0.9998079104876306 -0.0029857041871604855 0.019368402413153747 0.002893959833728868 0.999984527846215 0.004741678891569026 -0.019382481113865445 -0.004684309898182661 0.9998009534434364 0.300282590792861 -0.5015121452816231 -1.4017749271873186
FixedParameters: 0 0 0
#Transform 161
Transform: MatrixOffsetTransformBase_double_3_3
Parameters: 0.9998126650296066 -0.0024571117035312403 0.019189910253635593 0.002379017376791031 0.9999885252859838 0.004139158986942401 -0.01920025944815571 -0.004092856815686591 0.9998072534518248 0.27899988238520734 -0.4994774202750989 -1.337845924335781
FixedParameters: 0 0 0
#Transform 162
Transform: MatrixOffsetTransformBase_double_3_3
Parameters: 0.9998192484075131 -0.002874471834180484 0.0188004977474189 0.002777275849453961 0.9999827551577268 0.005185942522119134 -0.018814983917983606 -0.00513306013533949 0.9998102471859408 0.21299877289021651 -0.5205577676671282 -1.529231249675135
FixedParameters: 0 0 0
#Transform 163
Transform: MatrixOffsetTransformBase_double_3_3
Parameters: 0.9998202995154467 -0.0032394899864845337 0.01865902828601008 0.0031553069283086184 0.9999849189576736 0.004531505448684855 -0.01867423426148108 -0.004472492806768513 0.999815840716958 0.18399628205740726 -0.5299818073905698 -1.5249437806632287
FixedParameters: 0 0 0
#Transform 164
Transform: MatrixOffsetTransformBase_double_3_3
Parameters: 0.9998020745461605 -0.00360344844586407 0.019542274849230774 0.0035176933960792984 0.9999845280593624 0.004424330332038574 -0.01955793632510029 -0.00435467325755184 0.9997990070599253 0.2163166726746084 -0.5857258956632165 -1.4502332907808508
FixedParameters: 0 0 0
#Transform 165
Transform: MatrixOffsetTransformBase_double_3_3
Parameters: 0.9997925644645693 -0.0034850397364736187 0.020056028159495056 0.00339925835524613 0.9999853173499916 0.004312706261082431 -0.020070882349117886 -0.004243298591497464 0.9997896405657227 0.2117033753976898 -0.5897530096610808 -1.4825104674827898
FixedParameters: 0 0 0
#Transform 166
Transform: MatrixOffsetTransformBase_double_3_3
Parameters: 0.9997983001576559 -0.003950403014899594 0.01969919970528504 0.003857958557281473 0.9999811797380509 0.0047396467690523575 -0.019717261927737036 -0.004662359044947433 0.9997949168848836 0.2266683141585304 -0.5621290006653226 -1.4934216505652955
FixedParameters: 0 0 0
#Transform 167
Transform: MatrixOffsetTransformBase_double_3_3
Parameters: 0.9998042245893065 -0.003083447534592097 0.019525263002547553 0.002984433106201067 0.99998253933518 0.005094964421409828 -0.01954031225905397 -0.005036034860961504 0.9997963613338707 0.21806306660835162 -0.5804140881074318 -1.4919953287627195
FixedParameters: 0 0 0
#Transform 168
Transform: MatrixOffsetTransformBase_double_3_3
Parameters: 0.9998064035069589 -0.003218066703365848 0.019395842123184234 0.0031150221627566656 0.9999809649419459 0.005362174802022943 -0.019412884845486506 -0.005300835779145238 0.999797582824932 0.22222566403124233 -0.5652616137723214 -1.5120912978671086
FixedParameters: 0 0 0
#Transform 169
Transform: MatrixOffsetTransformBase_double_3_3
Parameters: 0.999806983539223 -0.003156786508539058 0.019390773750090046 0.0030542286352796344 0.9999810035107513 0.005298960853843178 -0.019407791224847402 -0.005239022515000022 0.9997974496501055 0.21413440232214498 -0.5277190204531053 -1.4452159458605607
FixedParameters: 0 0 0
#Transform 170
Transform: MatrixOffsetTransformBase_double_3_3
Parameters: 0.9998055151878418 -0.0035197467483282087 0.01941809305887496 0.003427667009280752 0.9999829770274332 0.004768212187971105 -0.01943434707490302 -0.0047007850871493015 0.9997997025759651 0.22234163697046938 -0.542196849358092 -1.4402506023356452
FixedParameters: 0 0 0
#Transform 171
Transform: MatrixOffsetTransformBase_double_3_3
Parameters: 0.9997918889560656 -0.003612294941877954 0.02007540920816934 0.0035073191870283902 0.9999805296412101 0.005259143540735956 -0.020093870032597706 -0.005187862758010323 0.9997847833280239 0.21332298229387447 -0.5398016938160168 -1.5642591811364568
FixedParameters: 0 0 0
#Transform 172
Transform: MatrixOffsetTransformBase_double_3_3
Parameters: 0.9997969797158105 -0.003729210697426993 0.019801150803666366 0.0036325598080172504 0.9999810915745183 0.004920598469153037 -0.019818432832781008 -0.004847407595718393 0.9997921760722922 0.20484387194952092 -0.574985650826676 -1.4631709694130706
FixedParameters: 0 0 0
#Transform 173
Transform: MatrixOffsetTransformBase_double_3_3
Parameters: 0.9997975087193314 -0.0034592041758927704 0.019811067496853168 0.003354699552620683 0.9999799572904701 0.005315197219984066 -0.019829326411723573 -0.005247804081817353 0.9997897569063136 0.1964726819275171 -0.5531685555533414 -1.4087255775286849
FixedParameters: 0 0 0
#Transform 174
Transform: MatrixOffsetTransformBase_double_3_3
Parameters: 0.9998029133745725 -0.003387850543768973 0.01958507105523459 0.003278909308269412 0.9999794472286144 0.005590022656566553 -0.019603364976836693 -0.005524983749684165 0.9997926879188963 0.185485415507614 -0.5385689379705383 -1.398981454072782
FixedParameters: 0 0 0
#Transform 175
Transform: MatrixOffsetTransformBase_double_3_3
Parameters: 0.9998040756217935 -0.003130584200049885 0.019547397196694988 0.0030226059825273883 0.9999804835165784 0.00554887194833304 -0.01956360362480853 -0.005488135868961501 0.9997936779456984 0.19450410249933725 -0.5309540404846445 -1.5132116262291149
FixedParameters: 0 0 0
#Transform 176
Transform: MatrixOffsetTransformBase_double_3_3
Parameters: 0.9997986952930743 -0.0033287309421945774 0.019778421519982232 0.0032167114382066933 0.9999784416243098 0.005714438098778199 -0.019796828336076842 -0.005649565944453247 0.9997876763817091 0.18764629165256963 -0.554392649889607 -1.4973671126275363
FixedParameters: 0 0 0
#Transform 177
Transform: MatrixOffsetTransformBase_double_3_3
Parameters: 0.9998059405805113 -0.0032039549875451426 0.019435838762568283 0.0030857133562363507 0.9999766750057952 0.006100869249923454 -0.019455200877215095 -0.006040127704817797 0.9997925558227143 0.17111684455340992 -0.5511992490382909 -1.463331539763871
FixedParameters: 0 0 0
#Transform 178
Transform: MatrixOffsetTransformBase_double_3_3
Parameters: 0.9998140835701812 -0.0031747284424933566 0.019020914414103533 0.0030641304377847073 0.9999778163671555 0.00584813246631141 -0.019039444387963646 -0.005788859521721161 0.9998015504960484 0.1754385679546857 -0.5698673888227717 -1.5756635663347751
FixedParameters: 0 0 0
#Transform 179
Transform: MatrixOffsetTransformBase_double_3_3
Parameters: 0.9997912214091772 -0.003806877940238926 0.020080818076872682 0.0036898485877698553 0.9999763052718879 0.00588196579644962 -0.020102814351463445 -0.005807041529018274 0.9997805920148154 0.15308230347156382 -0.5774419776028168 -1.5570167625749747
FixedParameters: 0 0 0
#Transform 180
Transform: MatrixOffsetTransformBase_double_3_3
Parameters: 0.9997948528512941 -0.003746144455318137 0.019926952246073968 0.003637408825972072 0.9999780976880079 0.0054932659229789465 -0.019946484559124376 -0.005419733739140794 0.9997862018158916 0.17593321307060705 -0.5804986092197311 -1.500049222552427
FixedParameters: 0 0 0
#Transform 181
Transform: MatrixOffsetTransformBase_double_3_3
Parameters: 0.999807770266219 -0.003975725778367393 0.019219224276403463 0.003860964454188743 0.9999748333109346 0.005981118007344766 -0.01924300732495782 -0.005904871971641133 0.9997972910895474 0.17880064830420395 -0.581447115914429 -1.650043689634444
FixedParameters: 0 0 0
#Transform 182
Transform: MatrixOffsetTransformBase_double_3_3
Parameters: 0.9998067372777087 -0.003992255947156558 0.019243068201277573 0.003862798939216662 0.9999697731873063 0.00676939712515303 -0.019269043303883484 -0.0066936155693700355 0.9997923280414349 0.16061379639147333 -0.5746053290800148 -1.7756166843724515
FixedParameters: 0 0 0
#Transform 183
Transform: MatrixOffsetTransformBase_double_3_3
Parameters: 0.9997930877824972 -0.004639961946583075 0.019782500864324124 0.004503695487012213 0.9999661728668775 0.00694023304182555 -0.019813597969298966 -0.006849773970295654 0.9997798218707793 0.13595206317584996 -0.6374329659365117 -1.6304567956409528
FixedParameters: 0 0 0
#Transform 184
Transform: MatrixOffsetTransformBase_double_3_3
Parameters: 0.9997801050391744 -0.004291754233001749 0.020528924609947506 0.004152286815760244 0.9999679031968688 0.006815322201659122 -0.020557144874707053 -0.006728675069412238 0.9997664707532073 0.15058117284077355 -0.6369955924776747 -1.571356681910217
FixedParameters: 0 0 0
#Transform 185
Transform: MatrixOffsetTransformBase_double_3_3
Parameters: 0.9997918338715711 -0.005001760961266308 0.019801571628573756 0.0048701907074037805 0.9999658314956402 0.006717551307394896 -0.019834482633856076 -0.006619459895220585 0.9997810542512382 0.1591655458649086 -0.6510520939510798 -1.6532075210530337
FixedParameters: 0 0 0
#Transform 186
Transform: MatrixOffsetTransformBase_double_3_3
Parameters: 0.999785296627961 -0.005051119620742214 0.020103568554777122 0.004940017258502613 0.9999725913705185 0.005540173690344153 -0.020130658875077985 -0.005439815040528433 0.9997824181886337 0.1710117477189641 -0.6138836954777105 -1.729723177200917
FixedParameters: 0 0 0
#Transform 187
Transform: MatrixOffsetTransformBase_double_3_3
Parameters: 0.9997752543747692 -0.0051957844438341285 0.02053522677790422 0.005060426533498123 0.9999646048842269 0.006672021580745825 -0.020569170530786218 -0.006566990328519078 0.9997670030582958 0.14527014539632432 -0.6273186998460574 -1.6365358070831277
FixedParameters: 0 0 0
#Transform 188
Transform: MatrixOffsetTransformBase_double_3_3
Parameters: 0.999773241521966 -0.004507708415850603 0.020793716175855473 0.004371052739353306 0.9999684416346836 0.006639946811384535 -0.020823307271104704 -0.006548065486913249 0.9997618273442667 0.15208645703852142 -0.5979637866784628 -1.621060539640041
FixedParameters: 0 0 0
#Transform 189
Transform: MatrixOffsetTransformBase_double_3_3
Parameters: 0.9997894329030251 -0.0042421600031416875 0.020088039230244582 0.004113708891892922 0.9999711722108304 0.006440645247918664 -0.020114610509081976 -0.006356362567147682 0.9997773695689164 0.15868286866873405 -0.6083219712665482 -1.6490528350286056
FixedParameters: 0 0 0
#Transform 190
Transform: MatrixOffsetTransformBase_double_3_3
Parameters: 0.9997870665817138 -0.004477835242498884 0.020145584467000637 0.00435683996191312 0.9999721265793249 0.006041701032401256 -0.020171728054424742 -0.005952299484495439 0.999779003674528 0.16522537175031005 -0.5809562873920271 -1.6796211363805824
FixedParameters: 0 0 0
#Transform 191
Transform: MatrixOffsetTransformBase_double_3_3
Parameters: 0.9997673268287375 -0.0045183643891253955 0.021099703743177673 0.004379665188249523 0.999968672503617 0.006617460803057001 -0.021129205967926088 -0.006523538910480336 0.9997553004012314 0.15213192598309888 -0.5866047436031607 -1.5889211959560114
FixedParameters: 0 0 0
#Transform 192
Transform: MatrixOffsetTransformBase_double_3_3
Parameters: 0.9997757646339316 -0.004592132324541527 0.020690484745897676 0.004465183376007526 0.9999712884471721 0.00619835562187116 -0.020718314673854786 -0.006104660023826151 0.9997667849691574 0.14535786810225204 -0.5782051016956871 -1.55137137585276
FixedParameters: 0 0 0
#Transform 193
Transform: MatrixOffsetTransformBase_double_3_3
Parameters: 0.9997780523064448 -0.004832460256001586 0.02048295967774571 0.004699973057848326 0.9999674039346195 0.006494309006041896 -0.020513487630057687 -0.0063966844555341995 0.9997695494083508 0.15251425620186865 -0.5530855725777286 -1.6271858273801527
FixedParameters: 0 0 0
#Transform 194
Transform: MatrixOffsetTransformBase_double_3_3
Parameters: 0.9997738861928825 -0.005173679366377964 0.0206229141722517 0.005051713934167196 0.9999694216395618 0.005982133884114966 -0.02065269001110406 -0.005875874825644287 0.9997691498544513 0.15564141587861968 -0.5540115901742411 -1.4924138605478205
FixedParameters: 0 0 0
#Transform 195
Transform: MatrixOffsetTransformBase_double_3_3
Parameters: 0.9997757126995233 -0.005220738765679349 0.020542335442140743 0.005094550399016903 0.9999675734475831 0.00618064999038532 -0.020573671187214034 -0.0060743448346723085 0.9997700376306202 0.12343494137070365 -0.5627300853768276 -1.480840112633885
FixedParameters: 0 0 0
#Transform 196
Transform: MatrixOffsetTransformBase_double_3_3
Parameters: 0.9997861357035854 -0.0044590900024718385 0.0201729440156183 0.004323988222310275 0.9999676409199855 0.0067282987913565 -0.020201715272540787 -0.006639699160077941 0.9997741325507294 0.12654931783886525 -0.5580944344457066 -1.5621433959961237
FixedParameters: 0 0 0
#Transform 197
Transform: MatrixOffsetTransformBase_double_3_3
Parameters: 0.9997704253280406 -0.0049019595323595636 0.02086867011519902 0.004769889449399941 0.9999684090759805 0.006366558880953868 -0.020898849118052735 -0.006266443871587855 0.9997622099252202 0.11766728937453763 -0.5360182702188041 -1.5256876501153016
FixedParameters: 0 0 0
#Transform 198
Transform: MatrixOffsetTransformBase_double_3_3
Parameters: 0.9997756128793053 -0.0052824817601745235 0.020529006495087765 0.005162614657794811 0.9999694410685949 0.005885923354670818 -0.02055909266787006 -0.005778081174450227 0.9997721391145861 0.12637605154803566 -0.4939604155950974 -1.4126567829836105
FixedParameters: 0 0 0
#Transform 199
Transform: MatrixOffsetTransformBase_double_3_3
Parameters: 0.9997691600583382 -0.005132377975968932 0.020867111135054923 0.004993463824387548 0.9999652164748019 0.006676302121006564 -0.020901225468281832 -0.006570685747993769 0.9997601910649756 0.10974974830958217 -0.5161886575029371 -1.4347082610133413
FixedParameters: 0 0 0
#Transform 200
Transform: MatrixOffsetTransformBase_double_3_3
Parameters: 0.9997922013189896 -0.005232024171279476 0.01968219745432253 0.005111247166147428 0.9999676698376403 0.006156607637289581 -0.019713518438069108 -0.00605437556964384 0.9997869688964522 0.12667622597257377 -0.49001316887317614 -1.5768629439256543
FixedParameters: 0 0 0
#Transform 201
Transform: MatrixOffsetTransformBase_double_3_3
Parameters: 0.9997686799263922 -0.005030159894053023 0.020904006052894938 0.00489817692631557 0.9999683300336196 0.006355421122739102 -0.020934676392571083 -0.00625158113281033 0.9997608716787895 0.12962236079690115 -0.5273596778362446 -1.5280528562061306
FixedParameters: 0 0 0
#Transform 202
Transform: MatrixOffsetTransformBase_double_3_3
Parameters: 0.9997721802086414 -0.005071992453865891 0.02071343423067843 0.00493768794800987 0.9999662324763922 0.00656535135107926 -0.02074569177022706 -0.006461667676832995 0.9997640856942528 0.12163876354222225 -0.527100282204799 -1.455273640961643
FixedParameters: 0 0 0
#Transform 203
Transform: MatrixOffsetTransformBase_double_3_3
Parameters: 0.9997663965496401 -0.004682423048015785 0.021109763134868127 0.004549763802075841 0.9999698878055279 0.006331039812353706 -0.02113884386061405 -0.006233970427379856 0.9997575590592034 0.14412722913645837 -0.536846711266719 -1.4738614933291174
FixedParameters: 0 0 0
#Transform 204
Transform: MatrixOffsetTransformBase_double_3_3
Parameters: 0.9997611806904585 -0.004911462592555352 0.021275628122420176 0.004781058407716055 0.9999701761959087 0.0061376836120586 -0.021304729275338063 -0.006035307760531443 0.9997549040634451 0.12053772704294374 -0.5487223343152294 -1.570573397112824
FixedParameters: 0 0 0
#Transform 205
Transform: MatrixOffsetTransformBase_double_3_3
Parameters: 0.9997645960097439 -0.005349335293743897 0.0210413543708195 0.005226919892875284 0.9999691752858207 0.005853905578414208 -0.021071832253323187 -0.005742085051169338 0.9997611786806274 0.14837753970137157 -0.526527375717464 -1.5159559229593427
FixedParameters: 0 0 0
#Transform 206
Transform: MatrixOffsetTransformBase_double_3_3
Parameters: 0.999768783885452 -0.005137601432680073 0.020875399284819858 0.00500535870484273 0.9999667870034005 0.006394524581384852 -0.020906806242243565 -0.006289480580811996 0.9997615448161625 0.154841246046459 -0.5136500290770272 -1.4052908334723355
FixedParameters: 0 0 0
#Transform 207
Transform: MatrixOffsetTransformBase_double_3_3
Parameters: 0.9997662324202706 -0.00569701769871348 0.02086294659307138 0.00557978237130587 0.9999686141061721 0.00566232186551996 -0.02089432794185961 -0.005544671397662196 0.9997658120898786 0.1631686084175925 -0.5236547950696888 -1.5737949691942816
FixedParameters: 0 0 0
#Transform 208
Transform: MatrixOffsetTransformBase_double_3_3
Parameters: 0.9997493372779096 -0.005932785124429236 0.021573262464891232 0.005804942943879447 0.9999653877189264 0.00598221697322681 -0.021607848814566268 -0.005854790554464021 0.9997498828467227 0.15322516211715254 -0.5050218886147917 -1.491113972856951
FixedParameters: 0 0 0
#Transform 209
Transform: MatrixOffsetTransformBase_double_3_3
Parameters: 0.9997571215003608 -0.006069070139838581 0.021189425332212505 0.0059323437378330035 0.9999613061772075 0.0065098346564756646 -0.021227841183276367 -0.006382173518935411 0.9997547024795481 0.16637153875761612 -0.5337240357999917 -1.4160756115564936
FixedParameters: 0 0 0
#Transform 210
Transform: MatrixOffsetTransformBase_double_3_3
Parameters: 0.9997526747567712 -0.005670878623768734 0.021519689285604944 0.005540118318340362 0.9999662667761817 0.006154237793506285 -0.021554097466600492 -0.0060337740598153024 0.9997491243483129 0.16928223693219024 -0.5146205843683731 -1.5441576268543784
FixedParameters: 0 0 0
#Transform 211
Transform: MatrixOffsetTransformBase_double_3_3
Parameters: 0.9997507234862423 -0.006504861000786835 0.021351471297332645 0.00638084181464925 0.9999625656893495 0.005888254847026975 -0.021389597850523467 -0.0057507487642764425 0.9997544156033058 0.15200720332966 -0.5170695271171724 -1.5630191959417985
FixedParameters: 0 0 0
#Transform 212
Transform: MatrixOffsetTransformBase_double_3_3
Parameters: 0.9997469166744869 -0.005907359316781867 0.021728594175237384 0.005762588216445869 0.9999608354170935 0.006695370171893353 -0.02176699548009814 -0.006568613233058197 0.9997411023987378 0.14550776487180883 -0.5187556660367676 -1.4474461705312507
FixedParameters: 0 0 0
#Transform 213
Transform: MatrixOffsetTransformBase_double_3_3
Parameters: 0.999748651669309 -0.005889306746486791 0.02164698731739153 0.005765472739972603 0.9999662592464011 0.005776727276410076 -0.021680726699980227 -0.005651265768881467 0.9997490841197052 0.12538030417074708 -0.49083939648051 -1.4710596767462434
FixedParameters: 0 0 0
#Transform 214
Transform: MatrixOffsetTransformBase_double_3_3
Parameters: 0.9997621135694386 -0.006170721263417981 0.020946471146234814 0.006040308719823521 0.9999621120725347 0.006267606901148479 -0.020984325345908147 -0.00613938704245203 0.9997610247917273 0.12478556312073863 -0.4724570014724776 -1.5150746665150265
FixedParameters: 0 0 0
#Transform 215
Transform: MatrixOffsetTransformBase_double_3_3
Parameters: 0.9997587411593065 -0.006008254997978402 0.021144830743751744 0.005874519772326899 0.9999623308238625 0.0064053181789929395 -0.021182259676174577 -0.006278695792074648 0.9997559577901612 0.11495473097828324 -0.5193497229537911 -1.5372812658927728
FixedParameters: 0 0 0
#Transform 216
Transform: MatrixOffsetTransformBase_double_3_3
Parameters: 0.9997767958280256 -0.004807280291276164 0.020568051783840677 0.004669337397992984 0.9999660342935901 0.006770142151947526 -0.020599782388050266 -0.006671863275096885 0.9997654067165865 0.13758433015662774 -0.5617332349850415 -1.822499861945019
FixedParameters: 0 0 0
#Transform 217
Transform: MatrixOffsetTransformBase_double_3_3
Parameters: 0.9998303337561509 -0.004513788270438144 0.017839980210052748 0.0043817612991873724 0.9999632088645146 0.007425385359683348 -0.017872768406881227 -0.007346614273483667 0.9998130081758265 0.1547352648387914 -0.6441506901863505 -1.8703220642774738
FixedParameters: 0 0 0
