#Insight Transform File V1.0
#Transform 0
Transform: MatrixOffsetTransformBase_double_3_3
Parameters: 0.9999995992219144 0.000009142341346973123 -0.0006330036907003095 -0.000009026479479350895 0.9999999915420548 0.00009152303779034164 0.0006330053531832802 -0.00009151153682904027 0.9999995909303655 0.04671537195392261 0.03776664334982627 -0.1644834369486574
FixedParameters: 0 0 0
#Transform 1
Transform: MatrixOffsetTransformBase_double_3_3
Parameters: 0.9999993418762362 0.0008098250386201236 0.000048029039657032646 -0.000809877667815479 0.9999990382708895 0.0005530156780421674 -0.00004713325537876456 -0.0005530927461658711 0.999999691866732 0.004587159557317477 0.007535722623060792 -0.15882671198870923
FixedParameters: 0 0 0
#Transform 2
Transform: MatrixOffsetTransformBase_double_3_3
Parameters: 0.999999894241738 0.00007675607649543087 0.00031601754777421664 -0.0000772281577597727 0.9999994359742382 0.000747034969725713 -0.00031590251220636745 -0.0007470836225384865 0.9999993420709055 -0.0017284718543351119 0.08777644767229731 -0.2949952069835007
FixedParameters: 0 0 0
#Transform 3
Transform: MatrixOffsetTransformBase_double_3_3
Parameters: 0.999999912307888 0.0002635607673146311 0.0001350109973262681 -0.0002637115359346662 0.9999996180493596 0.0005589335495709166 -0.00013471626822528227 -0.0005590046596138621 0.9999996693650723 -0.009149569960470672 0.04305297592922841 -0.15574340708707268
FixedParameters: 0 0 0
#Transform 4
Transform: MatrixOffsetTransformBase_double_3_3
Parameters: 0.9999999317846273 0.00004656396301311996 0.00025699696010167417 -0.00004679658362258246 0.9999997929626652 0.00045260066955822456 -0.0002569547038119152 -0.0004526246609188251 0.9999997291048561 -0.01986143601607182 0.055233591913832925 -0.16509962885901075
FixedParameters: 0 0 0
#Transform 5
Transform: MatrixOffsetTransformBase_double_3_3
Parameters: 0.999999960168493 0.00024197036386935968 0.000288107129961343 -0.00024150505192283543 0.9999991005502373 0.0009170773440655508 -0.00028864331895860074 -0.0009171145700329806 0.9999989739559779 -0.018776441197530858 0.08779427674579665 -0.2636650995780343
FixedParameters: 0 0 0
#Transform 6
Transform: MatrixOffsetTransformBase_double_3_3
Parameters: 0.9999998581075151 -0.00023559814560506948 -0.00029391438726114605 0.00023568860062886442 0.9999999207873904 0.00015382940234926943 0.0002938418567272755 -0.0001539679029524823 0.9999998899511491 -0.023058950045268034 0.04073651206199713 -0.17054080115961767
FixedParameters: 0 0 0
#Transform 7
Transform: MatrixOffsetTransformBase_double_3_3
Parameters: 0.9999999283593418 0.00004972759882303934 0.0002629982838689704 -0.00004998186811509808 0.9999997637905282 0.00048343688579393 -0.0002629500791978545 -0.00048346310676387666 0.9999996971203154 -0.00517728017467789 0.04810301779151871 -0.2667971424455118
FixedParameters: 0 0 0
#Transform 8
Transform: MatrixOffsetTransformBase_double_3_3
Parameters: 0.9999999231465821 -0.00023933254033370362 -0.00013990424783207056 0.00023936529740355505 0.9999999290013658 0.00011705930983275643 0.00013984819570342366 -0.0001171262680043668 0.9999999667240678 0.03469000231908126 0.04676893307285468 -0.14654299365689383
FixedParameters: 0 0 0
#Transform 9
Transform: MatrixOffsetTransformBase_double_3_3
Parameters: 0.9999999198581516 0.000041770348450133434 0.0002799953152456819 -0.00004199761166554325 0.9999998335239316 0.0004058475529275517 -0.0002799613171108467 -0.00040587100610085 0.9999997568900365 -0.006256878168429125 0.04936966067401727 -0.23740845453001214
FixedParameters: 0 0 0
#Transform 10
Transform: MatrixOffsetTransformBase_double_3_3
Parameters: 0.9999997460976664 0.0002509659439712285 0.00043694259007937 -0.0002512183246532166 0.9999998535176252 0.00028874158478638427 -0.00043679753327276194 -0.0002889609743353626 0.9999997257089356 -0.0021552736129990535 0.049791677227077 -0.30334271230246657
FixedParameters: 0 0 0
#Transform 11
Transform: MatrixOffsetTransformBase_double_3_3
Parameters: 0.9999993996905656 0.0006015102767579694 0.0005920835270052521 -0.0006015745001508567 0.9999999870972043 0.0008074209326351641 -0.0005922954233595901 -0.0008070364476170496 0.9999998848958273 0.011902701286288675 0.009934155627817631 -0.23948256246082167
FixedParameters: 0 0 0
#Transform 12
Transform: MatrixOffsetTransformBase_double_3_3
Parameters: 0.9999996435481514 0.0005355611471972448 0.00026386788130045025 -0.0005357038934797473 0.999999639852989 0.00027049624018570374 -0.0002635779565750701 -0.00027077875795844357 0.9999998572052285 0.032222228541300524 0.05522630563218911 -0.3362591011925957
FixedParameters: 0 0 0
#Transform 13
Transform: MatrixOffsetTransformBase_double_3_3
Parameters: 0.9999997661920239 0.0005011799521797867 0.0002900135032554707 -0.0005014843250095311 0.999999474640492 0.0005233288858605066 -0.0002904677021009078 -0.0005236200053978785 0.9999995399694631 0.021863570779927954 0.036959939291151045 -0.22711716674722027
FixedParameters: 0 0 0
#Transform 14
Transform: MatrixOffsetTransformBase_double_3_3
Parameters: 0.9999984208277619 0.0003186810664018481 0.0018648363838846549 -0.00031868292907867276 0.9999998984419092 -9.384485642088044e-8 -0.0018648360647592205 -0.0000010926681778124052 0.9999985223816049 -0.007688533198077607 0.0504580337343441 -0.40671988318196384
FixedParameters: 0 0 0
#Transform 15
Transform: MatrixOffsetTransformBase_double_3_3
Parameters: 0.9999991189252447 -0.00011088777155344856 0.0013669924766057245 0.00011028456595284183 0.9999996462396953 0.0005846546988613389 -0.0013671222551988327 -0.000584249006764051 0.9999987895143283 -0.016935982440230646 0.05114395982009512 -0.34789853764870315
FixedParameters: 0 0 0
#Transform 16
Transform: MatrixOffsetTransformBase_double_3_3
Parameters: 0.9999996195744522 0.00011268572831169175 0.0006149639633281356 -0.00011304303410567351 0.9999997789548178 0.0010992361252453423 -0.0006149198746118606 -0.0010992726441195451 0.9999994029673457 0.0012268741870542499 0.031073747972172328 -0.2827062830272382
FixedParameters: 0 0 0
#Transform 17
Transform: MatrixOffsetTransformBase_double_3_3
Parameters: 0.9999999926280437 0.00010297695285014255 0.00008494820360176181 -0.0001031472422662099 0.9999999859409253 0.001001708885602327 -0.00008494525589357316 -0.0010017264058884796 0.9999999788810108 -0.01608436016292103 0.016227618107905073 -0.3038921349030943
FixedParameters: 0 0 0
#Transform 18
Transform: MatrixOffsetTransformBase_double_3_3
Parameters: 0.9999993939106228 0.0003367800237260764 0.0007019038176613868 -0.00033710677714963446 0.9999998322786234 0.0002325518564284851 -0.0007017469442686247 -0.00023302480790749196 0.9999994532496254 -0.006328734020812021 0.05270172885575164 -0.45966554232209944
FixedParameters: 0 0 0
#Transform 19
Transform: MatrixOffsetTransformBase_double_3_3
Parameters: 0.9999996359686671 0.0000722159337589381 0.000599013099797055 -0.00007305842175928156 0.9999995001065314 0.0007032465263585092 -0.000598910929440491 -0.0007033335401762498 0.9999991466262755 0.013799029572126642 -0.0015876387474662579 -0.3019680712471171
FixedParameters: 0 0 0
#Transform 20
Transform: MatrixOffsetTransformBase_double_3_3
Parameters: 0.9999996198131891 0.0006200321225312706 0.000992715251183135 -0.000619821722238039 0.9999996044708026 -0.00010653827908022257 -0.0009926430494679311 0.00010530751169915116 0.9999990138326847 0.0353252650184146 0.006131774569055892 -0.38998361735995957
FixedParameters: 0 0 0
#Transform 21
Transform: MatrixOffsetTransformBase_double_3_3
Parameters: 0.9999996805705761 0.000014535776622388566 0.0005649943642697802 -0.00001469314431618364 0.9999999803915529 0.00013925715959609822 -0.0005649902934419804 -0.00013927367370290562 0.9999996613881003 0.0100859565628042 0.04298111781643854 -0.4095281718608419
FixedParameters: 0 0 0
#Transform 22
Transform: MatrixOffsetTransformBase_double_3_3
Parameters: 0.9999994348640301 0.0000929040463721859 0.0007529344750306505 -0.00009327415604753782 0.9999991700594625 0.0009062530631099757 -0.0007529697914637201 -0.0009062899209547611 0.9999996012151608 0.014595071805203474 0.009860947768146389 -0.36257608451134615
FixedParameters: 0 0 0
#Transform 23
Transform: MatrixOffsetTransformBase_double_3_3
Parameters: 0.9999994825298183 -0.0005578170627567136 0.00032382411866774263 0.0005572908811670751 0.9999990276392658 0.0008135032440014272 -0.000323751993663135 -0.0008131420791920444 0.9999993354317968 0.04704754717988635 0.04095187257385646 -0.2961127471647842
FixedParameters: 0 0 0
#Transform 24
Transform: MatrixOffsetTransformBase_double_3_3
Parameters: 0.99999974350983 0.00041104497135536496 0.0002958588332830636 -0.0004111478293125938 0.9999998007682642 0.00017375026861810223 -0.000295715876920552 -0.00017399346331900534 0.9999998822780695 0.037418134076290244 0.04928172345199755 -0.44010468534352754
FixedParameters: 0 0 0
#Transform 25
Transform: MatrixOffsetTransformBase_double_3_3
Parameters: 0.9999994631838313 -0.0006564305319201583 -0.00006392774485292074 0.0006564812384310533 0.9999994160234636 0.00039116390268107267 0.00006439319410223021 -0.0003912480337300646 0.9999999446067275 0.031248938935846127 0.05580090662543569 -0.27574840649928944
FixedParameters: 0 0 0
#Transform 26
Transform: MatrixOffsetTransformBase_double_3_3
Parameters: 0.9999993656535556 -0.0006244128300765218 -0.0004951152623373367 0.0006240103177630907 0.9999991179964574 0.000702152052576909 0.0004942394173808318 -0.0007018771680803971 0.9999992620085564 0.06897697751506371 0.049546761596246824 -0.28062458605698737
FixedParameters: 0 0 0
#Transform 27
Transform: MatrixOffsetTransformBase_double_3_3
Parameters: 0.9999995264882113 -0.0006880290168925521 0.000011298143851368181 0.0006880271129803616 0.9999995195901851 0.00008383481031448204 -0.000011413494546030911 -0.00008381918331516942 0.9999999928440653 0.02907054825939781 0.027927545568971368 -0.21381506248347648
FixedParameters: 0 0 0
#Transform 28
Transform: MatrixOffsetTransformBase_double_3_3
Parameters: 0.9999993027793566 0.00022179050620505978 0.0008050030941941788 -0.00022265030121761353 0.9999996653434983 0.0005339318554020847 -0.0008047657130110242 -0.0005342895793459302 0.9999990668850756 0.03311033602520297 0.04466805317949252 -0.47275481872010516
FixedParameters: 0 0 0
#Transform 29
Transform: MatrixOffsetTransformBase_double_3_3
Parameters: 0.999999592986964 -0.0006365730498216522 -0.00004304326435493333 0.000636520646397158 0.9999992534657689 0.0005851551505292943 0.00004229895798348038 -0.0005842147215304596 0.9999996558082992 0.0382748667198598 0.03134005624794156 -0.30085095788412275
FixedParameters: 0 0 0
#Transform 30
Transform: MatrixOffsetTransformBase_double_3_3
Parameters: 0.9999992239286306 -0.0006132269982087957 -0.0011391887898982572 0.000614073573627699 0.9999999705862371 0.0008072069057346292 0.0011391767662023433 -0.0008087072224643253 0.999999151286928 0.08119348983514385 0.024291607025688222 -0.28145502564049707
FixedParameters: 0 0 0
#Transform 31
Transform: MatrixOffsetTransformBase_double_3_3
Parameters: 0.9999999393856935 -0.00019212740972308605 0.0001539529932955419 0.0001918926719736125 0.9999993830259912 0.0007616763233676488 -0.00015424548105431868 -0.0007616171457570736 0.9999993961471361 0.09660385189688725 0.006631387786654841 -0.4709116868716592
FixedParameters: 0 0 0
#Transform 32
Transform: MatrixOffsetTransformBase_double_3_3
Parameters: 0.9999995122016305 -0.0006975662245529569 -0.00003463317544330491 0.0006975656227052074 0.9999995133261156 -0.000008709186119165789 0.000034645292195337185 0.000008660860534261973 0.9999999987247294 0.09400293632182866 0.004053678414976503 -0.320750154186797
FixedParameters: 0 0 0
#Transform 33
Transform: MatrixOffsetTransformBase_double_3_3
Parameters: 0.9999994393753963 -0.0004990447919071451 -0.0005581919404233082 0.0005000518642125436 0.9999999353818717 0.0009025325018967212 0.0005572899437557982 -0.0009030907733674502 0.9999988738563236 0.08651478953520098 -0.004121269444340214 -0.4579861292667431
FixedParameters: 0 0 0
#Transform 34
Transform: MatrixOffsetTransformBase_double_3_3
Parameters: 0.9999994279788206 -0.0006687857882176206 -0.0010605400889233257 0.0006684218630202705 0.9999995235372467 -0.00017226522347333386 0.0010607694956069058 0.00017084794191058963 0.9999998455808805 0.1295813952388869 -0.008415798974681366 -0.3663171115287156
FixedParameters: 0 0 0
#Transform 35
Transform: MatrixOffsetTransformBase_double_3_3
Parameters: 0.9999997620861575 -0.0007126423965627993 -0.0007921574311778035 0.000713787872352816 0.9999999690097885 0.0007221488875077872 0.0007921055991655795 -0.0007232787020228429 0.9999999519790868 0.13321231704014735 -0.017136740645398163 -0.3511578511136264
FixedParameters: 0 0 0
#Transform 36
Transform: MatrixOffsetTransformBase_double_3_3
Parameters: 0.9999981972816947 -0.0010917927141676546 -0.0016124571417601152 0.0010920572415286827 0.9999997952817276 0.00011245410028941827 0.001612412382368894 -0.00011498065537550266 0.9999983970719807 0.11402679919207515 0.030268097579991604 -0.5453262476741116
FixedParameters: 0 0 0
#Transform 37
Transform: MatrixOffsetTransformBase_double_3_3
Parameters: 0.9999990550261555 -0.001264113974991268 -0.0003777793658588935 0.0012649581352267157 0.9999981527963652 0.0011167293968293466 0.0003769120050192837 -0.001117683520483402 0.9999998129903327 0.1069350241084095 0.005112942186002556 -0.45307593903577015
FixedParameters: 0 0 0
#Transform 38
Transform: MatrixOffsetTransformBase_double_3_3
Parameters: 0.9999990616810569 -0.0010760394970059514 -0.0008234047687561141 0.0010773914169569746 0.999999061083229 0.0008828520170389516 0.0008224818910628623 -0.0008836293101828054 0.9999996439011631 0.14345170005324803 -0.01978251898269434 -0.3680219431782916
FixedParameters: 0 0 0
#Transform 39
Transform: MatrixOffsetTransformBase_double_3_3
Parameters: 0.9999987761050453 -0.000917093757076573 -0.0015733843785752655 0.0009167866659487197 0.9999991591968552 -0.00003289600121085903 0.0015726684527199442 0.000032001703839648165 0.9999984322069009 0.12124971378831617 0.021756762003903418 -0.603360257741997
FixedParameters: 0 0 0
#Transform 40
Transform: MatrixOffsetTransformBase_double_3_3
Parameters: 0.9999977940123479 -0.0014688637956153784 -0.0014275727720571285 0.0014695035861397355 0.9999987550413976 0.0002946742087510609 0.0014269073065602406 -0.0002968784518018112 0.9999988849376824 0.15659312405242076 -0.03450461618196243 -0.44641404829006603
FixedParameters: 0 0 0
#Transform 41
Transform: MatrixOffsetTransformBase_double_3_3
Parameters: 0.9999980244349134 -0.0013243422065444019 -0.001058520340422378 0.0013250520726632478 0.999998432191341 0.00090173890972411 0.001057109751202906 -0.0009026541717821829 0.9999991678572242 0.1477181203448481 -0.014907477770535138 -0.4644505025955965
FixedParameters: 0 0 0
#Transform 42
Transform: MatrixOffsetTransformBase_double_3_3
Parameters: 0.9999977543524652 -0.0017270173631133013 -0.0014972845224055231 0.0017274740319947479 0.999997968902683 0.00021918847427320994 0.0014969290056309342 -0.00022237069523560482 0.9999987298285608 0.16336481265857117 -0.0024564550226529036 -0.4593940530443632
FixedParameters: 0 0 0
#Transform 43
Transform: MatrixOffsetTransformBase_double_3_3
Parameters: 0.9999983253922683 -0.00140299533349953 -0.0007702007826432405 0.0014040111224180552 0.9999985038339255 0.0007252646735634101 0.0007693459705516159 -0.000726431599626537 0.9999989923091929 0.1546495974862836 -0.02304035905621049 -0.42386044247028565
FixedParameters: 0 0 0
#Transform 44
Transform: MatrixOffsetTransformBase_double_3_3
Parameters: 0.9999982421617181 -0.0010976354582785586 -0.0015945106580626395 0.0010979541986155309 0.9999997689520016 0.00016332738587365866 0.0015943540344582202 -0.00016483858953122228 0.9999984402982057 0.11361479269982055 0.034501805398107876 -0.5551956088822863
FixedParameters: 0 0 0
#Transform 45
Transform: MatrixOffsetTransformBase_double_3_3
Parameters: 0.9999973118320972 -0.0017989911082886857 -0.0012428232633782815 0.0017984975537292064 0.9999987604428578 -0.00007568784343061719 0.0012423174945010995 0.0000742008390824394 0.9999993575599441 0.17927656863737695 -0.027945521797960282 -0.43966814271441024
FixedParameters: 0 0 0
#Transform 46
Transform: MatrixOffsetTransformBase_double_3_3
Parameters: 0.9999980638232967 -0.001494403087599158 -0.0012607594231505842 0.0014952506568999603 0.9999985925922835 0.00041615554468284633 0.001260695305439541 -0.0004179350629792478 0.9999993478418355 0.18867041907331839 -0.017222723580843535 -0.47582309823069124
FixedParameters: 0 0 0
#Transform 47
Transform: MatrixOffsetTransformBase_double_3_3
Parameters: 0.9999974890418116 -0.0017803514117219904 -0.0015562137411473942 0.0017798983162530613 0.999998698504263 -0.00036762279356437953 0.0015569458347190757 0.00036516641966325943 0.9999983603829993 0.16757078717409968 0.023178807863018847 -0.6189745443116834
FixedParameters: 0 0 0
#Transform 48
Transform: MatrixOffsetTransformBase_double_3_3
Parameters: 0.999997299195157 -0.0018890685376566833 -0.0010095438980325666 0.0018895185654186507 0.9999983266663215 0.00032301222853441255 0.0010095026225505482 -0.00032483821490471667 0.9999999871380376 0.21046597544122392 -0.025841184364352898 -0.49179233123452093
FixedParameters: 0 0 0
#Transform 49
Transform: MatrixOffsetTransformBase_double_3_3
Parameters: 0.9999962967029908 -0.002123219824524472 -0.0014036387841989961 0.0021244570856181677 0.9999976727710504 0.0009029050074156077 0.001402162860562578 -0.0009059839673921412 0.9999984368169675 0.18837970590151087 -0.01587253569908853 -0.35829665526921417
FixedParameters: 0 0 0
#Transform 50
Transform: MatrixOffsetTransformBase_double_3_3
Parameters: 0.9999968222794904 -0.0022497701838388867 -0.0014438336737961216 0.002249851374608128 0.9999979218560389 0.00013253122507957046 0.0014438401761424219 -0.00013604572869437687 0.9999989271540128 0.2228362951281042 0.002497065915676444 -0.36961313074614566
FixedParameters: 0 0 0
#Transform 51
Transform: MatrixOffsetTransformBase_double_3_3
Parameters: 0.999995809661374 -0.0023378162929154744 -0.0020020870526381296 0.002336152752700749 0.9999964222342852 -0.001060115886896077 0.002004498669509594 0.001055038161799112 0.9999975817592107 0.20401491819708895 0.009322445860419748 -0.6245854461741658
FixedParameters: 0 0 0
#Transform 52
Transform: MatrixOffsetTransformBase_double_3_3
Parameters: 0.9999961191661625 -0.0022955835743352295 -0.001606136983658496 0.0022960553772897823 0.9999976560653984 0.000272522227996005 0.0016054886624508602 -0.0002759185759810005 0.999998375504564 0.20978752713746474 0.00039179689126456196 -0.5721769607316958
FixedParameters: 0 0 0
#Transform 53
Transform: MatrixOffsetTransformBase_double_3_3
Parameters: 0.9999955564539442 -0.002497027838592844 -0.0014047596836557208 0.002498251120564158 0.9999968889133766 0.0009337779728365856 0.0014026568094082092 -0.0009369160502720478 0.9999983876477794 0.21487998740400371 -0.03551545206758533 -0.41760406173258957
FixedParameters: 0 0 0
#Transform 54
Transform: MatrixOffsetTransformBase_double_3_3
Parameters: 0.9999955861232163 -0.00220622472805059 -0.0018504767454521343 0.002207858116007028 0.9999974569281692 0.0008188502136193701 0.0018482396556865344 -0.0008231376499026431 0.9999980265265462 0.2269112089776968 -0.012062191440691095 -0.48529982398456184
FixedParameters: 0 0 0
#Transform 55
Transform: MatrixOffsetTransformBase_double_3_3
Parameters: 0.9999950759150412 -0.002556394281932547 -0.0020604450750330017 0.0025583749673815394 0.9999967457966896 0.0008436252949532001 0.0020579095998495833 -0.0008492879946260778 0.9999971843957978 0.2412044978875798 0.01470219433325326 -0.5132948606353551
FixedParameters: 0 0 0
#Transform 56
Transform: MatrixOffsetTransformBase_double_3_3
Parameters: 0.9999965750324397 -0.0025487965047201206 -0.0008334153195770078 0.002549567826814941 0.9999961008823314 0.0011827758362811123 0.0008299484265733292 -0.0011851317153408541 0.9999991405072919 0.23348555758325062 -0.029310542369515247 -0.4192875249813568
FixedParameters: 0 0 0
#Transform 57
Transform: MatrixOffsetTransformBase_double_3_3
Parameters: 0.9999960366087184 -0.0024152341184416402 -0.001731326821459031 0.0024165098243426556 0.9999965662936439 0.0007718759603852593 0.001729176856582318 -0.0007763602954908418 0.9999985381224452 0.2259492154098126 0.011561538957323592 -0.530835576016429
FixedParameters: 0 0 0
#Transform 58
Transform: MatrixOffsetTransformBase_double_3_3
Parameters: 0.9999970325433991 -0.0024115906183663923 -0.001009851378341503 0.002411558149151652 0.9999968515535828 0.0005761956600136741 0.0010086553855123415 -0.0005791781709033629 0.9999997798720337 0.21830739864572024 -0.03067001394023805 -0.3380337171610819
FixedParameters: 0 0 0
#Transform 59
Transform: MatrixOffsetTransformBase_double_3_3
Parameters: 0.999994496810453 -0.002600092659101831 -0.0018994280130839175 0.0026011415704831524 0.999997070752031 0.0004081495636497409 0.001898882292617185 -0.00041305570322081877 0.9999983551979108 0.2168153691926591 0.014256079947102762 -0.5078186563082312
FixedParameters: 0 0 0
#Transform 60
Transform: MatrixOffsetTransformBase_double_3_3
Parameters: 0.9999963595489808 -0.0022890095671670306 -0.0010847064018345148 0.002289775106113921 0.999996938980132 0.0009043670064795012 0.001082924265523852 -0.000907444205910156 0.9999992281630188 0.21947204441566726 0.0026563116882556415 -0.4417095692114401
FixedParameters: 0 0 0
#Transform 61
Transform: MatrixOffsetTransformBase_double_3_3
Parameters: 0.9999962085104662 -0.002563624687965836 -0.0009925546102698135 0.002564769833334831 0.999995903001751 0.0012331440110169571 0.0009887943003087374 -0.0012353454915339122 0.9999987286367272 0.22570601206025742 -0.024571093794563126 -0.42636823064071905
FixedParameters: 0 0 0
#Transform 62
Transform: MatrixOffsetTransformBase_double_3_3
Parameters: 0.9999957547123484 -0.0026470897619831533 -0.001481958235512365 0.0026475023914290154 0.9999969170306313 0.0002752651129524784 0.0014813049077791185 -0.00027913380691480417 0.9999987677311378 0.23389667906931777 -0.0006620244576964751 -0.5442232263072952
FixedParameters: 0 0 0
#Transform 63
Transform: MatrixOffsetTransformBase_double_3_3
Parameters: 0.9999959150802644 -0.002423845233862501 -0.0013720309759169547 0.002426349581462569 0.9999960888409103 0.001424113284315835 0.0013684620041957696 -0.0014268842805572756 0.9999984145932282 0.22420737467921015 -0.019602983596328727 -0.4252399887229501
FixedParameters: 0 0 0
#Transform 64
Transform: MatrixOffsetTransformBase_double_3_3
Parameters: 0.9999955797156578 -0.002416946403576484 -0.0015307397481591073 0.002418423350581933 0.999996270945397 0.0009394297237838423 0.0015287581837881148 -0.0009429517602222286 0.9999980069439187 0.21285901594340828 -0.0026460048725169827 -0.4097873373927712
FixedParameters: 0 0 0
#Transform 65
Transform: MatrixOffsetTransformBase_double_3_3
Parameters: 0.9999939516990641 -0.0026664928604172382 -0.0021928001608368386 0.002667955403071335 0.999996028402905 0.0009246501917605991 0.0021894428455692255 -0.000930575633249743 0.9999974686880998 0.2159402850364529 0.011303875961786503 -0.540330696025805
FixedParameters: 0 0 0
#Transform 66
Transform: MatrixOffsetTransformBase_double_3_3
Parameters: 0.9999957541215299 -0.002578504075794304 -0.0015029213009167403 0.00258120921857431 0.9999954748363484 0.0013660866386377265 0.0014994112016805394 -0.001369957254303626 0.9999982096944284 0.22370232702026271 -0.02754648615754718 -0.41985350069941774
FixedParameters: 0 0 0
#Transform 67
Transform: MatrixOffsetTransformBase_double_3_3
Parameters: 0.9999946898983088 -0.0026385256168774142 -0.0017643046786204875 0.0026409666348128536 0.9999957813332709 0.001117111596123357 0.0017609646722450967 -0.0011215478017043354 0.9999978726164703 0.2119228672318627 -0.017587201631243943 -0.5584113686357455
FixedParameters: 0 0 0
#Transform 68
Transform: MatrixOffsetTransformBase_double_3_3
Parameters: 0.9999951244312631 -0.0023622689791933326 -0.00204019089356762 0.0023637120297351224 0.9999968961608265 0.0007205397144288269 0.0020383648003721166 -0.0007253067601915161 0.9999974493602621 0.16465935873539195 0.01249919040999714 -0.5589198142479574
FixedParameters: 0 0 0
#Transform 69
Transform: MatrixOffsetTransformBase_double_3_3
Parameters: 0.9999956740027691 -0.00224261984513175 -0.001966152646424177 0.002246204725633202 0.9999965683671798 0.0015461016797425533 0.0019635279886898727 -0.0015501529505729408 0.9999971682186093 0.1860688585367143 -0.021833910204676954 -0.5004445631587515
FixedParameters: 0 0 0
#Transform 70
Transform: MatrixOffsetTransformBase_double_3_3
Parameters: 0.9999962121534419 -0.0023092633397627862 -0.0017657739295366404 0.0023117152943738727 0.9999966953020493 0.001401443504372192 0.0017628391447213204 -0.0014048288980101661 0.9999972526497228 0.2242452323548747 -0.032055563838866874 -0.4340653235736056
FixedParameters: 0 0 0
#Transform 71
Transform: MatrixOffsetTransformBase_double_3_3
Parameters: 0.9999940859255761 -0.002492845813027099 -0.002315456819689962 0.00249585126429393 0.9999963136671739 0.0012085196887961114 0.002312962583503414 -0.0012143013880050952 0.9999965106094534 0.205745735629975 -0.009730320386111657 -0.5130595150617694
FixedParameters: 0 0 0
#Transform 72
Transform: MatrixOffsetTransformBase_double_3_3
Parameters: 0.999993435431649 -0.0026120020526841144 -0.002550991694472121 0.0026144224471990364 0.9999961646162682 0.0010016917741641543 0.0025483093777576987 -0.0010082584598912273 0.9999967207201748 0.19531020532814125 -0.0026828539292580444 -0.45955045696462093
FixedParameters: 0 0 0
#Transform 73
Transform: MatrixOffsetTransformBase_double_3_3
Parameters: 0.9999955168257223 -0.002372686932727759 -0.0018508954947713818 0.002375866618096039 0.9999951080212564 0.0018027074350847644 0.001846650590419316 -0.0018068201896831314 0.9999967504265955 0.20900629848095775 -0.023533184030910093 -0.3848527495853489
FixedParameters: 0 0 0
#Transform 74
Transform: MatrixOffsetTransformBase_double_3_3
Parameters: 0.999995235226321 -0.0024686807659206993 -0.002081518784387476 0.0024712469468943744 0.9999963594571464 0.0012398333903203905 0.0020789320808508177 -0.0012443463423280974 0.9999974635787975 0.19818564643038883 0.03475194847914054 -0.5547507582426334
FixedParameters: 0 0 0
#Transform 75
Transform: MatrixOffsetTransformBase_double_3_3
Parameters: 0.9999925500193773 -0.002805354969694427 -0.0026705447998313925 0.002808854864289726 0.9999947085285087 0.0015504691465124333 0.002666552113206211 -0.0015579027544234416 0.9999949083370043 0.20665817417138044 0.0038884330919870536 -0.5121630520379483
FixedParameters: 0 0 0
#Transform 76
Transform: MatrixOffsetTransformBase_double_3_3
Parameters: 0.9999958196022714 -0.0024807986727639177 -0.0016122903118201554 0.002483549677856531 0.999995200765105 0.0019056959883990156 0.001607144109342054 -0.001910016725492906 0.9999971949729083 0.23028030749958361 -0.020173348867217555 -0.42402518355605423
FixedParameters: 0 0 0
#Transform 77
Transform: MatrixOffsetTransformBase_double_3_3
Parameters: 0.9999955025509564 -0.0021332941997408315 -0.0021968338251037584 0.002135175731816434 0.9999974515783191 0.0009956551835088318 0.002193961490789084 -0.0010002569028959543 0.999997304532879 0.2247607470496007 0.026750865275246838 -0.5229698241832352
FixedParameters: 0 0 0
#Transform 78
Transform: MatrixOffsetTransformBase_double_3_3
Parameters: 0.9999956217453196 -0.0023478280086051207 -0.0018789740671092958 0.0023499741435643534 0.9999963091041768 0.0014723619998098297 0.0018755946399182516 -0.0014775107491094245 0.9999966351447558 0.22884086139880822 -0.01069475259345154 -0.41157916655768645
FixedParameters: 0 0 0
#Transform 79
Transform: MatrixOffsetTransformBase_double_3_3
Parameters: 0.9999948277753086 -0.0025448734252326256 -0.001808013129429492 0.0025477509188767495 0.9999954064385855 0.0017618886067755286 0.0018033540712836943 -0.0017664190688091216 0.999997052830508 0.21764454299919578 -0.015733422408573006 -0.4691157300673865
FixedParameters: 0 0 0
#Transform 80
Transform: MatrixOffsetTransformBase_double_3_3
Parameters: 0.9999942552442332 -0.0025006082312134053 -0.0022476765529531595 0.0025046155193912943 0.9999958743128093 0.001689994350197982 0.0022437324845886314 -0.0016955746454108628 0.9999955267934809 0.19758223999423308 0.012623368524998568 -0.49194327274210536
FixedParameters: 0 0 0
#Transform 81
Transform: MatrixOffsetTransformBase_double_3_3
Parameters: 0.9999959105829194 -0.002549293447938185 -0.0014676704032070553 0.0025507905209330548 0.9999957184519133 0.001665644238966815 0.0014636943753648518 -0.0016694498993637381 0.999997507613034 0.18062496140420592 -0.04091104891841724 -0.33723975723260935
FixedParameters: 0 0 0
#Transform 82
Transform: MatrixOffsetTransformBase_double_3_3
Parameters: 0.9999947098280194 -0.0023223615134185774 -0.0021381685023321023 0.002325279268767899 0.9999962783051897 0.001522483596587856 0.0021344287328431966 -0.0015267514574822515 0.9999964350506396 0.1962940949685219 0.009866319446160787 -0.5763403145456891
FixedParameters: 0 0 0
#Transform 83
Transform: MatrixOffsetTransformBase_double_3_3
Parameters: 0.999993751214465 -0.002966391508546655 -0.0017319279820760675 0.002969522626760013 0.9999945446519741 0.0016248247343788008 0.001726998487371123 -0.0016303252328768235 0.9999968063918205 0.21087327348531915 -0.012714675294247968 -0.4381176849269508
FixedParameters: 0 0 0
#Transform 84
Transform: MatrixOffsetTransformBase_double_3_3
Parameters: 0.9999945025781686 -0.0024291819157233542 -0.002273720302150728 0.0024323265690447513 0.9999951958267351 0.0016997418666679534 0.002269769343079611 -0.0017052262544026947 0.9999963658204408 0.23726575540186445 -0.014702636796215529 -0.5034118583641316
FixedParameters: 0 0 0
#Transform 85
Transform: MatrixOffsetTransformBase_double_3_3
Parameters: 0.9999926129633564 -0.0031606887330669483 -0.002221537709697935 0.0031645000688661387 0.9999938475250547 0.0014639808213533232 0.002217190008111658 -0.0014712627373815266 0.9999963763747282 0.22414399633888138 0.009034622433460981 -0.5164523545049917
FixedParameters: 0 0 0
#Transform 86
Transform: MatrixOffsetTransformBase_double_3_3
Parameters: 0.9999947961598565 -0.0027628839712318977 -0.0017407312941267183 0.00276619910451733 0.9999945239548844 0.001956029487949183 0.0017354102783855296 -0.0019609751402341787 0.999996681168222 0.2307696192583819 -0.026595811104115796 -0.43786664865608316
FixedParameters: 0 0 0
#Transform 87
Transform: MatrixOffsetTransformBase_double_3_3
Parameters: 0.9999944150231014 -0.002459785715047137 -0.0022600757165098517 0.0024634689338828525 0.9999955858225851 0.0018295460762131357 0.0022553803970416647 -0.0018351027624276448 0.9999959703443837 0.23431585011555 0.012948012584956814 -0.48046607600475966
FixedParameters: 0 0 0
#Transform 88
Transform: MatrixOffsetTransformBase_double_3_3
Parameters: 0.999996161917392 -0.0023511123648098414 -0.0016705587307273284 0.002355872865339558 0.9999943370072094 0.002473572682353336 0.0016640088087559457 -0.0024767552575858222 0.9999956105758532 0.19324300304612052 -0.027823496384186797 -0.4241307925636306
FixedParameters: 0 0 0
#Transform 89
Transform: MatrixOffsetTransformBase_double_3_3
Parameters: 0.9999933589167616 -0.0026952155262361 -0.002455151826909238 0.0026978319595084115 0.9999955573484811 0.0010806787355549605 0.0024530589151289806 -0.0010871558972432617 0.999996146129835 0.17849202918398532 -0.012926351706269656 -0.5874784557668846
FixedParameters: 0 0 0
#Transform 90
Transform: MatrixOffsetTransformBase_double_3_3
Parameters: 0.9999917074692521 -0.0028149349368235053 -0.002986477737517937 0.0028192550830619645 0.9999947359508384 0.001522415672758626 0.0029826068884983292 -0.001531681954885379 0.9999942055954198 0.17726387131257582 -0.02654471293008953 -0.5556028249955887
FixedParameters: 0 0 0
#Transform 91
Transform: MatrixOffsetTransformBase_double_3_3
Parameters: 0.99999254041219 -0.002677951793229354 -0.0027835359685412647 0.002682904274851882 0.9999940895777587 0.0019274668918848072 0.002778691971568062 -0.0019349290406866 0.9999940722001018 0.19125618461652039 -0.045350914308031065 -0.5063756524268541
FixedParameters: 0 0 0
#Transform 92
Transform: MatrixOffsetTransformBase_double_3_3
Parameters: 0.9999928815424661 -0.0027506293278165097 -0.0026648412261309207 0.002755787873054392 0.9999945934764144 0.0016788369116989292 0.002660309863717736 -0.0016858476784532938 0.999994525336659 0.17680376962094613 -0.010659403128727263 -0.5232316567475124
FixedParameters: 0 0 0
#Transform 93
Transform: MatrixOffsetTransformBase_double_3_3
Parameters: 0.9999937472358505 -0.0022718318655655075 -0.002545370128003821 0.002278405369636184 0.9999940153455609 0.0024082042274812254 0.0025402778881392363 -0.0024133213023223472 0.999994329473043 0.19393885082470774 -0.047068676413090316 -0.46144849340514327
FixedParameters: 0 0 0
#Transform 94
Transform: MatrixOffsetTransformBase_double_3_3
Parameters: 0.9999935293840949 -0.002300412373679115 -0.002617626306784193 0.002303614162109503 0.9999960157691559 0.0012959873262916848 0.002614990956373492 -0.0013023699449675463 0.9999957903330645 0.18910473413272655 -0.0038736544604773826 -0.5659794940487188
FixedParameters: 0 0 0
#Transform 95
Transform: MatrixOffsetTransformBase_double_3_3
Parameters: 0.9999944548756647 -0.002551551490975164 -0.0021436968387368027 0.002555243014709741 0.9999956688564153 0.001674269221888177 0.0021396593186648327 -0.0016805411270897324 0.9999960355454289 0.16757666693169426 -0.04229983958681771 -0.4683299493961499
FixedParameters: 0 0 0
#Transform 96
Transform: MatrixOffsetTransformBase_double_3_3
Parameters: 0.99999351073185 -0.0024601947806894885 -0.002664512180225495 0.002463115515848905 0.9999963993388368 0.0012394848860508307 0.0026619436126707474 -0.0012459401115606046 0.9999956961075606 0.1762977074661336 -0.02121467446805525 -0.5673095697441681
FixedParameters: 0 0 0
#Transform 97
Transform: MatrixOffsetTransformBase_double_3_3
Parameters: 0.9999928548891592 -0.002419774993406805 -0.002821886249220723 0.002423788504992389 0.9999962689363189 0.0013637767792489114 0.0028186099051996233 -0.0013707791455003142 0.999995499501896 0.17339476575612878 -0.011906466607101152 -0.5522744266861395
FixedParameters: 0 0 0
#Transform 98
Transform: MatrixOffsetTransformBase_double_3_3
Parameters: 0.9999951388245775 -0.0022309787716916565 -0.0020666858398479815 0.002237171794495859 0.9999943159787629 0.0025851879978369408 0.00206100111163722 -0.002589845444409935 0.999994653493697 0.16560201176864098 -0.044768603787815664 -0.47848717645609895
FixedParameters: 0 0 0
#Transform 99
Transform: MatrixOffsetTransformBase_double_3_3
Parameters: 0.9999929376976588 -0.0021870358803329462 -0.0029918197702414606 0.0021918766717782196 0.9999961710311038 0.001424599384760519 0.002988913632593876 -0.00143103522367589 0.9999943417824475 0.16783885404151988 -0.0064715763178924135 -0.5639187083120589
FixedParameters: 0 0 0
#Transform 100
Transform: MatrixOffsetTransformBase_double_3_3
Parameters: 0.9999959408299347 -0.0019313916959922985 -0.0022160104187898544 0.0019363299787266235 0.9999958277411751 0.00210327134422852 0.002211987938470994 -0.002108264269111192 0.9999950795976755 0.18051415571559914 -0.03840560508035651 -0.48598009006187226
FixedParameters: 0 0 0
#Transform 101
Transform: MatrixOffsetTransformBase_double_3_3
Parameters: 0.9999928515851056 -0.0022569771789831793 -0.0031492637888803493 0.002258283626076527 0.9999978036642911 0.00031735061447171926 0.003149404515525117 -0.000324605246320168 0.9999951081980881 0.15191405822734794 -0.03375685928449457 -0.6399313604899675
FixedParameters: 0 0 0
#Transform 102
Transform: MatrixOffsetTransformBase_double_3_3
Parameters: 0.9999921175047337 -0.002570069377481683 -0.0030073734332996954 0.0025732533813991546 0.9999960401810026 0.0011581202719366304 0.0030039674381516224 -0.0011659270745560694 0.9999948465756572 0.1556618378734953 -0.042400886118016956 -0.5447393877966533
FixedParameters: 0 0 0
#Transform 103
Transform: MatrixOffsetTransformBase_double_3_3
Parameters: 0.999994223206059 -0.0026386533761319974 -0.002296475270382542 0.0026428103005446887 0.9999943101959035 0.0019258682424243402 0.0022917975001712915 -0.0019314310919338164 0.9999955540537824 0.1395809481961976 -0.060886350789388644 -0.5402244840607295
FixedParameters: 0 0 0
#Transform 104
Transform: MatrixOffsetTransformBase_double_3_3
Parameters: 0.999994292387375 -0.0022653017928380057 -0.00270965749480441 0.002269146221446013 0.9999959747036417 0.0013706973099167014 0.0027059976993949603 -0.0013773129687406705 0.9999950117454561 0.1474577969564166 -0.010870957862024966 -0.6137040776932707
FixedParameters: 0 0 0
#Transform 105
Transform: MatrixOffsetTransformBase_double_3_3
Parameters: 0.9999948465329902 -0.001954328147689416 -0.0026125290958848024 0.001959720633597603 0.9999959144778297 0.0022906727194062174 0.0026084524985364177 -0.0022955340689384705 0.999994433040384 0.14855866456642275 -0.03487966765224826 -0.523712356262692
FixedParameters: 0 0 0
#Transform 106
Transform: MatrixOffsetTransformBase_double_3_3
Parameters: 0.9999943514982529 -0.002011920916627441 -0.002527492185875793 0.0020149895509650084 0.9999972605666828 0.0012964114507318081 0.0025244240286586145 -0.0013019151775460886 0.9999961432688801 0.14746017229199992 -0.01320371741202564 -0.5087677410370048
FixedParameters: 0 0 0
#Transform 107
Transform: MatrixOffsetTransformBase_double_3_3
Parameters: 0.9999940322926361 -0.001958256039003437 -0.002830093963252525 0.0019604044934901105 0.9999977234479503 0.0006611660064774138 0.002828879802807646 -0.000666385426151087 0.9999956730442552 0.13734633650665273 -0.017984695186058275 -0.6371644107393166
FixedParameters: 0 0 0
#Transform 108
Transform: MatrixOffsetTransformBase_double_3_3
Parameters: 0.9999931408099332 -0.0022366370753252388 -0.0029382753424056357 0.0022398010567081486 0.9999966285196231 0.0011652054192191974 0.0029354119412903362 -0.001171693399347998 0.9999952306624141 0.09588733776179481 -0.016395671628615105 -0.6077743353334029
FixedParameters: 0 0 0
#Transform 109
Transform: MatrixOffsetTransformBase_double_3_3
Parameters: 0.9999936456688256 -0.002202901441169953 -0.0028433829021659585 0.00220901993821423 0.9999958192607344 0.002074886003654877 0.0028383379641878925 -0.002080966476293792 0.9999940258774322 0.1338133351257511 -0.06643688887700705 -0.5023568132339022
FixedParameters: 0 0 0
#Transform 110
Transform: MatrixOffsetTransformBase_double_3_3
Parameters: 0.999992835754094 -0.002231935454250076 -0.0030099185981732057 0.0022336363068886696 0.9999976970126548 0.000563445407217611 0.0030087748164997347 -0.0005700207384397676 0.9999957417669333 0.10880694952378178 -0.0431335969707618 -0.6504245401885242
FixedParameters: 0 0 0
#Transform 111
Transform: MatrixOffsetTransformBase_double_3_3
Parameters: 0.9999949154048765 -0.0019746481942276104 -0.0026381388340540185 0.001978297214260564 0.9999976916461825 0.0011829464172831824 0.0026358200346343064 -0.0011876050945149107 0.9999958629217518 0.12521048428608594 -0.024529814376236914 -0.5662965187887181
FixedParameters: 0 0 0
#Transform 112
Transform: MatrixOffsetTransformBase_double_3_3
Parameters: 0.9999938707032421 -0.001960123926820461 -0.003010745571843443 0.001964562109589293 0.9999969006690882 0.0014973396744714417 0.0030072242701219554 -0.00150358742974613 0.9999939161620874 0.09651280574159671 -0.06202241688649224 -0.5716841507125423
FixedParameters: 0 0 0
#Transform 113
Transform: MatrixOffsetTransformBase_double_3_3
Parameters: 0.99999177558789 -0.0025381179210557017 -0.003106251254625006 0.0025408545215962267 0.9999960185234881 0.0007285152534888833 0.003104121625844891 -0.0007364285525739835 0.9999949503591105 0.09211348084585325 -0.01895879765102393 -0.6576134005051841
FixedParameters: 0 0 0
#Transform 114
Transform: MatrixOffsetTransformBase_double_3_3
Parameters: 0.9999925094430703 -0.0024538345155847748 -0.0028175739656724763 0.0024595022590559712 0.9999948279753696 0.0020316557850696927 0.0028128814197996566 -0.002038040951792824 0.9999934597325336 0.12477756852368316 -0.0473358415184606 -0.5325642220995093
FixedParameters: 0 0 0
#Transform 115
Transform: MatrixOffsetTransformBase_double_3_3
Parameters: 0.999993914867756 -0.0021085964270334285 -0.002723159359146965 0.0021112804616534252 0.9999972199055069 0.001150849029063436 0.0027206576734044585 -0.0011566723073361818 0.9999954815567524 0.15093842397267565 -0.05867517290438684 -0.6288509836542886
FixedParameters: 0 0 0
#Transform 116
Transform: MatrixOffsetTransformBase_double_3_3
Parameters: 0.9999926316528924 -0.0022779018587287384 -0.003138655862556919 0.0022824764908204523 0.9999960656551027 0.0013146956742867907 0.0031359890662733675 -0.0013223433053105985 0.9999947414566953 0.1340722399287131 -0.025782969684129853 -0.5847985488190517
FixedParameters: 0 0 0
#Transform 117
Transform: MatrixOffsetTransformBase_double_3_3
Parameters: 0.9999944126023299 -0.001977267037286243 -0.0026965211837631647 0.001983935948280024 0.9999959070641289 0.002271803434326741 0.002691430911339568 -0.0022770163972341806 0.999993973743461 0.1328547490645775 -0.07606952311169835 -0.5501790403748856
FixedParameters: 0 0 0
#Transform 118
Transform: MatrixOffsetTransformBase_double_3_3
Parameters: 0.9999936632987697 -0.002583444355437923 -0.002552615108006903 0.002585495937156713 0.9999960510908702 0.0005183877487552783 0.002551710418770045 -0.0005256111066327153 0.9999963545002485 0.10157525075489104 -0.04655886628445671 -0.6820046361091556
FixedParameters: 0 0 0
#Transform 119
Transform: MatrixOffsetTransformBase_double_3_3
Parameters: 0.9999917504655484 -0.0025808112120095494 -0.0030915533327398464 0.002582851296934675 0.9999961244285303 0.00045838761398858473 0.0030897767193805853 -0.00046638670951699795 0.9999952612306859 0.08928997953351825 -0.028871975359663793 -0.6693427647638259
FixedParameters: 0 0 0
#Transform 120
Transform: MatrixOffsetTransformBase_double_3_3
Parameters: 0.9999926183670295 -0.002491139510639947 -0.002955659292801782 0.002496326966065564 0.9999959296606148 0.0016862322697165323 0.0029517606665364488 -0.0016934145890447672 0.9999938545980672 0.1179145082474804 -0.08637983107281855 -0.5639177900808363
FixedParameters: 0 0 0
#Transform 121
Transform: MatrixOffsetTransformBase_double_3_3
Parameters: 0.9999924594893864 -0.0025478701314928733 -0.002986311892799451 0.0025495679305069237 0.9999969386870852 0.0007508095123482097 0.0029840567676634594 -0.0007582717608108332 0.9999956484675137 0.11436030149511112 -0.09354910462050725 -0.6911695323979501
FixedParameters: 0 0 0
#Transform 122
Transform: MatrixOffsetTransformBase_double_3_3
Parameters: 0.999991925520591 -0.0025107248716788465 -0.0032302984407017593 0.002515773250666741 0.9999953147515986 0.0015366804972781803 0.0032261053056246436 -0.001544361133441065 0.9999935377264898 0.11448667930115164 -0.03425313936415364 -0.581941975855429
FixedParameters: 0 0 0
#Transform 123
Transform: MatrixOffsetTransformBase_double_3_3
Parameters: 0.9999914029752784 -0.0025875011257222792 -0.0032658853253325487 0.002590914529824115 0.9999963629132622 0.0009642109750441653 0.003263441335114581 -0.0009723663403742037 0.9999946347503166 0.1300986352379283 -0.08374775002346269 -0.6361963609027441
FixedParameters: 0 0 0
#Transform 124
Transform: MatrixOffsetTransformBase_double_3_3
Parameters: 0.9999925588837751 -0.002607979152084792 -0.0029146829510360017 0.0026093584488223647 0.9999968990322381 0.0005439172396652112 0.002913620100862019 -0.000551265531832731 0.9999953473999316 0.1072432591349326 -0.06518072873211622 -0.6805122019274279
FixedParameters: 0 0 0
#Transform 125
Transform: MatrixOffsetTransformBase_double_3_3
Parameters: 0.999993415720024 -0.002107181589851096 -0.0029866862759432428 0.0021118611902342355 0.9999965834892534 0.0014005445574928458 0.002983131882326087 -0.0014064793984957403 0.9999943414486063 0.11610285373031104 -0.10396595448845858 -0.5380604047145567
FixedParameters: 0 0 0
#Transform 126
Transform: MatrixOffsetTransformBase_double_3_3
Parameters: 0.999992546395845 -0.0021645703643347366 -0.003122103130842116 0.002165083448190448 0.9999972783638633 0.00019355859331911685 0.003121658335635588 -0.0002001089113862171 0.999995232414185 0.12632145375465598 -0.062122530063817294 -0.7376150827841599
FixedParameters: 0 0 0
#Transform 127
Transform: MatrixOffsetTransformBase_double_3_3
Parameters: 0.9999900357611354 -0.0028538770362093674 -0.003416946409930177 0.002856213861727826 0.9999954476884467 0.0006324097558135986 0.0034151019295318163 -0.0006420682178989972 0.9999940631842933 0.1145982692265477 -0.06080539082536518 -0.6568499269712476
FixedParameters: 0 0 0
#Transform 128
Transform: MatrixOffsetTransformBase_double_3_3
Parameters: 0.9999939295599818 -0.0020515942689770007 -0.0027470711364639966 0.002055569559733899 0.9999963516584283 0.0015572688906831283 0.0027438065293734354 -0.0015629831926450661 0.9999953414276512 0.12216706091891183 -0.08649210343608615 -0.5878604238730389
FixedParameters: 0 0 0
#Transform 129
Transform: MatrixOffsetTransformBase_double_3_3
Parameters: 0.9999920611457755 -0.0022967993948861095 -0.00324489488324764 0.0022988805623591307 0.9999973639144635 0.0005965239637723092 0.003243727831174867 -0.0006035759090346594 0.9999942434401649 0.12540593879482742 -0.035650845906872064 -0.6914974480785929
FixedParameters: 0 0 0
#Transform 130
Transform: MatrixOffsetTransformBase_double_3_3
Parameters: 0.9999906801010316 -0.002140711248389366 -0.0036495708487236656 0.0021465536013928342 0.9999963649291728 0.0017411128578638552 0.0036462139292713497 -0.0017484088798690983 0.9999920618273944 0.10638126609396181 -0.08720665256632287 -0.555247466415949
FixedParameters: 0 0 0
#Transform 131
Transform: MatrixOffsetTransformBase_double_3_3
Parameters: 0.9999902719895281 -0.0025894352857649427 -0.0035758125570484606 0.002593143311564789 0.9999964069335715 0.0009354458551220251 0.003573512046218405 -0.0009442256333527013 0.9999935683276647 0.09772259651577997 -0.08096296465249964 -0.7150007618307797
FixedParameters: 0 0 0
#Transform 132
Transform: MatrixOffsetTransformBase_double_3_3
Parameters: 0.9999892170975205 -0.0026335342731673016 -0.0036753367347675953 0.0026378277675637623 0.9999957826548097 0.0011245048631021504 0.0036729332679017596 -0.0011342285987033297 0.9999925568840954 0.09516581563364923 -0.06955697369755853 -0.6535312029467093
FixedParameters: 0 0 0
#Transform 133
Transform: MatrixOffsetTransformBase_double_3_3
Parameters: 0.9999906025899656 -0.0023293220268601872 -0.0035285074105743247 0.002336841896484762 0.9999953883253168 0.0020386543745926455 0.0035240781728647502 -0.0020467661207561557 0.9999919074820562 0.06607171229612163 -0.10315803862977191 -0.5511163778839432
FixedParameters: 0 0 0
#Transform 134
Transform: MatrixOffsetTransformBase_double_3_3
Parameters: 0.9999903873784813 -0.002504971064761888 -0.003619490707378048 0.0025080407593062646 0.9999970395405267 0.0008213695149247125 0.003617919853394033 -0.0008307586909955808 0.9999934529324168 0.07852210828252737 -0.06986317344298243 -0.7392870069869559
FixedParameters: 0 0 0
#Transform 135
Transform: MatrixOffsetTransformBase_double_3_3
Parameters: 0.9999914221918353 -0.002451389838381757 -0.00338186665792721 0.0024551766580494703 0.9999970048232741 0.0009865745021385654 0.00337859788267518 -0.0009944095237708602 0.9999937215401453 0.12054505197247067 -0.09642628744691706 -0.7034571782306642
FixedParameters: 0 0 0
#Transform 136
Transform: MatrixOffsetTransformBase_double_3_3
Parameters: 0.9999900208442105 -0.0024977072413967416 -0.0037954362119646257 0.0025038584669299386 0.9999951876053895 0.0015962669652482683 0.0037909793864000646 -0.0016057985464055166 0.9999913799858755 0.07861756410228793 -0.11400090115596129 -0.5913452850964944
FixedParameters: 0 0 0
#Transform 137
Transform: MatrixOffsetTransformBase_double_3_3
Parameters: 0.9999894691185264 -0.0028351427730705994 -0.0035430629779161643 0.002834985095613658 0.9999959672339684 -0.000023269413535159102 0.003543001527826578 0.00001323169616001044 0.9999933814210512 0.06423084149794533 -0.08902688281652615 -0.7897629477408543
FixedParameters: 0 0 0
#Transform 138
Transform: MatrixOffsetTransformBase_double_3_3
Parameters: 0.9999891868855325 -0.002539213781360337 -0.0037587836035034017 0.0025432572934799332 0.9999966659660801 0.0009340227930813537 0.00375658295086799 -0.00094337494604794 0.9999922284605294 0.07414517258001752 -0.08741302880392254 -0.711585280738575
FixedParameters: 0 0 0
#Transform 139
Transform: MatrixOffsetTransformBase_double_3_3
Parameters: 0.9999887781316107 -0.0029090552930250177 -0.003649920050232361 0.002914708290521228 0.9999949320803 0.001605245870162259 0.0036450699689588723 -0.0016160548497261176 0.9999925345600771 0.08680445638641743 -0.11409669997325977 -0.5933267717710464
FixedParameters: 0 0 0
#Transform 140
Transform: MatrixOffsetTransformBase_double_3_3
Parameters: 0.9999908446161044 -0.002501980799573785 -0.00355666935864829 0.0025047573239743914 0.9999968552239091 0.0009347638655088692 0.003554740582417726 -0.0009439182384702752 0.9999927154573355 0.07560524337709751 -0.08851082331305804 -0.7502494378638715
FixedParameters: 0 0 0
#Transform 141
Transform: MatrixOffsetTransformBase_double_3_3
Parameters: 0.9999890848756607 -0.0025614266121259176 -0.004002035954466215 0.0025676613242185055 0.9999954203953745 0.0014120904465425473 0.00399831801555782 -0.001422069225455438 0.9999913216158087 0.07856162224068441 -0.08833094297659727 -0.6368880319147365
FixedParameters: 0 0 0
#Transform 142
Transform: MatrixOffsetTransformBase_double_3_3
Parameters: 0.9999891575555401 -0.0025938893219107245 -0.0038172284764814296 0.002600981436150579 0.9999948035737892 0.0018540292646275663 0.0038130819330591953 -0.0018635164932763188 0.9999905243198973 0.0783898657567903 -0.09666346147298555 -0.5725563561962304
FixedParameters: 0 0 0
#Transform 143
Transform: MatrixOffsetTransformBase_double_3_3
Parameters: 0.9999896358015993 -0.0025809317121345886 -0.003655971188100862 0.002586071015939179 0.9999954055730305 0.0013827124035383682 0.003652352919045157 -0.0013920518087531292 0.9999920539397592 0.07007769761199256 -0.0697945693308526 -0.7243761542602698
FixedParameters: 0 0 0
#Transform 144
Transform: MatrixOffsetTransformBase_double_3_3
Parameters: 0.9999900616130046 -0.002945779039690954 -0.003393442120470866 0.0029542437234129255 0.9999923445426933 0.002436031845829277 0.003386508803278329 -0.00244580493084992 0.9999912883384175 0.07791398722146425 -0.08922306061921859 -0.6352777719523601
FixedParameters: 0 0 0
#Transform 145
Transform: MatrixOffsetTransformBase_double_3_3
Parameters: 0.9999888785101366 -0.0030708430962667834 -0.003558371339700009 0.003082682035708929 0.9999900572355592 0.0032320830563234144 0.003548448778807306 -0.0032430331133074487 0.9999889137897245 0.08399291401588016 -0.09994803087919024 -0.5420601803779022
FixedParameters: 0 0 0
#Transform 146
Transform: MatrixOffsetTransformBase_double_3_3
Parameters: 0.9999888929129434 -0.002760863312939418 -0.0038522687370208114 0.002769327090053136 0.999993739326758 0.0021439187074947224 0.003846870981594891 -0.0021549777697836407 0.999990197252979 0.0604966890672074 -0.058732630665630836 -0.6844507427591537
FixedParameters: 0 0 0
#Transform 147
Transform: MatrixOffsetTransformBase_double_3_3
Parameters: 0.9999897459931616 -0.0031238235991707546 -0.0034268839731941975 0.003131896063635477 0.9999919443381623 0.002499806012325911 0.0034188827689361073 -0.00251109410669599 0.9999907554533116 0.07628136797298168 -0.08707816718846573 -0.593121807626602
FixedParameters: 0 0 0
#Transform 148
Transform: MatrixOffsetTransformBase_double_3_3
Parameters: 0.9999867167553698 -0.003082275111286771 -0.004199602173749845 0.003096861052740707 0.9999893632228052 0.003324714346656033 0.004190201001077087 -0.003337932258263324 0.9999854385860373 0.06373456703626346 -0.1059592969628369 -0.5160111815586248
FixedParameters: 0 0 0
#Transform 149
Transform: MatrixOffsetTransformBase_double_3_3
Parameters: 0.9999880467769284 -0.0029392798823200746 -0.003958963403861801 0.002948075328135908 0.9999931177592765 0.002279840838937041 0.003951997999108628 -0.0022910111747574237 0.9999897665852021 0.07072536190545975 -0.07311086099912245 -0.6577706151286833
FixedParameters: 0 0 0
#Transform 150
Transform: MatrixOffsetTransformBase_double_3_3
Parameters: 0.9999904116430551 -0.0027223469751594055 -0.003501895888959411 0.0027339043386083862 0.9999901572838671 0.0033724942898425 0.0034922871541808176 -0.003381755464958584 0.9999882760106676 0.07320982725423164 -0.07950907686625897 -0.595739785917786
FixedParameters: 0 0 0
#Transform 151
Transform: MatrixOffsetTransformBase_double_3_3
Parameters: 0.9999898929387873 -0.0027906820694484076 -0.0036343169284820537 0.002804990762023483 0.9999889616785236 0.003765019177653895 0.0036237922792699967 -0.003775608476472594 0.9999867183915261 0.08525512137740066 -0.10464972961696617 -0.5206006750021146
FixedParameters: 0 0 0
#Transform 152
Transform: MatrixOffsetTransformBase_double_3_3
Parameters: 0.9999889935087806 -0.003205746362478208 -0.00343258358956422 0.0032157660428292407 0.9999910192140047 0.0029402431052414097 0.0034230948105389014 -0.002951238916128764 0.9999895139616077 0.0743833118521593 -0.08398632815060125 -0.6146961961968884
FixedParameters: 0 0 0
#Transform 153
Transform: MatrixOffsetTransformBase_double_3_3
Parameters: 0.9999882815938069 -0.0030357928276911516 -0.0037909265087206073 0.003048636603468787 0.9999898647654565 0.0034419503544000094 0.0037809297146185333 -0.0034532793862908934 0.9999869043140296 0.08433142135194771 -0.0690570891476483 -0.6227482451917012
FixedParameters: 0 0 0
#Transform 154
Transform: MatrixOffsetTransformBase_double_3_3
Parameters: 0.9999860107646165 -0.0034847958091866658 -0.003913924085610629 0.003500957270028126 0.9999853881403157 0.004166568713223679 0.0038994631178114886 -0.004180471871977809 0.9999838386722927 0.09485576936441475 -0.08555234723085903 -0.5302746894569452
FixedParameters: 0 0 0
#Transform 155
Transform: MatrixOffsetTransformBase_double_3_3
Parameters: 0.9999877637919571 -0.003293739670656419 -0.003749154653424583 0.0033074832706132167 0.9999870045358893 0.0038807486567242633 0.003736435773808111 -0.00389296022234758 0.9999852105203941 0.08168290486572971 -0.07757587153511736 -0.5646167055617752
FixedParameters: 0 0 0
#Transform 156
Transform: MatrixOffsetTransformBase_double_3_3
Parameters: 0.9999883441556884 -0.0030366145555239038 -0.003782020964165536 0.003049624786979321 0.9999896497495672 0.0034722252177256004 0.003771833809605593 -0.0034835063237609867 0.9999867628768866 0.08148318932106235 -0.045911726208075265 -0.5884673226843233
FixedParameters: 0 0 0
#Transform 157
Transform: MatrixOffsetTransformBase_double_3_3
Parameters: 0.9999912390703326 -0.003189618399626414 -0.0028593331431491786 0.0032011917725544795 0.9999853096329225 0.004294546801331698 0.0028453669945167903 -0.0043040564876061565 0.9999867896049188 0.0889782398249821 -0.06446672242539364 -0.5023185091367708
FixedParameters: 0 0 0
#Transform 158
Transform: MatrixOffsetTransformBase_double_3_3
Parameters: 0.9999875638976226 -0.003366642855338774 -0.0036983941853137997 0.003381912389403964 0.9999854164864983 0.0041415525382011145 0.003684117391772726 -0.004153967656385649 0.9999845886413401 0.09465927648804495 -0.06713006200811833 -0.4832060200285184
FixedParameters: 0 0 0
#Transform 159
Transform: MatrixOffsetTransformBase_double_3_3
Parameters: 0.9999886399484399 -0.003126565783676635 -0.0036554049200211436 0.003141024580512345 0.9999877616755508 0.0037922421818900568 0.0036433571644679946 -0.0038034087502403393 0.9999864734151861 0.08905965440963826 -0.07022478173833235 -0.5644041585059654
FixedParameters: 0 0 0
#Transform 160
Transform: MatrixOffsetTransformBase_double_3_3
Parameters: 0.9999849156860889 -0.003709581105456159 -0.003971604018407557 0.003725121326864254 0.9999858090562935 0.003914164676342148 0.003957548461370239 -0.00392915606498457 0.9999844422921682 0.09605064256649598 -0.071799510473042 -0.48933415243557477
FixedParameters: 0 0 0
#Transform 161
Transform: MatrixOffsetTransformBase_double_3_3
Parameters: 0.999987293022256 -0.0032524332108602224 -0.0037534500294874595 0.003264716727805923 0.999989514585849 0.003135885759348337 0.003743175588510353 -0.003148403423703056 0.9999881092860817 0.09073475079036086 -0.06666641522619443 -0.608098563650529
FixedParameters: 0 0 0
#Transform 162
Transform: MatrixOffsetTransformBase_double_3_3
Parameters: 0.9999861414055697 -0.0036047696683515324 -0.003810404852919058 0.003619301810276397 0.9999863171320831 0.0036873008520012392 0.0037968630260642733 -0.0037000890358454773 0.9999862249842216 0.09450941918601075 -0.05143814046569162 -0.5489991122816349
FixedParameters: 0 0 0
#Transform 163
Transform: MatrixOffsetTransformBase_double_3_3
Parameters: 0.9999865796120572 -0.003937694373071904 -0.003472828433119024 0.003953652471614492 0.9999818832972995 0.004526826743878434 0.0034550888846529987 -0.004540675521794068 0.9999832914181893 0.10943169023865096 -0.1092135535412666 -0.5097120236231945
FixedParameters: 0 0 0
#Transform 164
Transform: MatrixOffsetTransformBase_double_3_3
Parameters: 0.9999865076484367 -0.003467283518732988 -0.0037334653923787597 0.003483192940661843 0.9999854401986707 0.004053978794067124 0.003719935217205414 -0.004067283230947788 0.9999851426140332 0.10248504234088784 -0.054314534887168975 -0.6021826630680067
FixedParameters: 0 0 0
#Transform 165
Transform: MatrixOffsetTransformBase_double_3_3
Parameters: 0.9999859190947442 -0.003956682941593693 -0.0036840728090474367 0.003973657699819194 0.9999813547474057 0.004568064858984868 0.0036658303513633084 -0.004581833739439336 0.999982408885392 0.11400210243486697 -0.09306667896362342 -0.49729428076459214
FixedParameters: 0 0 0
#Transform 166
Transform: MatrixOffsetTransformBase_double_3_3
Parameters: 0.9999856737620364 -0.0037427141462098917 -0.003710714270716023 0.0037571970044447097 0.9999855707881135 0.0039144100327478774 0.00369640739448647 -0.0039276010470431005 0.9999854489157434 0.1061522369192005 -0.08450925784124763 -0.6343354361051325
FixedParameters: 0 0 0
#Transform 167
Transform: MatrixOffsetTransformBase_double_3_3
Parameters: 0.9999838308123036 -0.003992313368665446 -0.004081894885233833 0.004007551592958442 0.9999845387195729 0.0037958827058706293 0.004066971799204996 -0.0038120040801960645 0.999984488474946 0.08266982080537844 -0.07814733864540813 -0.5640507744471819
FixedParameters: 0 0 0
#Transform 168
Transform: MatrixOffsetTransformBase_double_3_3
Parameters: 0.9999864513721449 -0.0040000211479057175 -0.003419935427431825 0.004015253843831765 0.999981714217111 0.004490980040568892 0.003401921324364926 -0.004504833042957133 0.9999839797541765 0.0882804979693077 -0.1010220960981485 -0.48260655078773596
FixedParameters: 0 0 0
#Transform 169
Transform: MatrixOffsetTransformBase_double_3_3
Parameters: 0.9999857981859649 -0.00355843953809172 -0.003886066949621153 0.0035741570071264914 0.9999861597118773 0.0038825035989016408 0.0038722420878652825 -0.003896579492919253 0.9999852514525185 0.08640323893683899 -0.058248675170077036 -0.6192345157810877
FixedParameters: 0 0 0
#Transform 170
Transform: MatrixOffsetTransformBase_double_3_3
Parameters: 0.9999845540281385 -0.0039011008890534743 -0.00403675872394095 0.003919745649867571 0.9999811318402355 0.004744053743238722 0.0040182039387088725 -0.0047604821346477685 0.9999811206000404 0.118641469898904 -0.0844796771962848 -0.5065215738905522
FixedParameters: 0 0 0
#Transform 171
Transform: MatrixOffsetTransformBase_double_3_3
Parameters: 0.9999857148788617 -0.00378718878744567 -0.003794278928337641 0.003802146562141697 0.9999843736630644 0.004022014329501026 0.0037788012140488325 -0.004036267580658769 0.9999849677245165 0.10160430828484834 -0.06809327019486489 -0.6100505435992147
FixedParameters: 0 0 0
#Transform 172
Transform: MatrixOffsetTransformBase_double_3_3
Parameters: 0.9999849686994047 -0.0037937312463668304 -0.003988673442789636 0.0038126368195450506 0.9999824525705031 0.004584959140388942 0.003970394366729066 -0.004599954600627364 0.9999817942876891 0.10034914378017845 -0.06295769894127545 -0.5123329592133956
FixedParameters: 0 0 0
#Transform 173
Transform: MatrixOffsetTransformBase_double_3_3
Parameters: 0.999983790073891 -0.004120882695310523 -0.0039079697916742095 0.004139329625343498 0.9999805210526339 0.004620630820071204 0.003888750429937679 -0.0046375596723176645 0.9999813203153509 0.08875580789396054 -0.09839206542147849 -0.5037450427019365
FixedParameters: 0 0 0
#Transform 174
Transform: MatrixOffsetTransformBase_double_3_3
Parameters: 0.9999863282038762 -0.0033179361878458743 -0.004152030503353221 0.003334401610260506 0.9999862149436307 0.004082872313899847 0.0041385380254619075 -0.00409716042871592 0.999983505880431 0.06610975965381272 -0.04857766730974333 -0.5596932015933902
FixedParameters: 0 0 0
#Transform 175
Transform: MatrixOffsetTransformBase_double_3_3
Parameters: 0.9999836803460157 -0.00392319526839212 -0.003985975416512105 0.003942597423180692 0.9999806651851241 0.004774668986651323 0.003967945984337515 -0.004790779682508133 0.9999803362396901 0.07395899075446266 -0.08482876172422493 -0.48555739277794885
FixedParameters: 0 0 0
#Transform 176
Transform: MatrixOffsetTransformBase_double_3_3
Parameters: 0.9999845125447695 -0.00391216649529315 -0.004066612220677349 0.003928936363372394 0.9999835477319418 0.004245407432010321 0.004049343521269941 -0.004260957424489489 0.9999830836199598 0.05934665445860787 -0.07523955344068156 -0.6208142802630903
FixedParameters: 0 0 0
#Transform 177
Transform: MatrixOffsetTransformBase_double_3_3
Parameters: 0.9999864064035091 -0.0036393077031786946 -0.003835277782623353 0.003656651232889226 0.9999832096173078 0.004407382431546819 0.003818945404594043 -0.00442191779592616 0.9999824954360097 0.05104854265378833 -0.05999834887079203 -0.5561837308701882
FixedParameters: 0 0 0
#Transform 178
Transform: MatrixOffsetTransformBase_double_3_3
Parameters: 0.9999852549740471 -0.0039291558296536445 -0.0036698867561028026 0.003944790739055386 0.9999819741222595 0.004524067442278906 0.0036520426099467956 -0.004538616019864171 0.9999828987253624 0.08964455476817079 -0.10370893525475822 -0.5116064109016776
FixedParameters: 0 0 0
#Transform 179
Transform: MatrixOffsetTransformBase_double_3_3
Parameters: 0.999987017138767 -0.0036649441642155373 -0.003569704569092849 0.003682806103888626 0.9999809255799631 0.004951731076578787 0.003550497903892974 -0.004964605875061481 0.9999815457435726 0.08066811685169739 -0.09647974160139938 -0.5442166052070689
FixedParameters: 0 0 0
#Transform 180
Transform: MatrixOffsetTransformBase_double_3_3
Parameters: 0.9999865336778022 -0.0034313001287617725 -0.003882599864147948 0.003447907379026816 0.9999838752230652 0.004386537943786826 0.0038678482040994944 -0.004399909543886397 0.9999832927525186 0.04652228866682151 -0.047537430161170846 -0.5477036742076677
FixedParameters: 0 0 0
#Transform 181
Transform: MatrixOffsetTransformBase_double_3_3
Parameters: 0.9999890401209456 -0.003378239661839703 -0.003290133664343997 0.0033933638216461465 0.9999832857426737 0.004604525106754088 0.0032753620732034194 -0.004616250296923396 0.9999836816451837 0.06983765971307321 -0.10275904759051002 -0.4820828798139587
FixedParameters: 0 0 0
#Transform 182
Transform: MatrixOffsetTransformBase_double_3_3
Parameters: 0.9999881860059826 -0.003528327846283872 -0.0034259080912632245 0.0035431880356287973 0.9999841075557497 0.00439780557021804 0.003410436782848511 -0.004410478310046123 0.9999845415993323 0.07541198896907986 -0.07732626004882093 -0.5951116431479306
FixedParameters: 0 0 0
#Transform 183
Transform: MatrixOffsetTransformBase_double_3_3
Parameters: 0.9999851859252322 -0.0037323210443378366 -0.0038933616925310305 0.0037493456944073323 0.9999820594978021 0.004570060067688768 0.00387576763661264 -0.004584945797469958 0.9999816788363836 0.0761894997466328 -0.07161321232111106 -0.5198497222608438
FixedParameters: 0 0 0
#Transform 184
Transform: MatrixOffsetTransformBase_double_3_3
Parameters: 0.9999846651677871 -0.0040544146053408826 -0.0037234416339331083 0.004072943541933204 0.9999794408926312 0.0049977810818064685 0.0037023523283154225 -0.00501278791668508 0.9999801884301179 0.07779383648275484 -0.09487410211839631 -0.5475584172907304
FixedParameters: 0 0 0
#Transform 185
Transform: MatrixOffsetTransformBase_double_3_3
Parameters: 0.9999841427327056 -0.003700343711140066 -0.004281851906585157 0.0037201222163664735 0.9999817723734317 0.004732333472302562 0.004264310843843752 -0.004748078443117801 0.9999790941805841 0.06608856922321138 -0.050431076421531884 -0.5517542730453187
FixedParameters: 0 0 0
#Transform 186
Transform: MatrixOffsetTransformBase_double_3_3
Parameters: 0.9999815074885157 -0.004265407311351472 -0.0042710965449886396 0.00428594502445468 0.9999791638176267 0.00474091098646515 0.004250474856663591 -0.004759293349308538 0.9999793284997149 0.1213260793764448 -0.09542458893126593 -0.49075680993000503
FixedParameters: 0 0 0
#Transform 187
Transform: MatrixOffsetTransformBase_double_3_3
Parameters: 0.9999833027912376 -0.004086802287707988 -0.0039953040447791854 0.004106402944771556 0.9999798636753388 0.00492748323165713 0.003974455213994615 -0.0049440695251153745 0.9999797852670015 0.09847117574888387 -0.0929932781325391 -0.5770440030640742
FixedParameters: 0 0 0
#Transform 188
Transform: MatrixOffsetTransformBase_double_3_3
Parameters: 0.9999821283632958 -0.00411894952083491 -0.004364087426571711 0.004137708865240001 0.999981221761266 0.004434464526397602 0.00434564327266386 -0.00445236714733864 0.9999801444894174 0.10717673107457415 -0.061400310393466384 -0.5378679811079081
FixedParameters: 0 0 0
#Transform 189
Transform: MatrixOffsetTransformBase_double_3_3
Parameters: 0.9999790809779016 -0.0048492067285637345 -0.004233214375076816 0.0048694655438682255 0.9999762378442139 0.004905141663191183 0.004209767267211437 -0.004925236614711434 0.9999794926879662 0.13552930994586632 -0.10376585860710463 -0.5226140700428772
FixedParameters: 0 0 0
#Transform 190
Transform: MatrixOffsetTransformBase_double_3_3
Parameters: 0.9999824169278068 -0.004104706102818721 -0.004228810995351717 0.004122701048650879 0.9999820324332193 0.004356242705327175 0.004210937756371894 -0.004373799736483382 0.9999819826073297 0.08687137465756223 -0.06757675504617566 -0.6145054310011631
FixedParameters: 0 0 0
#Transform 191
Transform: MatrixOffsetTransformBase_double_3_3
Parameters: 0.9999836142718558 -0.004101058043963543 -0.004063375567104427 0.004119680145913968 0.9999806107242968 0.004735539537801405 0.004044377245322958 -0.004751807935687705 0.9999801105351824 0.08801419442478675 -0.09406332283053587 -0.515657975996433
FixedParameters: 0 0 0
#Transform 192
Transform: MatrixOffsetTransformBase_double_3_3
Parameters: 0.9999826150942199 -0.0043620831032108055 -0.003886594240621183 0.00438177011897195 0.999978187310238 0.004962267094929041 0.0038648839150111497 -0.004978997123567085 0.9999805113148903 0.10619989923308992 -0.10740967844805027 -0.4980725166250295
FixedParameters: 0 0 0
#Transform 193
Transform: MatrixOffsetTransformBase_double_3_3
Parameters: 0.9999824082808754 -0.004246430812636226 -0.004062802266316154 0.004264691132548521 0.9999798056374035 0.004691580503624929 0.004042795569349361 -0.004709016970108942 0.9999805288830839 0.0930914627944901 -0.05678410539466938 -0.552491005548859
FixedParameters: 0 0 0
#Transform 194
Transform: MatrixOffsetTransformBase_double_3_3
Parameters: 0.9999811246985965 -0.004829655878405045 -0.003856570524590583 0.004850196856049144 0.9999734749322725 0.0053856056533849225 0.0038304217504045446 -0.005404863911395312 0.99997778623603 0.10248244982550148 -0.11729009956287939 -0.4933520865040748
FixedParameters: 0 0 0
#Transform 195
Transform: MatrixOffsetTransformBase_double_3_3
Parameters: 0.9999829381296201 -0.00408709064729923 -0.00417327151001895 0.004106471527310538 0.9999800396064149 0.004701572055964355 0.004153494552217293 -0.004718625629604821 0.9999804158371874 0.09999011728081086 -0.06699378518075605 -0.589703601347793
FixedParameters: 0 0 0
#Transform 196
Transform: MatrixOffsetTransformBase_double_3_3
Parameters: 0.9999813722649494 -0.004842032497298363 -0.003820602092420647 0.004861640865725712 0.9999743666615154 0.005197007892090234 0.003795385515383637 -0.005214916187236136 0.9999789726098848 0.12211279829372756 -0.09152752564085631 -0.4932977416352742
FixedParameters: 0 0 0
#Transform 197
Transform: MatrixOffsetTransformBase_double_3_3
Parameters: 0.9999783801450632 -0.004816068477135062 -0.0044653820259811655 0.004838192647278687 0.9999759061777794 0.004969137807206636 0.004441624135628014 -0.00499130211352141 0.9999778364223614 0.13029876909671145 -0.10322826296693677 -0.5678208782046283
FixedParameters: 0 0 0
#Transform 198
Transform: MatrixOffsetTransformBase_double_3_3
Parameters: 0.9999797333458362 -0.00464540635761685 -0.004281361031698558 0.004666799615213463 0.9999763420945161 0.00508789103278651 0.004256825096369321 -0.005107809534567529 0.9999781373228669 0.11580278750506068 -0.0643497219178073 -0.5561906305388078
FixedParameters: 0 0 0
#Transform 199
Transform: MatrixOffsetTransformBase_double_3_3
Parameters: 0.9999772310812516 -0.0051367972598489785 -0.0043225364297280605 0.005158729943219986 0.9999731287947995 0.005125074898846931 0.004296139056687784 -0.0051476179935081795 0.9999777336858389 0.1086421544191154 -0.11524171602590627 -0.48939782061769677
FixedParameters: 0 0 0
#Transform 200
Transform: MatrixOffsetTransformBase_double_3_3
Parameters: 0.9999830250004039 -0.00426645584216617 -0.003964507491756794 0.004284082069739881 0.9999804704486952 0.004602527933046488 0.003945079864295223 -0.004619183784852441 0.9999821465142773 0.059770113290326776 -0.061365420437084595 -0.5744226212110988
FixedParameters: 0 0 0
#Transform 201
Transform: MatrixOffsetTransformBase_double_3_3
Parameters: 0.9999818549457349 -0.004275869638017538 -0.004196550713513214 0.004297209860108214 0.9999781337709163 0.0050408254791557425 0.004175011634163631 -0.005058760526103046 0.9999782181710483 0.07426515482110574 -0.09885007729236861 -0.5129842599564682
FixedParameters: 0 0 0
#Transform 202
Transform: MatrixOffsetTransformBase_double_3_3
Parameters: 0.9999826995661222 -0.0045138638290287475 -0.0036586204427018487 0.004532960309573638 0.9999747213188309 0.005452700082834525 0.0036337004284048013 -0.00546972855015933 0.9999784158454503 0.086405522407631 -0.11891170015611863 -0.5027763252879822
FixedParameters: 0 0 0
#Transform 203
Transform: MatrixOffsetTransformBase_double_3_3
Parameters: 0.9999783322619605 -0.004801582862463374 -0.004575246871931227 0.004826115676029389 0.9999741683976795 0.00534316449438084 0.004549775156441088 -0.005365469698508145 0.9999751800007666 0.0824857871509721 -0.07906468057522886 -0.5325955978596539
FixedParameters: 0 0 0
#Transform 204
Transform: MatrixOffsetTransformBase_double_3_3
Parameters: 0.9999749199249753 -0.005319631705622161 -0.0045798396429366645 0.005342948284444972 0.9999721345290178 0.005227112341048015 0.004551639083143405 -0.005252187271099341 0.9999754973942475 0.10225231229627241 -0.11864918797270718 -0.47752368836964365
FixedParameters: 0 0 0
#Transform 205
Transform: MatrixOffsetTransformBase_double_3_3
Parameters: 0.9999777981453195 -0.004458815203123252 -0.0048956110516986395 0.004484276748455768 0.9999770369380618 0.0050859046699436635 0.0048727626103633875 -0.005107959314339082 0.9999755050185513 0.0842301356544084 -0.0564923129045809 -0.5719000853176794
FixedParameters: 0 0 0
#Transform 206
Transform: MatrixOffsetTransformBase_double_3_3
Parameters: 0.999980452209576 -0.004813229805968991 -0.004110750012066913 0.00483355890691949 0.9999751532556592 0.005048967089838286 0.004086271058918983 -0.005068566949304635 0.9999790843303191 0.09443408727055669 -0.11097431054069773 -0.4879798569539133
FixedParameters: 0 0 0
#Transform 207
Transform: MatrixOffsetTransformBase_double_3_3
Parameters: 0.9999808215665995 -0.004464516942085951 -0.00424118613897069 0.0044859756029133405 0.9999777461201512 0.005014000450203999 0.004218180453628276 -0.0050329145317672686 0.9999781239278207 0.08363412827536365 -0.07075169948086568 -0.5924154223810376
FixedParameters: 0 0 0
#Transform 208
Transform: MatrixOffsetTransformBase_double_3_3
Parameters: 0.9999782053712983 -0.005060891468446973 -0.00417030517127405 0.0050830134006311315 0.9999728213530733 0.005324472522570558 0.004143445495694842 -0.005345811313292019 0.9999770345750288 0.06783106384619941 -0.10066575899190866 -0.5417929576193075
FixedParameters: 0 0 0
#Transform 209
Transform: MatrixOffsetTransformBase_double_3_3
Parameters: 0.9999765769738236 -0.005265885844344908 -0.004324677784189004 0.005289664900522938 0.9999698791089935 0.005581098725759899 0.004294864020145978 -0.005603977595708378 0.9999751297687565 0.08992056307486962 -0.14039441199632563 -0.5077614993948032
FixedParameters: 0 0 0
#Transform 210
Transform: MatrixOffsetTransformBase_double_3_3
Parameters: 0.9999796307423554 -0.004507605810332648 -0.0045270014666349 0.004531700519402157 0.9999759525268411 0.005340613881865604 0.004503326763299953 -0.005360800299229764 0.9999755263342914 0.054894842278798706 -0.07354783950459876 -0.5919485863017542
FixedParameters: 0 0 0
#Transform 211
Transform: MatrixOffsetTransformBase_double_3_3
Parameters: 0.9999760712578047 -0.005011560608006566 -0.004798044541411889 0.005036923980997324 0.9999733790192971 0.005316405512431335 0.004771765506356676 -0.005339983304877337 0.9999744909337094 0.07674779699361522 -0.11591444887810098 -0.5152667026260076
FixedParameters: 0 0 0
#Transform 212
Transform: MatrixOffsetTransformBase_double_3_3
Parameters: 0.9999686703170697 -0.00589917626610282 -0.005222970154329626 0.005928301866829483 0.9999675977881691 0.005502496225652754 0.005189906213359977 -0.005532817564448729 0.9999706798425639 0.11052934092820976 -0.11358509528648142 -0.4900477150788447
FixedParameters: 0 0 0
#Transform 213
Transform: MatrixOffsetTransformBase_double_3_3
Parameters: 0.9999749109120287 -0.00500064862920257 -0.004909914142026045 0.005028523631162162 0.9999717507072032 0.005654576089875838 0.004881892238019103 -0.0056793792418296995 0.9999718739112644 0.10064648155564271 -0.09200607951026996 -0.5682007509786047
FixedParameters: 0 0 0
#Transform 214
Transform: MatrixOffsetTransformBase_double_3_3
Parameters: 0.9999752025108002 -0.004758725213611118 -0.005165306788480456 0.004785737663955586 0.9999751481277602 0.0051923525706567535 0.005139751371400159 -0.005217127050666473 0.9999728222127973 0.06969747243647362 -0.08199622695732955 -0.5330835060661769
FixedParameters: 0 0 0
#Transform 215
Transform: MatrixOffsetTransformBase_double_3_3
Parameters: 0.9999741814909723 -0.005353584767957803 -0.004685955846451609 0.005380510880823821 0.9999692252402019 0.005730571893403649 0.004655488323963633 -0.005755315028086562 0.9999723852534601 0.0855070121869943 -0.13351981176445804 -0.501417280569953
FixedParameters: 0 0 0
#Transform 216
Transform: MatrixOffsetTransformBase_double_3_3
Parameters: 0.9999757147149366 -0.004932621981182362 -0.004907541260178297 0.004960439378146517 0.9999714624009394 0.005651938986326668 0.004879341125698294 -0.005676050438144383 0.9999718300413389 0.09415378415467046 -0.0691039135221132 -0.5847057843209882
FixedParameters: 0 0 0
#Transform 217
Transform: MatrixOffsetTransformBase_double_3_3
Parameters: 0.9999735061024129 -0.0053285265693407 -0.004908746699914146 0.005356159221568518 0.9999705140878139 0.0055510123822089886 0.004878720773441689 -0.005576912007656391 0.9999720823901281 0.10647590493387327 -0.087178840966331 -0.5100606921691337
FixedParameters: 0 0 0
#Transform 218
Transform: MatrixOffsetTransformBase_double_3_3
Parameters: 0.9999731924465963 -0.0057027288940662045 -0.004685215446149318 0.005729973664888325 0.9999679097097733 0.005681476714988953 0.0046528797435240465 -0.005707373867700314 0.9999730879053452 0.13589737588456785 -0.10295029044301884 -0.49065691461893834
FixedParameters: 0 0 0
#Transform 219
Transform: MatrixOffsetTransformBase_double_3_3
Parameters: 0.999976021622221 -0.005050667391213793 -0.004762811183897403 0.00507574052394957 0.9999727516596121 0.0054309370720350405 0.004734957049935359 -0.00545462632068912 0.9999736001386097 0.11135061227290066 -0.0464319452217552 -0.5653579625020484
FixedParameters: 0 0 0
#Transform 220
Transform: MatrixOffsetTransformBase_double_3_3
Parameters: 0.9999689707722279 -0.006180345812032006 -0.00483325945139039 0.006206371990218973 0.9999650882887315 0.005514195487376916 0.0047993358105611755 -0.005543491170254036 0.99997269159198 0.13594118512226316 -0.09746958585145649 -0.479267271451036
FixedParameters: 0 0 0
#Transform 221
Transform: MatrixOffsetTransformBase_double_3_3
Parameters: 0.9999735069579334 -0.005685333877402853 -0.004455499434230806 0.005710709018664727 0.9999675465675923 0.005731278326595258 0.004422600107032923 -0.005757368560456912 0.9999736030663356 0.12307141244667719 -0.09556235701981564 -0.5161782476502026
FixedParameters: 0 0 0
#Transform 222
Transform: MatrixOffsetTransformBase_double_3_3
Parameters: 0.9999723885572311 -0.005447301938305419 -0.004973212166747051 0.005475086995146464 0.9999684875927008 0.00570494350715728 0.004942135608882639 -0.00573191450157807 0.9999709127660779 0.0968385879863547 -0.07573433989917078 -0.5423123786992932
FixedParameters: 0 0 0
#Transform 223
Transform: MatrixOffsetTransformBase_double_3_3
Parameters: 0.9999671629718505 -0.006564320693505843 -0.004779014842784021 0.006592505209459153 0.9999617344307378 0.005815689805972337 0.004741176775436312 -0.005846964236146617 0.9999712208397592 0.15366371204437712 -0.12660056015225507 -0.46624558058402954
FixedParameters: 0 0 0
#Transform 224
Transform: MatrixOffsetTransformBase_double_3_3
Parameters: 0.9999659428650032 -0.0065776605387921315 -0.0048994493594591015 0.006605071548462532 0.9999618437632606 0.005704522926549136 0.004861738295973944 -0.005736614813461966 0.999972225973803 0.13874065238452715 -0.10443118441003207 -0.5228726734297311
FixedParameters: 0 0 0
#Transform 225
Transform: MatrixOffsetTransformBase_double_3_3
Parameters: 0.9999684516121485 -0.00618698891212421 -0.004960828865256728 0.0062169826354322956 0.9999637377694041 0.005885143639080649 0.004923755391896531 -0.005915192723539417 0.9999704001169958 0.1407490984128259 -0.09817224457636087 -0.5235406297681351
FixedParameters: 0 0 0
#Transform 226
Transform: MatrixOffsetTransformBase_double_3_3
Parameters: 0.9999688509918948 -0.006459629887068964 -0.004630237799185075 0.0064875090394348215 0.9999602262421784 0.006057658611284457 0.004591067453230929 -0.0060880906764644496 0.9999708276767764 0.16513458637000156 -0.11956087020503503 -0.46835663453957466
FixedParameters: 0 0 0
#Transform 227
Transform: MatrixOffsetTransformBase_double_3_3
Parameters: 0.9999666510348814 -0.00629371168024888 -0.005297220510901882 0.006323733873537398 0.9999632251419373 0.0057274639598508745 0.005261269324671469 -0.005760037953251128 0.9999697967136133 0.14538994638334657 -0.06899621560606306 -0.542053948499273
FixedParameters: 0 0 0
#Transform 228
Transform: MatrixOffsetTransformBase_double_3_3
Parameters: 0.9999676617662859 -0.006572194581283971 -0.00469641341528991 0.006601529202052298 0.9999597502888034 0.006138720090563283 0.004655772197168256 -0.006170065214882602 0.9999703243922181 0.16604797224746903 -0.10944215336566288 -0.46142576650274236
FixedParameters: 0 0 0
#Transform 229
Transform: MatrixOffsetTransformBase_double_3_3
Parameters: 0.9999648274804945 -0.006440806867230248 -0.0053588462154795374 0.00647392642162263 0.9999603028351816 0.006148602983463239 0.005318472963525944 -0.006182725632466568 0.9999664351973988 0.14198421672834627 -0.07492900872875907 -0.5386135909089944
FixedParameters: 0 0 0
#Transform 230
Transform: MatrixOffsetTransformBase_double_3_3
Parameters: 0.9999687086556024 -0.00625637506127364 -0.004752499069217195 0.00628272850676277 0.9999648089191925 0.005632772320741712 0.004717017089243297 -0.005662775209318005 0.9999732329639017 0.14274274943925036 -0.06829703327261427 -0.47259813182442656
FixedParameters: 0 0 0
#Transform 231
Transform: MatrixOffsetTransformBase_double_3_3
Parameters: 0.9999693353749993 -0.006272092788153019 -0.0047494540188719875 0.006300084160344414 0.9999621975057424 0.005926890433936362 0.004712050991168282 -0.00595610692670426 0.9999710697272146 0.13395277444558928 -0.1137083092640978 -0.4806301777298785
FixedParameters: 0 0 0
#Transform 232
Transform: MatrixOffsetTransformBase_double_3_3
Parameters: 0.999970836133612 -0.005795256801062282 -0.005023554035771358 0.0058240913989997985 0.9999669089344914 0.005673459837153142 0.0049904356439609415 -0.005702369447900089 0.999970901373882 0.11653427182467624 -0.05229050197485208 -0.5634177533995199
FixedParameters: 0 0 0
#Transform 233
Transform: MatrixOffsetTransformBase_double_3_3
Parameters: 0.99996306706383 -0.006943983528321867 -0.00506006573883426 0.006973627278720204 0.9999577099803852 0.0059725094840785585 0.0050177450907394755 -0.006007613714252242 0.9999698241895022 0.1438940941227287 -0.12250192901146306 -0.4616317571695703
FixedParameters: 0 0 0
#Transform 234
Transform: MatrixOffsetTransformBase_double_3_3
Parameters: 0.9999661007597607 -0.006455967247695216 -0.005123516289846086 0.0064867359376539445 0.9999599048793065 0.006085215935542118 0.005083796937327578 -0.006118333399045138 0.999968674081743 0.14062408532758752 -0.1232768242923612 -0.493410192233128
FixedParameters: 0 0 0
#Transform 235
Transform: MatrixOffsetTransformBase_double_3_3
Parameters: 0.9999657042443696 -0.006482941933635538 -0.005136829608418991 0.0065137352951105615 0.9999608951145413 0.0059742177548073455 0.0050974452431694905 -0.00600768474125621 0.9999687851086703 0.11224719089787527 -0.07267464287535574 -0.517003591861581
FixedParameters: 0 0 0
#Transform 236
Transform: MatrixOffsetTransformBase_double_3_3
Parameters: 0.9999678877814567 -0.006427479649031212 -0.004681944473522243 0.0064543014063163035 0.9999616934960789 0.005887228760678427 0.004644391556903257 -0.005917041325549488 0.9999712830590967 0.15815318043384252 -0.12506851797617458 -0.4524978316629813
FixedParameters: 0 0 0
#Transform 237
Transform: MatrixOffsetTransformBase_double_3_3
Parameters: 0.9999710465667487 -0.005741464147958675 -0.004936917437162222 0.005771354947640967 0.9999648119595435 0.006073789539430333 0.004902125458718709 -0.006102357800232705 0.9999693318098085 0.13092363959906095 -0.09784512867578599 -0.5528562089043021
FixedParameters: 0 0 0
#Transform 238
Transform: MatrixOffsetTransformBase_double_3_3
Parameters: 0.999968105696446 -0.006168790366186831 -0.005018307366257635 0.006197898470434707 0.9999637631268975 0.005816565617905772 0.004982292346985481 -0.005848243871767706 0.999970618988219 0.13647703594942584 -0.09648755137500586 -0.5027327042349299
FixedParameters: 0 0 0
#Transform 239
Transform: MatrixOffsetTransformBase_double_3_3
Parameters: 0.999970803421154 -0.006192083095634295 -0.004393176444869848 0.006217950126581699 0.9999639341404312 0.005780600291042159 0.004356398353080923 -0.005808305409688394 0.999973824775764 0.14787112889924003 -0.11995575209243725 -0.4260738287074588
FixedParameters: 0 0 0
#Transform 240
Transform: MatrixOffsetTransformBase_double_3_3
Parameters: 0.9999704244538853 -0.005594436153638426 -0.0051846038787380505 0.00562518438851844 0.9999667229112555 0.005970517082237167 0.00515059207446264 -0.005999531995285171 0.9999688590885584 0.1125203744016261 -0.055701039210632075 -0.5265791208721566
FixedParameters: 0 0 0
#Transform 241
Transform: MatrixOffsetTransformBase_double_3_3
Parameters: 0.9999682716644718 -0.0061331481767241455 -0.005007603260530902 0.006165101455759285 0.9999609930395756 0.0063258770360520074 0.004969038192324193 -0.006356275248876182 0.9999679213930076 0.12525562618583308 -0.0802252305057749 -0.49745627947676496
FixedParameters: 0 0 0
#Transform 242
Transform: MatrixOffsetTransformBase_double_3_3
Parameters: 0.9999684694514612 -0.006458102562031834 -0.0046650467181969385 0.006487583575908005 0.9999591785031221 0.006304611215119373 0.004623263672431668 -0.0063345778086219785 0.9999695404044002 0.1422333615290512 -0.093360427652172 -0.4742210948477492
FixedParameters: 0 0 0
#Transform 243
Transform: MatrixOffsetTransformBase_double_3_3
Parameters: 0.9999659397136652 -0.006477974648186871 -0.005092540021409464 0.006510028318450723 0.999958202219466 0.0063590041970743826 0.005050750285626446 -0.00639104551406278 0.999966782974113 0.130218938537368 -0.06690152741181521 -0.5335318603762431
FixedParameters: 0 0 0
#Transform 244
Transform: MatrixOffsetTransformBase_double_3_3
Parameters: 0.9999708507780761 -0.006346596804107804 -0.004196313132096632 0.006373616515845095 0.9999590129788051 0.006432377673484405 0.004156103729952815 -0.006459120821893891 0.999970252583766 0.12769390367120081 -0.10964892540424387 -0.46143177726885654
FixedParameters: 0 0 0
#Transform 245
Transform: MatrixOffsetTransformBase_double_3_3
Parameters: 0.9999687659249247 -0.006502718420662245 -0.004366880393606498 0.006528717381685003 0.9999607471366136 0.005970143380687581 0.004327373125539005 -0.005998322243581524 0.9999721557806626 0.14340979841415447 -0.10564505665114154 -0.4137487865186813
FixedParameters: 0 0 0
#Transform 246
Transform: MatrixOffsetTransformBase_double_3_3
Parameters: 0.9999667056301258 -0.006306832078243944 -0.0051548414450886815 0.006338531467454809 0.9999599466375056 0.006236304960039275 0.005114625711809706 -0.0062683991542798675 0.9999674746994298 0.11583188771960806 -0.09956016799965539 -0.5403093013518401
FixedParameters: 0 0 0
#Transform 247
Transform: MatrixOffsetTransformBase_double_3_3
Parameters: 0.9999717726577019 -0.005707953173724234 -0.004893053342164541 0.005738362472295281 0.9999635835650891 0.00628486179599713 0.004857030419288116 -0.006312695952372027 0.9999682487769571 0.08704031084238295 -0.10188881110425996 -0.5179757774699851
FixedParameters: 0 0 0
#Transform 248
Transform: MatrixOffsetTransformBase_double_3_3
Parameters: 0.9999680212280948 -0.006266128320256951 -0.004965934503886105 0.006297175941711314 0.9999608215095149 0.0062878411771803994 0.004926568595783762 -0.006319035106912298 0.9999678361843096 0.12394813368761959 -0.13415185321335343 -0.49680654580214423
FixedParameters: 0 0 0
#Transform 249
Transform: MatrixOffsetTransformBase_double_3_3
Parameters: 0.9999647647381126 -0.006958211099314592 -0.004713022735561748 0.006988864663448675 0.9999550060962744 0.006493129142912262 0.004667764419283502 -0.006526507904917039 0.9999682073783397 0.15063811030127283 -0.13626387552098151 -0.5000916078899706
FixedParameters: 0 0 0
#Transform 250
Transform: MatrixOffsetTransformBase_double_3_3
Parameters: 0.9999700249394502 -0.005943257860077056 -0.004891538024738115 0.005973441254896432 0.9999632353960224 0.006172246791191263 0.004854293786139566 -0.006201253852020352 0.9999686885835506 0.09526262838728883 -0.08599836080622936 -0.5431972910923974
FixedParameters: 0 0 0
#Transform 251
Transform: MatrixOffsetTransformBase_double_3_3
Parameters: 0.9999685989701808 -0.006292861969677455 -0.0048735588522498124 0.006323456273836436 0.9999595480338228 0.0063623969784095125 0.004832923807558107 -0.006392679657109788 0.9999678079498261 0.09487908082969909 -0.11864041423761762 -0.506815556621774
FixedParameters: 0 0 0
#Transform 252
Transform: MatrixOffsetTransformBase_double_3_3
Parameters: 0.9999631911409915 -0.006850132134478669 -0.0051359916934558825 0.006883443629466916 0.9999551945975935 0.006437371645422945 0.005091897025596578 -0.006472783456568425 0.9999656610236636 0.1533519729984789 -0.12223121704316497 -0.4623811173853767
FixedParameters: 0 0 0
#Transform 253
Transform: MatrixOffsetTransformBase_double_3_3
Parameters: 0.9999627799022802 -0.006708170997182592 -0.005387042910711001 0.006741326504969306 0.99995801548204 0.006128236821752209 0.005345996428607391 -0.006164595334179823 0.9999665978138269 0.1316093218999299 -0.08400527579729555 -0.5332537306451002
FixedParameters: 0 0 0
#Transform 254
Transform: MatrixOffsetTransformBase_double_3_3
Parameters: 0.999974157877417 -0.005469982391105004 -0.0046292921840098145 0.005498606211893668 0.9999653025650526 0.006202713972049055 0.0045950300468031585 -0.006228115467123119 0.9999695735851762 0.0947077339795186 -0.06857489974416353 -0.5000071948845886
FixedParameters: 0 0 0
